100
5
1 -0.984707895203409 0.585676982880635 1.0155537669154 1.41182326083798 0.329703137947407
1 1.12308857328434 -0.206465028660702 0.127901274173908 -2.22532704728115 0.783761229678183
1 -0.721642091597463 1.55187786648930 -0.101145472733933 0.200921918081009 1.57998490278693
1 -0.774394121311927 -1.51657412459129 -0.511043755616309 0.00465290869142693 1.04349584050884
-1 0.965843114049654 0.987501468050657 1.20339961007818 1.32542739585252 0.743116651775878
-1 1.49498378725303 2.10267002819726 1.05433548376964 1.21343351260229 -0.341592656105229
1 1.10171561059970 -1.40274816241045 -1.30413456850343 0.40488712477968 0.508839876396913
1 -0.084474774460412 0.709804189813012 0.315581019583487 -0.273249009734802 0.062247411565166
-1 1.93776849723988 0.573155288895655 0.310914372101997 1.32106498005655 0.754929751954973
1 -0.974877211789833 -0.81617465732855 -0.810615571977252 -0.113970121939133 0.916648182953131
-1 2.86037695363079 1.48736017077215 0.174550472872949 1.12425866562347 0.911769714972024
-1 1.38961540109927 -0.0431750919291798 -1.19492554865894 -0.0569088465371821 0.540092809838160
-1 2.10301450293353 2.84167138974998 1.87431763819612 -0.486120335794355 0.766535122873581
-1 1.24457017115010 0.148700066990333 1.13203662250342 1.58106180243695 0.424631963140667
1 0.70416372251818 0.81124612733001 0.506707322159639 1.21631390845936 0.0399644805312958
1 1.37075640039945 -0.40796533560103 0.285259696461154 0.496421960006931 -2.33660441509886
1 0.208230910392689 0.38187521664148 -0.962777551885387 -0.0879029868171904 -0.0506985300240663
-1 0.311612847009504 1.52677644864196 0.736537500056267 -0.942791400540712 0.639675005724844
1 -0.586313716595878 -0.134474402369251 0.758591310383808 0.203729659534080 1.52950167702902
1 -0.594705554674547 0.688151765033472 0.189211999740185 0.686829529881107 0.343235642098927
-1 2.73801508354735 2.10767559283644 0.284614022524178 3.9471754144664 0.487877351821256
1 0.606330120318226 0.36668991325948 1.33328654606724 -0.0872927625480372 0.250209477785045
1 -0.995496477338235 -1.04029606696566 0.299785476107954 -0.0380556509167526 -1.58649690389321
1 0.500847726313462 -1.30128069313940 -1.67546037701756 0.131838531378999 -0.604428872490556
-1 0.266268171413155 1.15613162532263 -1.40632902560403 0.439859634991662 -0.295407132128907
1 -0.42358977656949 2.07060056986155 1.22423816138379 -0.240850323026223 2.24092899216094
1 0.614236115443528 0.686489157398378 0.098865991635094 0.0435274418452981 -1.39538078959059
-1 1.06941475507485 3.82157886689201 0.656176778928086 1.90500400113032 -0.655144721819555
-1 0.873863123723162 0.79403250314023 -0.779246466402988 -0.196323083971761 1.55747706878514
-1 2.10066827988676 -0.217902303667496 1.64339845813833 1.71670000822829 1.72093532933242
1 -0.537011684593018 -1.34472414709896 0.331156062003656 0.154436409321177 1.03558435843164
1 -1.54792225542021 0.8789636337674 -1.96486022570574 0.976856950298377 -0.746248767182181
1 -1.18596085747548 0.142572001377483 -0.0492136545745758 -0.797839025199732 -0.519081008812144
1 0.0219905352182576 0.753700971374062 0.402045793889732 0.791048892425902 -0.0493003479132333
1 -1.19581430443621 -1.23387564901103 1.23016575661608 -0.336815318541749 0.359257947725872
1 -0.0392231188098957 -0.552379085659881 -0.895502658468977 0.785138286999265 -1.67938435873693
1 -0.145136979477706 0.717162377415546 0.0388941083273004 0.597273760071978 -0.427383303181339
1 0.90983558730923 -1.07405514137115 1.55510311174262 0.0500941443225069 0.294385014059138
1 -0.589254370815063 1.82482017929868 -2.00853801173245 1.83374505664645 0.633695717205789
-1 -0.0104937443022270 0.92226266790709 -0.820159318208476 0.192201887916185 0.429146820148852
1 0.277977192203061 -0.461937407329686 0.580699366558166 -1.13737577256846 0.185272472609123
-1 2.05683802393595 0.725408400184166 2.60941449089353 0.651621296627165 -1.21513034698032
-1 -0.0156341701437237 1.71438584091374 1.80080562505649 0.905943628063196 0.241267519152746
-1 0.477990717427333 1.97390003069435 0.744185221018765 0.881810129852743 0.163243023323936
-1 1.54165779957035 -1.51910689591001 -0.604142235988845 0.8230450724102 1.34413192063989
1 1.42571559761486 0.859122944574037 0.325646399920253 1.81639791728186 0.507458718841187
1 0.235664177856991 1.44060361853501 1.47001863368823 -0.549736772145942 -0.00225826972221371
-1 2.00830031129221 2.21016492817729 1.89170401869987 -0.236374642031811 1.80559814127653
1 -0.99209163689327 -0.0336442786082343 0.383594709027543 -0.604197140772984 0.182834954898614
1 0.111624578101093 -0.464295436016232 0.94972401276065 1.49522494002888 -0.196913551682168
1 -1.22921325576335 -1.44677950410162 1.06067775601564 2.08003317832723 0.964650164513618
1 -0.259006137566090 -0.833964635686292 -0.0769913502029062 1.62522737004686 -0.654652809021781
-1 0.894215801314817 0.155996452725233 1.46320315260255 1.89838805896214 0.979427253746097
-1 0.884626986650092 0.116754370373835 0.999973497917748 0.270005580371809 2.95937578593835
-1 -0.239707319277115 1.06976013271826 1.11116900559223 3.15473151668824 0.485529512531459
1 0.271358604713851 -0.772401107244498 -1.36156604170134 -2.25797307166452 -0.949795384602327
-1 0.69879231274709 -0.0893842799488128 1.76243994715634 0.279724593541200 1.68708605264857
1 -0.120777866057098 0.99033122166891 -0.33315866502966 1.34188328231619 -0.229004682966653
1 -0.858117820408436 1.34985879198340 -0.326581229986357 0.574727593344436 -1.60881612210618
1 1.2624944429932 0.0552353791184131 -0.585212877537764 -0.624172269207624 0.689823887784846
1 1.45118637097485 0.93838885796717 1.07140675101115 1.16468423203085 1.62554464463887
-1 2.81592937321475 -1.04520908105281 0.516423141352914 2.01930190582590 1.15572559519993
-1 2.46410333753272 2.32547052895429 1.25716337021406 1.94593870932487 0.826092036433308
-1 1.56545875711577 1.17663502576121 1.09243484992943 0.232998362691645 -0.755356032999548
1 1.18724195904410 -0.13753379572999 -0.257404143776464 -1.03373620977032 1.07217735616865
1 -1.62102593794073 -0.997346440286327 -0.217553591400848 -1.09978222999575 -0.8290225647872
-1 -0.829892892754794 0.710614009240418 1.33735180039376 2.94654811248927 2.12182769436692
1 1.69319551545139 -0.0546343578207836 0.598305325068072 -0.728525111092125 -0.437884373699402
-1 1.07312302160572 1.91387852123961 3.23703761357836 1.46131744312285 -1.07441805811037
-1 1.56726011132623 1.19178885590672 0.8938302403772 -0.774917294506383 -0.437093343583931
-1 -0.159542810999261 0.764679311754224 -0.142857200501735 2.36303562461513 -0.405092553768463
-1 -0.151380684734734 2.79681762502563 2.79623964804907 0.377507610025889 1.92483502334525
-1 2.87345151947277 1.12067166765562 -0.290143784929687 0.126535176364073 3.46363418490128
1 -0.349546475549951 0.950752638250807 -0.133573765432177 1.28198291956324 1.27350091276522
1 -0.023897662119972 -0.57018057612739 0.340250010605384 -0.697992364648451 -1.40927180919850
-1 0.411275225759202 0.484316511553421 1.17408118934043 1.94818931586948 -0.063977620372854
1 0.595723654674167 0.847676785911737 1.01574482838186 0.256887507434427 1.55892813127730
-1 1.48331173780991 0.216039941656220 0.27842908875219 1.81741126937603 1.35104866666194
-1 2.6102678689305 2.74640426789907 -2.76831180216738 1.28075506336287 -0.824514673199093
-1 2.09065400418276 -0.736572104895164 1.63350040040932 1.12451955278430 0.66044300759359
-1 1.69634535048794 0.663260485720123 -0.55850929497159 2.28084508792912 0.592688255466258
1 -1.29425432532553 0.270782487084229 -0.972730227205358 -0.0713842901803226 0.845929215605336
-1 1.14075499044197 1.54206382962971 -0.500640929325227 0.985344769364442 0.317591838844289
-1 -0.686189897469771 0.655856105380805 1.33078943919232 1.06771437774133 0.957518056876733
1 0.485621236753662 1.90368442886611 0.235849812516055 0.290486289742011 -0.94806562454453
-1 0.79102741501502 0.864420853350316 1.12867565872466 2.54638176306131 0.348924594334939
-1 2.79438441303669 2.14882953312775 0.237909088715254 1.91284445683503 1.00486749803929
-1 0.272315498524779 0.573151360446728 -0.189759822165014 0.878358984915635 1.80500517410632
-1 0.294437428072426 1.34183570269382 0.102424130528385 -0.600816764693767 -0.147477428143315
-1 -0.0294747742609659 2.33788392610627 1.39163008555767 1.55148125274176 1.68995718843223
1 4.52317056920473 4.42661600859366 4.70164773374313 4.48434045543022 4.38745191366392
1 4.53768548480811 4.51729884672466 4.50483550335749 4.53504646708501 4.45232713601861
1 4.38485754665231 4.52385667365386 4.58506159920874 4.55622510846680 4.34884123145013
1 4.29586083994434 4.4239735161548 4.49026765673801 4.45001249101312 4.55334060502374
1 4.48291305285048 4.64692145183024 4.39065792712487 4.4633002706147 4.39849565121469
1 4.55600226609435 4.52141869113233 4.49457634948276 4.31960170650275 4.30585482757912
1 4.51664524056304 4.2480290024277 4.41804061331071 4.24662310351722 4.58905387317466
1 4.25184527408113 4.58250726098227 4.44911812661812 4.61936055864545 4.49535108463915
1 4.39940692189909 4.46825353279738 4.45330614627987 4.32726344942352 4.55952774844463
1 4.59797998389418 4.66120844624283 4.42804296977268 4.37784623805935 4.44916825512454
