1 2.04194356998857 0.221781986674622 -0.059363185678957 -0.163910563917070 -0.267834592197096 -1.62410612496615 0.654782308736565 -0.273196422131361 -0.0451081371602527 -1.74188330167091
1 -1.42696502672295 -0.994434459080512 -0.692912792970499 -0.469980734680023 0.128756985593244 0.113899182204017 1.10466656152387 1.01353051184701 0.116358011127065 0.0436678213838376
-1 -0.566181237469961 2.16122915614105 0.342249504607807 -0.601111534108923 -1.49097656800125 1.67716929282195 2.30201159465591 0.526555340367060 0.0142466730970092 0.500118818733866
-1 -0.254274157190035 1.26224248306052 0.423866989041998 0.693495709094473 -5.63804820679081e-05 -1.89660328925219 1.14338778194939 -0.777618000043056 0.30379060330826 0.339236601545494
1 -0.509068738080374 0.515758227107173 1.39688025460754 0.394904995894821 -0.09429080672903 1.08994241323868 1.59012886574085 -0.240471018538978 0.150735708101053 -2.17095279985076
1 0.338715396716667 -1.09352001150724 0.154865453757508 2.555962314035 -0.458320854558133 0.456620696524796 1.17437482074819 -1.39749731119934 -0.397663732867085 -0.81991116963994
1 -0.837536274676598 1.83613241564943 -0.282520207946644 0.332028875601583 0.879287275109323 -1.06931367689875 0.210692140343878 0.814501898179012 -0.112158065654893 0.786131971652778
-1 1.48923026092375 3.30584868037082 1.47233002304147 1.56411310455741 1.75900176175468 -0.648582802374892 0.84124125010859 0.35996714471619 -0.159644191386591 0.393758738832263
-1 0.249982821271389 0.0808336337315236 -0.0737820101264173 1.15559761650695 -0.131367530245829 0.78367379195571 1.0116133947641 1.33648207675110 -1.11627041155042 0.53461066766655
1 -0.565158489148842 0.223964857074587 0.798123936337132 -0.86697541550796 -0.147497005396639 0.448494050637627 -1.10900991049153 -1.05137840421558 -0.302518743994964 -0.312595546131696
-1 0.263903174545148 1.8806161064643 0.547646491015034 -0.686395633471106 0.257081621603925 0.119995012957468 -0.502751349015062 2.25338549510624 -0.263764336490258 1.11858104643079
1 -1.03120275471496 -0.147466816418187 -0.0295684341253822 0.547359115637832 0.306445578181673 -0.51477942092606 0.664668642779815 0.362908970963345 -1.33707712905696 -1.16159724572253
1 0.189197653216304 -0.453107525506986 0.494098219413691 0.926111632718487 -0.143845479101466 -0.439270176927759 0.146127591955938 2.04245868216665 -2.07891892960928 1.52152747858602
-1 1.83704539629371 2.16429902247497 0.518786900369499 2.8130641423969 1.01186997980992 -0.311274784317980 0.326245255877232 -0.164006662426868 0.550227321153739 0.484263399737762
-1 0.205922994908807 -2.5471899560927 2.34606101341951 2.30419167014815 0.241457750869561 2.12498556997398 0.935588090600541 -1.02428464658883 -0.951278745502372 1.75629389827531
-1 1.22291421907931 0.671514881790823 -0.173522060024773 2.16276195222084 -0.112212015843174 -1.48481470739480 1.19176864349012 1.06411907030963 -0.63043244525378 -1.41433207765352
1 0.924852312751647 0.529340335399457 -0.560136159317546 -0.472387536256175 -0.517590202730676 0.598978239993941 -0.133432475187184 -1.24153284808815 -1.76473715918698 1.42456242187034
-1 1.84265202425633 -0.320297444972295 0.264551602581306 0.656176804264416 0.50899687070117 -0.101208903243383 -0.254273011413761 0.983199996884558 0.84193069000186 0.512640754972658
-1 0.463072604171084 0.409535255797209 0.597767594941435 -0.84635336680635 0.260637199075894 1.29273456259393 -0.810231801690013 0.134507868948935 0.346651776887891 1.15569624889186
-1 0.378534154573088 -1.03871653389630 2.40530568567142 2.06165765976604 0.0983258028875654 0.0647442724304663 -0.824921882036382 -0.259283896106285 0.814240854175874 0.81486401032858
-1 1.71628109940579 -1.01520688012604 1.08531862905909 -0.0361385476553886 -1.47180434553221 0.779716135349937 1.54030085770744 -1.37248405033069 0.553787212372968 -0.46034300426825
-1 -0.69775457546622 0.164803891162206 0.901688403799036 0.739310756937057 1.80558090928922 0.407498711448565 0.767865069375424 1.82053990431817 -0.588405626075542 0.733202042208665
-1 -1.72946107124049 1.18019494047173 0.112563855299483 1.22111412280019 2.06237633225605 1.68507343801000 -2.27941409212955 0.62818396076683 0.936325021021075 0.916184098945375
1 -0.606371831773731 1.80737250289039 -0.665213282783745 -0.745973878620053 0.834261499575734 -0.435023245840156 -0.845520387730565 1.66446066414406 1.70814296383535 0.41581673782536
1 0.981790933391528 -0.14616180321908 0.784941010175376 1.09404747967165 -0.756738371180945 -1.06430025867542 -0.63459347372308 1.58498802085674 0.62540877514448 2.00839934042590
1 -0.861209095308877 1.99468404910934 -0.230427912367046 0.0946090727568852 -0.365534595613967 0.120522511272216 -0.647812753376542 -0.401428688932416 -0.422577422811602 -0.0847761031342825
-1 -1.18512897864360 -2.02645304740480 2.48164061896421 1.37397428978721 1.22835718454561 0.666242517359615 0.0765629754664703 0.487778729577185 0.510943709903377 0.708427499177136
-1 1.11435666460069 -1.07457316612202 1.85564725277649 -0.799346896077212 0.0404314453922012 -0.0272677854044380 0.0211990976672746 0.687429461744639 -0.0739826825132648 1.41384212309520
1 -1.36607630328602 1.46574830940208 -2.75997220314608 0.179327254073909 0.557113063701817 0.470274769463393 0.179040705785744 -1.12501352584548 1.31435713024411 0.00712108451872333
-1 2.14835787137126 -0.791481861792026 1.07134178308789 1.21678288852055 -0.168239331591426 -0.459799872915911 0.7040930053867 0.368767348030794 0.950241595786475 0.779389092454148
-1 0.695930787802652 0.815183914769548 0.997909957727842 1.15929059063132 1.63255754393999 -0.258514340837957 0.765714664289765 -0.58247599213671 0.0178862326363280 -0.572824065623178
-1 1.13278612732309 1.17348666209539 0.736182588510782 -1.35526786097600 1.21164305108507 0.186400158964728 1.7698241483383 1.03676165788939 -1.23336766310811 0.410717887212859
1 0.0986738100703339 -1.16713004171286 1.63708397469810 -0.593601784251474 -1.36675394807775 1.05821250956439 -0.622133399207365 -0.491739876585392 -0.352066655930571 -0.0972429722806488
-1 -0.0578115952198300 -0.101610968959747 -0.593408763971037 0.803401203384762 0.150970728121395 3.1798882391091 -0.63229053018537 -1.09098542633724 0.228346238422657 0.76609558084989
1 0.368492045005487 -0.227552206386576 0.772787244815326 1.22990708928928 -1.05266089693599 0.720461492052358 0.520581229408522 -2.13916170734413 -1.33813216605401 -0.65574411704705
1 -0.489394320547457 -0.903838812976803 -1.32589989266437 -0.716789863693151 -1.00468376661728 1.63875088779960 -1.62177868049691 0.593344980636997 0.301513221438517 -0.965989115989291
1 1.31310753809252 0.255298923673606 0.375849978220297 -0.74733253723568 0.0199428985303085 -0.747933947454569 0.495181893890678 0.171921095378382 -0.763328298958326 -1.86288271630541
1 -0.498095034682182 -2.59105285687047 -0.478187726055604 -0.150557298357394 -0.0158521713444554 -0.505419692564895 -0.535433359762251 -0.677452157632159 0.657019131636158 -0.0113561899482728
1 -0.961240055585085 -0.920595225403592 0.307047299420341 -0.968454627565327 -2.09740361978631 -0.278198850587913 -0.591327185009363 -1.03427821078198 -0.497068535990186 1.36668542401537
1 -0.76254721066972 0.148550824031850 0.57932174416792 1.99246356186969 -1.32024358590443 -0.380570396528619 -0.844192964770557 -0.794389214331883 0.0395850014579205 -0.513700488836934
-1 1.27701489858819 1.58146857636455 -1.79577099977699 1.06614892504734 2.33920794027988 0.683518868081143 1.19763037921143 1.03172241361752 1.25465159177998 -1.29421127761516
1 -0.545238023544205 0.294426378497726 -2.06482383506657 -0.343095785937476 0.421045044922138 -0.6134747556704 0.209051936870934 0.271020592780046 0.0778366984079534 -0.729126552385128
-1 0.36126629678913 -0.475924201358685 -0.422394928420827 1.65642775335903 1.43764951938107 0.827429655104525 0.709589090793116 0.81675283751852 1.86302871118394 -1.91971017542166
1 -1.81445653502136 -0.0414514341040275 -0.53348062876201 -0.422591107874748 0.394190959774696 1.86012592468070 -1.85739730735068 0.900994072949582 -1.30911123182446 -0.205416448724339
1 -0.400728012555048 0.302956066379322 -0.348434708853358 2.01172460314595 0.638425405030867 -1.01304805836877 -0.59377303775052 -0.621674228780453 -0.356247400625962 0.289959210706888
-1 1.34392318352479 0.83269441904071 2.28621674978625 0.289837998026754 0.779733858072497 1.58970813905072 0.323074705847902 -1.42026791622879 1.00978540395655 0.523785453384432
-1 1.05707609332380 -0.163843391803636 -0.459195816799559 2.77479013566165 0.437160712661453 -0.67917399510839 1.00197219991982 -1.33142857791676 2.12916855991921 1.56437541945128
1 -1.14946786491917 0.614769785379759 0.374640116799205 0.742193368847225 -1.08450684612565 -1.63026662456540 -0.891021923258084 -0.440442517923152 -1.92669178101843 -0.329983781354721
1 0.605842739702771 -0.743041556784583 0.441362067352226 -1.52387429764635 -1.54732599047136 1.46032024140328 -0.151770692399197 2.11681293906092 -0.59074359519528 -1.52636625372345
1 -0.183689985730933 -0.172628540309996 -0.595684409006735 0.413791196004828 -1.58550759708606 -1.19789418030617 1.41531030949212 0.275287978063511 0.512361426762396 -0.0938667158663476
1 2.46289317324375 -0.231312831635665 0.68647824406541 0.556307861779342 2.0193662638683 -0.253947305606317 -1.39479115882965 0.604802203194167 0.404270804182957 -0.230573897449254
1 2.62993788271369 -0.379675701853463 1.09578842130711 0.871577327413295 -0.749319961005937 -0.316141134465591 -1.02361956512706 0.823556466824744 0.0744681047503007 -0.97965683477817
1 -0.0259126771509278 0.0781244851369814 -0.65275449116106 0.294973072503413 -0.728554591062768 0.458150549201698 0.790027012598851 -0.0126742156896020 0.320649272571575 0.361497028293235
1 -0.465133743250736 1.02728694927977 0.155753807339175 0.7086398283224 -0.597180614784375 0.43867263696431 1.92677292412069 -1.54670085166699 -0.278273759071149 1.49847380442183
-1 1.26872900480850 -0.73870027680306 0.795580854523807 -0.532693344652534 -0.278977643370049 0.0182557608545457 0.808198092323308 0.556470190585906 0.651721026726945 -0.00789944477045013
1 -0.0538846579175678 -0.560411805982182 -1.02534536185381 0.607423917330936 0.5162874094862 -0.048850524709823 0.98884299485132 0.896938013987641 -1.13173968021187 -0.395908116998596
-1 -0.212193649058515 3.19576651812484 -0.383717045316128 0.230110788612394 1.23150977077236 1.76049515474903 0.0294753889109310 2.14568814814262 0.551183244263096 2.32219455120363
-1 0.81672717772707 0.285210985484191 2.66111580219720 1.78039056206836 -0.118409899296635 1.20644533579137 1.00006397456045 0.431402087694515 -0.589408544783009 0.567114313907967
1 -1.10765899040024 -1.57538882376788 -1.44158214698543 0.00268280913594149 1.09094044776645 -1.30585050418476 0.696976580538086 -0.975264829741046 -0.326408938809656 -0.324655867579710
1 0.598331109657282 0.178101513621933 1.21829036202962 0.496099142849723 0.153171595343034 0.49253601873812 -0.853816296213904 -0.55797035322426 0.128971413279545 -0.99424776730567
-1 0.0503958786334275 0.704286687575614 0.353307535836296 1.63277456267332 2.66161655972525 1.64064546908903 -0.120759325744601 -0.367733344368496 0.567720562959783 1.33943422228125
-1 2.27616955928009 -0.0926938578986954 0.93257324822654 -0.914221557655845 0.379504733186833 2.23953069263712 -0.0496494101227926 2.21906476058450 0.76498252217268 0.445854686909348
-1 2.03892273050509 2.12518860458824 1.22205742574301 1.41624824730601 1.94745344052893 1.08844393511425 1.36623366227445 0.832223348827951 0.0274075716279726 1.53397258600851
1 0.910143437909332 -0.503103860738943 0.139198629482976 -0.515742182807849 -0.2127415256031 -0.104894555366269 1.38329823971525 -0.454974493294651 -0.352521086937163 -0.299507540587003
-1 0.391029050776123 -0.96507108778377 0.202231083860557 -0.741821976648958 2.04786955014427 1.23596130104975 1.00031986131538 -0.671144479225123 0.346486739016874 0.700502926677516
1 -0.910147115533342 0.513966055241454 -1.07826094228708 0.359688933035538 -0.0743236061464759 1.26483224013857 -1.95682271775413 0.109822691119601 -0.356892151191212 0.421073644936848
1 1.43361418070384 -0.151431350788746 1.43919010775843 0.558033884287056 -0.845652298893045 0.192556355509422 -0.280157839883506 0.788146295750055 -0.501796872131746 -0.918950901607216
-1 0.955815113585565 -0.272392711535521 1.01045963164234 0.731184442251291 2.04346415190469 0.48238084633 2.22977286743626 0.492261091111861 -0.0824995015078197 -0.933122864420874
1 -0.363707963874361 1.15851679180329 0.976177201115052 -0.325830580161539 1.32674169867522 -0.317765704390511 0.196745166765214 -0.916474042622172 1.92811630025125 -0.481975041217851
-1 2.55191242637580 1.14098728386431 1.04731438454092 0.0158284391262765 0.309245205480267 -0.484467098290351 0.109460042774232 -1.12502326970341 2.02461293508399 -0.132217095491663
-1 -0.419400794497358 1.55087694145498 0.00806733591520714 3.34277668965159 0.647335760064095 -0.40886746531792 0.555196482843555 2.14725585927974 1.42309223590884 1.26259583780267
1 -0.759905253752172 1.00706804360977 -1.59440645732162 -1.02398159588397 0.599577748811737 -0.50724320400881 -0.706551748222088 -0.455923881527595 1.03944688269481 -0.838992860708833
-1 -0.190593117425296 1.69745374930805 0.485218363322641 1.86063011728841 0.874342416961134 1.48999909073724 0.329166832088722 1.09571285870695 -0.296137976851388 1.13192085457840
1 1.24177681901535 0.170610512013890 0.615700777510822 -0.148831162380173 -0.177894868143173 -0.381624623931071 1.38144336058005 0.77283097131536 -0.546961169381201 0.547261281805261
-1 1.62881281501894 2.71505102091657 -0.188280499532287 1.37513740959172 -0.328103527392397 1.18737426426217 -1.19530040553723 1.61280118860967 -1.33394195549325 -0.387434855422487
1 1.12296472792011 -0.267658302369705 -0.355336008359624 1.05930380008463 0.076418534460029 -2.90302190276441 -0.629859635877330 0.0634094261269141 0.871740181247913 -0.134999066959310
-1 1.15361029023142 -0.344769332848514 2.10806232327085 0.125989929702062 0.976426936585998 1.09551508529257 1.65978818667757 0.302872312766837 -1.12796174201457 1.80443345806516
-1 0.39306431733543 1.58133219367485 1.30321937638318 0.80212123844925 -0.889972795937646 -1.53982073127335 0.230843573014847 -0.314491941076057 1.66391485219384 0.71787104029702
1 -0.520581649166069 -0.632932159236946 -1.47614859554135 -0.318692105441674 0.292980447636559 -0.0950565854677192 1.88506310144216 1.05464849592403 1.06910495316975 0.500477015903918
-1 0.834013447362439 -0.0391148423862124 0.202551671154137 0.028393827967255 -0.00152194319552634 1.60259848788969 0.487522108076194 -0.571204414128619 -0.334577340447795 -1.02358516785556
1 0.406331196231735 1.82835156134404 0.118358888478963 0.706987132713633 0.843661721663221 1.12186508856257 -1.16889440911036 1.02068283321881 -0.120177475249243 0.078542866122346
-1 -1.19483240756536 0.811790545220162 1.45304046594013 1.62048807226827 1.43987361473201 0.0665242808154499 1.25416523591292 1.85257758791278 1.14260982792058 2.34365168786202
1 0.521466425296408 -0.686065947089227 -0.250417874782560 -0.51201413261216 1.33727340006018 0.414919758496448 -0.355616462586665 -0.637309793628496 0.514085804840551 -0.817680708245425
1 -1.89644026569754 0.93474193034862 -0.858538257180052 -0.735618808349853 -1.83098537010191 -0.394164905468338 0.130333074697852 -0.657882165897487 -0.598962636367656 -1.52381769072372
-1 1.36980427381766 0.928240680416311 1.67590447367953 1.13778388989806 0.600964540585287 0.454194097800242 1.67866837568257 -0.835939098516301 -0.469390632028287 -0.804083066793653
-1 1.34393378602614 2.05260575109231 1.56145111709384 -0.179727601534185 1.58983527717505 0.717006844627617 1.75387296087478 -0.283025616220896 1.50986631537657 -1.40992363094282
-1 -0.0776645249593809 0.882029117421941 0.344622474489277 -0.0347150721840649 -0.176416222852459 0.649707924296138 1.15422329540406 3.13250502773756 1.68014539325580 1.08595136702814
-1 3.44780925908651 -1.68945385700962 1.01553506532759 1.23591341168789 -0.505039079370596 1.32290856859303 3.21091413182296 0.194320959768326 1.06779174445946 -0.202740366588889
-1 2.36550196749958 0.988651090567032 -0.0571030885283048 1.33942999433510 1.616298381355 -1.77923434937567 -0.744224436803898 0.539505004690908 -1.08183843321834 0.682263671296017
1 1.50238860200322 -1.36903248766274 -1.85060499652600 -0.0179914433994810 -0.22428294198696 1.31854514256794 0.04871643371227 1.21023390031148 -0.575244647239928 -0.821255846200438
-1 -0.199214006343752 -0.0875043925178066 0.221028412269253 -0.878622763052742 0.333657909223628 2.44473908948422 -0.109173179336029 -1.88186193194931 1.6161675654039 -0.211370588269566
1 -2.45161782601121 -0.459149680112138 0.887200766064257 0.553752064838388 0.205575734838101 -0.068115748803879 -2.08306252222517 0.242137198420323 -0.882640411487758 1.68480072631395
1 1.38023578139612 0.673319195945515 1.30870164759630 -0.415472279900653 1.75156322420548 -0.519920010358483 0.510795321938266 -0.090105778267938 -0.686643099319721 0.330756194384943
-1 1.76924442561439 1.75780543659593 -0.812943519808154 1.23864829535068 -0.673974324928308 1.28719520931173 1.24057369573154 -0.786556560103475 -0.0107714912886684 0.584485985951679
-1 0.700618496320343 -1.64466229212489 1.38539771941293 -1.23827060096151 2.35112187180190 0.218358846275493 2.21764102459566 -1.18588546084583 -0.788934842537099 -0.78691058368234
1 -0.725703756390328 -0.924838286041266 0.50492768835877 -0.742736622597624 0.315298515728613 -1.11155209481841 -0.3628489944762 -1.11512664853852 -0.670742047396197 0.299518556438174
-1 1.10098045933471 0.495408836082812 -0.266749369626109 -0.0155592539868358 -0.00479473469710889 0.209265976746433 -0.0328848195314486 2.18950024813136 -0.237796389736765 0.190977274192389
-1 0.812179621836573 0.950462403598598 0.484830377983949 0.725715237084158 1.17748028788767 0.785410493151477 2.811378583144 0.106997342967699 -0.220723252252272 -0.139942624368590
-1 -0.108169966928904 3.01150298630765 2.35436088476835 1.24224099414013 1.43581341756826 0.557012861551412 0.119930348510503 0.170267194309817 -1.06114182321625 1.46780459481116
-1 2.07408404552581 0.688352652154157 1.60645108101093 2.47859058809071 1.11512796313943 -0.277740637485604 -0.79553500995316 0.211918379604667 0.55605174483221 -0.0289523209464287
