100
5
-1 0.00216722831979255 1.28046801535132 -0.156805962724576 0.433141506693436 1.43143062371477
1 -0.00220703081455012 -0.569211300377745 0.63519210107368 -1.51152247336712 0.922543873170672
1 -0.248966063283093 -0.929244948599819 -0.247431912853980 0.191689339060088 -0.035670720260984
1 0.511511420340631 -1.7504774771944 0.803006613428893 -1.05930107126749 1.17219100545051
-1 1.37300051132366 0.826605964658493 2.27795230588907 1.06183518581540 1.57169034917075
1 -0.0639693144380225 -0.444210027562561 1.12894812705757 0.763506923031213 -0.326668750194244
-1 1.75087575909239 0.381826909337995 0.725866313101876 0.889122195289647 0.332867634671581
1 1.01099981540301 -1.22960556075008 0.0298842139651214 1.74337765571413 0.503704350315815
-1 0.174651455429625 0.827307391054682 1.10456382708333 0.658644488357106 1.20729453535162
1 -1.36343269810456 -1.44850556230144 -0.640874802595158 -0.167955064646826 0.278358962246412
-1 0.36552290963818 -0.03002358327719 1.50263270632523 -0.506778026848976 1.29242735626214
1 -1.81985855405661 -1.85612921950558 0.610533939014928 0.791265775002078 0.913846369196104
-1 0.192975374962681 1.07957796246497 1.08820311992738 1.88457164572295 1.65266665443159
1 0.406961674377358 0.784013955999414 -1.59486700771892 -2.01588549557838 0.428774540659126
-1 -1.33401550512644 1.54878914935963 0.507285720112738 2.28718390223506 2.79493518149433
1 -1.70844223132009 -0.952456434764767 -0.537001702201722 -0.726302910679653 -1.52714219536527
-1 1.50775445269279 2.84684234402949 1.23527400067535 0.70587688265739 1.68771515528558
1 1.14131991923007 0.845812803126686 1.11760782748471 0.658050673348565 -1.29782514263843
1 -0.386422318845042 0.988772065613334 0.251320869458396 -0.73951458086414 -0.232669879506822
1 0.367811857938222 0.028019544583253 -1.23080352828994 -0.567026630901196 0.696612865858469
-1 0.794924814474059 -0.201635735939962 0.255156489916175 2.41702847559528 1.24898706189801
1 -1.03887113432444 0.145873542355380 0.565720268003896 -0.574296244492392 1.53140484245463
1 -0.306500692734417 0.720959602170958 0.661273799606255 -0.92334969086147 0.0766859060732176
-1 0.652254486120958 1.39886107816590 0.705414868123913 0.414418605114076 -1.14755579922520
-1 -0.130154429774874 0.578342023158207 0.298927700627493 0.716835463559232 1.27924230628662
1 1.73566860909204 -2.18555904106117 -0.544615009760597 -1.06277429253702 0.21091558097061
-1 -0.0832589177264561 1.12579567921308 1.52256588698433 -0.926954975669315 -2.01065254182674
-1 2.3171372476715 1.5224441659461 1.61180450130836 0.0325735372981495 2.62573435292538
1 0.402490877754642 -0.446031025533613 0.00113346921089239 -0.469723027099663 -0.173950039665612
-1 1.61262280846828 -0.112181733904942 0.483060491467199 -0.320047680193335 0.898360962607473
1 -1.35505590893525 -0.0359975170155747 0.301627485823640 -0.09340320538527 -0.326643724319711
-1 0.0827034374834997 1.23923016840049 -0.123123693331877 0.350657174530549 0.705991079611889
-1 -0.878526878358713 1.51247338473157 -1.40581739837394 1.4016601176956 0.767234312857687
-1 -0.00548529072991744 0.764735206748785 0.596193794890541 0.542947549664949 2.09253614260900
1 0.270953532266441 -1.16941711957461 -1.51630289917556 -0.408149539720385 -0.248126081658476
1 -0.484978453446374 -0.0458325349521677 1.29133538126578 0.0480376922668917 -1.48555573095503
1 -0.329927763207926 1.23128827963842 -0.416600199484598 -1.19675728275433 0.750332459366084
-1 -0.696793116721477 -0.0471819964389446 2.10632120463309 -0.0998392793942802 2.18050699775764
1 1.39194809937467 0.532011078737994 1.01659208938992 -1.02027447986044 -0.545077675688053
-1 1.40220238815122 -1.48022323490345 2.31859633395989 -0.322007873142962 0.739382586028376
-1 -0.872652696658794 0.837086840667196 0.554810531878691 1.71422001816145 0.0720116843932468
-1 1.04113655326550 1.55595440495020 0.550593489971794 1.36419714614177 0.410974302325863
-1 1.68520778820891 2.32454293101997 -0.591873547690077 -0.285320257227018 1.27351258934105
1 1.95138118571414 0.667541192317636 0.215696962808053 0.878585271000405 1.59554460234701
-1 1.64104744561796 1.81062904491006 0.448085499089776 0.65317463628507 1.89257623892494
1 0.287558161013965 -1.05785529520428 -0.587593754564879 1.65926954935451 -0.0463140497424923
-1 0.398029234405257 1.72033032968653 0.84035178226009 1.32527486726325 1.84747927067394
1 0.833096224307436 -0.352733674179411 -0.582903041267386 -0.506638938852087 -0.614593699395035
-1 0.606510359898295 1.89198968219951 0.619043264469635 0.541690120726509 0.168768485245116
-1 0.310182876708412 1.69576695952986 1.18180495978984 -0.911218795904711 -1.38962952542691
-1 -0.514141223990722 0.372887603168606 2.10935487034451 0.283271266924039 0.326319209137935
-1 0.711349667892142 2.18888713969819 1.34100230456954 0.203943880309224 1.85492481996389
-1 1.5118684620653 1.37871858576468 -0.78992282898681 -1.56605684558518 0.393582211257968
1 0.140747476821270 -0.248044925525269 1.21712111143084 -0.92350340521722 0.068630287686992
-1 -0.294584435803918 2.97969944901342 1.58158878932759 0.468535045292472 0.761941521877514
1 0.564899118076526 -0.480458570807384 1.56158465764791 -0.487147847924158 -1.37707047024362
1 -1.95748792505322 2.4557880364565 -0.855933902770976 -2.34833431538403 0.344113463354063
1 -0.715846831476116 -0.756832303117556 -1.49577370849936 0.076332784075537 -0.655469399054276
-1 1.86446347768270 2.52219026335622 0.917985763690184 -0.229070126925175 2.2273810448071
-1 2.60148603114899 0.0197046573139547 1.91111617112151 1.09134819088630 -0.454239870283209
1 0.385155487379469 0.179570682603401 -0.133207587038493 0.0544811653907263 -1.22914769171039
1 -0.683009618320293 0.509065603602695 0.826001867995036 1.31783572615857 -0.047494342898721
1 -0.68357438169189 -0.547075522936397 -0.279481914941382 0.0211274344233585 0.0728751067577779
1 -1.03726952507478 0.156457606907771 1.33127428286264 -0.556125324222949 -0.369379232398505
1 0.610608785536411 0.191025023310524 -0.98065845312274 0.0113308169053080 0.752730591696285
-1 3.03950073212057 3.7043251780298 1.18873663991307 -0.417004467201047 -0.160330364128434
1 1.14928594376081 -3.93380920124975 -1.46769766443991 0.863907867652951 -0.666621903181675
1 -0.689890338808863 0.0997446130575409 0.68625628144207 -0.780646453051222 0.849146400159617
-1 0.96831278989337 1.20280435663231 1.47318443222955 2.57417103689134 0.733373956287176
1 -0.0198632809338997 0.746881979140511 0.0814789605531363 -0.554849797516407 -1.6923948631384
-1 0.797150328080402 0.79898036173896 1.79774389127473 1.35595184140359 1.10218402157831
-1 2.55194055638829 -0.943307317080537 -0.185326185725282 3.25943844500303 1.35511784827816
-1 2.09164086343058 -0.753618787312416 1.67198907573351 1.23350012265069 0.96105592288404
1 0.455263420593038 0.393402338513856 0.550910227250048 -0.145856024230646 0.589445812003227
-1 0.257960868919428 0.391802934733175 0.371021022159055 0.107931334755071 1.44801346803920
1 -2.53307461304544 0.56713168568831 0.29871047004491 -0.655972129243994 -1.37692048216047
1 -0.616039058520566 1.62059756074263 -1.07515594935878 -1.77574299544922 0.0564310970403702
-1 0.679380743487534 0.457557568086287 1.46555919875209 0.818182202633495 -0.534671940878505
-1 1.56068036074958 1.39707451997896 0.5077126879929 -0.673040778371767 1.86514729715543
1 0.134020319014671 -0.993483454039632 -1.32592428363786 -0.248924894813747 -0.0156370227377587
-1 2.62471901995041 0.78738931530327 -1.50608852924458 1.61301180682158 0.610612020053147
1 -1.97829021063684 0.518796454526021 0.271374093350320 0.742953033778978 -1.49058690908848
-1 1.94259909811211 0.125231500202432 0.265284607880198 1.55083744053996 1.5733601682599
-1 -0.737607607693491 0.00530065335822738 0.446031327663665 2.34386453978286 -0.867536497239732
-1 0.765088261139549 -0.0543084265533076 2.17559232613681 0.316080831215895 0.703692561845055
1 0.335880140477704 0.277676143628369 0.92096779453157 1.04440482399851 1.33831212985460
1 1.45747672032353 0.933167427179404 -1.70731918844725 1.33807952057042 -2.62760553288675
1 -0.0787678044780536 1.74942090324202 -0.168936110450932 0.270855171337247 -0.32320776065795
-1 0.829495120064514 -0.224797785349486 1.12570657816658 1.02869076222559 -1.37210075959498
-1 0.595324948731387 1.04823979737471 2.18102409904905 -0.498934625083608 -1.06469248465691
1 4.48183709863965 4.40880254609538 4.38010664977888 4.43876374049056 4.49591216143643
1 4.4107568106548 4.39722374133025 4.49835077153426 4.33241385279844 4.39953318898966
1 4.42858115016035 4.56223290150512 4.48794802594056 4.57828524443967 4.40953111068888
1 4.43550120108118 4.37515031337141 4.60392658581966 4.68666678209185 4.56563167082279
1 4.53447539527358 4.63508192195405 4.42929411061670 4.43835710327269 4.25100191866708
1 4.45062758763873 4.36174168053863 4.39026063537626 4.55398845045993 4.41561009629872
1 4.45597213931485 4.26936596552346 4.64381179468908 4.51210372865502 4.53095890869424
1 4.49785294221845 4.35878609174823 4.6282778282795 4.57576154382639 4.58330987043381
1 4.2617626219345 4.56207347309808 4.51103819052037 4.49620948452113 4.54790379908399
1 4.53954496811943 4.44753482080884 4.366526745287 4.70157978824898 4.63880181692495
