100
2
-1 3.04380348714155 0.394963914306194
-1 3.19538533586341 2.25339371146114
1 0.201856949801443 0.228193514999804
-1 1.80908309361444 -0.88937538357786
1 0.318791924360610 -0.306858570482392
-1 1.30481942520954 0.0170118110720334
1 0.75836056967344 -1.01754615823204
-1 2.69285380228882 0.873852439826064
-1 2.57255138705896 1.19939239218035
1 -0.0761057971834428 2.1901538634526
1 0.0902677127140966 -0.391425045485056
-1 0.831542351761084 1.27868087738673
1 0.960259806129768 0.592779769000465
1 0.444337804806509 0.724113508324979
-1 2.75668492857952 0.170033988668162
1 1.28160287126060 -0.127773737469325
1 0.626331903713456 -0.782269829248842
-1 1.10372798829749 -0.0087012985430881
-1 0.0202096868928474 0.931283277372301
1 0.954271387445628 -0.67200364905184
-1 1.63412069043389 1.10820408666617
1 -2.47564966127032 -0.0898206690967803
-1 2.04997881488772 0.492342000292136
1 -1.24414510321753 -0.566000539937351
-1 1.1051501758971 0.617368118999486
-1 0.220974884772719 2.55485087844286
-1 -0.0214263837550637 2.30248979791031
1 -0.0354894574489958 -0.458807921496287
1 -0.601222449777241 0.427015863732561
1 -0.950773737220936 -1.31138560035079
1 0.279782558972539 -0.995812466137198
1 -0.501877867052384 -0.398043933435133
1 -0.418234065034204 -0.336564346733596
1 1.45862898233083 -3.07656715531782
1 0.476339284808308 -0.717713169230914
-1 1.32818141087931 2.11187563900148
1 1.21438674813408 0.769449988620047
-1 2.71785377230087 0.93749549054192
1 -0.267587951411664 -0.039940610910095
-1 0.300097670961688 1.23709705374735
-1 1.58125549307937 -0.247626492558171
1 0.286346923671302 -0.138535015961862
-1 2.95676056819679 1.45847058136177
1 0.212527400561621 -0.470100389496828
1 0.585534410991977 -0.143253458276969
-1 1.05654552232792 2.81424468572893
-1 3.84369355438312 3.30854359411625
-1 2.01058156853609 1.36298774561051
1 0.713748875265031 -0.729316695341997
1 1.19806088060378 0.373876328388656
1 -0.806240215884079 0.67112025804493
-1 2.18596586710595 1.96698725653106
1 0.145260343288414 1.78431066618144
1 0.246588045013179 0.0213211317305919
-1 1.58156342883899 -1.51149820241905
-1 1.81466327169893 -0.405340417474952
1 -1.24446352424239 -1.41288620226591
-1 0.966400004808154 0.193702319777944
-1 0.743322563455074 0.884599665045861
1 -1.14996483123327 2.30831549900632
1 0.0303997301882813 0.224377750201353
-1 -0.514836511817976 1.30851273054117
1 0.36157100591661 1.42019235500806
1 2.01446655530424 -0.340077888757207
-1 1.35140627719675 1.67647045528915
-1 2.01499880437563 -0.46740958091306
-1 0.388924001732613 2.11151985375051
-1 0.568713427680844 -1.25658295623454
1 -1.37317025640078 -0.654818776184294
-1 1.60551740379311 0.0566540045745654
1 0.244774606123846 0.379517631260731
-1 2.57545139482955 1.77759047447341
-1 -0.310372629567388 3.22900509256642
-1 2.13727127131603 1.94854069836820
-1 2.09074256026607 0.96744883857809
1 0.717720128377214 -0.157555116281574
1 -1.31630759703580 -0.589491418478413
-1 -0.445113331565272 2.43340555056576
-1 1.70851102524042 0.436541834306078
-1 0.459549336467857 0.160102439469772
1 -0.0590050277520851 0.394017615130925
1 -0.139644042085820 -0.0126957080568519
1 0.443117003792344 0.426219579714704
-1 1.41743508167761 2.39054197970504
-1 1.16038037224066 2.42155494967652
1 -1.99229883669822 -0.153555292640551
1 1.96319474534826 -0.719169781945587
1 -1.68022763177004 -0.799154590811845
-1 0.574455235165394 0.909683598634062
-1 2.29175701074596 2.89354570399802
1 11.0012811781905 4.81563491939583
1 -11.9912630998966 -2.50431459829639
1 17.7594754846905 11.4815785712398
1 15.1057303957987 -2.88761623326467
1 -4.58917651606403 0.165755514113195
-1 3.38755165967359 5.87293883880663
-1 -15.0273206065324 -7.287650270777
-1 8.33318395572998 -9.0647907614108
-1 6.01400197952261 -5.35464472590421
-1 1.34069122971385 14.5560817406522
