100
10
1 1.31205978155564 0.47730628748403 -1.05891196320219 1.42804608959982 0.206744689113095 0.116090753096553 0.476784597691623 0.603744987170565 -1.77276264958358 -0.764936275793484
1 0.165776101744051 1.63441079898432 -0.317171069207564 -0.947285468649426 1.12795858148944 -0.230405641645518 0.500523289031491 0.341485530267147 2.30936166172619 -1.28918592804509
-1 -0.471027455866572 0.104461773274932 -0.450878476148571 1.50960007735781 -0.892061340328735 0.636644557828088 0.166174331833467 0.378067237465791 1.05252322236774 0.212972509428159
-1 1.39071098037419 1.72867303259919 -0.548527411521846 0.619911644619121 2.2159861548084 -0.464003512071172 -1.18508915707966 1.79477384130513 -1.26307158243815 -0.318969731039793
1 -0.270498516684336 1.14351775328014 0.159257045820296 1.50143755791614 -1.55029139123 -0.622335849223729 0.719969694842585 2.09521107936120 -1.44508318563714 0.0832886526772689
1 2.79593987673968 0.876977912382191 -0.413720246265479 1.02333812005409 1.09098934306822 -1.13237740059837 -0.39275423889374 0.0683266670388187 -0.720703783282889 0.430891745250761
1 -1.10648553810813 0.533162795634432 -0.879843513854335 -0.357999489995345 0.183828077099525 1.54323448984334 -0.296459291883472 -0.940529841021365 0.26438468787441 -1.10329551083369
1 2.20709496963868 -2.15943587138342 -0.682047496434093 -0.520235704120339 0.430241067103478 -0.133148619050163 0.246081713990361 1.34043116721085 -0.146357562146983 -1.35244111468957
-1 0.657109478792831 0.614947506198536 -0.0284732784179238 1.48028879915041 -0.509344633128993 1.77310706357925 0.730012174106402 1.45373427385208 -0.0232675105971444 0.48328634991371
1 -0.0427301847386795 -0.583580438048201 -0.0906212086380636 1.21620323785697 0.903595700195916 1.60174874827778 -0.160536922622248 1.07509758317466 1.05799218505018 -0.420069598934167
-1 -1.53308218144014 1.12656953298781 0.705038019849958 1.64262499607701 -0.0206640550301705 0.514250192243079 0.831947450315108 0.0468062551011369 0.041921055915387 1.34682387486752
-1 1.07418393385769 3.72903810097012 0.823390623830367 1.77115784378316 1.76631749695479 1.56640904164397 0.252109374044750 1.55814349602592 2.65025451154251 -1.03605207489047
1 -1.17222825999894 0.762070243678954 -0.186441167918053 2.19604534287718 -2.28308106238703 0.41520897205079 -2.39904049948948 -1.29984259605624 -1.29875471779494 -0.397819353456877
1 -1.15706264853862 -1.80546543980151 -0.482599499377262 0.743179754297305 0.568097859805916 -0.0120552780809638 0.95481002194551 0.679423504778993 -0.379041269873995 0.234185142489018
-1 1.56399536672394 0.567106624339619 0.574765961939627 -2.03785245985970 -0.198006821853872 0.623829678446065 0.479899123908177 1.22552536976082 0.243388902964266 1.53163084252809
-1 0.553407196701212 0.431448533943335 0.316889981505457 0.778012464248406 -0.0705424354581995 -0.808152667839563 0.147879136617544 0.570620923433538 0.73567851444744 1.21129105374336
1 1.14125377952066 -0.234151787455878 -0.638989504559275 1.00400886893021 1.06349696020442 -0.716012764701544 0.636378320176811 -1.37230061851709 -0.0234797607270871 -1.18040311281393
-1 1.16244014986113 1.07551967793525 -0.334630953984712 1.31693448197195 0.473218407156212 0.981978155427673 -0.856913611559147 0.903116592762133 0.0627631393015186 -0.392028461768668
-1 0.358682170297772 -0.384779372212122 0.929855996186294 1.23586611286296 0.850240407787295 0.566363293786671 1.90160071778857 0.988995278764612 1.75542965013662 0.793829466846952
-1 0.371056577910145 -1.32650697890947 0.760879102776505 -0.429335579895754 1.59076622923945 1.46902906280615 -1.15496969217803 1.57161619085382 0.586315264443018 1.97311514415497
1 0.226069576518097 1.05690182882465 0.325790202908798 -0.823453084457224 0.889345169282737 1.15230916367112 -0.156065785389138 -0.794724949024539 0.814334999735207 -1.73236735484021
-1 0.161277849523291 2.43183571510974 1.63311012865938 3.55790005986219 0.0540275074017567 1.60923234830324 1.26975735517952 0.215583070715341 0.719083142020046 0.755957062868286
1 -0.0168527747199662 -0.815703705173629 -1.85837677771250 0.95085479829189 -0.0365048773695608 -0.533656752043611 -0.947533029161623 0.569031029114653 0.911134979027849 -0.178238267186099
1 0.407742114456637 -0.0215433874610748 0.753943205159045 0.895385463049485 0.521796182061655 -0.328583676565845 1.35304864707253 2.16855781571657 -0.860668159361969 -1.03690273965241
1 -1.79430930265879 1.35356078989368 -0.422415140076464 -0.0725237391896384 0.700826168396287 -0.185548676246336 0.335550918907907 -0.416862077983291 0.447593771704694 0.273399683669589
-1 -0.700510279841502 0.962751343615615 1.04753557137019 0.47273384576116 -0.480159818046082 0.938478598237831 0.859785709182553 2.07784903481689 -0.774269270805982 -0.173546844789910
1 -0.789568523322585 1.09049217446193 0.138303274610637 -0.271869055306778 -0.923241526873954 -0.618297964335726 -0.961738371504367 0.356120076907935 0.00336079696644788 1.07710912738539
1 -0.73562331971241 -0.838278920235337 0.0432972248898423 -0.926640280037532 1.39417963470191 -0.974246381401965 1.37654799796636 -0.118705266064449 0.666236902959857 0.114083509693468
-1 -1.12101570651734 0.222907541910535 0.0554498418236514 0.433908338932613 1.53557201979372 -1.67505678675841 1.48268586067018 -0.880254806783708 2.8593275261939 0.295042662435000
-1 0.129978096221674 0.63024194506122 0.196798568264759 0.622842545331273 1.47407853375522 -1.05305657074335 1.54281708838804 0.872020831735257 -0.0216580063873778 0.858379849315477
-1 0.352718884098307 1.16056983501924 0.908554461813161 -2.29008569133445 1.53495647181154 0.6358452940139 0.559535809692716 1.31247083479373 2.48521561571146 -0.246206573518964
-1 -0.297084598825047 0.281753666360022 1.31121438633997 -1.19012701288455 -0.258052855382452 -0.0177362192593968 0.464538966397416 0.396346676483892 2.61332711083197 1.34926334666592
1 0.260198729512912 -0.476043809478387 0.671111733831079 0.686651211599159 0.132581709912107 -0.999199587948532 -1.55725007555475 0.0688214824212833 0.82262620714737 0.716733532739875
-1 0.575686356737791 0.945345179087399 -0.574770376294867 1.14265142014623 0.849997864528511 1.54120352157890 -0.991639287060958 2.72653818619361 0.197037296241108 -0.525388656571711
-1 -0.379889832590637 0.737118751076438 0.0889625721277262 0.130510335722672 1.16511836788122 1.43524976671851 0.508626685171158 -1.08339883608443 0.383732009774297 0.396390711223028
1 0.084892441652164 -0.980958700782265 0.621218675567104 1.16538560632988 0.146497029212234 0.0728166609003887 0.967644211328581 0.699773251103673 -2.07811500835782 -0.494742070648037
1 -1.29546747396880 0.361106431313215 -0.833125179749024 -1.52685991287105 0.792385225364433 -0.883309242283718 0.115547282864196 -2.45082839567311 -0.679511936614603 -1.48903440699041
1 -0.817974094234835 0.599612952954628 -0.403972498341652 1.08749742642992 0.498574172164824 -1.62377631803936 -0.63139530808798 -0.0508774548749267 -0.729132786547787 -0.154911911509421
1 -0.336199095941107 -0.126288248563439 -0.309145576238444 -0.0390886932070903 0.0863981796744799 -0.286048895668885 -0.82162162235568 0.931791735067192 -1.81848806075114 0.404694596965651
-1 1.99263758135505 -0.313158409620051 0.280413354333776 0.0750736361521132 -0.253254158405884 0.814387366871347 0.635029911853543 -0.183482291688727 -0.507616020581847 0.346789909530836
-1 0.457701196789079 0.823263246564364 0.119024677763639 0.907693566598074 1.51473017321074 1.91090049987046 0.569043516923841 0.0439912114907741 1.33598771785191 0.33184071826351
-1 0.315728335713909 -0.411957674033333 -0.509585820072548 1.58970292209409 0.165889697742675 0.785861996059502 -1.47851909101696 1.04979385411585 0.826890181710725 0.98132870093105
1 0.0753664337244551 1.0416043361415 -0.796498435165568 -0.0822054024478436 -1.24671825442563 0.692579096105928 1.01406722154878 0.0412001338184501 -0.201013513011811 -1.22447478533998
-1 1.17121621154689 -0.297974237582988 0.294075047352215 1.84779589211977 1.28225024705244 0.099774463418441 -0.437204100469362 2.09490282933413 0.209781112428935 0.0156910548515271
1 -0.60730973470908 -0.953843375042046 0.742201456930152 -0.249140748920453 -1.11007671491743 2.42051764775764 2.12522507688024 -0.97636140596358 0.266186289920446 0.489416972892722
-1 -0.995575621001196 1.45417074857351 -0.76092591063688 1.47006335653814 -0.542873336904338 -0.493520545825694 2.12028073550331 0.067305819515922 -0.612041222613607 -0.652024722902936
-1 0.165231269408777 -1.58376772001987 -0.27011930953448 -1.02306451025828 0.993957193672413 3.16334690164867 0.479998453320896 0.103742756450638 0.689183916397109 -0.528169222998949
-1 1.73194496046109 0.107886256044670 1.66934826445299 2.24486409241914 0.262657448386326 -0.900067662805131 1.07834411242841 -0.349285748259202 1.95428280190505 0.311680130105645
-1 -0.249669728396254 0.253505752256022 0.89779326428678 -0.052370012942724 -0.0765471556728367 1.82596023976275 1.26986480717335 -0.0503099117353508 1.17285214843201 1.82126385321788
-1 0.636871864933712 -0.0867175665931282 0.612720021566756 -0.44803294896626 1.60403322581597 0.471711065590648 1.45446015367017 1.27598551766660 1.10569868116286 0.668735398228519
-1 0.394260366638569 -0.523062084687065 1.58040754818566 0.77666920599266 1.06701745689602 0.941941893707815 -0.688334090174256 0.698966590112953 2.32623593053192 0.646957554337093
-1 -1.08374523344426 2.86184978351067 0.917118253162043 1.12017729452300 2.0811416102542 0.165012666743893 0.498644314340869 0.725616838386941 -0.756882453766053 -0.218632929335631
-1 1.31823184913445 1.62978343048566 0.935016549724738 -0.225997157531390 1.96830180729101 2.45549286193823 0.306800186601123 1.31601854767875 2.01008445013192 0.8366436077487
1 -1.21677282983785 0.424999502526212 -0.771606875976525 1.07516594472037 -0.843513313486082 -0.275873760102123 -0.825021723842323 -2.48391991038849 0.332925766091103 -0.0970617161541096
-1 0.578511209854268 0.110717108553580 0.835177582073187 0.856631113869992 1.70958892280298 2.64972120360512 -0.539758277731636 1.36270061180708 0.333603856195227 0.59257543578723
-1 -0.525123531958041 0.874673387550528 0.247987473728017 -0.870348618731546 1.46805079810758 1.54041002704623 0.903886564263047 0.643619002330405 -0.407943867778377 0.629595321909262
-1 1.61234269963261 0.667613880937407 0.439739473252801 0.693456620184422 0.0152902542807297 -0.344083154443126 1.94964444548463 1.76361243188965 0.0454648841643159 -0.743927689910665
1 -0.81738121672099 0.134528109589281 0.422928738805572 -0.457196973040837 0.129945775322706 1.02771616998498 1.18097787323839 1.60688498569104 0.626907506933492 0.591391572542981
1 1.26506204152515 1.01050756310107 -0.400902171090029 1.33785628839229 0.795692033404054 -0.367397582452897 2.0027135731335 2.16112675622880 -1.98884658952497 0.872991349835883
1 -0.189585254207555 0.0351235096834018 -0.605253212892408 0.900021751593657 0.57252906443571 -1.14475565046236 0.87766145785901 -0.00456151825715581 -0.167835294930549 0.530294714587133
1 2.47116130350235 1.24328751290510 1.29515905051203 -0.635261433827455 -2.76294890305617 0.087965063799728 -1.18472171278508 -0.186278417978987 0.507486366321258 -0.377599749653846
1 0.790167947149408 -2.03931140909771 -2.44688312758984 -0.634650623162728 -0.125589159659815 0.360402027775846 0.183351856571701 -0.0371659497522466 1.06408872409746 1.85758397929039
-1 1.99635676350772 1.23637661064326 0.248574817431813 -0.483487923043776 -0.275352610332042 0.0673648597976472 -0.469457226744472 -0.129243548531487 -0.330445477868542 -0.471605215021614
-1 0.742859119801953 1.41614592958564 1.24264624349345 0.128917313367128 -0.351727430723660 0.478466006884898 1.52477453822048 2.58997478203680 0.892767885592358 1.53481516718393
-1 0.264433796354361 1.36770367094866 -1.00666417309423 3.68516672051129 -0.0356024623923497 2.23798442590473 -0.49232705400952 0.829367315634449 0.292089866561852 -0.437134353848717
-1 2.17737093407192 1.22119598511982 2.23740828848937 -0.939645956974322 1.10383994795640 1.69425904711657 1.10670342281093 0.0405646954427583 1.44483652630602 0.169924113729366
1 -0.857309912501066 -1.98497819381186 -0.84335210603826 -0.664540717590043 -1.33841026612515 0.550409098753769 0.263476040089983 0.458336029814411 3.22597816269923 -0.141097560404023
-1 0.212311231568973 0.800633156974048 -0.652633190800528 2.01165475857512 0.51050151382332 -0.79979849296143 1.26240853059166 -0.580117134104538 -0.00723284224046894 1.35117742024852
1 -1.42078434437569 0.116839704476718 -0.357658584266272 -0.714556695807949 0.477721766502216 0.141977511016179 -0.444069547724841 -0.0774684958819384 0.481387621139444 0.187552763988689
1 -0.313444387487157 0.119913343200260 -0.25347865608385 -0.886870328345918 1.18027547718860 -0.230809620055349 1.41183407086281 -0.805677198274467 -0.958823434399375 0.0974622370928517
-1 -0.0462992141806097 0.169853590267577 -0.386311762094282 -0.0181535316674110 0.0630250576097717 1.72298322501291 0.861239449530436 1.46683869327264 0.808444603552682 1.55099444542363
-1 -0.677062761727341 0.883380178739235 1.62349238587039 -0.178788195239523 -0.144841986877149 0.0915767146274604 0.48200452275001 0.718480417158588 0.987771170944604 0.710979391873104
1 -1.06627558393540 1.49681619237925 0.154002157636203 -0.516748878231177 -0.949212296626207 -2.62522486801429 -0.161708504475807 -1.06599886659527 -0.809626689270695 0.710789859863891
1 2.14433528347768 1.49827872512685 0.0576650090807408 -0.698926794012877 0.725281801077085 -0.690343170686694 -1.13667623306514 -0.875489116852997 1.43451873073532 -0.426589011476457
1 -0.831879188935663 0.492296241455513 0.324042589858256 -0.269636073048687 0.59844452991703 0.405167398393076 0.320130780002891 -0.681579940255903 -2.45873003442165 -0.432771366015126
-1 0.498494017082124 0.428754713736152 1.92897528731656 0.754564947173868 -0.349867995202652 0.388023132390071 2.87384852717333 0.142051704405965 0.493633984581063 -3.65915584377152e-05
-1 1.55708286079542 0.13822963701413 -0.509633244590561 1.02595810463646 -0.65723660577009 -1.41691840270067 -0.66411988187811 1.07208432078946 -0.884641323663017 1.53287366010077
1 -1.35118196767465 -1.78402875744078 -0.250792835919407 1.29505023090690 0.658096314595925 -0.496331857310422 0.97882316888239 -1.12627227812013 1.46758557376667 -0.450588432535674
1 -0.342972972013127 0.839736638972018 0.747733877887741 0.834996676011429 -0.76890855699144 1.08632763591992 -0.972779032263035 -1.41518390837203 1.48026963836037 -0.516756760714035
1 -0.0453720294412607 0.364747906773470 0.262265342377417 0.302260852980700 -1.65317906961093 -0.950326434900444 -2.01859499141673 1.00298685540194 -1.31279093132576 0.0144998609769317
-1 0.8176523428562 0.395544501478623 -1.77177334005596 0.0539874518921163 -0.239425579274677 0.374240367458857 -0.290588985525951 0.122791777799102 1.71711772204396 0.0149300135717509
-1 0.21931411532735 -0.0469280798826518 0.584818984264201 -0.653488219133683 -1.37733755029388 0.828909929907597 -0.926652631056625 -0.653572812470962 0.0607146114196927 -0.243336007942576
-1 0.492992981213384 -0.609589121922565 0.828250124023118 0.313444128307484 0.388325685128598 1.78822359593897 0.0707174028747624 -0.442055421860728 1.22636928471672 1.31390418871247
-1 1.00584373216195 1.13062701231528 -0.278377116235291 0.00290906540265079 -0.505250596765764 -0.526423149158083 1.58480084085628 -0.846460914390709 0.0367249026000904 -0.0553677452129132
1 0.369107365650521 1.23057867954976 0.456306800665469 0.826303282020194 -0.613696682724891 0.062360700171623 0.0370541641721570 0.516948499091989 1.31778944960329 1.33203000147396
-1 2.26921517888835 -0.0370142062464078 0.314850619033811 -0.0911113348190075 0.812825124703351 -0.783905164107931 -0.143147690760532 0.355364100654541 2.59080495030899 0.729103325547846
1 -0.0116868791949970 1.43206515808717 -0.611882308475388 -1.52920897375553 -1.18197940932668 2.12225102717479 -1.96660561066867 1.89354416888416 0.912190158705064 2.64001679156984
-1 -0.0696770595093856 0.793354594106388 2.47128771408502 -0.63213141828495 1.48384477104019 0.281905749122914 0.619988250602512 0.614217332889884 0.177270514914180 -0.175923340007416
1 0.0154789438622167 0.818072507911088 -0.070313871002344 -0.998422761402678 -0.000754674797812813 -1.55843570958464 1.06002240258097 0.744771814919063 -0.91910897333655 -0.430105321599445
1 1.05596958641824 1.55385900095538 -0.0752698398581658 0.849373503363258 -1.35105008390922 -0.233700654734256 -0.310665144383779 -1.34330407212729 -0.690107297528699 -0.651841462818315
1 3.23707680604508 3.03755596100075 3.08869816206196 3.28137783564593 3.09170686580537 3.35160977311436 3.31835270882528 3.17478469020579 3.24103630089439 3.02575418746566
1 3.24399550599853 3.18034483319448 3.30375648577583 3.20711164501232 3.14502028952144 3.16949220833519 3.16685863341383 3.13818024313302 3.44683879668686 3.06835130481928
1 3.18175101815751 3.19308453850808 3.18771375583769 3.13812776044111 3.25823257533791 3.15458680321549 3.18602274801462 3.29393671664162 2.92623954651817 3.23199218815944
1 3.2444324510023 3.10603212321808 3.22685847338189 3.14615156522084 3.16874518672344 3.26032876980505 3.05398700714067 3.09848868445312 3.26736060378728 3.19727628194493
1 3.14849746362557 3.21174121156179 3.14851200058156 3.31640301250145 3.19336194513794 3.18659897362182 3.08069324625612 3.29892159499979 3.07329246949411 3.08392201608650
1 3.14907143957027 3.27365707028416 3.18499445308142 3.11621844887674 3.04995228671762 2.98923869397250 3.2394629412804 3.30411259399237 3.11987729481482 2.99951006760155
1 3.21122405725209 3.24783473295259 3.16303814991713 3.08070584277848 3.10286064383064 3.25993031395319 3.11200273351245 3.15423589108984 3.17631186896962 3.14225979831406
1 3.23064487456455 3.06673628593886 3.03390712164567 3.15947812062532 3.23926547768966 3.24437817277541 3.18753146643228 3.17750512504996 3.09664208868153 2.97898989968230
1 3.25567458648742 3.34976994120587 3.18852915165749 3.34508051070241 3.20869811250008 3.23561257371205 3.32433629676705 3.25410291549338 3.2259589905779 3.1577565024112
1 3.074721610443 3.36968643359395 2.88360490242522 3.29424248451323 3.23179449667166 3.19230449125683 3.23537952618247 3.10898674147355 3.15223362026359 3.14895036360173
