100
2
-1 2.43778793370308 0.00334986632109513
1 0.844034720412153 -0.476545687425342
1 0.180722826833238 0.289492144959098
1 -0.89693148625128 0.679038542844818
-1 1.44826455356082 3.03143177497102
1 -1.44169790904450 -0.0334169597674258
-1 0.283260509838528 1.07306824369723
-1 -0.179138412864146 1.81083076125941
1 1.25802045201212 -0.688736337126235
1 -1.18460168030222 0.528163073709734
-1 0.245437523536758 0.995056510695664
1 0.213869473455400 -1.14936898616221
1 -0.643058471584798 0.667700663606138
-1 2.97313337953799 1.92813961981158
-1 -0.522700671363057 1.69824473694642
1 -0.829455347620088 -0.977846673759715
-1 2.42707055507070 0.643642030778838
1 1.57416992994996 0.86505474510322
-1 2.46546015402025 -1.06258797487400
-1 0.879115447840435 -0.100829234860707
1 -1.12101194011235 -0.498604792403336
1 0.156950895457484 1.93970160924264
1 -1.74879147320668 0.338145114472543
1 -0.92275562949668 1.42435341800226
1 -0.284303847708303 0.6159496350225
-1 1.68066569858197 0.954699730397202
1 -0.604746946981504 0.722227919405331
1 -1.62301883828513 -0.804100987010282
1 0.5357335524695 0.963084082373586
1 1.25873938829444 0.0141291873370754
-1 1.68319695686505 3.72943607005407
1 0.62520999904088 0.258878239294775
-1 -0.995794449378133 -0.992475857470235
-1 1.52644782949484 -0.0309865665228584
-1 1.08013485798030 1.01522463977494
1 2.01299163711339 0.428757810284952
-1 2.67973529963558 1.57784253370390
1 0.426464653074444 0.815109392880306
1 1.49518363284349 1.17541352595359
1 0.807549666569422 -0.775783942362857
-1 1.16924871988577 0.325261102846880
1 0.205969264307275 -0.209606494905015
1 1.51102184977954 0.0320242991172206
1 0.715416950675062 0.808790190017854
1 -0.5513060066746 2.28611924892274
-1 1.35435623306758 1.61607898654883
-1 1.80851455774804 1.53278488992299
1 0.501017258895636 -0.146542705476995
-1 0.87440825269066 1.21548544217066
1 1.74273823192502 -1.36905933252148
-1 0.537236216773319 0.926388973905055
1 -0.46438913359004 -0.796964700394746
1 0.211929964085603 0.295377861080887
-1 1.18321806878324 2.97870694952838
-1 2.54936621142281 2.46501134881662
1 0.90554075148764 -0.471294615010107
1 0.0521916878779332 0.139915849174145
-1 1.79065750310478 2.46272664423422
-1 1.57119708532889 -0.2545955067529
-1 2.03639461270011 2.04207473159547
-1 2.78323150973034 -0.787401847431012
-1 1.44812333372159 0.252459654041445
-1 1.89701496925635 -1.06829968938991
1 -0.055712377009677 -0.629834550311773
1 0.463513405047894 -1.35384985533374
1 -0.809176181913955 2.57877538082167
-1 3.25713303516021 2.70123258301133
-1 1.65448952608731 -0.47097521218274
-1 -0.536150439538853 1.03398559989956
1 -0.910474757275127 -1.71623411289734
1 0.439310099071582 0.238811967679435
1 -0.659040255644527 -0.101370744158316
-1 2.94783400330678 1.07643400973540
-1 -0.631403159306252 0.791499747510556
-1 0.0912411444262877 -1.06878264481594
1 0.18093532592442 -0.460224407945252
-1 1.56327566913738 1.50061358304781
-1 -0.170724961320453 1.25204377511973
1 -1.14893389129431 -0.933394703785656
1 1.35498144815648 1.92970608405763
1 -0.713682731777612 -0.393776624370328
-1 0.437014448764474 1.48092807584912
1 0.188885800669286 -0.887042727780097
1 2.07641866806624 0.0163062673530052
-1 2.77840279566846 0.63407343565796
1 -1.43966167338226 0.963994113106628
1 -1.44715924063458 1.08620536030605
1 0.949905757278737 -1.59957507141586
1 -0.880618646236043 1.06588071441924
-1 0.527457967767295 2.07879177297282
1 -2.97318702626264 2.81731023964669
1 -6.25740906157735 4.92798932086684
1 3.27187374175325 10.9144081707704
1 -3.13472944898333 0.3668577565298
1 -4.45668088899931 7.8680785698129
-1 -7.04255391249855 9.80640169422085
-1 -2.59288521038061 5.07420429852763
-1 3.33633263658974 6.78553946048653
-1 -3.92851243386991 -5.16816454707092
-1 4.43815439985965 -11.4783877748254
