100
10
-1 2.41159577958098 -1.71187769821086 -0.00136057433098635 0.323161606165788 0.995950391331474 0.262719016006850 2.76825749210356 -0.288401206998714 1.04249190281015 -0.281572455400950
-1 0.90010180054972 -0.989357134809638 -0.983382721551435 -1.35557995346440 1.88771603600540 0.94024903604953 0.565445817683507 0.61541808289251 -0.564948652944351 1.37633138996365
-1 -0.378473746345806 1.79661221213942 2.71174932065085 0.333608509004662 -0.390367162689964 0.0603797064501088 1.00694575728479 0.325560779409419 1.54186995268313 -0.320326463273718
1 -2.27293662582322 -0.206821403688856 -1.56641946558663 -1.17758816558090 -1.32806630501043 -0.98368814476683 0.0811349145496396 -0.760318733512182 1.69922875114219 -0.626264730799139
1 0.0177541933543625 -0.125461517273986 -0.0490290924468448 -0.799874374074712 0.270796571642992 0.103276320622209 2.03971072570663 -1.87899231716485 0.448217500448948 -1.51057371773946
-1 0.317392517353771 -0.0437186773156776 2.47600588743109 1.11638237037958 -0.306475698923827 1.35536678527233 0.625183608877814 1.34902607334164 0.998078182376214 2.77422451988149
-1 -0.490097201071589 1.19872913570673 0.800048217165803 1.60977728376187 0.0549441360547125 1.09304589680806 2.68593533643367 -0.292047551172413 1.23904297848942 0.57927332373352
-1 1.20342138604971 0.504561899702222 1.28796244828537 1.26461338445886 0.826267878358172 0.311255342036732 0.608651276822356 -0.849150819904927 1.51980784283090 1.27390527354849
1 -0.355500804780499 1.82359789595652 -0.308927878296194 0.5325000383372 -0.587724196208159 -0.918373904108343 -0.357655552921777 0.538492266777083 -0.665091067314164 -0.404065877049641
-1 0.222655093031836 1.00739080890810 0.379554628497489 -1.06941188137229 0.444325441848662 0.301284147868077 0.889426539164407 -0.358115505109532 0.144990340172606 0.451119118328566
-1 -0.666168985893856 0.966188865448322 -0.784565194456575 1.67780223320249 2.39741528054064 0.766426148397715 0.868021923034375 1.90256837446151 1.62882757757537 1.06077563844874
-1 1.96794095614596 2.85851149793721 -0.391090226086028 0.903799105086702 1.15728994310292 1.96307493460483 0.678708377153096 0.0999594424790488 1.09108597429413 0.942594497847093
-1 1.22249984604416 0.235098038425589 1.56655738184873 -0.106271166056712 0.533080315329693 1.12431762960209 0.704642641312318 -0.728847436880737 0.762421818117412 1.11719680281183
-1 -0.230377563300467 -0.0199134661901701 1.93643280449830 0.492676307517042 0.641669707523699 0.590668502303122 0.133918470699401 -0.96071236487042 1.34339172522539 -1.00996358172160
1 0.61080175555636 -2.17591418966398 -0.571831036643491 -0.825032724813556 0.802618364984984 0.914792798519601 -0.862437435302904 -0.807042935209862 2.38457707726426 -2.64260611163767
-1 1.80309487734258 0.127114623848158 0.913265345061156 0.151985361778295 -0.184063193399788 1.17988366505756 -1.28703938673037 -0.144918606300370 0.488149092039819 0.330705759207631
-1 0.169908709341753 0.184802060604315 0.129665324539247 -0.981548135300173 -0.651380572638 -0.388664334399958 0.280049777552091 -0.719692469376675 1.55346556214509 0.220232427627295
-1 1.31524909315816 0.994975399381874 -0.666418670566455 1.63523734074386 0.557063176997058 2.75516924130034 1.35604942471467 0.320242861105958 1.94206041585113 -0.351216880022242
1 -0.342310274088745 0.99993903673522 -0.698733468017083 -0.986514307778405 -0.74804382824417 -0.311729531961059 -0.0861154037761102 0.101768613580123 0.753306931335314 -0.58888706426285
-1 0.966767803284432 1.60635965866161 -1.09955642039988 -0.248449481988017 -0.589915577982299 0.935425898997848 1.2214680483044 0.66646132296055 0.639045493291205 0.661913164279913
1 0.81855471000289 -1.39798159468306 -0.260860899874378 1.52074599640225 0.724361610819856 -0.41724118998531 0.269104587610609 -1.10109102548433 0.154483829643898 -0.802680085272045
1 1.21556498281745 0.71604704777445 -1.05431517251336 0.212706487885075 -1.15699753850865 2.1046281243605 -0.103035498571522 -0.66284655590196 -0.694673022817364 -1.26915380221098
-1 -0.136493767368878 2.07564290182143 0.33258593358089 -0.55295571325992 1.07523215080712 1.22530309542095 0.463234891991122 1.65977789606472 0.0790025984335327 2.24179446441581
1 1.3948983329728 -0.3814267117716 0.934514594831214 -1.70117922988326 -0.000767299472975348 0.374977114192184 1.98396519206143 -0.778434301779389 0.541285389814099 -1.36896919230714
1 1.03079982867727 0.95309561744308 -0.849289858186423 1.21709414882064 0.313165815994889 0.165224865415687 0.336742293360745 0.834758418034944 -0.820909639968393 -0.806298560718591
1 1.34516636602693 -1.34116289148301 -0.779563270066736 -0.197804271809867 0.501102710365083 -1.08484578797282 -1.64638293878868 0.128811974261071 0.0526639481726006 1.05777710436804
-1 -0.115627385718522 0.380696257555306 -0.291780778648478 -0.100539817387527 -0.189912009343860 1.96004685497093 1.79603997457186 2.73354464799179 0.111458853485159 1.16735703182873
-1 0.6226945721762 -0.213416251797681 -0.283255842576729 2.20685724990724 1.53172310085507 0.250062230862973 0.529586580032718 0.626255270877333 -1.01908768080231 -0.397051825658743
1 -0.0981203046454436 -1.49065240531596 -0.936251196631168 -0.751940777302977 -0.90615728953301 0.338402802960703 -0.124369177967985 -2.42583687531259 1.61223049692841 -0.606624111367412
1 0.363705816328917 -1.34728196231277 -0.73696478405327 -1.32867827069960 0.763605331020329 -0.0446489963327115 -1.14062805361060 -0.511303558998048 0.168046901975445 1.11645868410707
-1 -1.09281543492368 2.59486330521489 1.46465553545938 0.402159514016105 0.758678020579395 -0.78477377432917 1.15670526881151 0.75895924200574 -1.01464099477845 0.283054827794105
-1 0.280164803819951 0.490838536395456 -0.0506821476464375 2.36538016264073 2.43892105889078 2.0195873286155 -2.00348478622793 -0.149895560953622 2.463208813467 1.49660067288851
1 -0.02725788132441 -0.065864318616251 -0.0192974016939833 2.04344119823915 -1.38483122633554 1.00903517141816 1.05103200758420 2.05346262130453 -0.0755769127115344 -0.277518346967660
-1 1.39495116752223 1.43791212807839 1.53137914923791 -0.351773781705192 -0.859163243252352 -0.339922055904475 0.0931524218208011 1.61818250435555 0.187281361217071 1.40196904163211
-1 -1.13244336943338 -0.00893782896638262 -0.640782453045918 0.649896571968362 0.490937334264733 3.15570814007389 0.369435632405302 -0.092342547925027 1.27161729912888 -1.27529451210398
-1 1.99376368109403 1.89159828725822 -0.74282694534046 0.923803041913085 -0.0296590504495565 -1.24306237298772 2.11226089876913 -0.0879270677717408 0.595183764943604 -0.411691247071815
-1 0.845604035824343 -0.331353661036911 0.297328575607967 0.73167918725847 1.05503804845082 1.63524329231539 0.44755039058789 -0.75358536379233 1.71421922283760 1.33520008593948
-1 0.0921141008071665 2.39508814007107 0.573584128807556 -1.11888115177884 -1.41578196926594 0.818138045171966 0.708729593726232 0.71944850255127 -0.522094881247665 0.839490289686129
1 -1.36497796689856 2.11214206085706 -1.25098442215542 -1.59077857166961 -0.219376710373060 -0.592893704059628 0.710031769798985 0.36335652073982 0.362225758213319 -1.09377469508874
1 1.40851219863563 0.541731536126621 -0.120295655357542 1.64347357624021 -0.696094802531536 0.37716398516646 0.44701620324483 0.634934353090195 0.172302086349364 0.787531890868371
1 -1.24524620489152 0.262045794024468 -0.531548361811377 0.044286525141585 1.11870258895825 0.0878463923298069 0.0265489441110810 -2.11321670168376 0.519923587004593 3.07915113330789
1 -0.133467377037301 0.0643854106120112 -1.15568466948261 -0.56225765770893 1.09662738940327 -2.52453441088897 -1.54791690827572 1.30658437829869 -0.225894748516796 -0.497118812893026
1 0.329560252086654 -0.80136590841741 -0.811473655373628 -1.81608139712393 -0.276239702202030 0.623738196632331 -0.286264550212032 0.543598678746072 -0.192877548474895 -1.85357498005427
1 0.651470239341851 -1.71448466492047 -0.0403081998894572 -0.539711695461316 0.906758827086263 0.427685820360745 0.0524196000498274 -1.09345104954576 -1.11070094101281 1.21750676329025
1 0.520984299594920 -0.839240469363222 -0.618984692445745 -0.638559464286776 -0.255865071632376 -0.312176374531588 0.289897207213727 0.971595789203328 -1.68929973314374 0.645971295960105
1 -0.928349733147999 0.103462386423217 -0.538057847492145 0.000727811633791979 0.831526431920821 1.60958484033402 1.51891372995776 0.247167258701799 0.984260591096856 -0.123527919113268
1 -0.376294441086074 0.290987144125139 -0.0557876238264255 0.0243540720271271 -0.97194525799294 1.51206421560294 0.569160413563377 -0.421095911412545 1.16441958010929 -0.759501373253062
-1 1.61495078157625 1.95284143377640 0.463397783976647 0.127507939177095 1.15024986404101 0.957018235871297 2.40530449589395 0.33351735714752 1.72054757072378 -0.964238552952966
1 -0.82857240403176 -1.17822335173465 0.218967464013303 0.250177078556269 0.300683420653564 -0.371421403887322 0.161606638599073 0.291537148155951 2.10044166617420 0.806435194124499
-1 0.89064929425331 1.19550343337695 0.794880178122617 0.449081446503107 1.81778992773949 0.635067731626321 0.872206087783897 1.08340630539966 0.182727040994165 -0.84262418290196
1 0.279546470231295 -0.0761272322988663 0.836160541671666 0.514855380701087 1.11358223453406 -1.92511062988329 0.633224433230007 -0.70609365946893 -1.67204551624299 -0.0654642222589699
-1 -0.798538927761716 -1.34669633339333 2.71186915815507 0.428906823296462 -0.679193238888126 -0.0127884581256356 1.97307732353827 1.85166101635686 -0.147836757583455 -0.0162608253783809
-1 -0.800287903411303 0.183430768603401 0.408892704197754 -1.14335932459128 -0.669948119626496 0.242037290386786 2.26731663853167 0.859685305406766 -0.672678975385939 0.883974965084913
1 -0.0616217339125231 -0.833403651827588 0.244802107556424 -0.322658385657154 -1.36113490833835 -0.576892875091884 1.49119573788731 -0.363061955229156 1.11587185202083 0.313335973794445
1 0.0782181824900082 -1.49850618380377 0.534505519546393 0.0645577494007497 1.33978036811648 -0.36243705313853 2.11746936506600 -1.65907729161993 0.485802094686472 0.316930344331312
1 -1.41948019079876 -0.315302475622791 -0.576206193412888 -0.487888719110942 -1.43286280457918 -0.205200694671560 0.967255389895105 -0.423845222319691 -1.08753741911319 0.368803922642986
1 0.567390388527149 -1.48456930313871 0.9261407644307 -0.681109982659972 -1.83372311416663 1.04649965691592 0.000944803641872832 -0.113521799539908 -1.62546388992507 0.720176992866001
-1 1.82537532314732 1.54254521218223 1.25542730458173 0.904435943605806 -0.383515640268004 1.37622482387134 -0.831058798258716 0.255742527254625 -0.540457544798363 -0.872066574834043
1 0.0848499480724219 -0.946132630747104 0.579933445726682 1.75294841355289 0.283780418522211 1.42448612332573 0.94738796369666 -0.249719212603366 -0.006984338391051 -0.498358896836554
1 -0.152521008446721 -0.758892605703977 0.0301692486445554 0.136483325023603 0.788889222582035 -1.27478632734743 0.457968538703844 0.687109892996815 0.406145251787734 0.564732488130993
-1 2.30457152167531 0.165340961542043 2.97299578752098 1.05645144041789 0.739297630147472 0.5367983435473 0.711051611869324 0.772840172203517 1.92141013110214 0.385534951524299
1 -0.355331952189342 -1.82677482489021 0.0103255601797883 -0.81941081272521 3.05912100880778 2.38931696092762 1.37567003628827 1.4134758328274 -0.314802803239908 -1.10094923736376
-1 1.63672270191804 -0.0197434083133006 1.49960699618557 2.53418233068921 1.32304297517248 -0.263123699430133 0.429352821270602 1.22349353140889 0.419602060224786 -1.04028122192793
-1 1.25650782797696 0.891133241168957 0.442114571389428 0.785408654071808 0.964477671556782 -1.02202324110589 1.00936277775852 0.293503401906155 0.792204014402807 -0.273843534619301
1 0.465700529771814 0.500433961418618 1.58870675817195 -0.386583609876239 0.50866706686136 -0.505544794384357 0.24829049049482 0.07867939842469 -0.735202387338214 -0.301670654992711
1 1.39094340827212 -1.29519312981572 0.138163624375800 -1.30583720540985 -0.31044886144065 -0.550514941439348 -0.529872867836651 -0.924431128184027 0.8202821813721 0.0248246749463581
-1 1.32881042534860 -0.615486585449429 1.68480076509898 1.96589462411856 0.383675216184007 0.563696124195072 -0.325452671528028 3.21695584416052 2.6692848513258 -0.762031533566584
1 1.47400796395064 -0.62708051733912 1.83988960487623 0.416719770242219 0.135541539759829 0.748538471964768 0.143775246567171 0.233799597110062 0.716483847450312 0.68594819683408
-1 1.41845653470071 2.82347904770088 0.138702664036 -0.85626721390367 0.27878876767656 1.77746226435041 1.27050881245294 1.79746941682209 0.152397255592172 0.568673689934888
-1 0.230157378337484 1.11398354684521 -1.64568178852041 0.680225670305064 0.912127629342724 -0.426742743260347 0.241209710984367 0.867587956322134 -0.744384443604834 2.47105755505353
1 0.754344609844929 0.186050431327168 0.137040733847233 -0.680499912287032 -0.755592830947401 0.824628139906045 0.143297655684497 2.03616778093519 0.152283161645380 0.623444213057959
-1 0.613509251540332 0.692875882126629 -0.361044987352375 0.497590846470221 -1.08707902238948 1.45774098906287 1.64397229508066 0.957988849308238 0.232647267581470 0.669769745077942
1 0.848335006561683 -0.189928284901699 0.489505915221467 -0.577470069341771 1.35030778062284 0.246943539234376 1.16322179363780 -0.45808732517303 1.42622499492539 -0.420032136444049
1 -1.00471825466757 0.186147854698901 -0.407321613843316 -0.676408103294606 -1.48225836157108 0.901907044063412 -0.33960936509889 -0.748208907809711 0.382203942753078 1.27933800012523
1 0.193568756023175 0.735294362812048 1.12655205611702 -1.04937590710311 -0.226495138916149 0.128729446135067 -0.754121321046973 0.531400241334794 0.460488100170557 -1.07543429287862
1 0.925332928356048 1.10242605528793 -0.821710268277181 0.74681918141253 0.268639675475741 -1.32998162662046 -0.392030195234682 1.17671431335911 1.20780780986712 1.73101740301613
1 -0.600554693031925 0.960357826289484 1.75968110009516 -1.40562309685427 0.857967168626563 1.44021995225128 1.43955345560556 -0.124860093250945 -0.83728864010734 -0.673506995855838
1 -0.000745897723762331 0.461313148942168 1.37644263066862 0.326905127326223 -1.01198727881729 -0.572392632880397 -0.64076857579536 0.167630059340134 0.209967643271532 0.173835608986629
-1 2.39397601881763 0.334358535089452 0.0302960653942047 0.455537134671315 -1.2892263870937 0.335587748284548 0.0648644470550235 0.318341363247228 1.81371147510910 0.975695617397236
1 1.71632717928881 1.05097063975762 -0.873974819158033 0.658912547106038 -1.40829602549733 -0.174343204938291 -0.275224285830565 2.28427184514968 0.919519423560841 -0.101321220135434
-1 -0.240561547198467 1.71242223408564 0.473631959592708 -0.527081312913999 2.5216764615735 -0.339697378194019 0.272725200901079 -0.586915785713781 -1.30573054809381 1.33757936209832
1 0.212696962835186 0.252067382620288 2.03232549252470 -1.37755519074734 1.51085988553469 0.638097049556017 0.562851615027481 -0.230273810688797 -0.768608565206337 0.303750476855460
1 -0.312770851062011 0.642850649451036 0.240150577037862 -0.899524659858398 -2.24192561010521 -1.77281399046926 0.0321191996109406 -0.409354122462399 -0.266804074531788 0.738696715917998
1 -0.696485489326307 1.63577078398632 0.682324675286796 0.382890472634621 -0.293607277197885 -0.519425718579068 0.578708695381862 0.627943656722806 0.218328460839013 0.564664353600233
-1 3.57423774220866 0.296783487205438 1.12384140738814 1.10350319175851 -0.815022503316856 2.23184648375299 0.534343470950899 1.54820739676097 0.688231349172604 -0.0529068038671674
-1 0.757543999838165 2.39199504890199 3.92502860907307 0.82713641959597 1.19819632052747 3.58457949961015 1.23157461436322 2.26755958918461 1.01219514017776 2.03308142032725
-1 -0.829321213419127 2.80531538911158 1.63147795051925 1.49503674825430 0.633943757052926 1.48894367493396 0.232491786050308 1.52850799299388 1.39125558555755 -1.22482249142709
1 -1.04913408243317 1.20893211118918 2.21612458268033 -0.116701924913162 0.0519579411709677 0.21665082785846 0.118108674251953 0.0318564771391243 -0.795265427932167 0.423574033273231
-1 -0.583673599131758 -0.281706382827421 0.544466090533206 -0.982871343937858 -0.144322317714640 -0.599448973941328 0.451824592543633 1.33311077552180 2.30399659863886 -1.07027820791371
1 0.215383219983661 -1.67332198480844 2.01948407592796 0.548112089397861 0.290933043595085 -0.332799682106794 0.0575501438029003 -1.03420722439611 -0.937076161023599 -1.39597707231655
1 -0.0340890345679733 6.39722021059871 2.74423876747738 4.39007776513549 -2.16548005624130 0.222703514909803 -10.8023498769155 -4.67895110181161 2.49479854548217 2.86989751929973
1 13.2897651812834 -8.9387818847114 3.56450476250274 7.96726445163249 -9.86369794425108 6.05559048464294 -9.89854832330226 3.13050265496643 -3.38734696678271 2.25089207803846
1 3.3591628308685 16.0801474513141 -9.09519608803524 -8.47868313116043 -14.3491819123903 11.8589431856729 -5.13228264347904 2.85127555130414 -2.56752874568797 0.0156807171106730
1 2.40770486704181 -6.78056856969866 -8.00002205486844 2.58956674415697 -0.682491455778023 -9.49265302742056 12.8369929424019 16.4768606348007 -5.59388167616695 3.99212941793835
1 9.78467765904414 -15.4030784966043 11.1440850518310 4.51663347717957 -9.62530204260868 -3.78803221765610 17.5517634082968 -6.1742997468136 -6.6759893074473 4.68799493705922
-1 -3.81110687623394 -14.9073119354327 19.442662645091 -4.83348697367889 16.4263523718255 -0.821620855685842 8.87994074784682 -2.28987711459733 0.970933798611504 0.648684382723199
-1 -2.76372439306745 12.5415905349737 -5.22014882890754 13.7755299885174 -1.52339365990688 11.7558485755452 -13.5306462381919 26.7437716862034 -22.4675227609646 -0.707721505836984
-1 9.29169613828394 8.52895820958321 6.93159136265229 4.41810652968708 0.697053494519449 5.08060658513968 -22.1576616351069 -28.6341501594931 5.69993582875897 -8.80240983824713
-1 -9.99852330070374 6.56839710532844 8.50129599983166 -0.0940123120777842 -5.65740649826662 14.6163545711554 1.67759112814389 -1.83501935261773 -6.84938612763148 3.65184773636941
-1 11.1307336763751 8.905798964115 -15.5481049234371 19.8870858688333 15.2034561579494 -7.68789237637772 5.22207770811405 4.77791674732779 -3.41423792625739 0.487717257620129
