100
2
-1 2.48359940329842 0.991740432755637
1 0.365475343010236 0.923912732452503
-1 2.05229263458297 2.87452259260292
1 -0.258361608715002 1.74252382765287
1 -1.01373251065059 0.0211877272787423
-1 0.89868119826389 2.12275326266073
1 0.483194699214287 0.355482791003245
1 -0.0632079288724018 -0.0498168107763614
-1 2.45461964532995 3.33391453333899
1 0.656738890633686 2.03750841776128
-1 1.48637061977866 2.89981840531325
1 0.145820152902727 -0.664097417247556
-1 0.512580633062499 0.463255057779974
1 -0.823887806564874 0.0434616156462965
-1 1.25919282374646 1.25900892486642
1 1.51170112507615 1.18841732575187
1 0.449888848227077 0.246835766300979
-1 1.46761646091770 1.89062330972295
1 0.891864301869968 -0.767513238819738
1 0.159114775873787 0.2896171398003
-1 1.73669125345597 3.06380082653574
1 -0.354088887321538 -0.894677337025158
1 -1.49042493882014 0.599620952612491
-1 1.55896840185269 1.15889629537393
-1 0.0461676155340665 1.7542426975236
-1 2.30839800200661 1.87806502777426
1 -0.993033873151547 0.615677569443149
1 -0.203879161523325 -1.42054402604237
1 0.631878110927376 0.40501735034523
1 -0.63981490578076 -0.228819122172100
-1 0.823288915055036 2.43040895087377
1 -1.05822494168822 0.128221541714895
1 -0.778488113972537 -0.224841748030431
1 -0.449441724749072 -0.238345595809702
1 0.652344941110092 -2.92912555072491
-1 2.0533691306887 1.59187300770727
1 -0.341132653993507 0.43694627943732
-1 0.638525715394584 1.30934641132335
-1 1.53639530405375 2.57956860006495
1 -0.211327797723450 0.275260288070643
-1 0.752760638199505 -0.528581547514126
-1 0.969513386988452 0.685474743921426
1 0.0427593164575745 -2.02833620555883
1 -1.23772100218830 -0.305872454527336
1 1.43076353564008 0.241993306294161
-1 2.93263656419867 1.82591426832466
-1 0.870887670139744 3.19638746114537
-1 1.55281615099384 -0.221776839104721
-1 -0.348226843963014 1.21715690349102
-1 -0.89951826363881 1.27967376836015
1 -0.647747717416584 0.889796785441668
1 -1.5879305309477 -1.14502170103719
1 -1.12333792230468 1.23685427995711
-1 0.959594361322296 1.16954740226161
1 -0.662289830098168 -0.927796349403765
1 -1.24077236868593 0.511409253668572
1 -0.491059390941844 -1.30687887364302
-1 1.21954419248403 -0.784953530710597
-1 0.850161300307462 2.10675430293787
1 2.06166340635139 -0.0477910335628595
-1 2.83187796542696 1.16002418923239
1 -0.547876580646472 0.938943563677366
-1 2.16386016904577 -0.423310478352986
1 0.327391879123295 -0.352651671165018
1 -1.00047348887207 -0.0656961964947616
-1 -0.0242219093769522 0.824818894682564
-1 0.828311170778146 1.85194281146958
-1 1.33734388983164 1.31976767675489
1 -0.44719946887454 -0.395638082693093
1 0.78500474707098 1.48633299208018
1 1.51579737558503 -1.23048126535761
-1 0.297632775917861 2.11003776200155
-1 0.819589518642826 0.871107522075998
1 0.069120847026834 -1.33046839498453
-1 1.19086933250764 0.428843244056638
1 0.326287108922069 -1.12977281007578
-1 2.36671070469222 2.21176860518306
1 -0.0857369564961632 -0.638262964512752
1 -0.0120000673500272 -0.75547157001976
1 -1.37232735394431 0.485111712474181
1 -1.7905886946964 -0.0274103473528236
-1 0.316388891625967 2.23145772417769
1 0.662032648815178 -0.711307509184821
1 0.556255333903501 0.847064509188215
1 -1.24234846357588 0.288277055784856
1 0.81789912537009 -0.411050570904832
-1 1.21499522978277 1.93625652123743
-1 1.14475651538111 2.61985921385065
1 0.332344273175587 -0.0602424485554067
1 -0.273795869710266 -0.90791961604197
1 3.13304482147056 8.60806439309043
1 15.5645827870134 6.84722623277452
1 -7.33958342627465 -17.1597113506043
1 -3.74452312994847 -6.54119552432493
1 -0.946880220490085 2.64583860467657
-1 8.787114361956 -2.14833738411103
-1 14.1697928083447 10.8801297438022
-1 9.72670429666097 -2.23887862792049
-1 20.5726375660757 -0.747484672582862
-1 -6.86404607813308 -3.65174460027369
