1 0.187278735590969 0.695123748837462
-1 1.09435979650797 0.718644352506329
1 -0.0842158876345214 -0.000203031976886870
1 -0.0821321439351552 -2.20385244802098
1 -0.720191532126843 -1.21572048328122
-1 1.40573357299463 0.400510693969156
-1 0.253414552706893 0.436530979322895
-1 2.56810224808115 0.692194700277893
-1 3.2296783093535 1.95793756288642
1 0.427873429501104 0.0506399844964133
1 0.663880465069051 -0.506835273434683
1 -0.349234372880160 1.47283811876021
1 0.00027680448805428 1.02989626886348
-1 0.645878074040494 -0.712931870228639
-1 2.67095947255651 -0.208971581048004
-1 0.975926830171308 1.63378300281143
1 1.15773220391825 1.22595186388273
1 1.78891076057666 0.32452804092291
1 1.16952169262058 -0.501729919570395
-1 0.728911605111085 -0.501038522428838
1 1.77420949471399 -1.02565926030989
1 -1.13249687282057 0.0131236991771802
-1 2.25003901778733 1.35600624291669
1 -0.603686791673147 0.302429797062346
-1 2.88597344048566 0.000454721460409591
1 2.08834169268667 -1.28363996727913
1 -0.625309053074424 -0.73573784373116
1 0.26436695627894 0.139206069380941
-1 -0.0228878027049075 2.11926036974869
-1 3.12963398020593 2.05881434585719
-1 0.485859560584345 2.13631749612929
1 -0.456988883430286 0.842058628304053
-1 1.13737217402476 2.73968584317588
-1 0.0368688588043518 1.94844431983299
-1 0.00941241404320614 2.57361770211576
1 0.772459147273195 1.48362651401117
1 -0.0093713308970029 -0.481969623352557
-1 0.574925806552121 2.14724563477134
1 -0.508809356249047 -0.602246372868884
1 -1.52179754584251 0.657799473881768
-1 2.20448603433873 -0.464092183271461
-1 1.71323906045548 -0.21816256097059
-1 0.981787977060602 0.981851980908395
1 -1.06512661043922 0.816495245965985
1 0.97542522964195 0.0795011645361691
-1 1.77824119305158 0.871193492161105
-1 0.94143923572741 0.586176363205379
1 -0.922553404754533 -0.445496418543632
-1 0.425277797755008 0.825233190038501
-1 0.882645302046584 0.317126701164283
-1 0.582686398124192 1.04221764679445
-1 2.28166496183259 1.39895863524358
-1 2.36171822144260 1.01035642756395
-1 2.52302233318008 2.72182933575632
1 0.678309009709623 0.801189125503949
1 0.422806235273341 -0.863405552384624
-1 1.73705248473333 0.8246365817286
-1 1.82961605434050 2.28946457043853
-1 0.791008987515815 3.43420204289037
1 0.487405021589171 -0.184316807445067
1 -0.0416979885748205 0.800668309562279
1 0.0958388102741423 0.942703792598034
-1 1.23744333884076 0.179246986694207
-1 2.46549567460472 2.12679198872869
1 0.0580220894386377 0.82789974816519
1 0.752232959309974 -0.344749543672800
-1 2.96870991590648 1.08624337313145
1 0.793368169132316 -0.848536156474978
-1 1.52420301376133 1.058379693837
1 0.230225661923876 0.63257396418164
-1 2.01304781557075 2.57253229960161
-1 2.07551121643739 1.96721626013299
1 1.93426548227505 1.42863624886126
-1 0.456305182505144 1.00291325377599
1 -0.742850294241908 0.645464966513831
1 0.233723596531271 -0.0427637243641257
-1 1.48299070831736 1.97765687187953
1 0.294065546551656 1.11198681649230
-1 1.99280874565093 3.44291253459588
1 0.320251107456728 -0.815028060881218
-1 0.642781730598676 2.08688235226498
1 0.59614095909927 1.32184280737014
-1 2.50616431141349 0.462083870663406
1 3.21015012162502 0.45068721551284
-1 0.854908123068158 0.808642408286286
1 -0.297313549044931 -1.09323268749687
1 -0.507193921801629 -1.06330439323897
-1 0.489622058121616 -0.438135063425201
1 0.253974082825528 2.22829405604017
-1 0.658673613543 0.713387039246336
1 0.560630580895734 -0.909558430963293
-1 1.27973047570955 2.92727974755671
1 0.451453807130678 -0.371702686324583
1 0.188959135101467 0.090992212743627
-1 1.25514117147547 1.79029278096847
-1 2.77997773237666 1.96046489516163
1 -1.86715499604004 1.19464400113866
1 -0.693767376789474 1.20907485106129
1 1.70405603331540 -1.12673557698511
-1 0.376145310472318 0.657801565416779
