1 0.363101175816099 -1.50113823032732 0.279297655704997 -0.64095754611404 -0.887679871336797 -0.92426843227287 -1.41924073950483 -1.30931829345691 -0.661365610686476 -1.40652697827181
1 -0.180350552757779 0.611891212851183 1.43243510725431 -0.565649669790489 -0.0653681054164035 0.251467680999534 0.466279415717733 -0.71555190159264 1.29577627700483 -1.06178593678899
1 0.389524384923032 -0.81506060066395 -1.35775881300415 1.16927980989936 2.92560977914054 -0.0317601333797187 0.330815234457885 -0.787520425968074 1.23610874148907 -0.610569044229993
1 1.20224420645837 -0.0651137196464603 -1.87073604486950 -1.42755689635857 0.652013895235249 -0.863732196293852 -1.24667607606096 -0.501360397562462 1.52329814746427 -0.394544514501921
-1 0.528624946069288 -0.72032064665622 -0.204534172567064 0.361277096586598 0.781335156821775 0.573186154456498 -1.47219532758135 -0.399472317913627 1.25078170586356 0.562769797984120
1 -0.630780336267449 -1.35639031098512 -0.73351357721011 0.635974324989931 -0.203404698621101 0.640443960441494 -1.38596030567929 0.917167613900237 -0.91392284279764 -0.000254910416553404
1 0.3288617722138 -0.715717499841443 0.187248441108537 0.713065352000112 1.01705417638532 -0.150548280437564 -0.684321660415676 -1.34376486574243 -0.340974764840480 -0.904649849603008
1 0.182549481908597 0.388295793140705 -0.463088827989049 0.574931203183595 0.259659377924323 -0.44913459889506 0.146493047851865 -0.27440700809349 1.46638371509578 1.77422224011064
-1 -0.156670435114912 -0.586428269870339 0.00239197395507351 0.156374274120616 0.100435278532110 0.119650672254218 0.685991158706068 1.20273660602765 1.32820160874987 -1.17893744457829
-1 0.582042791661187 -0.771495569387003 -0.111536209983851 1.22041809467689 1.63165648507772 0.825800025867755 -0.687904555014826 1.12092984044507 -0.400359269939894 0.963178627032503
1 1.27261049132385 0.457776162465373 0.288942561756884 -0.283585810567678 0.688174127658107 -0.93009377563304 0.0237452652525821 -1.40356534829909 -1.65545708708900 -0.253081321514247
-1 0.272087553707394 1.82301751198767 -0.472787687152722 0.978509645301252 -2.25471513179589 0.590271640723044 3.09690675825070 0.0209937078117296 0.576695812822148 1.98281251474061
1 -0.072020636967675 0.46628188563763 -0.642948184389647 -0.629596856860174 -0.405387401677068 0.446211196890417 1.17585434028439 -0.91806899292625 -0.172811047667988 0.447343317702235
1 1.34219855098096 -0.573796481294805 -0.629494589170613 0.82293742508904 1.49992030094163 1.25074038068864 -0.38780489324611 0.369351248806513 0.151315006393950 -0.896025045427138
1 0.333707183845609 1.60125317080355 0.658880411172696 -0.307676025185323 0.621839408207121 0.762520219572204 -1.40956201348949 0.720979948812285 1.09507198297392 -1.06928308180721
1 0.34993041606957 0.920796095259096 1.73416953805315 -1.40415551630497 3.95962141009485 -0.947956989334023 1.48094737637368 -1.33003311146505 0.125796350794005 -0.514115897262841
1 0.220190847434964 -0.3381563645399 0.127359861906036 2.33192970617278 -0.579246699079131 0.759028391998194 0.950075018483958 -0.303147725545114 0.115164303338044 2.50919311071262
1 -1.95077981905527 -0.571634934879458 -0.554302912372227 1.00287471325680 0.0986777585088852 0.135287681257765 -4.14164431402009 0.725062989929596 -0.809375753338781 -0.865139976345163
1 -0.119640811654813 0.332802902688456 0.791625240451023 0.267868880345572 -0.859833540583274 -0.0899997684358188 -0.559633186059182 1.47579368383378 0.733378446416895 -0.729566829267019
1 1.23904221685295 -0.68430037497073 0.348844697187138 -0.0274733679408962 -0.317164381435849 1.86295682364015 0.251890869299845 -0.8247359677515 0.719470234723368 0.804648200912682
-1 0.273299953675050 0.76502679035387 -1.08499532925179 0.776109164101765 0.207805806183452 1.05174301226822 -0.139327034341539 1.87349591495859 0.611733431644829 -0.0456058771575855
1 -0.5555057174231 1.60734295999848 -1.72362581904643 -1.10721638926585 1.13875646141449 0.209404294721531 -0.599961345920892 0.974678645219542 1.19869464255969 0.95474673533581
-1 1.25328016049049 0.388147286268687 0.174689622215546 1.97608898904645 1.64232367845238 -0.713094954450319 2.08433119128396 -0.0416128612981264 0.742083472123183 0.42794252883334
-1 -0.941926895126795 1.34643726068863 2.55419243249834 1.16180279803185 1.36750597930967 0.212993434259456 -1.44101955584892 1.21626779390074 1.09426098465617 1.08595694648006
1 0.687791139741128 -0.299882890369051 -0.439812498657938 1.84895961101636 -0.746718099369464 0.066402467641036 -0.554307366802865 -0.690075519628247 -0.797596119609498 -0.583261963362059
-1 -1.82225639453084 -0.516215508750211 1.59489911296876 0.799796126254784 2.11391809841780 0.227278582840821 2.00352159635201 1.024304708499 -0.0467526851165484 1.60379160579928
1 0.419702922827941 1.51354324931844 -0.839657935755635 -1.70462040713319 1.68322929881974 0.695793421527644 1.07053562669355 -0.315749175262011 -1.02931994824507 -1.58903353873614
1 0.243417706517406 -2.15353650155033 -0.485953155136099 0.917215965388169 0.740493272336842 -0.174157966288445 0.206150310176867 -0.930082060383065 -1.12733109821743 0.61673996129677
-1 2.90371780505966 1.19877779439803 2.53810381632556 2.18387561497722 -0.633903182180021 0.770275696904506 -0.708924955317691 1.60825569957505 0.502629853137665 0.791518741357862
-1 -0.710549126512555 1.63814310138682 1.39591094758491 0.591689453741736 1.91803317556172 0.417718884003941 0.5747795267368 1.16035861550646 1.33284458442683 0.604985383807317
1 0.636752248495498 -0.833895922447186 1.17258586722708 -0.406417795727219 -1.26255999282140 -2.23263321409971 0.0994059597661293 1.46270644924444 0.0412082543661424 -0.683601078834433
1 -1.25495823169238 0.261452801165104 -2.07655652034356 0.0460569618684522 -0.186075102748083 -0.0771501020165902 0.538900273815323 0.0421976952083387 -1.75440346127465 -0.113374752547502
-1 1.43847780442939 0.754029461281268 2.00778996388584 -1.20396112487775 1.47581203799432 1.10225804096601 0.517053142944769 1.53150967149441 2.42687451960905 0.232331660508537
1 1.85066731490691 2.24411342647738 0.538710903294032 -0.0917143167070844 -0.735729504388182 0.494280665687307 0.433317654757212 -1.35481776814332 -0.374731043371491 0.658835105751215
1 1.74379030276533 -0.142092036141659 0.955138544135623 -0.840004205244924 1.32100116819208 0.254823431477601 0.718745022684912 -0.659209323548496 -0.453029135840940 -0.860899753739343
-1 1.11770407674750 2.61995532812156 1.15874283258082 1.57068880321236 0.217934037124659 -0.100577494849092 -1.40253326624060 0.229085415130180 -0.929692037131929 2.91958923514097
1 -1.13909500013929 1.03472011873325 -0.692546003022702 0.254625058745160 0.08037880746553 -0.870483890089852 -0.390215372768083 0.63576783826193 1.97028668279563 1.23669855491626
1 0.393937337736833 -0.961160578034687 0.195491057387731 -0.641254360597298 -0.706046769278469 0.0217941760762072 0.44400106816575 -2.26869631991601 1.01210345088480 -0.260170214538547
1 1.37284942680111 0.109809232558066 -0.660697100151916 -0.442718833198226 -0.0701592766094413 0.586716684208984 0.891091756121449 -1.19930261606654 0.998809277897999 0.0967251696034407
1 1.46502241380088 -1.1718174410206 1.10616594786942 0.389595838096744 0.352399689348763 1.61113916902285 1.05715824905513 -1.27369646820965 0.0270990787172399 0.81858956154059
-1 0.946457017032001 0.0857079404594153 1.52085400572238 -0.0916159035500781 1.5439580885124 -1.67205961550395 0.581165519123237 1.16519875835055 -1.93706210426004 -0.361837876352929
1 -0.925918491764065 0.0503794455476009 0.394114173127544 -0.936058774882037 -0.710520682306262 0.3763955385079 -0.979626554645047 -1.15630202017185 0.218800005912745 -0.00816750026358935
-1 -0.138079197138518 0.512390408463122 2.03649622441995 0.043918501786238 -0.184631117208018 1.32418166244933 0.873979056956895 0.327005626147895 -0.419855068493337 0.00758799494321594
-1 2.56573802931499 -0.0307655517169362 0.891335401677422 0.604274162031948 -1.54965917679832 -0.338313916199434 -1.08059957484773 1.56500153875920 0.589032669871306 2.02265909013301
-1 1.09080146768108 0.762360196958707 2.10351823554857 0.423803957341961 0.0351032377933027 0.269899498888846 -0.258266456480845 0.333523525288405 2.25447130831291 0.237710767584712
-1 1.96124240219341 0.568668772586834 1.63780400189641 -1.26987719260204 0.502558376909664 0.915105196367399 0.7418762542023 1.05487139851262 0.624152173787425 0.657086820675877
1 -0.455165780693389 -2.12723697176569 0.74656001899369 0.862293928282618 -0.455980309254489 0.687278875361204 1.70306410989237 0.0427168409872678 -0.696889741248377 -1.34111959674092
-1 -0.509567752920758 -0.0579455980278328 0.291146669451071 0.238903235339822 1.21849270683171 1.09023281711620 1.57462265987864 0.0849696161290993 -1.27953198278919 0.243598084236823
-1 -1.09410147982570 1.76933127771406 0.347591367676398 0.739026101932354 0.636748972503085 0.584805002061064 0.343772940149372 -1.09859827940112 0.128929400303536 -0.247061092152535
-1 0.740787202429356 -0.807502443456791 0.311062283968196 1.72287587184589 2.22809906137519 1.67934513506349 0.815492585891596 1.05809841104136 1.82515610956311 -0.327631148415776
-1 -0.202402002757274 0.0744202033717425 2.57426376436068 3.52152168808437 0.249670378447967 1.69144786956957 0.245207438657076 2.31703099839707 1.24097006510757 1.19764581311621
1 -0.801203592474728 -0.217280039057923 1.05426393162456 0.407221498750943 0.252343663632186 0.313629238222977 0.513274089342181 -1.88227509386953 0.0757476624681142 0.684488200270666
-1 0.582612649217895 0.601980206837262 1.21393462510237 1.90203096651538 0.548712047897008 1.71268883801066 1.64081409334295 0.488105044255517 1.40732484762953 -1.26088287362714
1 0.136003349440343 -0.499106148739163 0.096660568060178 -0.0613473130665383 2.58086236771804 0.738602734812473 0.210212900026799 1.27480056355649 0.80511646765415 -0.0287444792056767
1 -0.441947693758035 -1.51800274775976 0.97922693434161 -0.264839358839605 -1.43786207645041 -0.135402219873894 -0.326351144247357 0.346313961884309 0.124706229870278 -0.245732108231477
1 -0.844771287698237 -2.52141988499142 -0.0579297092787177 -0.09544057834398 0.885058365004412 -0.717392478926348 -1.76636379518523 -0.974675212105202 -1.41095962438741 0.471658483154882
1 0.0366835072411624 0.856301109659978 0.114276515043534 -0.991033202157575 -0.493588006471375 0.0164976097895585 -0.812152555887733 0.179660825313555 -1.66979548478427 1.44505118655185
-1 -0.578568498000897 0.975162052505933 -0.204603445932048 3.30506604310175 -0.451104510796734 0.982340338488932 1.63769228535819 0.114858256545304 0.723870533042809 -1.10209213467666
1 -0.64692349748448 -0.0164309451012219 2.10169740855026 -0.0754659872049391 -0.276929346194535 0.273446421982196 0.991793400451703 1.30579308323483 0.454098463665391 -0.514204659358219
-1 1.8066296791848 0.820471326613881 0.0179391054004099 -0.177787548067932 1.47726206888917 -0.268765739728522 -0.363339947516215 0.467098129283805 1.67853509378862 0.50353843580032
1 -0.0260914675579482 0.347629377718575 1.01913227281202 -0.336126185799342 -0.784794494397731 -0.633040732886966 -2.22232128586182 -0.450736667635048 -0.604769189056566 -0.570444044095654
-1 0.0969189975412528 -0.963436145957288 0.14173983334638 -0.475134218939948 -0.0963059530116954 1.36724378008544 0.143648166375803 1.41616225264038 0.939686887283173 -0.237067947795563
-1 -0.576533084576811 0.436959238712672 0.57834039050969 -0.266621639318825 0.581579502538923 -0.0268425264427945 0.017569198577291 1.32401344320584 1.80132544718537 0.622307257538347
1 1.28723194230298 1.06888242502580 0.799889274699035 -0.122494364815894 -0.443213008521993 -0.488080161181759 -0.704737818618047 0.971765660206294 -0.329180500461260 1.71096315259371
1 0.228793530192503 1.28705684850457 0.94878317963724 -0.214915976940638 -0.559957812910885 -0.714728138907943 0.311293996081139 -1.77051726699734 0.612524443355601 1.87878137244247
1 0.527852732314159 0.0581909752256208 -0.486454961245184 0.417233811478761 1.34747960998717 -0.669660143022957 0.174730536646634 -0.233221999755158 -0.375560684685745 0.732038981753093
-1 0.545632720218770 0.729215753009008 1.55830530122115 0.353409517181006 0.40451442864612 -0.325981283120425 1.49379366322449 0.9601208003969 1.33933156588160 -0.097866246318632
1 0.615073131129823 2.12177196021039 1.38000333162201 0.699067003317133 0.520958303306859 -0.341593071651567 1.56607933979462 -1.86075591803500 0.160328765368328 0.203258276039596
1 0.0107397941013713 2.25901317832044 1.04427611063356 0.213197155100904 -0.178349838738902 -0.690952135663096 -1.74750999459285 1.49527096870177 -0.00647476805550558 2.25013885732723
1 -0.841505919452974 -0.473296728012569 0.0491415415465687 1.43783947975323 -1.08149665200278 0.201705764433994 -0.963963173398897 -0.645886619812393 -0.293893667518110 -0.268446034238122
-1 0.504397912885411 2.46104356402832 0.712223921988876 0.407468982909649 2.23621297717243 -1.47572713501063 -1.53723527076787 -0.875749327341218 -0.113834869263931 1.34753681381359
1 -1.29012397586879 0.448751170247310 0.231559403129319 1.20517407452935 1.38992492582452 -0.324797926119292 -0.0469135561034669 -0.951115633460747 1.04378855170438 0.584347972183415
-1 -0.868151651411905 1.56561963574317 1.43447753081321 1.01959786258041 0.161984898409425 1.92279073918882 1.01473246276047 -0.298012716035691 0.837861447758218 1.52143975926272
-1 -1.15682966625743 -0.026270625085719 -0.837888937643 -0.145524593786141 -0.725345481738103 1.67356374169018 -0.290200099738481 0.398725412430005 0.0522061498020462 0.681100496529598
-1 2.82942052856131 -0.561841040828095 -0.176457739701375 -0.169860054399399 -1.48049875451968 0.165049371273068 -1.65156225630305 -0.253625140033919 -0.151650954499771 0.0573646696713649
1 0.86328436854966 -1.81820268614342 -1.33702173872670 -1.21046426656735 0.79801732077784 -0.66190065997201 -0.478553730586647 0.0900651668708396 -0.864530091403347 0.579068614775438
1 0.873216151109817 1.80740014791160 1.44494167789416 0.626484874290062 -0.513433523588913 1.00918068975524 1.20125047671204 1.71924253334660 -0.482510949504608 1.42859515283652
1 -0.403750030941085 -1.98752498410826 0.618109657268208 1.38877173325808 1.58136026615255 0.79311467617869 0.378647194208347 -0.36919618926575 0.870115621769156 -2.10755734294990
-1 2.03708047365390 1.91939648353775 -0.732945662222222 0.91379641139235 -0.575309460969956 1.93973449763431 1.52328635028448 0.417095786780531 0.292384816834102 -0.576929004438640
-1 1.68142859305333 1.34223545300385 0.538227100913428 0.991049229856108 0.501261522596028 0.33200425683226 -0.0332703575312316 0.349411676777762 1.70569706352301 1.97502578734820
-1 -0.90148761256596 2.28871653950276 -0.241210910900840 1.20882041790398 1.19586268722887 2.00968131532075 1.55135836369763 -0.148572600811790 2.26395604730901 0.217018030541405
-1 0.380113937657261 2.19400871682925 1.51834719466890 0.805051156483673 0.801876394258145 1.43157929375642 2.05682687898568 0.653159628143776 0.508976052202979 0.508784242356744
1 1.97700415306428 -1.26047454107424 -0.0714357530740118 0.0874836481527523 0.992617009586245 -0.616874862980747 1.04558581917535 -1.04022544365148 1.08788293182873 -0.294241366679155
-1 0.670702660261646 1.52389691836055 1.39959048068645 1.14049336318553 -0.480904041821366 -0.593789399719654 -1.36650756972209 1.05708384446427 0.183687876170658 0.551934187034705
-1 0.497903720240351 -0.522920846911316 -1.48412708854248 0.234415255486718 2.14867267894241 -1.27455276483165 1.58895471020139 -0.117916698759072 0.887862003648422 -0.126684686243821
1 -0.927691621365056 -0.479737560899511 -0.726102452077642 1.11875111146533 -0.610806528702233 -0.924494224872914 -0.299455474889247 -0.0484300789627977 -0.365286345009202 0.463183352781946
-1 -0.0248527054133750 0.60895929056104 1.91128730630582 0.229055444371593 0.833479608983032 0.281259802529609 0.85232742404283 1.32642535550053 0.337942214049766 0.518150313805383
1 -0.403007016420739 1.49371080187743 0.00834415262789295 0.89888949922593 0.601275862349818 2.18889436727371 -0.323855316362204 0.78826045618391 -0.976108023768505 0.783913550994427
-1 0.370973365906417 2.74970808188409 -0.172071919050917 1.37877563869227 0.441966667146046 2.11941028217263 0.56423108840956 3.71093772587411 2.69972140819476 2.36229146982280
1 0.718649449226732 0.38552417821731 -1.11622459843791 -0.495473344895707 1.05601232325724 -1.17024343657721 1.1589808866067 0.478192644760317 1.50865587696169 -1.22144460953637
-1 2.06979232666754 1.14056000145483 0.415442599162067 0.637719170146507 1.22895401291053 0.351745768314192 1.87993607841767 0.197107431356665 0.51653227955423 1.48088516910113
-1 1.5734021529064 1.04917499869919 0.841642300594113 0.106109126803583 0.621747587074613 0.419099763239109 2.02188610912367 1.28100535726446 2.10935439400904 1.73506459199672
-1 0.504818099961989 0.0256987363642451 -1.82775918643787 0.962558582475404 -1.07619961487936 -0.33477871065379 0.792344633646883 2.16007654497668 1.60277545655508 0.543895596510334
-1 -2.74468309851441 1.4033284107104 0.48440589730751 1.67805541910262 -1.79977365567566 0.350878828740682 -0.906911021403508 1.67760648661203 2.62614816339592 0.00826564099134486
1 -0.0467231522541436 -1.57202544269950 -4.0702418048639 -0.289274452691204 -1.07251445090972 -2.09116329172777 0.439555139359829 0.385671555970344 1.59851820964467 -0.265139102839842
1 -0.489527429043948 -1.15047914518019 -0.095205440584186 0.216653851659698 -0.00105100998193561 0.123216745481172 -1.67574524325376 0.495130485226053 -1.38532699916468 2.62935844558592
-1 2.74877002930981 0.500739311274219 -0.938489463316716 0.142279100244943 -0.295053637220884 1.10911806645669 1.08775169698637 -0.972365423119637 -0.648831563210116 0.741819406618915
-1 2.18852309491772 1.88332762011565 0.858008983003394 -0.883768834484954 1.84722429199005 0.477067774391738 -1.29410917952260 0.35428954494811 1.25581203756366 1.04316127971471
-1 -0.167927455355325 -0.170035970462170 0.727369521103457 -0.344265533236671 2.40260504428118 0.511742201268023 2.58415724573354 1.20502361719021 2.00390819518297 0.657511594944198
-1 2.60879271638624 1.05802588080371 1.80234709660915 1.03302945995552 1.84703099186863 0.341653463588487 0.286515227443220 0.0633743627211825 0.615085411868449 1.62434816977168
