100
10
-1 -1.44058260329814 2.3346023802303 1.36773642562594 -1.22641553756473 -0.529639569019159 -0.426058682251133 0.0751007494318682 -1.54307789416626 0.919266616921225 2.25953991289366
1 -0.699308979686879 -2.22940169702165 0.00327432007807166 -1.12860879582761 0.898173913979889 1.05426143943475 0.678837306209443 0.334747731257824 1.42648268068801 -1.2052447848605
-1 2.55985095569978 1.0292613917039 1.82746669828050 0.795876411478438 1.75938108288789 -0.431830499204317 2.37393000550748 0.804093884939028 -1.14155861549858 -0.601970876011801
1 -0.669192227245096 0.050141992102333 1.65299446464117 1.34778822179020 -0.151486928032088 -1.03992968555337 -1.50602431821662 -0.345880686554549 0.770803907992204 0.425969927114801
1 -2.72925724568434 -0.786168625289883 1.38977894340018 -0.560995500772626 -1.81562574026734 0.336587549645949 -0.410633753202402 -0.309586056698143 -0.111584652760691 2.34434394757653
1 1.18619541805624 -1.21759319242622 -0.422966236153977 -1.40519832614672 0.599869761002612 0.721297102869053 -2.05984808157665 -2.32779206637075 -0.147581877626943 -0.72095019691938
-1 1.39254485079244 1.61063117432357 0.289883403595406 -2.3779249704956 1.59824215599369 1.94803991393532 1.72087635058714 0.815497297297024 0.216999217932289 1.19486975717354
1 -1.39857303161752 -0.0744136353335994 0.563988919621304 1.91595190479233 0.0576556384774278 -0.458454491009701 -1.35459455417220 0.286685603190917 -0.628279545758811 -0.0085457111892835
1 -0.215910335468699 -0.598235905952563 1.12157461698061 1.48837377925720 1.54059894714344 -0.323452119203137 -2.37372782380076 1.06673956921876 0.0578219347779495 -0.690709957306338
-1 1.41730620374223 1.26712126931115 0.720162952606411 1.19005154284564 1.35846425611988 0.960438428726726 1.06648351493691 0.319133097981832 -0.0788862012429518 1.89910154421485
-1 0.494910754090603 2.10316898265601 0.26095796189914 1.49353598207109 0.782988892815085 1.29144556377555 0.351792378171828 0.35439231027834 0.258233041645857 -0.133536130833398
1 -0.41685829371918 -1.39819576767814 -1.28798133662791 -0.578862518439638 -0.648953605262996 -0.825021253546231 -1.92718052421101 -0.642467458854388 1.72551708238337 -0.0947963746717593
1 -0.0104239815527280 0.8943344744322 0.302451714105039 -0.49340350795218 0.565457551804332 0.317906467969446 -0.175581279098213 -0.457495317481609 0.5444670479615 0.988472785545426
1 0.723522186590517 -1.73227660427471 -0.388455568980075 -0.912424881075531 1.56578385680157 1.52791910294637 -1.00823426632034 -1.11387501616084 0.772921347377233 -0.71492634771243
-1 0.295087088034610 -0.792350557740011 0.674090902258686 -1.76250389916873 0.838416316351073 0.435911093821622 3.05956224789994 1.00801254310519 1.469199130184 0.563620060288078
-1 0.919439434378478 0.894842421277084 -1.96485949696215 -0.209309383727072 0.918171395186146 0.102031087388732 0.512429143096991 -0.673403036865844 -0.594230387813042 0.0599288818742689
-1 0.632867338609422 -0.326633527336312 -1.55811786457095 -0.818652767436659 1.81850353477234 -0.687080000060963 1.35750789079148 0.637314020410516 0.758000756269664 1.78957358533455
1 0.640006219005025 0.398447477821068 -1.70069458692169 1.6801354170516 -1.10442381219988 -0.715198892281155 0.122207595562937 1.41143738958847 -0.307323895604136 1.06112216057766
1 -0.635604479593606 1.65401014533395 -0.588245998245842 1.82783417748815 -1.51423074682952 0.937191393313517 0.0127552008474111 -0.067941450957315 -1.61586586185273 0.701105106112935
1 -0.259360902906619 -0.35352628188823 1.91175537564747 0.430565158450967 1.34157771740450 -0.373925961580952 0.932021577566459 -1.54940114088987 0.999921548922727 2.67694229121213
-1 0.299066226355826 0.63937803096223 0.942238095649525 -0.174711999899029 1.27081654120950 -0.864813972807628 -1.08862075297734 0.758559088208165 -0.447435017483609 1.62387077757267
-1 1.26217105590320 1.24230070969150 0.949534097362331 0.681178890949112 0.257144870739478 1.38942921766207 -0.0147274035478179 1.43246504814363 2.0346621128122 -0.0649753289811443
1 0.195971278627566 2.12643351324524 -1.35520884521091 -0.782953872404419 0.440631581328206 0.193094638859920 1.01632539909835 -0.625973567489065 0.449725943516689 -0.00617256510680885
-1 1.50826203458684 -0.150712831621972 0.863646746843536 1.06605280721053 0.898892953265693 -1.64775382152854 2.3227191417594 1.19937779088018 -2.10051094303506 0.0392791124488616
1 2.64393406996719 -0.623979275525758 -1.39691432104346 0.830870943666566 0.286578390485484 -0.244720520613473 1.90601169907202 -0.128503517946146 -0.132238985047833 -0.254629085299819
1 0.99302993436716 -0.902496887596212 -0.351551846985081 -0.239535248815070 0.202462074443565 0.557110550660583 -1.18366341493227 0.753363246632806 2.11438437877243 0.205008752263319
1 -2.25155543971033 0.335597694601401 -0.0560058744555038 -0.311457030270579 1.45365909594001 -0.526206988956208 0.716110164336754 -0.352423219390270 -0.019124325445525 0.668213870913327
1 0.853179425574034 -1.07093998449966 0.819714520983355 -1.67151390421736 0.857109662168256 -0.164289805400723 0.113730155871111 0.120271290050888 -0.186972743681540 -0.0797163555527383
-1 1.06107438388113 0.0709711437684525 2.36686784879097 1.12734303917913 1.38738314969661 0.228343382638372 1.36613900430745 -0.315999960332247 -2.41893032276867 0.391103357239907
-1 0.0541834857354269 1.16507091321158 -0.387198108596706 2.25965275916075 -0.161220908373431 0.513611291643191 1.99588688986266 0.993980160216362 0.274339638800512 0.00334218261985808
-1 1.06411200126853 1.85670965416516 -1.12495043999993 1.31209781760244 0.212285152006172 0.417764381975942 1.84269716306890 -0.524635563114236 1.4074620921023 1.10764980808729
-1 0.851224026401126 -0.365580871457637 3.01888540808801 1.47087393824905 -0.468178437702396 1.62169623234146 1.25524431763485 -0.73262377911585 0.834951470389782 1.17263046366310
1 1.60739436564446 1.41044290137044 -0.332878855797162 -0.973621316462943 1.11119372807667 1.65228469678331 -0.155837671030198 0.702195662219755 0.701881421295575 2.13683469245015
1 0.90331344198046 -1.36688932566882 1.75945854382975 0.482250372678711 -0.151579593748723 0.546730917477939 -0.442424468395110 -0.107768797150802 0.728819706440122 0.312276136982934
1 -0.5630411427217 0.909910360653967 1.48375849551019 0.0960590928313754 -0.880973344473957 -0.485274941658893 0.971393776323845 0.00968324038963802 -0.545118797371404 0.489222612356787
-1 1.51734917451197 2.62545604897838 -0.704294506573977 1.06927147463470 -0.839738845300235 1.11594089238607 1.71693405503300 0.920554574590567 0.472909145934214 0.608154660326724
-1 1.19415160040115 1.10041287829966 1.14593537648269 1.12533268778598 -0.408817776229637 1.61225758453144 0.92110412950782 2.56959480929594 0.933207089221266 1.09683531384636
-1 1.67354879553044 0.6701965136962 -1.36477002721316 1.22373881575220 -0.281225155148892 1.79269967374376 1.69606822421912 -0.620956000846264 -0.00559227707025634 0.559122584366395
-1 0.882649502244288 0.821533231080512 1.43030227442637 0.474450989456836 1.07510886379632 2.07424596164143 1.89003274630488 0.947617187355956 1.28578568058072 1.18714117605583
1 -1.72634847301493 -0.659584393647025 -0.0200125932620660 -0.144990563065574 2.1512658441251 -2.35860935416748 0.661470932612359 -0.0620203111485864 0.75306528819335 0.66137851594552
1 1.06098290276250 -0.70183025215036 0.747317295279263 -1.55099952161267 -0.940029377915828 0.53339106441942 0.838366939576442 -1.72712103746164 0.818852631154953 -0.442708579390793
1 0.291854861259595 0.71777921847069 -1.01090413704461 -0.0246598981845608 -0.66218820352683 0.0213453544517951 -0.669150092050134 0.0125657377572182 0.436940278456207 -0.664281793001719
1 -0.88759051851636 -0.680509236982962 1.06358464116608 0.54027290449954 2.29361999397012 -0.37092042347699 -0.376834213021622 -0.459283655182268 -0.673544060710393 -1.83501085192069
-1 0.218714575423277 0.404055560934275 0.330370437019591 -0.609962831659984 2.23908516584206 0.275072335417973 1.41452383624118 -0.16530472084664 -0.674816410036906 0.690592343243756
-1 -0.56003603819035 1.59993828702297 -0.236547066015912 1.06245641107762 0.514387184982344 0.717474067282111 1.10510473766717 -0.166379934735502 2.25703615043535 0.807337124432384
-1 1.42198587219727 0.251969617497588 0.125919151416711 -0.196074517574487 1.13260804133333 1.96886192953251 0.869028367560582 -0.014773575026642 0.521752972580422 2.03897825496172
-1 1.39659580921696 0.378812043536190 -0.59487616176715 0.123507935481572 0.862323738770526 1.68609008172417 -0.453066758329534 -0.243292710580849 1.05790048860147 0.195960279496509
-1 0.890955517250333 1.17224144630501 0.644425495237281 0.147885839123754 1.16266512845527 0.770451124756824 0.812364945178479 1.06762654461437 1.32111145073788 -0.249985995142554
-1 0.292885087246324 1.37270993209804 -2.12267500424933 -1.09890078480252 1.12354214300070 -0.319148463302719 2.09284676847552 1.89753152277530 0.71289132106279 0.767372757922057
1 -0.769279994354311 -0.184142722744606 0.186422280778322 0.399614941826644 0.388339333258441 -1.08686515956698 -0.936665476206387 -0.501154858499297 0.905688100112553 -0.687348164612538
1 1.05685082854017 -1.14501174439812 2.26370436217570 -0.939371693875666 0.577043063470921 -1.01292446707340 0.297330120914217 2.20106900894155 -0.95271134190795 0.0312760906807927
-1 0.961904898216281 -0.824927314763259 0.281690241813526 1.05772058494718 -0.811553319585583 1.35256754065034 -0.294093392136189 0.595901354497093 0.578003750140118 0.101035501620460
-1 0.187988626446739 -0.334917913511061 0.519302259114295 3.27160012029573 -0.160131298458298 2.28772541778125 0.871466140583135 1.14311078459476 -0.517997385841202 0.285130770033903
1 0.362426449005910 -0.344285339358721 -2.60574748801561 1.01086045863554 0.136129614573282 -0.145765748321044 -1.29938553686401 -0.65995198380282 -1.05127486201556 -0.61983313845873
1 -0.204309350051098 0.690628720925032 -0.000779749004358492 -0.215593486815459 0.932547207317129 1.07933955899497 0.540153056028113 -1.14302669963625 1.66809577053293 -0.197756545612279
-1 0.796867073169969 0.776732324343188 1.54733011554156 -0.165286051560486 2.70438987709738 1.61756693552878 0.503239396654614 -0.198374175539694 0.233586616867332 0.427781690749335
-1 0.810225219751393 2.49099363722287 0.986577809585178 1.61158419431924 -0.377372778646626 -0.94934281149495 -0.269619378471534 0.574173380991409 0.96675635735496 -0.157007248969521
1 -0.0627602961537363 -0.246409980317916 -1.63851618353949 0.216973111628789 1.54894641012946 0.073540757498223 0.836286327288983 -0.468672616449324 0.19466722955707 -0.00405617301469478
-1 1.15568471891318 2.37794848035299 0.569720015535739 1.65005769689883 0.562702793380912 0.164192770078215 1.11741263453177 0.535399069306832 0.0568678291233001 -0.425261259628172
-1 2.31133867490316 0.340574343210829 -0.554476920391161 0.845162391807538 0.694867552341256 1.74209375516203 0.333341739676185 0.460961581321802 1.07544947135534 0.291085283171447
-1 2.15944055442344 1.02550183746325 0.571595115491804 -0.663731000665042 0.320597012220013 -0.408073346443121 -1.09077862954753 -0.507011739099947 1.45615733500998 -0.0166634970426751
1 0.694093949090254 2.39405585293363 -0.283836116114160 -1.41763374177711 -0.833496209930904 0.505983443279749 0.176775121414655 0.886332079212455 0.665085803384782 0.95822965964279
1 0.750217304024724 0.53927114320378 0.132560623695199 -1.07171671038169 0.053818951498949 1.69007259856811 0.549137098764048 0.353016994021529 -0.646649152599581 -0.944824367130673
-1 0.174175246588466 0.156574484888592 0.559735227964837 1.82495600490515 -0.312420258084466 1.8920811865943 0.544947418318561 1.80843935700067 0.78965832355656 1.60454566658585
1 0.0848173872445935 0.645397468906128 -0.326625690616151 0.224415620833150 -0.126149881289027 -0.72608311714889 1.49595742416606 0.450673299496533 -0.117366978528137 0.43981224137224
1 0.788762872547828 1.01579066959337 0.392798701783767 -0.170414523076316 -0.89687001977511 -1.01293791278709 1.64796489584012 -0.198872973817805 0.496174136864484 -0.144603299719917
-1 2.12129777276644 2.26394089181657 1.68165957986649 -0.88205686505173 0.531746997805425 0.385085327025124 0.51177723697149 1.47438693501001 1.77528032171899 0.990191047297271
1 0.181535979999335 -1.36233434552504 0.866746845604482 -3.39098047122383 1.10442365135061 -1.98372303681049 0.717724706216584 -0.206875949160986 -1.87937421589479 0.160280233408940
1 -0.390797361182528 0.0538208777524391 -1.26925992499964 0.00518251361727249 0.988649809561443 0.584328735405572 -0.825092034358558 0.566187794492676 -0.132064150988997 1.80247193836753
-1 1.62871057237260 -0.0741393939053503 1.00432331602609 0.224356038251472 1.34212703989829 0.181221361103141 1.39466369293574 -0.871881650488414 0.159943913932214 1.96799689709628
-1 0.425084367107544 0.801531647122173 -0.928853918026011 1.61663427682819 0.98071794933866 0.195099234881007 0.516655212723367 1.33993394307353 -0.310754852123609 1.60141596078681
-1 0.131196474506126 0.497225688751924 -0.226346266164233 0.646329943637183 1.55371933381625 2.0448243708496 1.67347582433261 1.50804753350212 1.06211464891088 0.823632461654413
-1 0.229562585737579 -0.263221845543259 0.554241264088193 -0.180522372753155 1.50269720351352 -0.0248642716783785 -0.147368026394449 2.06103197366291 1.74492135893506 1.20773201222959
-1 0.449522049854928 -1.23288576695158 0.703611337811605 0.0629065988069717 1.7919160497797 -0.0435050764774667 1.33276434791437 0.693651084873618 1.40897223478329 2.34730283331987
-1 0.866916582745676 2.3662822129013 -0.22288761662555 0.665232606662681 0.968123975892392 0.503595928237556 0.816415389385553 0.55432309250011 0.368628332021780 2.60195350379095
-1 0.390897814960687 -0.868979303792247 0.911341474679212 1.30009608270682 1.39376856449824 0.400559864552662 0.766674930852173 -0.207023618615436 0.538226807089459 -0.676546415859132
1 -2.15111764042285 -1.78702649539226 -0.0597828501251562 -0.916176883704926 -1.57491293946263 -0.0680286634423104 -1.93312831394647 -0.0495096046040805 1.32039986216686 -1.64347490219733
-1 0.94206018653313 1.93402276022181 0.505353316567658 1.02712218557424 -0.301229590718246 2.83338413014067 0.839369243854366 1.48994261475124 -2.42945665261601 -0.714394780026922
1 2.29116124595605 -0.124839650952344 -0.399515495152839 0.406283464813049 0.146589206446832 0.325829157763225 0.893755083889993 -0.727615521995819 2.5444909264949 -0.64387822694939
-1 0.751529435285409 -0.463038853988798 0.248821529450830 0.610879443723152 -0.208023653739606 0.484661241825413 -0.303893132598819 1.99916732868378 0.76288587442966 1.54963672961730
1 0.953586090080792 0.883893664334024 -0.536328736560414 1.03104155103008 -0.79193404338587 0.795035879144154 0.485521311280287 0.369369451955232 -0.0797360255446577 -0.907324657487853
-1 1.46623969030473 -0.916384441259011 -0.727297904859922 0.223157740430537 -0.271519241781858 -0.645059082520911 0.339151211457555 0.209872650915729 0.552004197459342 0.918780680534727
-1 0.545705438570005 0.174737336962451 0.716686008758966 1.68781083929522 -0.558621655384728 -0.242604836089984 0.384466448366254 1.65204276228781 0.186194498696948 0.738362703701335
-1 0.920890238111378 0.653051831571923 0.449389721113879 0.859437413582103 0.347164115402727 2.29697698796416 1.51830939034302 1.57229467566069 0.276577451548650 1.41248213218190
1 0.329142860727463 -1.76860207903218 -1.36640028769940 1.51099475679283 -0.830999988704688 0.353738130610517 0.425718091062493 1.05008937025383 0.00887161862587851 1.23864897214174
-1 -0.645610086950337 0.0220834682980281 -1.77100703738439 1.27035195898873 0.773477069579819 2.3384598960104 -1.46574863892230 1.93953928718299 -0.317345369333332 -1.61484647061386
1 0.9872376775564 -0.298384708293314 -1.46284839593343 1.30846310149945 -2.05096142024815 -0.600706233650105 1.10918556862126 -0.378036196493321 -0.87514490416927 -1.03092308418738
1 -1.32718771527631 1.43603043418232 -0.799526642100397 1.90744418234909 -0.160878296239407 0.748817328292978 -0.174229313203507 2.34093351852926 0.656226789797081 0.385879787899711
-1 1.39213330034669 1.01546071320125 1.56667313161318 0.745468341464247 0.863677865381861 1.88002120773912 0.49388817036908 0.439484714017914 -0.435332391661191 0.634785266542305
-1 -0.273834268201728 0.516184915952887 0.218438723847613 0.797499538422285 2.33858810133115 2.02683655647705 0.822552851673713 -0.0422663532326093 3.64005227599593 1.43648170172819
1 3.11704718872971 3.13462090955926 3.15260427396485 3.22661842312202 3.18340167400029 3.15624349794716 3.16575479965966 3.1566170023173 3.05118006155023 3.21168521201366
1 3.29156668301964 3.14070932001318 3.34899324065289 3.00117120927938 3.05473945354854 3.25213577920503 3.15145502200582 2.87254752409751 3.01482487506595 3.11247798279908
1 3.14538707297021 3.03988900448346 3.20018036216944 3.17007443863515 3.17137244903490 3.24252596627444 3.19358521641665 3.20256211622973 3.23567755748708 3.26839383217049
1 3.20666979272719 3.09780196816829 3.25016032520609 3.20821225154315 3.16596468608307 3.15991583791165 3.16418513460395 3.08079575016854 3.2652825266922 3.15692649399101
1 3.23013680226171 3.08231539196971 3.26075710764641 3.25404537272667 3.28591796649479 3.18084577005285 3.18445250254497 3.12062302730336 2.92422429942559 3.19426190539668
1 3.12027870907124 3.07636965000394 3.06802206091965 3.27574692072773 3.09950101724122 3.10100278706778 3.11167709969628 3.27944305999245 3.06563164494848 3.26950882285947
1 3.17542803193123 3.17252872778549 3.18790523117628 3.2355672483365 3.18388250544904 3.29081136512693 3.14843431680517 3.1334525218662 3.11296885352482 3.07740077699753
1 3.20070011592586 3.07568069068546 3.30710449882444 3.05298178907176 3.1011033523471 3.10706527940995 3.12531289710191 3.05397889757947 3.24321366079458 3.09350057739416
1 3.12804156877962 3.08545147499639 3.25467356751936 2.86476868236131 3.10116603032451 3.13604546887725 3.17158689314839 3.04125312470754 3.35314603368386 3.01452941188312
1 3.22309484389969 3.1982634074903 3.07958618821357 3.26158733550924 3.1077256773712 3.06437160786933 3.03065171838053 3.26875684589056 3.20119157186545 3.14476595201069
