100
2
1 1.75654261735041 0.202280708395496
1 -0.43074488827813 -0.412597221561889
1 -0.193585830918566 1.26830711422736
1 0.0267576267419349 -0.0535451515478697
1 0.478324794749123 -1.81348828182516
1 0.744636983804112 0.761193745089976
-1 0.357389792427038 2.77294767428381
-1 1.65832078647415 2.72603906092063
1 -1.16244379042759 0.367374060614098
1 1.47283808986449 -0.0619941371908618
-1 1.79359269731139 2.12340014866542
-1 0.61211043571332 1.36825617275842
-1 3.22814501234874 -0.0239310504552459
-1 2.0282849929394 1.22660365563770
1 -0.627098742982386 1.71913753597288
-1 1.59614498634843 3.40123295875862
-1 2.50313992014144 2.30874129878373
-1 -0.114071757630404 1.21501141958364
-1 1.58377753610500 2.19318367794776
-1 2.38292468225748 1.04171959436133
-1 0.123552360715511 0.847644407175108
-1 -0.206141792406100 1.33773672251411
-1 -0.367098074454924 1.72174448564741
-1 0.729452692099154 1.16359567145997
1 0.629707924576609 -0.954495455867364
1 -0.442287051724441 -0.286690767393177
-1 1.27270545838274 1.58023797988395
-1 2.87483443691086 0.65066379914842
1 1.59499952035044 2.21903733999667
-1 2.16110459153206 0.139652674666465
-1 1.27922199971035 0.70291819729894
-1 1.04190143514814 3.25952020835604
1 0.160964629182353 0.282409040855139
1 -1.94696254785358 -0.533391688178747
-1 -0.186445255044661 0.499177210355834
1 1.53406526630423 1.02525743165601
1 1.10199904397402 0.545431987069704
-1 2.03751826227368 0.611123057820711
1 0.265446651642452 0.57330849113357
1 0.930487817693255 0.434094075792962
1 -1.67578646691605 0.0516136201694472
-1 2.03890664879098 3.21651733134694
-1 2.11852046933313 1.94257378267000
-1 0.568856020786957 1.55137205620122
1 0.740168536303187 -1.0062029858209
1 -0.273145196162616 -0.168107080849542
-1 1.40851760872983 1.78333319687197
-1 1.12378012703985 -0.415626219735319
-1 1.80076629181603 1.24483705530615
-1 0.94932088293658 1.27370535771440
1 -0.737649819396837 -0.571109033282502
-1 2.63910084733026 1.28935264150817
-1 2.27614951660608 1.77929363617064
1 1.62151706361316 -0.109080909178424
-1 2.01330443291481 1.35916869072508
-1 1.20733340056577 1.73532606824746
-1 0.5538170606015 2.28086361066393
1 0.274367153642259 -0.762434799228141
1 -0.411947483903599 -0.254249231392616
1 1.07356118639595 0.529530725129093
-1 0.334720426685708 0.72235457882362
1 1.12183237074659 -1.62151287475166
-1 0.221724609646557 1.20252241969601
1 1.28125849499948 0.345283523179499
1 0.930903482042197 1.27882103125336
-1 1.94037987817480 0.646513297062478
-1 2.19483469736183 3.03393230807801
-1 1.41798087756773 2.44395295432790
-1 0.955109759358493 1.05785740891983
-1 2.50008496815089 1.29075334113169
1 0.0702646925634549 0.41212154302297
1 -1.56441498006312 -1.7207875873008
-1 2.30734601743967 0.0862533457677206
-1 2.71608087457803 1.97204607304813
1 2.124636486951 0.255731105544403
1 -1.72515530607392 -0.680327115140003
1 0.556624859998548 -0.0892995989791002
-1 0.706352622833092 0.0433835119289128
1 -0.869936837104691 -0.0884340625792824
-1 0.981421902511952 -0.948736351603467
1 -1.52561935465805 0.607687506549717
-1 2.54988094261341 3.10298769493072
1 0.139940897249917 -0.253930736648681
1 -0.60227570859958 2.84636315235127
1 -2.50484806128109 -0.272819884225232
1 1.00800363978805 -0.24231281401963
1 0.577614708596314 -0.150049223610014
1 0.587181053508671 0.0256249067374298
1 -0.310823297356784 1.36430762028467
1 1.07500978508680 1.66790976245273
1 6.04734920761473 7.48476799146484
1 -18.5269912386757 0.949424100109748
1 -14.3327926195198 -5.20600043273211
1 -8.58971679921116 12.5499212421288
1 15.2879986914404 1.28379512603984
-1 1.56201822557129 1.21588476223806
-1 -13.9508146191406 -8.70086369836466
-1 -6.28294946932968 -0.627531714714829
-1 -7.09881579893547 12.2512380957041
-1 8.06793930822296 -14.0555164230213
