-1 2.66988070534070 2.88807014382966
1 0.168599862287366 -1.08571378113483
1 -0.212329766025495 -0.0504899964190847
1 1.0173258702945 0.806893123919883
-1 2.04885614569370 1.3560968740667
-1 2.23778252792315 3.81982456691261
-1 1.12880451011988 2.79610740644435
-1 1.46256756050005 2.55044889517018
1 0.534391210610582 -1.68283639456690
-1 1.1188136462936 -0.248143114385503
-1 3.44854843133859 2.20998772469577
-1 2.04820486501282 1.26735597043611
1 0.465439779739028 -1.42618078362965
-1 1.59904284335636 0.96636788143036
1 1.16490413221903 1.18387159065919
-1 -0.510588408838081 0.665085698257336
-1 0.992155092066421 0.0214263363726135
-1 0.962414931200433 -1.74994043999905
-1 1.65601245679591 1.94987465345131
-1 1.33957163222957 1.41975593011903
1 0.147160891216573 0.300108706814465
1 0.174600154887525 -1.08543958574082
-1 2.08081379567044 0.461755860295953
-1 2.26892052300603 1.14881396511522
1 2.3367817306304 -0.305439320190975
-1 1.40122524198146 3.0127672885106
-1 0.781200468210123 1.21527477823412
-1 2.44032985216204 1.67266205370219
-1 1.16857987939168 0.646075726384181
-1 0.772320511301999 1.60062735154954
-1 2.20155966761003 2.17678850002082
-1 1.60564969802022 0.609524514373808
1 -0.202439349168074 -0.459282167290824
-1 0.223955471705443 2.24972961281611
1 1.35109243368082 0.792158619782101
1 -0.72796166722491 -0.468556760882074
-1 0.9673583723252 -0.0313102438595858
-1 4.28231514482931 1.27709773362816
1 -0.594252587592258 1.99778089995797
1 0.773181189487037 -0.0847145011461705
1 -0.377938156524417 1.35059449997021
-1 1.32914759185881 -0.0889786137436865
-1 3.55198157786531 1.81566440160532
1 0.0650774251530591 1.32726268209137
1 -0.254766780030397 0.205360601772433
1 1.02598161801772 -0.266690061919527
-1 1.91310519013499 1.15233517170158
-1 1.63314672130658 2.22353752483818
-1 2.54514531236245 0.0520990896680509
-1 0.176486922491217 0.0339220627485375
1 0.424401393992362 1.42122543885679
-1 0.674723749576037 1.59730783126375
-1 0.0796150625731513 2.15524874068940
1 -0.904639283822774 0.531693737790129
-1 0.898169574375426 0.443710081898519
1 1.02080667855617 1.89647740370394
1 1.53319178559658 1.15737719559073
-1 1.18123542555615 1.42980195362156
-1 2.82387617241622 1.39586016042850
-1 1.97857747761877 1.0439460196481
1 0.121179421744698 0.626385275618288
1 1.14007600696456 -0.0367676222672374
-1 1.96939691411232 0.66456609574202
1 -0.305693718218385 -0.657525465860114
1 -0.160930005241342 -0.513570666825221
-1 -0.181486047539471 2.12442448067565
-1 0.717094244323479 1.30100508748923
1 -0.228616649929775 -0.0655155582320555
-1 1.14633933868504 0.935508048453578
1 1.04820538447734 2.08946057076868
-1 1.44265452144416 0.236689863670417
-1 3.00189502756949 1.63273954648986
-1 2.51753643757348 0.957916577640352
-1 0.203519909859713 3.89052863426732
1 0.0840984761534707 0.372394140721269
-1 1.54762362196030 1.60041464676741
1 1.35711702636991 -1.46906602953265
1 -0.497190608045103 0.282337447565153
-1 1.54468703177448 1.97213017195171
1 0.192549857878814 1.00818388878455
1 0.949080813439958 0.113418084227215
-1 1.08457410096644 2.62864206526528
-1 2.19649637259187 0.98293266305082
1 -0.0518890774033344 1.07797123495562
1 -0.326275708709103 -1.21302116552013
-1 1.87779706390534 -1.42473788635327
1 -0.989542694799507 -1.47953659808686
-1 1.61272552830641 -0.0793934566051353
-1 -1.46300835281238 -0.643616922923813
-1 3.97631744097354 -0.47915498269948
-1 2.14280649564985 1.16054210038324
-1 1.3328988575432 2.17768053324526
1 1.94690069516430 0.806663678343033
1 0.673559709205725 -0.314685090199347
-1 1.68333462132883 2.48479260183746
1 -0.0638012076122082 0.137543677639076
1 1.99244029732876 0.419748315680181
1 0.473104254859741 1.26309821278152
-1 0.846808359227432 1.64973522682647
1 0.0167025791717043 -0.63092989670743
