100
5
-1 0.44712032092481 1.61726130376589 1.39248504896201 0.615004133456957 1.23801758396068
1 0.127040210873785 0.0759388352751675 -0.907230359566412 -0.477959865697547 0.624633991190465
1 0.288471280138077 0.658245671095419 0.913995010193495 -1.43580072419425 -0.177640248652317
1 -0.584834026291222 0.0215483457813812 -1.74899176173907 -0.054550894350185 -2.11768574890992
1 -0.144212293730554 0.752965710358803 0.0142173697514765 1.08289969046964 -0.230893885800214
-1 0.158474159594890 0.871765291581176 0.965552281772003 1.23504742017994 2.70885933595742
-1 2.25049950529354 1.62502861281753 1.91563065799991 0.464299877549653 0.0464149680298417
-1 1.44982911422898 0.068385265839063 0.345258843169744 0.849608325529004 0.49532806742136
-1 1.23459288683540 0.911465901131115 -0.393766949341077 1.83142646909331 0.482612808061095
-1 -0.0266391250100569 0.869083135848191 1.56257112092292 -1.29916458610051 -0.00095071022547355
1 -0.488036338749719 0.0498794361026283 1.06698883615455 -0.454758776614059 -0.885761185907081
-1 1.40859489538888 -1.63285185707551 1.11108637882196 1.42231582801747 1.09161419469418
-1 1.30192194375269 2.31988624097494 -0.667882927002174 0.398481431870267 -0.149123867506089
-1 1.20373721597658 0.967310943224802 -0.777342099962456 1.54440666635749 0.0918552452780437
1 -1.56041135845721 1.04204684790962 -0.347702154960791 -0.310029733743439 -3.41411906194403
-1 -0.338818149870841 -0.212731928126521 -0.0483515366466677 0.321232942371415 0.0556434647985401
-1 0.000983496574564757 0.534180337192028 0.90488027731088 -0.190071885089263 0.652901900979747
-1 1.84073609576251 -0.592095397386896 1.14583257711627 1.12450988607500 1.31762270508893
-1 0.717315231050414 -0.608504982445367 0.183940257879324 0.493930906213862 2.16856676780374
-1 0.542293571736047 1.89919215905059 1.11276612289972 1.10957685263153 0.191196595935988
-1 -0.0666143445790021 0.63403968758377 1.23918730304893 -0.144239929104049 -0.622605519123281
1 0.323304279805305 -0.351896438820442 -0.593857536251539 -0.225682780073862 1.76783747594388
-1 1.28025050314766 -0.212975662727699 1.50399900574864 1.11817509247091 0.148484456224934
1 0.0592057205212316 0.713684645693986 0.88007407752302 -0.348115438443032 -0.673998839601772
1 0.929253147928487 0.414499428509449 -1.42067618507558 1.75110202411563 0.293348597064324
1 -0.347179790386857 0.841394076427081 -1.20089576043218 0.243602424741557 -1.54330555591171
-1 1.61102243863750 0.114446617588855 3.36516471425597 0.174196739601100 1.19946871550989
1 0.640634099457254 1.46374120293965 -1.04955136549246 -0.0751352792328148 -0.819718059334064
-1 1.8239839907373 1.30500767229475 2.03775314715158 1.59432948266385 2.60669183842602
1 1.38546222418030 -1.89343028864979 -0.701669336817161 -0.0197893487581734 -1.69166100649101
-1 0.952722187283992 0.721733013400503 -0.236858652340216 1.44326179522310 0.910127419178572
-1 3.29947649765854 0.88304403677852 2.40217555218743 1.97703443651643 0.297778285983122
1 0.376031874768598 0.67832316616461 -0.0446085354379736 -1.92281460763620 0.834745553534431
-1 0.0209657266958920 1.51390196717878 2.44717006897935 -0.0725958588237541 -3.07599982842425
-1 0.646115246325603 0.145335059067462 -1.12941274229332 2.12182362790367 1.38368512894286
-1 1.24010112682340 1.36883222005199 1.09639252723391 1.05486772383983 1.33148402706591
1 -2.06833500584343 -0.316587186755594 -0.0901404816468998 1.70085818089496 0.612598552755438
-1 0.311870847587683 2.39956689525845 2.48561184512644 0.343137391000794 0.49993016221364
1 0.461691396896888 -0.703431140788632 -0.534732079780546 -0.710379375440178 0.148758787152897
1 -1.35209128242469 -1.33885794609841 0.894766218786285 -0.469685742915494 0.159900829518811
1 -1.36878616151581 -0.605167342698395 -0.697394562996303 0.00403222328617902 0.401782877893308
-1 -0.047555109314087 2.50266945780243 -0.756942122882385 0.859774139594043 0.558053380367819
-1 0.657485363734935 1.69792718315934 0.640085568715196 1.66346272954440 1.58583664970518
1 -0.333372514512632 -1.24008308586538 0.00569057141214686 0.919985047743115 -0.499659012810118
1 0.845075622704246 -0.094040057754566 1.75491066363110 -1.6149224993998 -1.57426144175332
1 -0.133115839405298 0.402887514883878 2.33620290669047 0.696212706521572 -0.448443430777391
1 1.4176574166679 0.681883663343019 0.353468010650764 1.40946925434769 0.714575630335308
1 -0.134352482593392 2.44538978562133 0.3749454724747 1.13997340919417 -0.530512166121392
-1 0.748898671828219 3.0303026945181 1.75284508988909 -0.452762814842731 2.29169524404023
1 1.4238829176487 -0.255855867356171 -1.10001319171732 -0.0106597745930977 0.325041834983842
-1 2.47057929295997 -1.20946759019838 0.757495312345214 0.595485912249077 2.01500803947014
1 -0.0499820664567985 0.388654039895984 -1.22018008683053 -0.917448131708848 -0.625092233393568
1 1.73120957044745 1.22196458913373 -0.236938401632741 -0.949481844923126 0.00119013123235976
-1 3.17489062129372 -0.686037999114659 2.19163136774746 2.01538042985419 1.48096584502484
1 -0.405330472902275 0.802108523739689 1.97289553817274 -0.252748484631971 -0.490381043454026
1 0.499901023539609 0.88164716918184 0.939257126481397 -1.32567080337326 2.05451993903887
-1 0.843256468499578 2.48174641950335 -1.21213696654185 -0.0105510994412235 0.842978352711387
-1 3.29735757534749 1.84087443629303 0.429668342646037 0.336697188847494 2.60222378075553
1 0.560398111137142 -0.0905128081326461 -0.330398374776565 0.737753020769846 0.259445435295791
1 0.154233049458545 0.338555212223966 0.341704956131330 -1.12006954347153 0.761250733082276
-1 1.36392310271344 3.04378347059579 1.25286596998 1.5948857338279 0.738369082444851
1 1.06764373427104 0.108440319027484 -1.10005754392912 0.319224784733453 -0.263598767380538
1 1.02312583947657 -0.0833584791712924 1.07056659224393 0.256144433427700 -0.518634461958494
-1 1.25982978566236 1.27434505560175 0.413053916100362 0.906431052108435 1.90860544231845
-1 1.28624825405631 1.16378507437460 0.202248554590493 0.582195733807985 0.463271595067718
-1 1.02029874964031 0.705500971646006 -1.67765661955557 1.07204299764193 1.02242006738882
-1 1.49321692872657 0.540818483360366 1.67266253793175 2.87343407137030 0.343818261737533
-1 0.887352466084215 1.60514914176425 1.38744963775393 -0.842166622112731 1.34471486785100
-1 1.06508032461763 2.90921509108025 1.70884130785966 -0.176778055618812 -0.479737203119012
1 -1.51992910307182 -1.07275135740951 -0.675114600114776 -1.09854910272047 1.61058674912073
1 0.331551391689937 1.07561802732300 -0.67731710939371 0.146140111984633 -0.524266408939891
-1 0.875665623041627 0.918289916738955 0.60753155209611 0.762940276672285 -1.24447907244684
1 -1.00847967541397 0.375491157053455 0.911008325659596 0.0215096062559408 0.856211539677255
-1 0.104834812526535 0.57831673359819 0.571593789998055 -0.302360834378448 0.904908880007552
-1 1.23063661947801 0.477416367312785 -0.187118008232096 2.71841140024969 3.41031175862907
1 -0.482575623212243 0.971772435381728 -0.139678469053223 0.52310425253442 -0.83320303127436
-1 1.38734038754187 -0.300815424965475 1.51189147133369 2.44192608738939 2.24628606795186
-1 2.28217859300042 0.358905631564285 1.33114297850046 1.03068223103137 -0.276005600817674
1 0.136633885073184 0.0734400613912857 -0.227719295007668 -0.906317754950865 0.741843724311138
-1 1.74748917776621 -0.320958562098596 0.978331873809773 0.732929358132428 -0.353517366198509
-1 0.480523827377032 -0.0254871092166375 1.14817215578352 -1.16887587715591 2.50141128937105
1 0.123719469126526 -0.303541253990948 -0.514796300786024 -1.32196143083027 -0.827655547277533
-1 1.07127646604260 2.09792628534842 0.921477552260973 0.99840689201669 0.99905931163695
-1 0.195491474093011 1.80677026920172 0.513449742180024 0.51826062503196 2.84093421294239
1 0.234749766447405 0.0269060367336678 -0.634073185233573 0.879519537355763 -0.599726695378016
-1 -0.216324190982882 0.511012285697225 0.784775387484969 -0.0910107929540155 2.00856591669734
-1 0.827705949345788 -0.137737964478410 -0.289921568619982 0.360423172992752 3.60582325090668
1 1.01383298346387 1.43537374587196 -0.776397599379929 -0.648781870458573 0.56915695610515
1 0.484670154701849 -0.00324087452693377 -1.50693543163050 0.80923346610089 0.782743695398005
-1 0.878008812029255 0.612592421224512 1.50484918683384 0.382496332314053 3.18115153854305
1 4.34846730109257 4.5205879038073 4.50841668924867 4.38221979694124 4.29002400797964
1 4.47425753607225 4.40480446300025 4.48395706451635 4.5865490330176 4.5736640944958
1 4.67863575857578 4.40253044282363 4.64341605334255 4.30395195480292 4.33365872556429
1 4.64126604631822 4.30983490709896 4.54288914611952 4.63671392340986 4.44443846783595
1 4.51192927279425 4.56802656963928 4.52501804516889 4.53246421519715 4.6235565819649
1 4.52222075367366 4.57014635684232 4.43929475704615 4.43146198730844 4.70243032852571
1 4.45428907548251 4.3820331119845 4.43582333081587 4.48358493256863 4.45051170927666
1 4.20863823860089 4.34626155795593 4.39667058841016 4.30339417799157 4.50712800446732
1 4.49715532740276 4.49822622773424 4.56774694492431 4.39694567727065 4.32915261896326
1 4.61046457232359 4.56516511805539 4.55113842695761 4.43478214943968 4.41194239588372
