1 -1.96872182438782 1.26764830299214
-1 1.02592953344414 2.64049760562179
-1 1.17674598040594 2.11007918782905
1 0.834659383009242 -0.179047327216859
-1 0.622990224984586 0.447223972357869
1 -1.85524992480627 -0.230288676850686
1 -1.51250126163114 0.722818559083445
-1 2.77702286906632 1.93369018182797
-1 2.03344710578913 2.70551925737835
1 -0.646614790622668 0.874830562109156
-1 1.07656011427782 -1.00140980200416
1 1.37534426250899 0.278497413023041
1 -0.906941130290858 1.71881814237875
-1 3.37088217197468 1.72412538560362
-1 0.700406736642081 2.35994850123950
1 -0.540183074048981 -0.208339362520843
-1 0.677526919322523 1.01202918092524
-1 1.45123049151682 0.995278607672601
-1 3.57214074572962 0.917843760852943
-1 2.26315642146230 0.469482228522639
-1 0.625653985207836 0.336226686358319
-1 0.666183695703635 1.20201956447759
-1 -0.0777396068192213 1.39284065939054
-1 1.82582095822209 -0.497201924919145
-1 1.36979194107281 2.41408856836598
-1 2.40955969702772 -0.761783763565228
1 1.47676332146096 0.908658647636349
1 -0.637005563481767 -0.697034661075961
-1 1.37126233764661 0.672951973960549
1 0.432571863515258 -0.717102943204573
1 0.703501065276256 -0.0810407594115367
-1 2.61693960399165 2.10426141875557
-1 0.92186215555894 -0.381861943455973
-1 0.604795000402777 3.12722407753487
-1 2.46376879448136 1.80812225111444
1 -1.20403272052592 -0.823585830492085
1 -1.23763500342092 -0.598841320031796
-1 1.17282943302797 2.07674219226708
1 -0.166826882405542 -0.0267523545876719
1 -0.491040412015056 2.24903462971789
1 -1.08562302119720 0.531411577754331
-1 2.21265279655596 1.82198765148713
-1 0.84787505670013 1.27556096094853
-1 -0.132938340344835 0.371697498253616
1 -1.80817703229215 1.37240683369628
1 0.142592915585057 0.693772915606998
1 -0.557741065025429 0.536273798916974
1 -1.14571969606642 -0.954799228729415
1 0.755435756061848 0.926621831675161
-1 0.743304618855808 1.61315181768512
-1 1.69664094180043 2.22360369572735
1 -1.07866154464788 -0.0568738778025387
1 -1.09077583225369 -0.410336613956227
-1 -0.317628792977013 0.506910919221617
1 -0.512023607024023 -0.815371350918586
-1 0.933452044164461 1.12310073371117
1 0.681240600981374 1.65353106235059
-1 1.91102499044227 1.54024645714575
-1 2.68703968751136 0.860188469726242
1 0.0860644506696742 0.591398142800045
1 -0.224559017858166 0.618962804357987
1 0.974053778784012 1.17000186638138
1 0.142465755954692 -2.28761495107355
1 -0.353877444878508 1.20542241641125
-1 2.51790220363608 0.557224453136453
-1 1.97155880635183 0.453811954696142
-1 0.942382483195905 3.19416973364632
-1 1.88362427076229 0.6347289161769
1 -1.62568680065743 -1.26078715790488
-1 1.88851956572310 0.671866066620185
-1 2.80487027405645 1.32279875612925
1 1.13082210597796 -1.33604693702824
-1 2.18002308136952 1.19756560586766
1 -0.230082058827596 -0.498201599878036
-1 0.682218151076275 2.29320462096092
-1 2.60414720773401 0.607435900414741
-1 0.449912622170213 0.758111190732323
-1 2.98282386029915 1.35368620785739
1 -1.13912798823254 -0.407176909100232
-1 0.84651923029413 1.17126637787280
-1 1.60112500760447 1.80754274675904
1 -1.01833885709342 -0.066853800792235
1 -1.91780519141315 -1.21274910703155
1 0.645464870078114 -2.39155601145978
-1 1.44945230045348 1.95305693911471
-1 0.473667221499631 0.49028707174278
-1 2.44402112867829 -0.298870553409001
1 1.09856634602097 0.377395970287598
1 2.53805102206853 -1.17995442468087
1 -0.0307303558716225 -0.471205695381896
1 0.840293896301642 0.100428202829091
-1 0.267892611965897 -0.777445917446276
-1 0.671214587076165 1.5191484283408
1 0.848139329722279 1.92145571166036
-1 2.39374573969742 1.22723998516334
1 0.116641814249381 0.158364443480958
-1 -0.243487735782783 0.648047318979234
-1 0.645716186535251 0.901134685933645
-1 2.9928172251982 0.749325085406533
-1 1.35452511486167 -0.348222961976555
