100
10
-1 -1.02248665879355 -0.219166805440593 0.495866032312174 1.21444528476377 0.136544364806569 1.10300976861951 0.982746186252773 2.11836543674123 1.32457358497527 -0.0337827190430146
1 -1.10038373824742 -0.245873088259852 0.510138272114774 -0.561491937987124 -0.350921784026732 -0.290718072766356 1.37875240489538 -2.29749891772895 0.387469112529548 0.714745169392912
-1 -0.659615457863473 1.49682904030538 2.21701330405539 1.02579622522782 -0.143470404712822 0.35729162204111 1.09270552515295 -1.01342851957464 0.705332403225933 0.757114848564163
1 -1.27593340379722 1.12449522987765 -0.441883312751976 0.0834849835097041 -0.565235927437713 -0.324090773658146 0.376519474470585 -0.112583529421879 -2.86825010172107 -1.17809477548113
-1 0.564273900843846 1.27484378360811 1.26342181599390 -0.617964991586771 3.07213339178966 1.42264965427184 -0.201954068382902 2.14108574072606 1.02066063814666 -0.467641600597864
-1 2.92597457936026 -0.0674822344223303 1.91970280765212 1.10103018487209 1.93157058183798 1.10552410601775 -1.22842432739565 -0.109320350374321 -0.49112551899843 1.44478733541720
1 -0.408918041536462 -1.29800381701863 1.03494512959064 -1.91027979749494 1.03069203308620 -0.444018755986034 1.39769964598421 -0.0505403948543737 -0.791225250403264 -0.690318352617883
-1 1.37696349100892 0.0619622160418549 1.87425898147731 1.98510409754268 1.72753958345610 2.12349969767222 -1.50670529493074 -0.342271535992098 1.18889740163465 1.54822137438731
1 -0.254289192876490 -0.736159124646344 -0.214409872680886 -0.0801218633413464 -0.664448191399244 -0.655041959425975 1.30021832361007 -1.38360108906560 0.935785263739703 -1.29606484765635
1 -0.0710199638100078 0.407213351311281 -1.00086044176948 -0.92882118747235 1.01191851501212 1.05306242286709 -0.141970628264115 0.462250376195931 1.49765586680513 0.435325566291405
1 -0.509075790897099 0.77025097975182 1.96784595484526 -2.16407100030069 -0.173546716652188 -0.273159861890928 -2.29362492667428 0.559852944468407 0.308620329959884 0.204242059363734
-1 0.450878443618276 0.489769819842867 1.03733943529684 0.619140277219282 0.179432776791105 0.80986284528701 1.02507654826136 0.00447835928338502 -0.263079112869329 -0.929156774114662
-1 1.31825714638335 -1.11547259072252 0.815556290520255 0.70296814567643 1.29447678216855 1.12183107585307 1.63485722624306 0.0766102093362399 -0.066467713432338 1.12056817958535
-1 -1.96289168632992 0.937305965854624 1.04583030796212 -0.496200326682377 0.64677877666842 -0.216919677960696 3.01969150621575 -0.496995321422429 -0.361213197753846 1.41693945247782
-1 0.782670410040501 0.350078176819452 -0.292297054514647 -0.115268357407950 -0.231380117277428 2.49415338074675 -1.04678909745364 0.533576806343898 -0.121336277401238 0.601301122185037
1 1.16176580917943 -1.38323774605739 0.376996505245758 -1.09271252573660 1.56452446861751 0.399856044866593 0.143893395173475 -1.74830670410067 0.299218542864099 -0.884099881247245
1 -0.462363277878478 0.494005731668064 0.0330801170363177 -0.661547243822603 -0.486718904719939 -3.61747438981641 -0.923210968615838 -0.305097644390518 -0.44329579171507 0.284128970108593
-1 -0.846504730246633 1.69182861515422 -1.47298199166764 0.411314940224909 0.748765086902232 0.63610985589298 0.215660392372777 -0.0515185613186622 0.92094387317237 0.635597629226376
-1 0.705615278919148 -0.846426836340443 0.345000869203465 -1.23108343060390 0.568255783445664 1.91308817052664 1.20857615680899 1.41951241719723 1.51171734562584 0.810667147888908
1 -0.564611700391825 0.753328652876379 -0.953375413258513 0.610478702965514 -0.51461889642383 1.27349665185357 0.0384722909975007 -0.541832270682665 -0.56334023144212 0.0426568742697624
-1 0.104230343707542 0.608728776001366 1.89145365610371 0.198177525584339 0.491288448884833 -0.604370277107077 1.74038711933549 0.917160416224153 1.37641937102812 0.648538872948729
1 -1.54040132070686 0.902600530206762 0.69341149199695 -0.412255593108825 0.990894625012006 0.160222421554283 -0.398809314686521 -0.78690216918046 -1.51463486796383 -0.146620475995518
1 -1.54569875349007 -2.03767758979496 1.06248065919622 -0.0759479396807298 0.245923335705406 0.320710852071859 -0.565503787738325 -0.963301478684631 -1.81877561417955 -0.175632038925080
1 -1.34788441857654 0.304269485352477 -0.508912761172838 -0.40661517068989 0.256387027037121 0.961050051116534 -0.561147873367294 1.79476171746863 -0.770658557974903 0.172390049623841
-1 1.18691641827427 -0.228654202494376 1.30428079906066 1.13594051689278 0.219452287804724 -0.445758450253024 -1.4319930088619 0.0706129436260988 -0.131349308848276 0.616091601134385
-1 1.95378897833256 0.758323961762383 0.323273228995496 0.654022162022244 0.0321481267241913 -1.23907575806571 -0.370564239865960 0.687889121736772 -0.281730676374767 0.939324342555086
1 -0.359540987435632 0.130894793323043 -0.791017703744695 -1.05791132014928 0.280709230264716 0.641164161158034 0.115084243671105 0.0457683795644407 0.790973126770958 -0.483220361534802
-1 0.088348179358385 0.666449701257575 1.80132237940810 0.143844193394054 0.175894910043279 0.619091050421521 0.426154445905556 0.882995339688363 2.35855856034582 1.74599411052353
-1 -1.23887117037303 -0.886375200818036 -0.857451210539692 2.21693653781678 0.937865529115958 0.863762318575015 0.255575637593885 -0.419831645630602 2.09056501644929 1.08680662712795
-1 -0.846519046835457 1.00778976479945 0.308810972944351 0.854840891705544 0.758420156142215 -0.229256873290735 -0.76547054363539 -0.732055314115958 0.0748235586934788 2.14344469595041
-1 -0.44502664427818 0.270144162651278 1.15662266942925 1.03627776174624 1.19855223126257 0.576761155664346 0.699103701105931 1.21191120424057 -2.18203070155622 0.213658542105447
1 0.217554339524469 -1.00646360663697 -0.464153078725488 2.07669450899281 -0.667808581856008 1.94001203813769 1.35822233060539 1.37599047587186 -0.560288130018181 -0.668290505900508
1 -0.209551843607777 1.89826175491844 2.90504472173816 0.56496009875258 1.12826856376095 0.326644385721984 -1.19442441126493 -0.416859701291753 0.352741232728299 -0.588240070484031
1 1.06350001597618 -0.959683291440654 -0.90285776121554 1.01078081670731 -1.60910890283829 -0.393291825289015 0.752970049359678 0.395649645710553 3.02538890641439 0.405832698782130
-1 0.587234373313826 1.07039186702507 1.80891401759655 0.327657509947445 1.21349211108244 0.325442467053892 -0.0967791119437662 1.42682655902165 0.80800401395517 0.0252625638655225
-1 3.29373725831757 1.57969884291997 0.791290121106716 1.18635155396445 1.77295353101661 0.267315665084142 0.378216842019631 0.567184585118322 -2.01094990701784 0.579507041396847
1 -1.4581708212888 0.393807801434415 -0.102299607369293 1.32593603524664 -0.548002518920789 -0.784471671229892 1.28239311013817 -2.32916953817631 -0.0933782538320509 -0.149181155820098
1 0.603924354490927 0.382634761854988 -2.58415144897907 0.894680096803213 1.72950553450150 0.513319555236501 0.119673165665227 -1.02017316504398 -0.885807597112672 -1.91599093464546
1 -2.23469968010327 0.400219454716636 0.232909567119290 0.892702715484559 -1.72004391905666 1.29875562402746 -0.536455862953478 -0.321743896742325 0.350715212808591 1.65251693389719
-1 1.35610714302659 -1.80442362688995 -1.01565929752358 0.0468843940820455 -0.211382494971767 2.18011470688911 1.57199523653386 0.116815524378201 1.13680937921026 -0.0165663473128732
-1 1.58471148536307 0.659164366921866 -0.376409613686244 0.755979833927621 1.78931626568202 1.13438321791307 0.749686388856922 -0.485096131853209 1.33490709556492 -0.254487868696641
-1 0.971748454870348 1.54382732465488 0.368344117491478 -0.0203896485485309 0.432264631833008 1.26107924090514 1.90136497014900 1.25144223153629 0.777742113748603 0.201802616041386
1 -0.689812777793015 -1.54900802850990 -1.28404304503603 0.337686064437906 0.919207136699878 -1.42108114778499 1.04179783527169 -2.06952388802376 -0.823981532635806 0.0414268228846695
-1 0.150867876165504 2.35840017970331 0.373675229054533 1.10880610051323 1.76932419089218 0.354969709999388 0.849185266516025 0.475713067331289 0.390039319559667 2.61208295723066
1 0.79087629401621 1.32366377656262 -0.103690087113265 0.0441079280447193 2.00728733520308 -1.02718956121330 0.0226860855260915 0.837436557756648 0.847288511970866 -0.453088126536786
-1 2.11619816943520 1.31995930123620 0.200789137513369 -0.180310814902897 0.466966811494167 0.891028997759643 1.02439362631178 2.28327903582646 0.309256777489995 0.162977296039029
1 0.308114934320649 0.450433714013047 0.62631602158618 0.320113238230683 2.47524740895326 -0.736070654991904 -0.0619027703324665 1.60711162588982 -2.69421377882498 -0.334575272739256
1 -0.120048969348419 2.56042189118097 0.674538061674856 -0.194244834512944 1.71430014192503 0.672786579027303 0.681490051114669 -0.260726187776609 -0.196887751861014 1.23884200521545
1 -0.475491358730126 -0.112696983786660 -1.21627141073213 0.568408959016064 -3.07740436230034 -1.36669634419377 0.385012864098461 -0.284944590081752 -0.169869799191150 -0.363743948455985
-1 0.303356366804809 -0.317611717586165 2.90307067314642 -0.0299223304346655 1.56295683475487 -0.164801785543864 2.51846940286558 0.105360431879213 1.31608957572752 0.941185705631008
-1 2.40953239766638 0.162798458723299 0.148360304918796 0.786884570237026 2.57231981351291 -0.00929888314140592 0.446602406180246 1.71222646031584 2.12659267675867 0.45300774691858
-1 1.43752136609206 0.78014136686338 0.739176004696361 -0.597036719250287 2.50404127293673 0.509360881567838 0.779864744046151 1.03562424224152 0.831401338657229 1.33157368263513
1 1.25648397760605 1.36678209553443 1.00213653338821 -3.20189811100923 1.05768883262627 1.11843716275751 0.0544363770689154 0.24302103380086 -0.16815421691991 -1.87449292436175
1 0.841789656457982 0.448391702488077 -0.925376086498728 -0.632989180929283 -0.47204482436944 1.47849676904711 -0.68603703134341 -0.844969054216556 0.0519998741429427 1.58094561845394
1 -0.55290147105746 0.928861858664903 1.30023333047429 0.265047274064242 0.68446769562841 -0.337086630517021 0.858503520454014 -0.00464080807369754 -1.44433639594313 -1.62439402463176
-1 1.34198264398268 -0.751263270793307 -1.17577631167882 -0.0694627839603658 1.85102423522334 0.503548586051039 1.16880890268496 -0.425495108654442 -0.0282538457933137 0.786337907385564
1 -0.767567357207952 0.0607856681270718 0.784450766468434 1.38288878024448 0.76476968799397 0.0957717736702907 -1.22951239148518 -0.979309814387307 -1.52818161542154 1.14000796629216
-1 0.873498590069636 -1.49060494606994 -0.178375884055795 1.68321735317536 1.15221816090733 2.55269896839493 1.27124511941814 1.87288604465116 -1.26884113462067 -1.82408568355127
-1 2.37049935290810 -0.651631042115332 0.522513120486681 0.539970972596319 0.368645491757147 1.7688403324913 1.17088773211282 2.17778863680599 -1.9935958400512 1.02727078764057
1 -0.309789617161170 -0.230604318289339 -1.45228027092867 0.607528420360102 1.87674365909734 0.444465521980837 -0.115291305563301 0.316378619638594 1.46210280840490 -0.716047834521125
-1 1.71447344069135 1.49366996603733 -0.318743842700792 -0.0693685096670392 -0.0115406234824228 -0.985147172870195 1.27144923051044 0.43758387820496 0.955352176170889 0.98876988914922
1 -0.946808451453166 -0.217590199211680 0.813549622478655 0.706341357520524 1.14032802994955 -1.39770958877537 -0.311277957103243 0.154532010494041 -1.85935305244044 0.0576596474332930
-1 -1.04764437420028 0.439808039132611 -0.366954376887599 -0.914936415397886 0.202413263229184 0.451594051934023 1.94261077690020 0.501507287776895 -1.00779778116781 1.22887292557401
-1 1.27294443002185 1.35412075462486 -1.59753960411583 0.60582778045033 0.107942001792254 0.800256251363461 -1.18228363959444 -0.623324644621651 1.00102409316001 3.09741612290913
1 1.36214010933075 1.55248439915012 -1.9563693183665 -0.869449278135546 0.54608060256408 -0.0680644426099411 -0.626466535185123 -0.620693705695749 0.0733529333248632 0.160293029858508
1 0.370137446677925 1.18002255476219 0.0808345739812109 -0.128377875892023 1.02730782587667 -1.18659954687462 -0.91070226457065 -1.0557306142659 -0.435171847798639 1.32884257419716
1 -1.21414927283971 -0.622590538970279 -0.198284456914975 -1.43251136574803 -0.604207783291928 -0.317660964572683 0.41003086600787 -0.308144778909162 0.458298184934475 -1.34528608649612
1 1.35321104712434 -0.081145010157702 -1.12433493493712 -1.15058236928434 0.88430812928505 -0.310304946825913 -0.768702536450625 -0.846607459386783 0.80572294456121 -0.228616675495589
1 -1.26347084076573 -0.863220249359657 0.811765680467115 0.202295623370769 -1.30669487728126 0.125586031067651 -1.38733731944158 0.00343912357458298 0.469710602705731 0.605960246965213
-1 0.324483271644969 0.187371617538431 1.50072169792327 1.19545993707816 2.54612606551977 0.526656281839889 -0.637942809317794 -0.494056470713883 1.17189345653760 1.66649433052973
-1 1.44608025904782 0.342994232581366 1.88866887522432 0.438745306993892 1.64097168448371 2.17166908273251 0.736153098532335 0.605145051705264 0.699555642199615 1.00957409588492
1 -1.3175188798992 1.29600346912282 0.655711880742918 0.444501356541938 -0.068750400849921 -0.337321176518629 -0.934164150629768 1.12332417362997 0.635256438370479 1.26550023735906
-1 1.62012231615509 -1.11994299304614 0.782104663993931 0.716344903993051 -0.714289377317961 0.129347698060729 2.52187227006451 -0.0362774269539325 0.590428735896522 -0.827435720216872
-1 -1.69504022046370 0.134566050218757 0.121910035300435 1.65039658294967 1.97949508268423 0.573328010843335 1.72910100392806 1.04557505738462 0.38084147835627 0.0571752773542682
1 1.19022777100500 -2.36109549841836 -0.181842571437144 -0.331005413734446 1.66469718458582 0.521491924985224 3.20178066615981 1.10606102433939 -0.936347033490748 -0.889111711429121
-1 2.68000173308038 1.00215797315867 0.72005350974975 1.59772382190263 1.47981438670415 1.55770261318115 0.241725099492598 1.10398929836797 -0.772658575278022 -1.71649530734853
1 0.688235565676283 0.0218787476548155 -0.446522442494243 0.338364857996130 0.354788533968021 0.67170849424467 1.51148375868090 0.172343183037948 -0.211488235805977 0.146660211580785
1 -0.821785341492967 1.36660329388849 0.371026875768881 -0.0725483429283254 0.233530685437324 1.15019163939171 -1.46552648172722 -1.22448639529306 0.888058415053073 -0.748976978153918
1 2.40345073134862 -0.86249090260905 -0.339259481550213 -0.961860113125798 1.74892038793870 -0.101511183239750 2.69114660854649 0.498066616041735 1.17665608618464 0.168372618555597
1 0.267411288707054 -0.160621032347055 -0.435838763576616 1.08863630199879 0.032484533374915 -0.395025642780268 -0.380102150680063 -1.25248946671281 -1.59045867021346 -2.30123388563151
-1 1.22413577387927 -1.54121387342542 2.61214409574412 1.52212966830971 0.451397203163518 0.729599844710892 2.04451663303725 1.13738469562405 -0.354982780572924 0.575864239529596
-1 1.36191063022076 1.32227359307727 -0.734363755892743 1.05751558772257 0.00954823847438324 2.40363536710011 1.11989970747721 1.39122300963941 -0.359163863732163 -0.095025065395946
-1 2.17336099809170 0.865819649342995 2.08684239476452 1.23500403089769 -0.0208760494485621 0.209768184122601 0.565443059812820 -0.584529371469199 -0.156003083058244 1.06593522069289
1 -0.183565379437579 1.22675169834149 -3.05809823212812 0.423121176602471 0.0576627503996115 -1.65991532602133 -0.905711294362605 -0.421724731471660 -0.78602565824425 -1.03651494607392
1 1.39464912834106 0.952864018903523 -0.817749462062129 0.0225924042860022 -0.459432699929251 0.51528208619017 0.647574354892149 0.969121530735646 -0.29284062754881 -0.368409526844685
1 1.03639747546245 -0.0822529788277847 -0.617748760305471 1.40198818243771 -0.852123068037236 1.15991227225197 -1.35632825627063 -0.620743047598035 0.237141997413114 0.411404711430403
1 0.367064502236997 -0.479876889748184 2.24900407283267 0.84836195695199 -0.588811085296778 -0.322736563011659 -0.405737498556822 0.682811457444907 0.483961446195981 2.00914731847560
-1 -0.460649307730584 1.21232799910090 1.41990600508436 1.84786928305754 0.945227735279402 1.67978002114983 -0.0566493014848664 0.315268911746926 1.10766199550113 0.685452738822087
-1 1.90916385633554 -0.695472316588515 -1.33652888887361 0.63424057753906 0.216283520565074 1.81990404434785 0.205300131236609 0.357209496186410 0.268891714415746 0.856741445247654
-1 0.388394848239205 0.857230922548722 1.28536244960789 -0.365275977944532 0.367057589989024 0.415429889235375 3.5081093065711 1.18291564102161 -1.22577567299544 0.442681542870311
1 5.50817372648089 14.829258087727 12.5499098515341 8.5837086801434 -10.9952406645296 9.69314301474493 8.50673607597765 -11.0935442988994 7.5845127133397 3.2542069390321
1 -10.9049764729849 16.5917858298219 -14.2730413502385 -20.7231625140616 4.39879055220217 -1.47446416599789 20.6822036743601 6.15827190098057 -5.56160395648922 8.53774086629488
1 -2.26894686276229 12.4108509248588 21.3427191311297 14.2704757624386 1.59977296445777 -2.89547466424899 4.05338711290828 -2.00527271633384 -0.190412042114862 -4.33625696166088
1 -0.150163641967933 -6.81656186595024 5.62611605520897 1.11605886421261 2.56935652146853 8.80772307578076 -8.4036472967671 -17.0316614528437 0.298737664122701 -13.7801763536939
1 6.89910618443327 -3.65881425815885 -4.88483802572639 5.69848015997424 -10.6005522517094 10.8504350902781 -6.93701991084252 -13.4763689230217 -2.41086072391811 1.44576118730895
-1 4.58441077818880 -10.5412281287824 -12.8877935042615 -1.35714461792592 -14.6486605806259 9.74294124045419 16.763907732089 -0.422123477679343 22.4690569685309 -1.68695253975713
-1 2.23198832239252 10.2399388549961 -4.72509038423374 4.70763386308801 -0.903613075494072 -4.53500907953036 0.145303248265057 5.18892433801445 -6.82334746721682 0.880469768641163
-1 -5.60583764103985 0.9737283630911 -3.08895875722905 -5.70596683426793 -3.41722594231442 -4.42815475361465 13.9619647772544 11.5742638532720 12.3876684799811 13.0235355118156
-1 -10.7395040033778 13.477513784116 -21.9061962826582 5.01547613773244 -5.41465670059403 15.6732969712645 17.5793984091785 -3.33331321479930 2.49965060270084 19.4167979206012
-1 15.7692320681898 -7.2744211897166 -18.8683785748949 16.412623314881 7.1999298437976 -22.6074018072135 -1.07514481873278 -18.1431094945071 -4.80367672746831 -4.93468537538224
