100
2
1 0.452053024678218 0.179455701046486
-1 0.253261676538637 1.06010868616694
-1 3.19972271987116 -0.0429739882025779
1 -1.81183989206826 -0.376430851396488
1 -0.620654499900333 0.739658155404146
1 -0.313246756829099 -1.65774665545363
1 -1.53874310317589 1.03514218755783
1 -0.548570605886006 -0.121759139023105
-1 1.19558247027363 1.47934360269515
1 -0.722090106204605 -1.91273920072323
1 -0.605404213448036 0.0991937217432344
-1 2.39115211242271 1.16333281071442
-1 1.12718272658762 1.69382172016364
1 -0.62230405790953 -1.26864555147236
1 0.635472244646956 -1.14144479369652
1 -0.541800867508585 0.187531962820607
-1 2.41066522739372 2.18730626812968
-1 1.07251156868215 1.86158559207484
1 -0.571773443206708 2.04294488293984
-1 0.525169258068477 3.20059483571923
-1 0.973155813149745 1.95869160781947
1 0.417356642454928 -1.78436066387740
1 -0.276361647014115 -1.25532824845167
-1 1.78008772102797 1.76717237817053
-1 1.51548530427426 1.84029616206634
1 -1.76949483894799 -0.502018664265744
1 0.431578458315095 -0.84467239274674
-1 3.75525661473773 2.92004228022281
1 0.9512245722991 1.28117513980106
1 -0.188697939050677 0.144967303028268
1 1.82439631266701 0.831962709143833
-1 0.961268016530016 0.300868316268501
-1 0.309706321503585 1.67888950548273
-1 -0.519769705878411 1.80441685002294
-1 1.59702548773146 1.86293867366465
-1 2.19313197667086 0.558034206517618
-1 3.06830791095407 -1.28089285450463
1 0.259118013709787 -1.42396338091553
1 1.02687689218109 0.116739193364164
-1 1.64825770554490 0.979414531731106
1 -0.0774330112805564 -0.283694666033352
-1 -0.537581583113995 3.81025371100299
1 0.139658396398538 0.627038767732899
1 0.431151334914012 -1.62354617068420
1 1.10318172566411 -1.89796101936918
1 -0.758752475334619 -0.0362491165358605
1 0.61184914909681 0.803355447104534
-1 1.53204247664995 0.931118087245998
1 1.77465901312851 0.0247193751141891
1 -1.67815277100184 1.01791198176822
1 -0.916482777322251 -1.98284465254758
-1 2.67962350225943 1.41729534230913
1 -0.215461017946572 -0.466153243580592
1 -0.637054516035765 -0.401449831132426
1 1.13563464357684 -0.894950228488068
-1 1.23845380093484 0.485288943728976
1 -0.414562901273192 1.10097333068920
-1 2.06733385637564 1.84241296795966
1 -0.78220865280492 -0.669130571216597
1 -0.480099540911425 -1.84951521250632
-1 1.48222941228276 1.23419215879405
1 -0.536307935771652 -1.46762666382020
1 -1.23900643443882 -0.779474370163707
1 -0.943506190318408 0.854287254437793
-1 1.20100490669888 1.24455745066487
-1 1.76279831422225 2.05486903070314
1 -0.681071142015464 0.814844666028024
1 0.205627355989773 -0.236907718939590
1 0.320192485600201 1.77267978565275
-1 2.74391687295315 1.15406932611493
-1 1.14395778884510 1.49443568965058
-1 2.26337041611008 0.757178700975266
-1 -0.332312504867961 3.36150659610914
1 0.396171936118095 -0.227193434272118
1 -0.86734401288045 -0.664134799249879
-1 1.17459586238732 2.43116025009670
-1 3.48344463111345 2.05122702133672
-1 0.694669234258964 0.275166647953574
1 -1.18001413186120 0.886976167582134
-1 2.17242437166677 3.46181500786679
-1 2.51489099421421 1.46600067430757
-1 1.09396266707144 0.289360765701902
1 0.226364025574396 0.968648711518327
1 -0.534991206813931 0.0867996526798313
1 1.12969035842312 0.0451856304476412
-1 0.273036877529146 1.48063733707402
-1 1.19133602855740 0.103152864699453
-1 0.916766548070239 1.10783404832365
-1 1.08622320224416 1.43357371354738
-1 0.509452394982849 2.00440823697326
1 7.01563669314046 7.17282046565858
1 7.05358598438088 7.01059869102948
1 7.09666215529234 7.0955884787695
1 7.13877834062988 7.09810316717405
1 7.40280182540224 7.19322550552457
1 7.03642961320085 7.07898535007534
1 7.11585458168965 7.14786427852148
1 7.00710066279466 6.94462572121476
1 6.98944527198148 7.0672560196721
1 7.06175676655617 7.16654148406818
