-1 0.170156279432929 1.09096488283046 -0.726205680245618 0.216803483564354 1.03328462575502
1 -1.23822887045681 0.73068539380753 0.739946924325635 -0.00819777883960953 0.283346930226123
1 1.17280703565209 -0.342148190611507 3.31295058994168 -0.259898045598035 -1.6613161347432
1 -0.92934205959735 1.67937285919665 0.0654415325955577 1.13801717817136 -0.51597680615146
-1 0.31592942023633 2.37268502537113 1.21071411739909 2.14160273116931 0.385113152111594
-1 1.80270231481203 2.3316858028177 1.13987143679094 0.251885011489509 0.216977320529123
-1 1.79534606610056 1.64630757358554 1.69739977211385 -0.796521821518153 1.08241847338439
1 -0.647220942747037 -0.448474834452101 -0.400473958837515 0.882558416061968 2.04106684135656
1 -1.02523780606835 0.3598331624807 -0.493150707241555 -1.38771400723924 0.258786845053853
-1 2.5293064074012 0.00981207269618944 0.521160269806433 1.73182756172483 0.628449771392255
-1 -0.294931585811354 0.00261989190387235 0.635884338209123 1.03086597462670 1.61428386647002
-1 0.599828290817188 -0.867774593111802 2.07791440377759 1.76096937772912 0.732325851889824
1 -0.74318753075043 0.708433022279676 -0.198355479266083 1.07975165878889 2.04469980713246
1 -0.600968109200125 -1.92830655536258 -0.547894756131242 0.0977981270977763 1.44629218118441
1 1.08121440572028 -0.584441863455097 1.16656767688528 0.861791953885046 -0.792664670768802
1 1.25786756334565 -0.643869008838564 -1.71821465411364 -1.04346834581237 0.395854424963992
-1 -0.740251835377636 0.543600368161513 0.922958919105562 0.488041534008074 2.28215681852707
-1 0.755600515195729 0.186390659158456 1.26682795569733 -1.38584079759309 0.428440509992941
-1 1.41980212444288 1.57928508802521 2.35717451328004 0.73271472777991 -0.00855701632563177
-1 1.72624358869990 0.739271067919624 1.31689351750442 0.882355740203932 1.44703413797521
-1 0.521493563387273 0.601449851265187 0.270071616537506 0.0786210428128269 -0.658951834493221
1 -0.212518333016837 -0.9313541990355 0.135584927912565 -2.22357139669751 -0.0761778414320632
1 -0.752747843601437 0.073640466065031 -0.081419281574929 -0.1305668519473 -0.0627893007070985
1 0.478933205822134 1.36254203558058 0.317551235460369 1.19888978708374 -0.745344468512537
1 1.56222608816665 0.529558617328684 -1.52033743988157 0.0207391985417115 0.744798355192036
-1 1.58583328706885 0.527849827977134 1.01864280534621 0.373031530675375 1.23715725990341
-1 0.110839193908433 0.93462992717087 0.844325433803285 0.232502506921706 0.851168238016472
1 0.563794761925945 -1.98880252237784 -0.708638440803252 0.890305170443917 2.67836440298604
-1 -0.352174842128102 0.372589651736354 2.33971626404059 1.44610738292149 1.66123958981717
-1 1.52659533794283 0.68272671339581 0.0209088401186536 -0.553252517906032 0.0849373795958832
1 0.9965779610763 -1.38935773186256 0.984555760361445 0.234540016541611 0.425433071980915
-1 -0.35094582224471 1.63713770295799 0.500697789235865 0.94834606823152 1.17144878583772
1 -1.79788942562382 1.0590837733215 0.262211250484546 0.602483679474453 0.66134505902718
1 -0.567514599986185 0.0789916638081449 -2.27794617619618 1.99604443677089 -1.97928399790381
-1 -0.732012600055229 0.99140458473551 1.87096685983170 2.32243867662358 0.89884274804132
-1 0.557563335663451 -0.317144983562000 -1.05993588232412 1.78587820790213 3.04093491625349
-1 1.03860519480357 0.291550498392705 0.623223836636944 1.88518093905882 0.885006541381524
1 -0.494524453462443 0.131825596853917 0.405452635188658 0.0797987514041797 -0.682891026393806
-1 1.65875898119308 -0.187353175623264 3.1476333271413 -0.125556883415642 0.813784998483437
1 1.10265530385964 -0.483837428569048 0.871654687550608 -0.120768270603332 -1.97556833645018
1 1.35169111039729 -0.676432037630736 1.15172359162148 -0.573453643809811 -0.345709316050773
1 0.728076873980382 -1.44793844136725 0.52088732231409 0.188696816389134 -0.773300245550036
1 -0.772305269912158 -0.485910379132899 -0.241043621926225 1.36557161735894 -0.586766289924859
1 0.76880982015963 -0.783829742437793 0.882565101163886 0.82544810513493 0.176697000680391
1 0.091650785671563 -0.795583437172853 0.152204962508701 0.668885471988575 -0.290807692554564
-1 0.420315972154026 0.830897099713847 1.53281012457975 0.100143628204768 -0.0751923886442079
-1 1.55044103160092 1.46666511848120 -0.0563152723377346 1.73066877088517 -0.112423645411955
1 -0.76328351899731 0.8645863102944 -0.851241900917793 0.241751557926642 0.800176708512745
-1 1.31098406862672 -1.05902251597214 -0.83736149358292 -0.927702311883857 -0.117595275301133
1 -1.83457178703899 -1.31777987423863 -0.540897038961434 -1.18864324318006 -0.736120069886921
-1 0.0845429995527964 -0.86521433507522 0.890789062304183 0.285605859705186 2.71839969643147
-1 0.831725306023124 -0.756780029529338 1.25894949355781 0.62929575191834 0.802714919052437
-1 0.105678902233624 0.760141374240868 2.28018322948637 -0.70585010634084 0.560754057147155
1 -1.55966226176862 -0.366781837312787 0.0104538590302120 -0.139666981468387 -0.920984616396178
-1 0.590967533282797 2.24636823868871 1.9173964915628 0.997734524322144 1.25888469918902
1 -0.503722156964403 0.546528851525234 -0.068134972265846 -0.783506334424958 1.40200732897648
1 1.03878153975537 1.61267227787611 0.210047463538661 -1.73534185957796 -0.238218993213629
1 -0.0957512837145366 1.36784579202886 -0.74022046207719 0.273843465551107 -1.02326356287494
1 -0.210104521636663 -0.797796503690661 0.808211332407864 1.14331792773398 1.07058552990354
-1 0.749249830814618 0.177211129079442 1.35427414283283 0.415208475098650 -0.788387004045494
-1 -0.193046063019735 2.49631899641069 1.21714613386071 1.29013543086773 0.63247104878297
-1 -0.46415044483082 1.13995836539846 0.876255096952604 1.29792251140788 2.21000635473162
-1 0.85038713444467 0.772449996221949 0.858744266667806 2.01377242703859 1.22664381137762
-1 0.978442692013529 0.842626832314351 2.07125674497954 -1.78266481623255 2.74465629078071
-1 -0.486624651059582 1.01806308580273 0.964904788815941 2.74562050552151 1.00178623655648
1 -1.52252639335596 -1.00108201137815 0.991172172331268 -0.328198800546845 -0.545375509520433
1 1.73699582050487 0.250182117414719 -1.24035961462769 -0.44310504052079 0.320674124785845
1 -0.176942291586743 -0.846196759847715 -1.27725148587101 -0.472147311399043 2.55497203767444
1 -0.237559058787322 -0.835401364706086 0.168366554101326 -0.32675765826437 -1.83859694401009
-1 1.05777858153499 1.51831072115848 0.258647418589648 0.411405479230614 1.16278418954927
1 -1.65629810044423 0.854422987344695 -0.988503537079165 1.3029100764115 1.35471641079912
-1 1.69411187181704 0.858672709331766 1.18913266958372 1.78341070208542 1.33694183288113
1 1.1118661294167 1.27331546402795 -1.07401516593081 0.183103683506148 0.291856394559277
1 -0.737581831182989 -0.258530806708144 0.895437764342955 1.35730511631136 -2.15658467584523
1 1.04935651256145 0.205326676373029 -0.0145336708733758 0.166219188642842 0.229333904912126
-1 1.33951074534872 1.24656723148757 0.815318311989348 0.391057057844394 -0.7858217681569
-1 1.72879779326840 3.00452231955416 1.43940052915435 -0.914105579010763 1.34898257905750
-1 0.905538499258142 2.35447710876141 1.26172111546399 0.783944829000743 -0.229420149266406
-1 -0.872883619295718 0.901066527948217 2.34713537561747 2.10828043273642 0.97980447132893
-1 -0.209758308074442 0.89606265381194 0.929404712279958 0.245412625015898 -0.324201764598489
-1 1.33372944929611 1.23233389449060 1.93086174586903 2.67061698883713 0.966099137545983
1 -3.74375468751913 0.499044276990882 -2.39085345339086 -1.49021817895075 2.59008859437107
1 0.82828737942846 0.811265088453915 -0.456484582213818 2.67243437180623 -0.565424484665138
-1 0.428953173240946 1.73162636535011 1.10614699778249 1.23606523675522 0.838443836595567
-1 0.845653470248094 1.55604419457078 1.11602630086412 0.224330184723345 1.53332102234036
-1 1.68564533597697 0.639845261236458 1.96048053722310 1.26556216805438 -0.350325700908237
-1 0.300900103106787 2.16736888880728 1.64167657414828 -1.42924518896801 0.102760337350260
1 0.590176327226638 0.0157590841216859 -0.200871723752240 0.493085070271136 1.44669062703680
-1 -0.216624801472748 -0.0538699082481928 2.42873711835092 0.441601440339986 1.02061732279263
1 -1.62929237053019 -0.552835990423963 -0.227592450744169 0.0179033509951156 1.46602145946468
-1 2.0590733875651 0.974387352842523 -0.602822220568502 -0.0711085574005432 1.90882965361952
1 0.00298934469379073 -1.80362488839312 -0.944256133354778 -1.23385946372618 -0.862193798063147
1 -1.90933864913245 -0.978322760000176 0.0522355921704233 -0.934532028351816 0.444978739985779
-1 -0.981811320706878 0.375481044327021 0.595828498013866 0.984820039380627 -0.899178055804537
-1 -0.398927245931547 1.01739486675897 0.916185799126182 1.18526758998253 0.500799517678264
1 1.09698222764426 0.70632735792588 0.137261376009207 1.4203090988837 -1.10831159422405
-1 1.66345471728277 1.12706025325069 -0.104502096088119 0.375117819194342 0.773299377470553
1 0.67009936398919 0.561387574419424 -0.266396251875715 -1.98023707436315 0.180692386993169
1 0.279070969147687 -0.078092581343202 0.701988097734935 -1.06680184321460 2.36114730024895
-1 0.791425949359903 1.83951856629582 2.15837147176080 1.00435598775845 -0.266968189085317
