-1 -0.324328955385936 0.574994539346579 -0.200252003603565 1.51676495717488 0.375481008898776 1.88545234060621 -0.82567181584088 1.57511870685224 -0.991342923369613 0.834281481183837
1 -1.06834815014699 1.09212254426166 -0.0672461097386724 -0.252451367704289 0.171395376400264 -0.40646075012319 0.1286318622929 -1.33606313822314 0.450926139413545 -1.31907294140370
-1 -1.26066549789494 2.19618638949322 -0.758949785520795 1.16762892003345 0.0857682068551128 1.97812156748486 0.428480855568945 -0.175006183827855 1.62318317909325 1.19379743861469
1 0.680083459575116 -2.07810292997979 -0.659786917957521 2.14865927312797 -0.545865083992491 -0.193648756018277 1.07028264057501 0.251023298233854 -0.194811756535988 -0.734882470324253
-1 -0.0211621527229079 1.55822181263916 0.376549423305485 0.527588672463013 -0.410467235959544 0.441500587249218 0.738199936123771 -1.66822869930852 0.202084701669084 -0.0866793323297446
-1 0.799952278323046 -0.391800928565264 1.60384610606143 -1.23169718753075 2.49659346522009 0.96677454519572 2.18119637553322 0.501920193700892 -0.729136831073908 1.23582086237363
-1 0.316039970219335 0.68716231835037 0.886123988470281 0.935171001623877 -0.0807255109399042 -0.30193751600469 -0.119432947853914 2.28410669970584 1.22001517802926 -0.910570340310702
1 -0.436530712294132 -0.425994153027315 0.440923848192096 1.25919547612317 1.04747536989181 0.872954533778537 1.35849024295752 0.563678061093693 0.223744879331370 -0.393862642677198
-1 0.838673913015992 2.08124329135253 1.09311705056504 -0.646192088325901 -0.491916101043479 1.94730633526295 1.43833546222185 -0.192894476032175 1.01838296096448 0.070904089932209
1 0.098418429296639 -0.707603664345562 1.32681795557627 -1.27873962532266 0.457200716665683 2.61202040324017 -1.03730557043386 -1.96403456506281 0.660315753211428 -0.126028815435419
-1 1.30714441139245 0.714997166287581 -0.360874926258663 2.22317140175442 0.68177983057088 1.14513561173354 0.742828344938556 0.315449662757182 -0.428443272454168 1.32018569650835
1 -0.313873572837295 2.47511412135171 0.284701972422109 0.331860879786852 -1.58941647211488 0.654594085941939 0.407454918453783 0.109424848797096 -0.282923882729287 -0.923459552694818
-1 1.00174266391533 -0.0617703695685394 0.911025484616784 3.78792635384147 1.5003246579065 -1.69515688483828 0.00282339366861728 -0.665011903029225 -0.210501521289559 1.72787664254424
1 -0.333012521972412 0.797087578719567 1.10406162569871 0.744720445847467 1.14605011543517 0.632169475005768 0.115515053701954 0.298284542332979 -0.811985036487026 -1.18138755214319
1 0.326265487936605 -0.139239183045769 -0.552299102887554 -0.217643107286920 0.909725474310513 0.98961143547367 1.34680206367802 -1.32805350350031 2.68821176985139 -0.0333952435325420
-1 -0.106630667034671 0.0370750483227638 -0.743106883354661 0.723832403074623 1.00393654726139 -0.191574527297791 1.89870710922905 0.919279788882097 -1.34049801297218 0.437544754466237
1 1.50568144586708 0.148436466799861 0.0620798918622245 -0.0939078944808782 0.714164280066458 0.778707863926276 -0.572887360933651 -1.05659203293866 2.50625537922836 2.14784433581921
1 0.34544146822042 1.13899729595739 1.31253861858989 -1.03578288677951 -0.799196566998595 1.61382421121187 -0.0632712714396093 -0.268047470936542 0.254205885317742 -0.691626382286421
-1 2.92431464602999 0.0526598840826858 0.811932778337833 -0.0535547780403486 -0.588642152320301 1.27446416452686 0.233482368815313 0.564228922002741 1.01252465138719 -0.483988953762978
-1 0.703961476490278 -0.175766445463243 1.82301486211320 0.903981225202967 0.387085018678042 0.209332184678781 -0.101933317332173 -0.219737805198676 0.868578072180375 1.43099500261809
-1 0.869590208396553 -0.0965932793062954 -0.456592157790077 0.196547841666854 0.350169466779999 0.556164931130354 -1.10562529040001 -0.253785988437877 1.29059225138907 3.29788706278627
1 -2.24457130877224 1.06301413000373 -0.176862029922808 -0.317798868898967 1.33352002545415 0.521588228688341 0.831288543372524 0.270597760563985 0.155195950648448 0.909607250761408
-1 1.31973087157239 0.165584569610645 2.71796448394219 0.678062675961689 0.703579253924352 1.65276744676821 -0.0678142083621475 2.93622364690912 0.0422694507839249 2.70652913832244
1 1.08305185644429 -0.503086902129959 -0.801632577058689 0.137875430725342 1.59487232993422 -0.191480722046699 1.63464240658755 0.0496242057612812 1.53894690570368 0.966435020968034
1 -0.044946054014264 -0.309583885711629 0.539065094285883 2.93564965798592 -1.51445426928850 -0.0695300846425702 0.760584586460798 -0.588189122864517 -1.76300424470415 -0.982966077751317
1 -0.609181296500207 -1.32312394876689 -3.04601463316795 1.04015392483672 -0.931905961468834 0.52138615807154 1.14621217191497 0.976150974772927 -0.624228700204299 -0.220672916755018
-1 0.209618315329014 1.23444862833125 0.144781959258895 0.161187508994925 0.907415773951045 1.26854062299055 -0.920780529672442 0.613977165240618 1.82976332327026 0.964260888984576
1 0.783959444164119 0.188105789072990 0.730321613891737 -1.16818985077791 -0.853169270306762 0.733686731191041 -2.44412786403771 0.175461515472537 2.08482447055667 -0.349443811272329
1 -0.419890809977546 0.484311979354695 -0.300186987612163 -0.202533872435862 -0.320099537915908 -0.496023252898098 0.724940745213276 -0.309418452455425 0.614920587950088 -0.52968734706052
-1 0.31278385355136 1.57892435873269 0.904745623934132 0.767637222913471 1.89091122580761 0.874503888721618 2.2880522098869 -0.422975316588374 2.46151327225736 1.38776132383702
-1 1.04767425073326 -0.461988242395128 -1.51416231407114 0.436839864738638 1.95322172675701 0.288473157048785 -0.233791806110750 3.86332283187435 1.86177483396668 -0.675313647956381
-1 1.62488324049773 0.504060693852482 0.826225123447994 0.548569136864832 1.42917868403476 -0.0911697894291069 1.14587758602420 3.03481235913798 0.00572238941466308 0.939134834851408
1 -2.49392118149593 0.268916772620831 -1.33768135606928 -0.475432764289675 0.851427340082735 1.43282090331990 -1.91692547571992 -0.631561879591385 -0.0469209326115178 -3.01261022723000
-1 1.9919626766642 0.0282483061638834 0.942471058160447 1.58320303172839 -0.634095192499752 3.02620484781875 1.47101072113269 0.743188194298039 2.22771092949633 -0.312293977325555
-1 0.984423016607493 2.23469377433396 -0.195151144895526 0.45025110356004 1.02214127734358 2.9078452315555 1.53883349167391 -0.186290616498056 0.341793041981018 0.386928144667753
-1 1.37359243708620 1.10378653921236 -0.540255409340895 1.00348963129496 1.60722660938240 2.07336243248230 0.019603365243665 -0.346317344664645 -0.118969410003779 -0.445065302395917
-1 0.457920363496583 3.87896940480792 0.832221131431666 1.58927936683286 2.89103811233760 1.91834013183419 0.0122932155185713 -0.0758559892368089 0.628921403521269 1.61831290740582
1 -0.970422286601805 1.30608824251111 0.904066638423975 0.988528897662913 0.564280087246418 -0.0313308038164455 -1.39579604562582 -1.98422413637016 0.634232720697187 -0.838256277845698
-1 1.92731205000306 0.589653921598219 0.251810621198323 0.765479611447089 1.73934609219063 1.75479413361308 1.83046312155586 -0.128849100056565 1.76492847530473 1.88353702275375
-1 -1.06169651396329 -0.70781610630928 1.63314656621128 2.06469500062328 -1.46316411791341 -0.984711330172923 -0.292798236430576 -0.158995270782804 -0.42294793948305 1.44942529451289
-1 2.07668653369045 0.0516327348198342 0.224935852083617 1.21065027434184 0.626992796720815 1.17796578764316 0.217072050248466 1.49955110912228 0.0644334467811432 0.217645086671635
-1 -0.0264752427452415 0.377743983975115 1.42050341374254 -0.104104172874547 1.67241062807993 1.53591992986090 -0.723946808299138 0.343982316235557 -0.0939991309664354 -0.9544015070734
1 0.791169200304593 -0.609804828258755 -2.03117577506665 -0.0472626093014707 2.47116794948491 0.757172831301766 2.46172544365166 0.56890984382494 0.577946826200749 0.750750691186035
-1 2.55123292312835 0.182719837759769 -0.345738137829527 0.427637745791282 1.13594074752083 0.306015558536375 1.91798809991007 1.10191667942345 0.656847225072806 1.36916011121471
1 -1.78544104799910 -0.850319277496355 -0.129305120084333 -1.37214219668452 0.767801214369969 -1.56720813035364 2.33361456555847 0.616738558746116 0.91828401872049 -1.55891934485533
-1 -0.465984514943265 0.443803343735004 -1.09113539207615 1.61789235616115 0.581189253441145 1.01446277754678 1.17587188121234 1.27645353445903 -0.409712568126333 1.83853943253148
-1 1.92214926389969 2.27741603082544 0.459272796269692 0.125633755871272 -1.82423452321006 2.68407859793289 1.14217567039172 1.77156687593929 -1.93622315563037 -0.252747551685987
-1 1.55753704048457 1.43356742013369 -0.62645243319427 0.417337886415164 1.59628876907242 -0.904203954017326 0.754334556216996 2.5216806292889 0.870692550730537 1.90597056538305
1 -1.2945458386272 -1.04693305355907 -0.110100414740991 -0.0907344254531755 1.17569762525891 0.280803115072537 -1.34087942907867 0.582128439818249 0.0248985911498501 -1.50105352694136
-1 0.74177756747184 1.92694049531792 0.62424899172707 1.37051857108176 1.36106334557044 0.0683327711374713 0.81348235763683 0.66713229284091 0.190772318419378 1.0168984522055
1 0.414172472707373 0.866661843535519 0.379884643344974 0.411677092754506 1.46523496189225 0.111688690393464 -0.702500245301527 1.14800310556378 0.820686142957486 -1.63669727232554
1 -1.06790729144267 0.215840148349948 0.922404680590669 0.0223736559596821 1.36649475856212 -0.164451305366135 -0.2394609187848 0.820900859290962 -0.0228394739403799 0.91526545309392
-1 0.179194881305096 2.35288987302485 -1.50202793280553 1.59323442982528 1.00132546454192 0.222929035253419 2.59069162795745 -0.885165137073645 0.154026455156839 0.773715610355915
1 0.448270365775114 0.0533377225274988 -1.50946962674092 -1.34959841334609 0.315692046181528 -0.434203251045324 -0.465505327820701 1.03270241830819 -0.227368660819312 1.13241217521177
1 0.810290757721294 0.681720345037877 0.39175116824421 0.243102930402673 0.106651948617615 0.78657524468056 0.575771817146934 0.177586440318396 -0.139965739862497 -1.60128519326973
1 -1.68386000926180 -0.196940685971520 1.52208201336021 1.11278560034809 1.70279632224620 0.484818382975453 0.159885439274544 -0.386921100162227 0.317756895283241 -0.509846974398498
1 -0.532028390176177 1.27437161696033 -0.56263601379711 -0.0570974207462301 1.49265107615858 -0.598974225592093 0.661907770392319 0.854182360127724 -0.225383557132169 0.713501067119489
-1 0.312275289310000 1.23138483349769 1.80633483209136 -0.667860201109725 -0.089929216729261 1.45520966841070 -0.98780829327273 1.02879368261805 0.0118258895762354 1.17819694486468
1 -0.788648972516369 -0.864959179629173 1.67068405394205 -0.125190513619825 -0.695197294751227 1.70738263443840 1.07952450062916 0.586288286992148 -0.212129591562548 0.0690047360569137
1 -1.52373001135140 -0.237743313487027 -0.854210533318558 0.511282633844915 -0.767782367258669 -0.405918400859596 -1.07195266571954 -1.15086097151237 -0.275040010439561 0.774902840827914
-1 1.83204571885058 0.467157297062158 0.152980141053508 1.71561980891826 0.409104416143884 -0.466172868851122 0.527421436241663 0.630081735710571 1.37674027444566 -0.629180684087015
1 2.33053687518607 1.66600293495497 -0.901932161583115 -1.58483876028411 0.883442368860208 -2.12030915340175 -1.03331655476266 -0.998487417744119 -0.94936107508287 0.99431662199846
1 0.351485997826893 -0.158293498157771 1.31465093216093 -0.0944470757739605 0.928904619277745 0.0833435919785427 1.76683650933010 0.465685139458494 -0.671690852517768 -0.677741797979333
-1 1.09781234015293 0.719338653759867 -0.528802712852335 0.78461036087575 0.981793601330746 -0.0729648627951107 1.04583382198733 1.34740833801391 1.61555247839438 0.696727257724197
-1 -0.742698576374359 0.202119407251724 -0.218105185662157 1.12962672871508 1.53519337303866 -0.636339607420284 2.16654456674395 1.21053531453954 0.64988457948967 2.26263285299978
-1 1.72421015787562 1.76019890665486 -0.455616444095142 0.239256311911176 -0.0161110536135325 0.358469748668592 0.698180453926886 0.4288392211519 0.679588966064075 -0.175806099506389
-1 -0.209184881157993 -0.366494664851197 -0.814284315426864 0.595226026956587 0.0159344460384432 1.79617374843164 0.130114732201222 1.45149756858730 0.09932563426489 0.475554197476886
1 -1.7080857009319 -2.01420783901692 1.02820775982451 -0.653560443744051 0.199297657035343 -0.611687531099765 -0.118567503927092 0.766002415472122 0.960298592886835 -1.51272139574426
1 -1.23848775573460 0.898630060891415 -1.05874852701488 -1.28558330390421 -1.12276070850250 -0.556649161155567 -0.217215372872642 0.219853306569638 1.26942943327879 -1.03451071119931
1 1.70114263911801 -0.253158433835688 -0.841348806378611 0.51439403536998 1.91423832581378 -1.68979518180733 -0.226529454659527 0.588125904058073 -2.54734921961008 0.395103606742379
-1 0.586307625075457 0.72392944007032 1.22297053440942 0.667792308355393 0.89887958785567 1.28378786192640 0.206427730304492 0.805293216347262 -0.278082907763104 0.449387150262484
1 0.172685256318893 1.78172024754606 -0.242602922430954 0.0420173211822809 -0.456207240709292 0.527073085873139 1.22505643248404 0.526605213998445 0.420545294089119 -0.430921945768381
1 -0.174976272060108 -1.46688968221635 -1.57345571161793 -1.24483299477372 0.658845628589002 -0.167685711379533 1.62717422215551 -1.92608461137814 1.86308588719409 -0.856338589888867
1 -0.638950518352788 -1.51377304226615 0.413035142833598 -0.648376021294375 0.962186136188743 -0.452100542143034 -0.104649663721188 0.508302239075683 -0.566448028427763 0.335981208082956
1 -0.843019246834437 -0.400326528000252 -0.260914295122889 -0.115153203915416 0.789377262769305 1.48474931770412 -0.232845208282884 -0.332090311615049 1.28952281745855 0.221028097496081
-1 2.42618603004812 1.73870829565178 -0.164765668490971 -1.66067742182453 -0.623703812793653 2.16024421291934 0.182627473912798 1.83030992942446 0.753486925342508 2.34463337841019
1 -0.906389024676378 0.107605932736231 -1.37674981643468 0.778762769740876 -0.00507859740111197 1.28160057883095 -0.766989395520522 -1.67928889002709 0.924540901915734 0.283744624241406
1 -1.98116488747302 0.911722368998555 1.26422858239697 1.42883615415889 -0.182013638712961 0.185597662383951 -0.229969465719686 -0.714097425194941 -0.836521883019892 -0.305615034192209
1 -1.87815083129111 1.17955625054873 -1.36550518945088 0.676767546878337 1.98678047254272 0.484760836590242 2.37437613321779 -0.70457758469789 2.26795195841215 0.0918562995890164
1 0.0601491681561316 -1.11993063988564 -0.0258478198439541 0.744475011577505 1.29181228829417 0.250759552813228 0.647380267192035 2.22122842105169 -1.37256259979826 -0.310795971782424
-1 -0.466982135272488 0.533593660071491 1.63726698819723 0.65876782040275 0.244480546932398 0.792796726101166 1.46698397512955 1.88732392462603 1.20186087178677 0.675198557693155
-1 -0.154297780483120 1.06750456321005 -0.475439619527195 -0.281799038530017 -2.05414226339227 -0.0229324532776640 -0.369378042838444 1.25309494735621 0.994817340147933 2.04581696696813
-1 0.274103919347781 1.63875405295947 -0.560255545027754 0.187579031723857 0.718376787223205 0.653674000595441 0.758606156031154 0.805350177593589 0.813338356277626 0.614730378410259
-1 0.248963578085225 1.38812395898425 0.201250504856424 -0.349698166838299 -0.183288841400626 0.428107315364316 -0.839987454315345 1.9396159145729 1.58092176592365 1.67037023703693
-1 1.58499593176424 -1.64084864363472 -1.12884501319703 1.24539850929652 -0.174694534976741 -1.94027506364332 1.55063500289160 0.291606553296497 1.51860520520989 1.39644175096014
-1 -0.285955231403365 1.02376142993373 -0.173668085336325 0.317059455515395 2.0292715191304 0.279059746519244 0.712811171756235 -0.857512859753748 -0.459703557682955 0.0453284142145866
-1 0.514021974069107 0.757724633110434 0.61705895234322 -1.02305694394699 0.0255928120894731 -1.59741233874769 0.0679286501498138 1.05827909383709 1.45311362934851 0.783375751693643
-1 0.210856688293154 0.405627333915972 -0.0711938474259126 1.85728102087260 -0.573365681735503 2.33055006775905 -0.308503976664125 -1.46731810960126 0.78913629748897 2.36372548060569
1 -0.0853305336372738 1.63422186441677 0.107645304459319 0.122063251665916 0.092745887412536 1.11548428850314 -0.952560183441955 -1.04705251429190 -1.54741445459684 1.17662594084998
-1 0.566355303330507 1.05856545874675 1.19310060852933 -0.669952400614148 0.836768581221536 2.55779165172434 0.567406687855106 1.02045522820309 0.129873955553290 0.557796748332643
1 0.619533605424987 -1.20408353434245 -2.12634222455395 -1.97426054135513 -0.745473354654476 -0.170953428061616 1.06396226954966 0.7653030512338 -0.495712933383072 -0.353937070588038
-1 0.38193093961449 1.35530566085472 0.503931653878469 2.62234743299240 1.88202593791439 1.67691363788511 2.10440802932338 1.26535632051246 0.72919198331811 0.777882635817251
-1 1.49469377216380 0.353881516887097 0.639776804397635 -0.489321411438005 2.15267311383554 2.04166395113238 1.07905618714132 0.80513203605188 1.82191785760643 3.17069518454073
1 0.118022141548776 0.693832162859244 0.287704713857692 -0.59088250788986 -0.996096802718234 1.37469693524345 0.585967854309383 0.436246200356849 1.33312739667053 -0.872750213758598
1 0.817670739716556 -0.745064633632932 -0.385729072769614 -1.09120352291120 -2.06240279590367 -1.09083265007695 0.88950396335992 0.318856892395899 0.957612006170118 -0.402664677847162
1 0.932268548933234 1.02632210681727 -0.632784959644268 -0.407571741103304 0.105243195748127 1.12852649829855 0.268162888257815 -0.620107625434945 1.43164930923424 1.15398616147676
1 0.83068142622479 0.821347019578743 0.00447988499853108 -0.0821108698988543 0.51072895650786 -1.00184088444621 -0.499769754816726 0.0671291000916426 0.298825784313424 -0.184729017257456
-1 -0.266942947577014 -0.932348755658674 0.0358766478070131 2.69306670845673 0.311178709118351 0.896481192595819 -0.140663040396032 2.18575582147318 0.411360794435095 1.61251720057109
1 -0.530688940667169 -1.02147651240802 -3.00191651568957 -1.08335732240552 -1.39723276921341 -0.234177562474805 0.222784613784883 2.04309454513477 0.111047493394297 1.14195344940635
-1 -1.11045488142758 1.54318630775284 0.132381789988746 0.942668769399591 -0.28218250766408 0.68398000105836 0.113733629459892 0.380956577710514 0.913421998881532 0.888767077097302
