100
10
-1 2.31887699278583 0.907650072548127 -0.999814298410083 1.23919700833593 0.0999514247978932 -0.547344815117312 0.946137482619988 1.54781619288891 -0.172217102080914 1.38641413504961
1 0.216158366711782 1.75800327385509 -0.238662235316768 1.14453484815937 1.83502421744660 -1.07981929910886 0.0911140936753303 0.296842061895685 0.94327726783024 0.847102077161466
-1 0.488448387066812 -0.121406550790668 1.32243939678216 -0.274661488420181 2.57510384357592 -1.85074871557673 2.44312617287655 1.52073602172368 -0.240928013580645 1.87542860358521
1 -1.66068553823666 0.370730729472562 1.76399130470035 -0.130579109710796 -0.831215345691651 0.383328994617939 1.01776502459208 0.585592305304141 -1.06165609674748 -0.327715522407745
1 0.25650793414261 0.078285843873727 0.746722035614089 -0.660085082167642 -0.076832601870115 0.0993540109071235 0.63063554506717 -0.0159456450836322 0.614539435849122 1.38700366625479
-1 1.64148921191344 0.454376631643228 1.52571611767395 1.09986946058159 -0.156769354658155 -1.20727853379244 1.16053741569105 1.92952264587377 1.55784136027664 0.57291342657304
1 -0.327319187685915 -2.34073453445412 -0.425845713248591 -0.568596658000081 0.119304967814730 -0.867459396030815 0.280987117336437 -0.103120326067143 0.50688236383279 -0.98977804606394
-1 -0.144915835647271 1.51188326623437 -0.887654942269877 0.402615898949303 2.0332192768942 -0.384620660043645 1.99333284382551 0.874482489351404 1.04106747241800 1.61419402806128
-1 1.78073631088970 2.66438030693703 0.276098022267222 -0.978144744751002 0.0714883262952509 2.12655559768780 0.20608264482524 0.733511952931244 -0.233478403763954 0.224214564023635
1 0.835927521527991 1.63466135674584 -1.45375917135924 -0.554322008191302 -0.0131883182064889 -0.627189193218439 -0.443212085696893 0.0384828948620427 1.41836968989005 -0.527994050397484
1 0.182052353401844 0.320280766754636 0.504709749482115 -0.223176045383838 -0.354572954221346 -0.885481754501938 0.243645026850147 -0.786379500315643 0.254017757020023 1.56748944351898
-1 0.075520714967781 2.57694214799357 2.23356068007312 -0.456712668425794 1.20352680117223 0.244606421974789 -1.11340165674884 0.136798719690027 -0.0393345873370805 1.68673185591194
-1 0.0337961774135073 0.414236304482728 0.160142419107296 -0.841688651154533 0.531869501794991 0.0560414724299697 0.449761989989896 1.20227234704082 -0.741326891931013 2.24258157274190
1 -0.70392757635573 0.0613789373725317 -1.00412475809345 0.305447840527589 0.92984248481988 -1.38016672638747 1.23365713555644 0.835063616153252 -0.360846593684539 -1.35891922166557
1 1.54484993095871 1.30130768399235 -1.21726854568161 -0.773734886340862 1.81418459439026 -1.21573003497471 -1.40753216155097 0.511255736799232 -0.420419650878822 -0.0463140720029061
-1 -0.874344436698646 1.06999509432871 1.76827193412206 -0.282827009445598 0.990310929008076 1.55824992559848 0.196173684648868 0.624064415533943 0.744815674245337 1.77829141829555
1 0.889125965725583 0.72108491378546 0.754914335636717 -0.96611045725248 -0.709852568402895 0.443320765695577 0.0858879051889455 -0.723769076734642 0.625001882393528 0.992164471832079
-1 0.416688306522961 0.392051158307999 1.07327222530934 0.997837362324717 0.532144145671808 -0.285126507225782 -0.0192137975845513 -0.563816758992362 2.34451038495855 -1.70219066872688
-1 -1.06221673371650 0.541032501686776 2.00378770213024 -0.455838186608492 -1.52794160450989 0.91242257295412 1.60884108558090 2.90131378527678 1.65995047775434 2.48588885672682
1 1.60208841460724 -0.0558874601496064 0.912139671798905 0.160302416607398 0.226606343408786 0.580705578408532 0.273872984300531 -2.07963993051501 -1.44796990980189 -0.654544497573516
1 -0.124390081328120 0.0704496794283425 -0.0353774415884402 2.93176544007749 0.68547129973329 1.49455720624483 2.50986155646825 -0.137823638415066 -1.12470950907443 1.99403975848068
1 -0.25967584836307 0.265895009390896 -0.81377125648902 -1.17422659785860 0.107698592318345 -0.0316498708707192 0.658042771868296 0.876199065981872 0.94509933893812 -0.712830009347784
-1 1.09369955047663 -0.372972336817073 0.957867353151731 0.844694410515964 1.37287441134066 0.280703759494432 1.44045017018468 0.444583111994095 0.593812707390591 -1.72849123353445
1 0.306877914290947 -1.10668334215485 0.663336332888825 -0.97328202897909 -0.543678017700593 0.855782218040147 0.385960671918690 0.185985627045467 -2.56368315728391 -0.999247084524993
1 -1.68480224439811 0.00818132912410098 -0.145048064574653 -0.546557599463796 -0.691127689115829 0.00892168831926194 1.37561116385547 -1.02824351751027 -0.28350559389181 -0.126232677925378
1 -0.269677366444798 0.124064741425748 -2.11647320610395 0.569542778626489 -1.60545993977735 -0.265731854731055 0.259384155001814 0.268075602123817 0.537341838860816 -0.0789219764722338
1 0.281427434525028 1.48124817826502 1.17730781359887 2.86366701093874 0.114016606955432 -0.0430263697778124 -0.573725559372924 -0.231045960995521 0.889011896555547 -1.65185763269088
-1 -0.144430143050077 -2.01691293302816 2.44459296729332 2.43913222525724 -0.870787074223127 -0.688365744800484 -0.568658993463536 1.17301612631081 3.33609080804956 -0.414986928385277
-1 0.068503899057779 0.368970920156758 0.9662444189821 0.851410518923631 0.424201616975184 1.40351433699904 0.642076287652746 -0.494503014032413 0.899524806526649 2.19029191325707
-1 0.212319565439501 0.535987170874423 0.163596538074164 -0.558866087636472 0.139431002214152 1.06625004232725 -0.069603173898904 1.31578582541573 1.55192515867183 1.14054922550460
1 -0.708782290286691 1.11653125183137 -1.07549629591568 0.107320636272375 -0.0886214859245814 1.58397311370862 -0.932968481081994 -1.24269458945763 -1.38322461993975 0.142905419725175
-1 0.573394081522812 1.50400567405756 1.86572695013671 1.53463707756746 -0.410241306172018 0.347745406354126 -0.612443440207058 -0.387364248334064 2.82444102055141 0.58733175231671
-1 0.409582214459671 -0.146205448586886 0.277454726048738 1.06514093693598 -0.280901698727394 0.713996057660453 2.41370968508966 1.00269873701525 0.459572682791306 2.28911402247587
-1 1.70850576861005 0.455789890489683 1.23426833887315 1.17744277919603 1.17353993023682 1.88043823315824 1.16592680602105 0.882613751363056 1.03113425601123 0.827001950977924
1 -1.21312358759786 -1.94113955456085 -0.61382010832423 0.0532126632484197 2.34549510704451 1.45423035027699 1.50757137531932 -2.14756648956642 1.59655947479793 -1.22795944719385
-1 0.954919378262715 0.104359551741021 0.302430998158918 1.68029810237822 -0.380636612975318 -0.736106386074068 0.348513253934467 1.02315899309206 0.600176384416845 2.42963760262711
1 -0.967922805215936 1.04428518344598 -0.195807430104409 0.885535851423886 0.151565408443608 1.96031581153738 -0.838821108898501 0.882409947931998 0.439458163122615 0.0760105504707664
1 -0.621499325362824 0.462253103175327 0.0375447954515493 1.44924709435872 -2.24905525980901 -0.0712113155343382 -0.0120306515613710 -0.993358675204675 -0.750576779906041 -0.370632949142583
1 -0.108425296295376 -0.0800693694952988 0.721792867744992 0.060427818220522 -1.71150877747308 -1.04412497925808 0.575410478212792 0.167903588845671 0.30282747806401 0.290587212221952
-1 -1.28095077727590 -0.254318874252257 0.253941480237224 0.865777301701245 1.27684678977060 1.734778469615 0.549455610458493 -0.20932544162805 -0.293695167791683 -0.0606769419922761
1 0.424418911607985 0.286866776040618 -1.24492565697739 1.162825169007 -0.741854064052323 1.08532506038837 0.272777265269555 0.194895788723306 0.458814622670016 0.197281478300094
-1 -0.0267195933998891 -0.00489964218747241 -0.475037709105146 2.04737044835145 -0.619351470590568 0.152037838348594 0.718667361936133 0.72338305303482 1.22241656296315 1.22348827769121
1 0.237659599454231 0.0352502083021725 -0.698336568072552 -0.894228767836575 1.47918354563771 0.928945477810525 -0.0329892922988233 -0.0576291648332166 0.564527987353834 2.1619379106194
1 1.65840858599883 0.573250304692514 1.15151467862287 -0.74168350571971 -0.761303805696432 -0.0575482731969347 -0.774460537138878 0.397864243861791 -0.442819845656939 0.462267670801634
1 -0.151656810840476 0.980195912132172 0.23381527839352 0.679424327920369 -0.296113538245138 0.21054885555149 0.265698892734938 0.159804373654282 -1.10409123805237 0.984655423536846
1 -1.48493185337886 -0.82124559067889 -0.813156570265 1.99564967848474 0.42473764566942 0.426644199651198 0.170357596372472 -0.503495686053703 -1.49525526239241 1.56702543349145
-1 1.51363356717468 2.06326084560837 -0.0666447364825267 0.322876199828227 0.765960378257468 0.471622263859562 -0.478090299877105 0.114762595889845 1.12328564726509 0.967396931566236
1 -1.19083026465203 -0.0443188769072285 0.351605557388087 0.526241117792868 -1.14709176879276 0.811503396838855 -0.88511187153476 -0.180126116950994 -0.982287892366698 -0.110196733334425
1 1.30397829694366 0.70119108563119 2.75998457940386 0.76136610573081 0.854364994995698 2.12039271544946 0.592967442583553 -0.669963600433296 -0.261441630897005 -1.22250269482464
-1 -0.378655800221951 0.278924049723296 -0.272422375402091 0.780681890705226 0.881034475718659 1.51906924673929 0.0123623126481254 -0.256287839738557 0.137033514736693 2.99918401652139
-1 -0.199981660646591 0.70937288396672 0.489942689481313 -0.643979925395683 -0.505558209216624 2.66035385916019 1.39452499414485 0.447312057847544 0.544887690842873 1.73217653258307
-1 1.79357639240272 0.234813185338957 -0.141403361561480 1.49761151052788 -0.44709709508124 0.944956671928273 0.171577967550932 -0.506229769874594 -0.95658847474427 -0.0137054639884365
-1 0.808013814258517 -0.0612286964956594 0.282979469815284 0.891621020846991 1.1494392706273 -1.18791390003132 -1.63593439264987 0.402327457088508 -0.124719231649687 0.287567507409063
-1 1.62099999363953 1.92356682155177 1.69645986584516 0.233351862307664 0.558826394852186 -0.465639061987314 0.869011731840816 0.838881571238866 0.0672910734771949 -1.00633873092814
1 -0.239602288318401 0.346575156988262 -0.229474421455950 1.02333680345249 1.34264977146481 0.66666050701774 1.86275846123705 -0.833167511090866 0.232646434667927 -1.70322809402877
-1 1.66998701830871 0.0603001340437463 0.626214562312174 0.605570227042313 1.08641448079345 4.1728649662668 -0.155863532156390 1.43397186074461 0.563974116476171 4.13121680499748
1 -0.610934015167767 0.197061409840361 0.143362557885521 -2.30328927848946 -0.516015189323357 0.915071653962777 -1.16083472275433 0.263885886886690 0.147840722576707 0.879705901099254
1 -0.768143867062678 1.37228568172563 1.15278318510299 -1.22224316698019 -1.59758756113123 0.357062074699224 -1.65884559153084 -0.782702403675386 -0.323287279169748 0.161336614293308
-1 1.61993094919149 1.33966658490785 2.20117645814753 1.76555488680419 0.298903485601202 1.68123519090444 1.10923364229535 -1.30113567690922 0.222479012870327 1.31429939942737
-1 1.63224471933727 1.37992047226829 0.943734119932274 1.17048314245284 0.524790461390322 0.246503687126446 -0.374379675565466 0.124453127229163 0.315515349728894 0.865310993953198
1 -0.74742843718716 -0.754444447592614 -0.857532872893625 0.77832633191052 0.849558288413684 0.191379881096239 -0.0240825588982649 1.8597837138981 0.272442851249272 1.89783432440748
-1 0.770690827601631 -0.587281816580045 -0.896461976607305 -0.342401413157733 -0.81940036753602 1.23555363885126 -1.86399440050160 3.40327200531938 0.63412782483853 0.370999181061171
1 -0.36612159118168 0.485592899172970 -0.516391056344532 -1.41536950740958 2.14493122783524 -1.02802029013657 1.91483767364142 -0.30750038867342 1.02397059045475 0.584594541849006
1 0.868759736796579 0.636425682853544 1.19026684054509 -0.358998494837456 -0.891874432481174 0.767101896598938 -1.06879154926705 -0.220817017068093 -1.17218292963353 0.289579697529114
-1 0.72856614453029 0.695014657932104 0.360530608887234 0.741238909647016 -0.0509256556758244 0.580844860660372 -1.73500471445275 2.95060457457426 1.57073441572211 0.795464835783893
1 -0.846067070097017 -1.90912825359824 0.139517104113121 -0.681204517081775 -1.45647563459301 0.57688818359812 1.55184836098371 -0.491062331696011 -0.338480314500391 -1.23468292018806
-1 0.350482833502436 0.92789595950611 0.339659131481953 2.23228052114929 -0.135936133402137 -0.0633981872788997 0.542936160596677 1.39732660596656 1.55663511256890 1.01464650025170
1 0.551944059703831 -0.28341135630135 -0.886816264496687 -0.435640090710641 0.19796929846605 -1.09392921728025 -0.231420271041134 -0.0898399019228581 -0.759911606723534 -0.899676142465974
-1 0.199724889295547 1.88666547253156 1.25084556731176 0.950161176963404 1.24798478310618 0.923379218320252 0.169047369771989 1.53795204538255 1.93404314989971 -0.220904377168468
-1 -1.71932819258531 2.27285910854999 1.27360195646967 -0.371100233803584 1.25827921207077 -0.679782981212938 0.113596678391899 1.96001755894676 0.545288562951778 1.77319574948188
1 -1.52439143742915 -0.800927026851542 -0.482260715083112 0.804304626146398 0.131020584514331 1.03390209429770 -1.46796894572853 -0.00490034181277923 -0.000818981891033429 0.904114099290871
1 -0.458812433991779 -0.871790886654068 1.29669941941608 0.920884133611155 0.68388123269723 0.535583809160007 0.860160735853972 -1.13270332559118 1.81764997837158 0.0316623215267137
1 0.350228295508564 1.137066997799 -0.438843791264953 1.61308787132951 -0.903459294855894 -1.28309953870387 1.57167010590442 1.67012195540778 1.22652144209293 0.962141370266964
1 0.0778285947226816 -0.161932247713613 -0.0935295944364002 0.714384773896565 1.17200612762946 0.772811655703656 -0.469181939600926 -0.797767823931893 -0.688954339968802 1.61501003643318
-1 0.515473192979757 0.714721065315251 1.12528885832290 -0.735776828840937 1.49274001164866 1.86752577940989 -0.199281554871086 -0.0943950646110718 1.39507629822708 0.521023823669947
1 -2.07117152755322 0.500883563403837 -0.448841843619074 1.36963466078043 -0.510445911915369 0.989332755167545 1.23317396393239 0.846080519200131 0.698491951006476 -1.04769688697029
1 -0.726168380684177 -0.393424955081603 -0.817174867802442 -0.103569855003545 0.579839238142153 -0.402059739884476 0.37726564078191 -0.0323005662911392 -1.42104432473421 -0.371733984171424
-1 2.16302921867509 1.4670853392984 1.35874221212064 2.03769429182846 1.33844849735465 0.580119501459565 0.00287705432337748 -0.380322199840817 0.78333824940041 1.19795254031726
1 -0.107156986971372 -0.565360883777548 -1.19375957187056 0.136857920876931 -0.300154483557094 -0.308758530725756 1.80629365876184 0.612655780158595 -0.858069250643588 0.144089998065789
1 0.331715746498372 2.27473350415986 1.59906795954775 0.262411074544372 -1.08561461220619 -2.21951736344808 0.26201554696645 -0.662991152282481 0.929382867700307 0.491914859637455
-1 0.388898529471081 -0.26272577976244 1.44707686148464 -0.0938201496457701 -0.199687030852680 -0.650686512874552 -0.311075400659302 -1.09135454584788 -1.72459979695502 -0.44502245557576
-1 0.0857500728917131 -0.562635391058209 2.33842245900359 -0.104061492861834 1.17197438223669 0.110461026059042 -0.180986005395533 -0.21044152266323 0.852275464042 1.68258290286307
1 2.49318760251817 -1.62041354520281 0.163635410520380 1.85938623903345 0.274657138496262 -3.05167224310723 -0.276329562006893 -0.72194624677395 -0.626779778554283 0.683786605761334
-1 1.22519470937413 1.13728860081156 1.39629950160159 0.33671867045745 -0.275109378110775 0.145358792682738 1.55480494216059 -0.178997221689112 1.44504069335519 0.332918638198447
1 0.736442496547309 -0.950811211564084 0.0863938813003183 -0.900999369808473 -0.303018941930202 -0.537696606483899 1.41349830040539 -0.382420738219004 -1.48043482664779 0.314449483315375
-1 0.0985480988400909 -0.813020992031439 2.07533760736206 0.3334874830348 -0.668665356566695 0.593955817885326 0.937140070979389 0.239938904401788 1.88371279078738 0.458163280150126
1 0.504403034155007 0.511561488456496 -1.49277869788985 0.234115394604682 1.72749600187245 -0.636232716308539 1.03119467116671 0.411594962344259 -2.75372632993089 1.08544567415687
1 -0.641216139914883 -0.635263842409329 0.0812718003825847 0.0306594349997011 -0.257085367985936 -0.226175658388650 0.707431490196979 -0.58369709922736 -0.184133226027780 2.38130908407331
-1 1.55620445722129 -0.251659389221336 2.4140353967555 0.247311520323803 -0.945972026575196 -0.514703688244189 0.42141234149824 0.247229378745490 -0.32116488260192 -0.228532862020037
1 0.0546803330305779 -0.9400190419033 0.104267069257582 -0.142629227472998 -0.357835164926606 -0.110915777943695 0.095857115557873 0.76288437125348 1.29328902278045 0.514085703862331
1 3.07514866893431 3.29775639551679 3.14145496390377 3.07457835938884 3.16276912883517 3.23398955561645 2.99471040738867 3.17582955576786 3.09188885639715 3.39854171798499
1 3.04774024138931 3.14230414682908 3.14410287006541 3.21733180278505 2.86848857219536 3.29035582052623 3.07641969033552 3.14506525512869 3.22345451143814 3.07296835268552
1 3.07541936820868 3.00076189137591 3.14481565495700 3.20820784438114 3.18678306575069 3.29679540540138 3.13058623429822 3.41751277569248 3.22278178336749 3.17621045705875
1 3.21036752825269 3.03607567257888 3.18800441986179 3.23083989944829 3.26703400546502 3.0894891100042 3.12364415244620 3.13130768259080 3.25293438144798 3.24726395078571
1 3.16224725347335 3.2505448892204 3.15891445690237 3.06947626631894 3.2818324701437 3.10920622226266 3.10585170916016 3.26418400952815 3.08725578414931 3.21806477984073
1 3.03376454976283 3.07775871941926 3.18906477155048 3.23252674561345 3.31110301690390 3.13333441694417 3.23517266890752 3.15588325901361 3.24733857824206 3.26180761871129
1 3.30309573024935 2.93067821623765 3.25559879010988 3.17432583593649 3.21674861616455 3.16141791817464 3.14772087557144 3.18366243958203 3.14943411197846 3.18509502199748
1 3.27839054467738 3.06233229792495 3.27908199688625 3.31882527507887 3.3340782516885 3.15252906899438 3.24586054640351 2.94171370562888 3.22502066087207 3.09928998830354
1 3.31643630583714 3.02922116794252 3.12682944606897 3.14158839203186 3.12149240016819 3.08887759013564 3.05753809707231 3.19255247587295 3.01563441037912 3.19083330382585
1 3.21799225496588 3.13393987124464 3.13719444823786 3.13564045842547 3.13383881313329 3.18492493936373 3.15432878650922 3.13305007228809 3.18445337823449 3.09294284521382
