1 -0.798174975708974 -0.193401105080948
1 -0.112048047142839 0.187287066664636
-1 1.06184065087415 2.22252981686831
-1 2.68290312181233 1.40880936028576
1 1.94284436419432 -1.0400464221405
-1 1.68088870329458 1.75475199572828
1 1.32017935407066 -0.686733617018102
-1 0.535191270664476 2.43893929157574
1 -0.861780388600779 -0.770144990629565
1 -1.32873453539576 -1.61431667160413
-1 2.44085848380242 2.31998983766329
1 0.774955133457692 -0.128260364792371
-1 2.79446528162659 2.0885482183554
1 -0.0779158315713021 -1.30576542731718
1 0.141919077950999 -0.615662073506649
1 -0.076001065872236 -0.694355728145559
-1 1.45174739074583 0.949922326759242
-1 1.29251897024140 1.72942069777607
1 0.564528012085246 1.05532855228825
-1 0.411530168811045 1.36636219054081
-1 2.64153677346930 1.07843768785354
1 0.930143392433712 -0.763719979828368
1 -1.55187010948932 0.548262478197873
1 -1.05119658968020 -0.9902830634284
1 -0.0935060021601786 -0.199980790868671
-1 -0.186546684188731 1.93321423748706
-1 -0.0843078961117862 1.11635066730772
1 -2.29289894097004 -1.32918068139525
1 -1.55827682864821 0.929423140814274
-1 0.712285589281051 1.18952430159927
-1 -0.987040770728985 -0.472654954243965
-1 1.49012385216466 0.694848370450263
-1 2.12693654870969 1.57103821711468
-1 1.90231417311408 0.261047958404795
-1 0.849252151613641 1.89735342100827
-1 2.09567162350759 -0.141795341193620
-1 0.769149345316003 1.70588037310939
-1 2.93641872499836 1.90806773886440
-1 0.0213827107221869 1.05004425345778
-1 0.760484000715842 0.69644351905235
-1 2.14543246573154 0.519402227276881
-1 0.552287677082016 1.91160055345506
-1 0.869488660134172 1.97572107091778
-1 2.70387465060098 0.711688787711828
-1 2.09127152206071 0.890060860759856
1 -1.33584633681335 -0.150390500699968
-1 0.980977364692196 0.205342946296912
-1 1.35427982356191 0.521801545816738
1 2.13056623379521 1.29280769971120
-1 0.18255363510836 1.82835747534171
-1 2.20872926372747 0.58798392739652
1 -1.69128223678093 0.829463306641174
1 0.247653506750971 -1.79651938160755
1 -0.202337567104296 0.1336640231193
-1 1.63078640052114 2.21104803302493
-1 2.50146436806367 1.18515248089978
1 -0.315764452665277 0.408222620095123
1 -1.92464252401271 -0.660886199004633
-1 1.00640390054669 0.841333645358127
-1 0.531529254633552 0.139936133786570
1 -1.10889037982764 -0.577464912897749
1 -0.795980113125553 0.837953641648688
-1 -0.0403108756316723 -0.324234425660204
1 -0.84448776065174 -0.169129300616201
1 -0.0141636848284325 -0.260144768389893
-1 0.332556958382088 1.26281956018355
1 -0.259469524935211 -1.60806367060922
-1 1.37099839271892 1.31684695509811
-1 2.38001020421222 -0.504627081168268
-1 1.76016146134124 1.51456830684766
1 -1.38887694454755 -2.13946889858672
-1 1.26475959160948 2.24224580033466
1 1.05424535901906 0.134250776133267
-1 1.64219389930034 2.83355802102418
-1 1.61801017923371 0.641198070300465
-1 0.701442056574872 1.00787315793982
-1 0.184166366690058 0.597988983431705
1 -0.106084961024194 -1.58700752690629
1 0.329955002320702 -0.118396716409501
1 -0.379682494266826 -1.01572588586526
-1 0.488034770376257 0.985254729902017
-1 0.908012541186135 2.0719723174122
-1 1.77619590220664 0.935204662911766
1 -0.795328079650458 0.449361930015426
1 -0.403010299592287 -0.569959726650662
-1 1.41278701433979 1.80021420819133
1 -1.70742232872181 -0.447775079655432
-1 0.531900739545043 2.07907216131909
1 -1.28065678857275 -2.34250285469556
1 -1.23708520671258 -2.29366077912730
-1 1.62891799129161 0.52558791427985
-1 1.64797533984058 1.01586145406095
-1 2.89003756305821 -0.741436515652891
1 0.202631077690048 0.019095098216912
1 0.745013996452184 0.444682136851180
1 -0.268891970124365 0.160380183717744
-1 0.418821019450765 0.680107785622974
-1 2.38181418733320 1.54154314997202
1 2.04905330956552 -0.341385202126373
1 -0.258166641202461 -0.98848702277524
