1 -0.337550188223424 0.0617035753733634 1.21693318855846 0.440417836481093 0.835149836199065
-1 1.45865282469756 2.20356554540674 1.30042373663954 0.127716120923434 1.46956908761535
-1 -0.0250167392400755 1.56738933281771 -1.94134262818599 0.86675512708081 0.716042433212152
-1 0.74244197700667 1.60267946668268 -0.0759586508186474 2.07246504329872 0.62925711162787
1 0.718076382308226 -0.672230127581807 1.08135505547159 0.0172034610966368 -1.91862011925309
1 -1.47549205122738 0.294441505528587 1.15249282016001 -0.273924825789577 1.40615601851510
-1 0.542578249151794 0.882098615651294 0.579832704814682 1.57966726308754 2.38052246576914
1 0.872329859995259 -0.457927612669045 1.01190064554013 0.71664983508493 1.61479370597973
1 -0.197380557853167 -1.19248063037928 -0.110188985118666 0.688642456784098 -0.983136682875258
-1 0.741387231569958 1.53737889812455 0.107175453002221 2.74712212851449 1.55851292082728
1 0.868051374908438 1.04406600468913 0.401340835574713 -0.737886224342559 0.0609247011783125
-1 1.4642090204244 1.90616858773337 0.8257630228677 -0.828158174940935 1.61651459933284
-1 0.815917035718976 -0.208574540056358 0.179374706385500 -0.987418872115604 2.71233994931217
1 0.384746572798937 -0.383421375422730 -1.99625095228716 0.476100465950369 -1.05289605583316
-1 2.32140311628113 2.24242442082735 -0.60066151982464 0.881977035269198 0.175634591145584
1 -2.37812925149934 0.467662990537141 0.586504836595446 -0.691019000325785 0.79945838482145
-1 0.159057219511849 0.293449479764029 1.64203565957447 1.99951008162926 0.663862770948972
1 -0.245771759153225 -0.249581742072973 1.00662693981077 -0.80060140333097 -0.472720829062255
1 0.951075081265353 0.42176878296475 0.43868516226828 0.510319280283234 -0.0267528408867436
-1 0.600677194594916 -0.0394986530772736 -0.813319925226769 1.88950694126973 1.98180193973333
1 -0.0220830769664282 -0.700699799852875 1.12274998278663 -0.393557688620227 -0.934020837467196
1 -0.611276426554496 0.0814927639296113 -1.88115880865808 1.52616178542356 0.729240721521641
-1 0.420854161401106 2.1635047124254 1.92886921864415 0.889251065984955 0.9513949511068
1 1.60017540531653 -0.387685446559417 0.531306692104215 0.122311378867255 1.54687771417675
-1 1.72911234653564 -0.167867364936506 3.06974177802108 1.1026661564305 1.10928310632741
1 -0.688555584831852 -0.0914800048248399 0.198405960089876 0.70870276795322 0.847396672624463
-1 0.0968985379478915 -0.203207575432788 0.43589259339721 -0.68817655135106 0.298141703176065
1 0.228837746673961 0.603386662300993 -0.0393132195970956 -0.365500427570453 0.367280195684123
-1 0.864735711627694 0.733773823793522 -1.3085487990175 1.41431907494434 0.406422997471516
-1 0.386008258437959 0.0147727501796427 1.92140171970460 1.54857882491261 -0.197784230838111
-1 -0.658747245317479 0.250100629054619 1.17384502684967 0.960420609593718 -0.300821327482179
-1 0.603639785839899 0.860592963418344 1.69907975671766 -0.459139083401771 0.533735934284992
-1 -0.38396961521806 0.0603398372010002 0.574452224393899 -0.490009172500711 1.43522769004298
-1 0.735588370155443 0.767917354166071 -0.117529019767462 1.26425763053195 1.34973412172570
1 -1.05026855667764 0.812118301118981 0.856488705420722 -0.398702397780512 -0.759837776690557
1 -0.127844784911761 0.849514859150985 0.471784515746015 -1.18452152526735 -1.41195095295472
1 1.10429247489398 -0.997369566139552 -0.220776129235096 0.152728096611003 0.626232027182072
-1 1.77538132366643 -0.299710011316274 -0.819684832713324 0.648644866379731 0.893398660018582
1 -0.352589694154135 0.461312082375605 0.662016237124631 -0.428432227019312 -0.308786926153372
1 -1.19970739426215 -0.761080600117567 0.914042855967022 -0.791608228377776 -0.0419248458387505
-1 -0.292424844146924 1.14134339058714 -0.791654734493766 4.44168060402764 0.393450816066861
-1 1.71289410156061 0.331614595280623 1.36421315154211 0.918896644467306 0.834892107187415
-1 0.523640848361712 1.75545133724899 1.27176989110073 -0.306080996072202 1.85750750698481
-1 0.112773052766967 -0.897431509235466 1.68052805555758 2.61167640660077 1.09742999214184
1 1.42889295390022 1.30448325223639 -0.544535009088096 0.123823897424641 1.14547487021022
1 0.709673468071388 0.992919905750401 -0.105186620845288 -0.294649757390552 -0.636391506750809
-1 0.752511173184118 0.596180292665688 0.941565137249395 -0.191761060190120 1.21496601254531
-1 -0.872042843125258 1.53468399359145 1.46728716751936 1.58835134060749 -0.0461523037161911
-1 0.390156253777525 -0.25317869979278 1.30491298394865 0.106250396940231 2.22519233616151
-1 -1.07815333474529 -0.156074470009053 2.63810441721776 4.23610038533438 1.79008384574302
-1 0.626789251175485 1.68588952945346 1.69268046315671 0.649826215383787 0.680828738189972
-1 1.50864699342053 2.00779803091717 1.39445707052196 -0.0585731674211812 1.83982512478483
-1 1.61453436383916 1.09755313764056 0.0137283123764872 0.0161717015755706 0.821527438737163
-1 1.37307277930561 1.42693657519853 0.509499612433141 0.990099553945356 -0.208317783564837
1 0.533245786691146 -0.658497241244732 0.614321117757176 -1.58042796866520 -1.87647965724830
1 0.389587419896202 0.587496050627705 0.827072965995173 -1.46205940918355 0.322876204731802
1 0.419287325969386 0.38117626569909 -1.3214677130098 0.365540659280695 -1.23181484845485
1 0.459678160762212 -0.0204516368868248 -1.41704160985105 -0.365057426894816 0.000148537093584110
1 -0.975898573134735 -0.415141331153447 -1.53492379497360 -0.336989404643877 1.70879361745119
-1 -0.0416614128286552 0.209737774255161 0.21438321297347 1.57614631632709 1.27853329121843
-1 1.55812381684823 1.69865076472465 0.751899600836058 0.707095795350306 1.34734516049093
1 -1.33329513342185 -0.244970092031986 -0.0729233410858942 0.817512574477357 -0.334587803797182
1 -1.88473155016765 -0.165932443070627 -0.21518255616837 0.862028293343446 -0.434129649567858
1 -0.585499866238397 -1.33029486736914 -0.507509675672732 -0.209045741530821 -0.787253437258657
1 -1.15738809216874 -1.75851500135355 0.832447357012495 -0.382518313086258 -0.898142262110836
1 1.28496680631014 -1.15173241491910 -0.563340732077505 -0.189333963116700 -1.47581634349533
-1 1.85222279975703 0.852269456276154 0.390709514322954 1.39262032665559 0.832860554016745
-1 2.13835602506130 1.3612755526708 -0.564370826725312 1.27012988208908 2.38618537689765
1 0.389660422047594 2.02109581434508 -1.06188805198029 -0.429281363037105 0.649995838042587
-1 -1.03612487475469 -1.74778071760115 0.533642025128403 3.55049468358845 0.443068525101529
-1 0.980978495855226 1.80626812170586 -0.222171999505877 1.29440707098662 0.0478336944266046
-1 1.77192802768819 1.27949723817145 -0.144865533952393 2.72480190593689 0.671973530223117
-1 0.162281698584298 0.203923303680767 2.41153482784098 0.427161138849505 1.89942131951259
1 -0.994865425916066 0.499488084006726 2.00571857344354 0.00302628757511407 -0.408654055703656
1 -0.331760002293393 0.207120526794509 -0.65622903118524 -0.256146322060779 0.222299946993863
1 0.063034381137734 0.837745818482246 -0.0278060015140919 -0.84475230717885 1.70473603224213
1 0.92652276455885 1.22011245962938 1.24355611991948 0.79355866228122 -2.14554871164065
1 -0.16947512449049 0.962716619665372 1.10393471242981 0.322223340546342 0.726019127616596
-1 0.995708825026824 0.883604848300107 0.312132705632243 0.880135364788136 1.26072010927849
1 1.61006628808992 1.46575570790857 1.20008309269446 -1.46419411751400 -0.724726005614945
-1 0.451031536957840 1.25562419750839 0.601828121424293 0.622426067424843 -0.980918621197515
1 0.119125567586403 1.42345477418737 -1.38356468887263 0.465296440376435 0.298803914721742
-1 -0.158768053456716 1.69486940814734 0.60727691392945 2.27130714353869 0.767044081529811
-1 1.44585949128467 0.384817357544818 0.435969576930781 1.25096423746932 1.35017212959630
-1 -0.474499439521051 0.723598628991953 1.58984878085835 1.82272313274075 3.2278231760005
1 -1.46765877783059 0.424952762337845 0.055962002282828 -1.00326150472639 -1.13401301976809
1 -0.0411920388079187 1.09574542648053 0.705243445754788 0.586671848909711 0.412865294453361
1 0.46299020968718 -0.0334183500136068 0.156385395083690 -1.23907660424157 1.00851652467692
1 1.02865186214522 -1.32439284296689 0.418738341931895 -0.847433827799288 1.47896170641472
-1 2.38993579611520 0.187664962325267 1.52364745767021 0.584365481870804 0.393532459994976
1 -0.811913307057056 1.07905435030370 0.400383103527886 -0.144139728045715 -0.0312992779824017
1 1.61751560229659 -1.42623326874442 0.561646628400016 0.236928499741337 -0.203778450721541
1 -0.110710288665877 -0.853800632367031 -0.764884667656726 -0.227347881716166 1.29997469338538
1 1.02859233243721 -0.28354586595161 0.438042109715151 0.311757442891452 1.00278763017560
-1 0.323949976870781 0.0562567126709642 1.81018046883547 -0.533336250506695 -0.513905170930076
-1 1.20584912315877 1.09636489532772 0.839183867599003 0.668890270327832 0.697362659565973
1 2.29717423606844 -0.210767764945631 0.677669947209495 0.219441061527523 1.86558549839085
-1 -0.214604812565299 1.08475258189937 1.41162619357736 1.18750651358579 0.145654505670161
-1 -0.233965204943494 -0.382966483164677 3.22730265193288 0.704814203104448 0.755820153407386
1 0.0294919351942913 -1.03002906066986 -1.68648562708551 2.05257085413095 1.22843855566277
