100
5
-1 0.909071648040761 1.83292208674052 1.09609489423954 1.68180651126526 0.145606620805300
1 -1.56562878019526 0.212618517215949 -1.81216290902811 1.92860345923816 -0.88004985357587
1 2.60374789711991 -0.661967482521357 0.075014261370319 0.357965482891787 -1.27005475014430
1 0.493013765495443 0.0500128605515942 1.56375705278197 -0.177250274800006 -0.683560427229723
1 1.23229909994347 -0.684635509346564 -0.397545454112584 -0.124341119981811 0.234108065487138
1 0.0915561088645659 1.01819864893413 0.447372337577232 -2.97639095066460 -0.115673830848190
1 0.0428499902260321 -1.29400887706434 1.50806862787265 1.25375221812161 -0.0299739544812102
-1 1.25991338754389 1.24960513445917 0.844202575670716 2.32165197647134 0.97061348564205
1 0.239008437066528 -1.40844232269705 -0.733189230329235 -0.105369845190474 0.226680823603694
-1 -0.609992988641741 1.35621316449326 1.01501755166561 1.01272938199556 -0.445434613183026
-1 -1.30254132473706 1.08538623809747 0.684419744231191 0.107159159532815 1.56290349026427
-1 1.53960421664344 -0.857995654146118 1.18836805020301 0.753636477405895 -0.268628916033975
-1 1.24968959308530 0.770370477648657 -0.204314251977486 -0.20249821924417 0.222705778114148
-1 0.77286926376187 1.25835213684747 1.08891173112782 2.16988967173171 0.589872736096777
-1 1.27250366328945 1.58475343454090 0.223850998815818 1.65005177412995 -0.698343177419811
-1 1.57737054207041 0.916544752903172 -0.178757271186623 0.0240361064806353 -1.04039635512744
1 -0.281920261640638 -0.448931546415153 0.582078996694934 -0.779989692414565 1.06841223477688
1 1.06132528486587 0.0054566181071914 0.279773745602269 -0.90783839649065 -1.44926352606490
-1 0.88639250550592 -0.443356024365585 0.603401524315551 3.02053536088132 1.71033761890655
-1 0.37835708302412 1.27058521990230 -1.14841392780318 0.287551066808264 0.530931825891262
-1 1.15620167180894 1.94905420901703 0.641835705676779 2.07350135607167 1.46895049761662
-1 0.930181080107764 2.17291610177127 1.13685932641586 0.880575836517415 1.43599490475245
1 -0.122870448399869 0.319378938548019 -0.881768735779795 -0.336999100483865 -1.36829159962159
1 -0.214010552921595 -0.0982961339691633 0.574050537345162 1.03421928397359 0.202070975621024
1 -0.861676259681955 0.328414050778355 -0.576835466256086 -2.4083861091339 0.0908947884160824
-1 -0.0558600858238301 0.629128275193322 0.579652030242639 1.05304734543020 0.571956907871821
-1 1.34927803915626 -1.21682066637666 1.00333336643920 2.08546239382314 0.745556115618397
1 -1.0607037978905 0.317649113599693 0.039302542161764 1.24473915194522 0.636657299303393
1 1.80842138211001 0.892769078536605 -0.205143350391988 1.74766113268603 -1.61615673986296
1 -0.365629169859663 0.877000114004116 0.609755186331263 -0.995628519042108 -0.393302161463852
-1 -1.24935957575144 1.41102185844630 0.883527065825504 0.510311503700866 1.03261321629571
-1 2.8738941518983 -0.360311040689921 0.969011101770146 2.15149162178421 2.13455649919221
1 0.363214895285088 -0.276369536737891 -1.36617678821756 -0.233383344041678 1.90486104926808
-1 0.658343218810991 1.28315427248970 1.52497797862707 0.131855538337716 0.748186373841659
-1 2.22619101939315 0.92885053183991 0.981422175506274 -0.570968550725868 0.957743506752921
1 0.348573146301256 -1.57582757740111 -0.942812614609185 0.0351118828921241 0.978416422329615
-1 -0.998352090046944 1.46580230177427 0.904258191797044 0.354338827032679 -0.317608039358248
1 -0.806850057030601 0.665538853155901 -1.34174351801965 -1.29760982479989 1.73783460984108
-1 1.64013162654678 0.50898691178335 0.0649949598397113 1.82197761585663 1.36574417337668
1 -0.275256339072054 1.71320682912224 -0.422796188800543 -0.749316055894436 0.241455726122600
-1 0.634711789597266 2.20160478999928 3.07478217960517 1.22325845462867 -0.266818423711082
-1 -0.31950048454891 0.951414146354552 0.356426754996069 2.59002593470419 0.926335083592747
-1 0.573370997827194 1.91596759270093 2.83677844950376 1.15383682996108 1.38498473312027
-1 0.0717469068248228 -0.0186164085696174 1.29695796512765 0.285246787174145 -0.353551563560016
1 0.613694216102071 -0.186250443073897 0.699105503772204 -0.358337524163427 -0.887528928504794
-1 1.13373906499457 -1.15389745231879 0.882891009591777 1.73592557408859 1.03391929388427
1 1.07348708420064 1.54868840429157 -1.21588119528164 -0.871760388074723 -0.302765664415077
-1 1.38384921395609 2.42465319887906 1.54933233805462 1.82487832940605 2.27955427338309
-1 1.97309146755354 1.35903852220837 2.33147192348953 -0.693784164954593 0.892554101568257
-1 0.462477899874908 1.21893617782277 2.09148065465692 0.947997712716718 1.09911364051660
-1 1.79668236580615 2.03950634066099 1.29820545497573 0.114889522514524 3.01264131930355
1 -0.914867186389421 0.414131839530261 1.08828236361378 -1.51810332467797 -1.33402277507523
1 1.47710750236927 -0.349176129183922 -0.160906112647659 0.415844366515746 -0.368520570754947
-1 0.963129792520184 1.42015251579886 1.24982195632554 1.12823399402168 1.70098134641164
1 -0.339265578170522 0.274932115272972 -0.137333588506783 -0.787654909644223 0.669386839911801
1 -0.439739696794594 -0.167195400828916 -0.00910751135086257 0.456021024047761 0.640884608632594
1 1.93409308501555 -0.571120189715521 0.24399311202694 0.858616927179327 -0.156465159964298
-1 1.12071396226791 0.108617819362851 0.798023376858112 0.389610042317436 2.14709041452421
-1 0.703482492589146 1.79766498502915 2.14684120194727 0.677001775942527 0.0176078486245621
1 -0.224656764434487 -0.715314152250463 0.151237229817664 0.470093889481972 1.44709667437181
1 -0.411368631903899 0.220032236321321 -0.787423451544932 -0.970689190614354 -2.25399535739124
-1 0.414245549747419 2.14881916941016 2.9228041002636 0.739020706525227 0.0234773550595285
-1 0.650427255711052 0.427766401958686 2.18025948597058 3.00377527535130 0.514309424454312
1 0.407433231870099 -0.173044598602240 0.164528754581116 -0.687569251832665 0.106172866230951
1 0.154538788083198 -1.75166158835963 -0.00161828049810645 0.691581866134537 -0.514026629804883
-1 0.121751645692015 0.652750184566085 1.96993373485768 1.05019880152668 1.45184604710091
1 1.64635642358592 -0.615240426417695 0.643971419110906 -0.191617040168688 0.531298183701656
1 0.206254369849604 -1.49610523961768 0.398255559401752 0.282804914724938 0.984189524343383
-1 2.63057772969606 1.37533086464150 2.22263790294053 2.84914454971106 0.056608093642948
-1 0.279914101100396 0.759048678187413 -2.04011245433132 0.0208870785116503 2.35815179378439
1 -0.417677281423389 -0.885377830852097 0.357540535516957 1.08100835009102 -0.127697944002005
1 -0.111832927436487 0.670981796327799 -0.483024085957779 -1.42639570124995 1.68026489313415
-1 0.599059802413818 -0.355059675072351 1.2678674701667 0.99676518421874 -1.53723118467525
1 0.183260313614680 -0.563259495156362 -0.932353910434902 -0.211238059119381 -0.94662528964236
-1 -0.216757722578056 2.18103013644604 1.38551100073286 1.95053204087277 1.00276740471118
1 -1.14987515696607 -0.127447201889899 -1.42189096670291 -0.65399735300991 -0.00827305772945824
-1 -0.0463913837819071 1.01398978965718 2.25178798376207 1.55169448338589 1.05904270807325
-1 3.1445049935134 1.37801388688466 0.0370260717324912 0.216969093141472 0.518454163836408
1 0.826598263002104 -0.48969854673087 -2.17775696011228 0.0265295453454072 -0.14077476460701
1 1.22535115214299 -0.532853566648024 -1.63946560414773 -0.645133072716 0.611471945528393
-1 2.03509907504224 1.11711074356207 2.69441384414098 0.397766553008766 0.84721064300479
1 0.339038534222961 -1.06077175554248 -0.283187675251418 -0.500368972764476 -1.61110224722984
-1 2.58400460059469 0.780642435041066 1.38271800605114 1.36803400294086 0.327611869422406
1 2.12945650864772 1.43147607020593 -0.600111616776413 -1.75952970945322 -0.473835064902844
-1 2.53765684226517 0.0291090582723069 0.849169165522871 1.12994913904162 2.42712506728428
-1 1.35449829230828 1.55367673587060 1.9856758456241 0.915240627074627 0.548997560441004
1 -0.135879478132175 1.67550963893417 0.398658868683036 -0.232719786145323 0.319387321492558
1 0.411885016985029 0.698444138636314 0.950067799358916 -1.44656397127815 -1.08226177357362
1 -0.589732298806814 0.400404734481406 0.776743592699032 0.665424846519205 1.35686998099976
-1 1.38923161583993 0.779666642374723 2.02247125711891 0.514715076896801 1.67786038485293
1 4.5141907945321 4.46644746225473 4.42380763628177 4.25831714600983 4.30352344068121
1 4.51171025725209 4.38611821929154 4.27578159375422 4.46100457406758 4.35293700053678
1 4.49386686186030 4.39678804926929 4.50076391757645 4.36750599950387 4.33829971133393
1 4.62609200482777 4.48339927412507 4.55787456548922 4.43828411947538 4.45045175563488
1 4.52975214078442 4.57391114413321 4.24879278029545 4.55313807894772 4.55810764453663
1 4.3554875366846 4.38908608696365 4.3456058736827 4.54590872815691 4.49431087983785
1 4.49114413409346 4.49371620665545 4.51438945141012 4.48842261524845 4.35642249257609
1 4.67932993613588 4.4420646192409 4.48583765470587 4.41203926555593 4.42337486204468
1 4.63326964388258 4.64124937052061 4.45431384022394 4.47755230083126 4.36466368869197
1 4.62395867855727 4.51441936330482 4.31304895316262 4.51545478598046 4.34358682072438
