1 -0.424426388087972 0.832606349625216 1.97763660954904 -1.75565482969067 -1.93446277975091
1 0.0350847345378265 0.403608627084263 0.411564471606080 -1.267351596998 1.84830815868855
-1 1.12580595351689 0.432913860680474 1.66293947138386 -0.93155177343923 2.87430282428004
1 -0.370065566171218 1.79296250619414 -1.85117525137645 -2.11564353141958 -1.20175217586842
1 -0.228188929924836 0.117314423752516 1.20810588339384 0.225023005301358 -0.965472050534866
-1 2.62462291019955 3.85247665154775 -1.30693648695048 2.01496779282498 1.15024050372511
-1 0.639403495862593 -0.542607031957402 2.74217099942299 -0.359324813153522 1.42043590892554
1 -0.45046328093788 0.262856185653623 -0.636585943834193 -1.39992216074961 -0.332812480594392
-1 0.190165501271349 1.64889142462794 0.637620102649876 0.275867642011244 1.07419516712554
1 -1.0665679349991 -0.00263509611005457 -1.45209419835006 0.564677854413762 -1.68796541595008
-1 -0.0548261204142868 1.37235505092683 0.890972249509048 0.505587114036802 -0.194070164848638
-1 1.53352634701753 1.54454414009956 3.04106478426875 2.08260238060794 0.280958727213533
1 -1.35743219944191 -0.831359792463996 1.45961250410059 -0.218552936658131 1.60446947846755
-1 0.127108635785091 1.35362857750762 -0.687620133915438 1.40762138035858 1.24914043990356
1 0.911810919950919 0.512481377950856 -1.20038900517322 -1.18116177024044 -1.75708017384158
1 0.923581545457014 -1.48152461140191 0.673220596904286 -1.48619064252418 0.546720226802973
1 0.322374390732553 -0.361680075630365 0.219994664653173 -1.75170069891377 -1.10051737175757
-1 0.19790053682412 1.28499779865039 0.337933168821110 1.72930001217493 2.90616821997906
1 -0.0686641686941282 -0.0755395393819555 0.453233595060635 1.93513684823679 -0.68270297666094
1 1.00276164023616 1.47273355026027 0.667148914480123 0.273488922349130 0.224517627220690
1 -0.679462618294537 0.172643363718110 1.54189380673996 0.518564437072552 0.819327537291422
-1 0.506804729729868 -0.94256397999292 0.503722788860438 0.907910432262372 1.31166237115013
-1 2.04895442131560 -0.126373079782468 0.96195945033596 2.46396751631650 -0.087234280895725
-1 0.560745307902859 1.52512265829869 0.995018311070703 -1.30641714513974 -1.21595111825541
1 0.317695092061894 -0.248657778804631 0.162870375539019 -0.609610738015581 -0.42763373166812
-1 0.541786932246447 0.0247995313079905 1.32039780652056 0.713258273156049 0.821494835892173
1 0.562984358608743 -1.45574883495063 -0.76284783963111 -0.217850690975946 -1.3831076917235
-1 0.096908223699666 -0.569212666403845 0.257105332609443 1.89361425464106 1.50626779625205
1 0.220555843498345 -1.32567562184097 0.562964516246213 0.372350916374345 0.158324510139389
-1 1.66708203338535 0.342291539204956 0.162540161217877 0.735959677659793 1.02641782942405
1 -1.19892298414770 0.845335302646425 1.24195739076471 0.183913629649256 -0.479395935358707
1 -0.352220763442011 -1.40712373336493 1.06312334313898 -0.983980898343238 -0.0408278930204732
-1 2.06090687086431 1.13585870012319 2.05588639229821 -0.721061652043344 0.879048119413163
-1 0.0775400484417623 1.0776795758221 -0.290077933685961 1.19234723815246 0.378866478963001
1 -0.305061474266356 -1.41348022533066 -0.914669292764556 0.242954863002584 0.746788613370225
-1 2.16002106930659 0.86133165360157 0.631631285009025 -0.773805912811209 2.09531612593735
1 0.103421164011689 -0.807588655050948 0.128245440816069 -0.938621731504867 -1.9061200908733
-1 1.51686346711397 1.03789743256332 1.61707861307483 0.612088444444364 1.83851411402123
1 2.20385787712320 -0.165800579124001 -0.0622482000216696 0.88956163078123 -0.215935094007683
-1 1.87889984435656 0.125542269089334 -1.50292277035386 -1.45148033092887 0.871832907999815
-1 -0.134066560085798 0.951331966662481 1.46066890506798 1.12305443005252 -1.25911598822714
1 -0.316158435733471 0.209360864344989 -0.504348542806371 0.107734350682452 -1.33422328319031
-1 0.834959607287435 1.24008122756127 2.48866881519021 1.28840074020696 0.783324270426681
1 1.00596341645891 0.505697158365507 2.07788802136369 1.29500391999253 -0.571051955480637
1 -0.451276190891974 2.80408155921736 0.70996392990737 0.298475396315289 0.513250777356939
-1 1.84963702083055 2.92625361075933 -2.44162867731104 2.89175891594789 0.817942839557755
-1 -0.276934798972855 2.11530096124347 2.80934785543644 0.958569361797134 1.70119280653547
1 -0.116160007728563 0.784767518313229 0.545446411143069 -0.0851882219420141 1.14222205947923
-1 1.76125833486850 0.31316845577735 -0.100941781648729 0.237894011427244 0.736057356895664
-1 1.90789577683720 1.04906285749076 -0.59818410117212 0.525603052646118 1.35033098911493
-1 0.721008031918143 1.15531728642715 0.325507663181844 1.25792016796917 1.31644405733997
1 1.28615283384725 0.0989391560158855 0.772687415517754 -0.997480962784799 -0.0170324178789125
-1 1.11043891527269 0.776828039845513 0.964236191391995 2.00108251418766 0.972282690144659
-1 0.103276529012748 1.47657994294584 -0.269085726707725 0.259814160255630 -0.46503141479243
-1 2.24188572850275 2.19066307712857 0.99639671958781 2.14184173054816 3.04109532690925
-1 1.03006784653631 1.25968364033421 1.70702991165855 0.256542604664074 1.00053574253199
-1 0.50820725803036 -0.236186264161185 1.18828457064289 2.44803659862799 1.24305756938601
-1 0.159527980506460 -0.119791227459831 2.38857875655218 -0.890263064395438 1.32231510709338
-1 3.40099558383749 -0.318168346912217 0.767512977934937 -0.225486966139872 1.98159139866511
1 -0.152494249099719 0.9056095771994 -0.266084085402357 -1.00298869819651 -0.0826093923846433
1 0.57700227994113 -0.738076362986252 0.565673639083059 -0.197041844111707 -0.386485952098475
1 -2.14721915835385 1.31597108718377 -0.212031038930671 0.127739948057852 -0.475801759787253
-1 1.58618444085260 1.10499360922763 0.317679328020394 1.00705363183628 1.03089287341396
-1 0.122518914441787 3.02349339493876 0.382642039287306 1.60282962656076 0.845759045347749
1 0.8226572116095 0.0798646918644047 0.43463497581519 0.308013779138935 -0.299541028799569
1 0.267309505713882 -0.117122941309222 1.11946081585323 -0.386649550003459 0.600967414664639
-1 0.361443053270772 0.517414142177363 0.84034565997214 1.70950702085729 0.166051767508622
-1 1.15972589443394 -0.204175327315269 0.919321600798904 1.32230196965967 0.471474794323932
1 -0.650146693714141 -0.214893576076947 0.783901808741424 -0.377707479781339 0.0480713436781334
1 -0.799135874147937 -2.53305690435265 0.606968657502023 -0.0421058846401385 0.849214971210455
1 0.0533497586068977 -0.488454148549343 0.640322569423182 0.138704037796453 -0.994682563116863
1 -0.511242323320521 0.230593227897026 0.0831593595145544 -0.377401993866810 -1.13505170107873
1 -0.362134148435154 -0.291213396901088 0.2268947343527 1.08472545736488 -0.0694365385761941
1 -0.757306917872932 0.00997459846563185 -1.17558673980926 1.57259464994683 0.249246914531563
-1 0.420289482067066 1.45676552411326 -0.926600416417073 0.650415783146744 0.584719908586272
1 0.966752426511967 0.621576364055422 -0.209014329801871 0.285544962600751 -0.0931050732522214
-1 0.812162229222195 1.07504793638697 -0.0891394895652388 1.90465589054818 -0.587496035941076
-1 0.926599438944241 1.38168612955433 0.0134144036942657 -1.13549309322971 1.61739475874302
-1 1.71384899492391 0.477790381627809 1.14076453490782 2.62307434712552 1.85556426266870
1 -0.705274631404665 -0.344192377546856 -0.631103704655624 -0.0337781866836165 -0.373770308121614
-1 1.59553280880646 0.672248104483814 0.936746213288312 1.39717251792611 2.8808339029898
1 -1.45250596209055 -0.336152209601904 -0.578655387211184 -0.0352015747447891 0.309647634629145
1 1.46161216009619 1.60864157791109 1.59626697070361 -0.166324709120813 -0.497268884416321
-1 1.72275595558805 -0.779575219585869 1.97579509212426 1.79248095299387 1.72724526157501
1 0.384385081956332 -0.952809090331375 -0.313305610054017 1.59877862132356 -0.872764939881331
1 0.183101543853335 0.852259774872451 -1.39788441796995 -1.14702396964817 -1.26720832607707
1 1.49553488249323 -0.77673075974597 -1.05908073952454 -1.28981619848539 -0.62211899033979
1 1.91060022427283 -1.05205584722066 -0.531996992792254 -0.730170080298152 1.58618796525974
1 0.289619534815158 -0.117545557122580 1.21795603134843 -0.510579531874684 0.305547282560675
-1 1.84455210128682 0.465472823415262 1.10012363807625 1.07639079121629 -0.277110608911048
1 0.969352989044872 -0.983272664618922 -2.29427045054633 0.165371214003333 -0.55173313611412
-1 -0.109484506960567 -0.422889908236211 0.0425164474199896 1.15830430125314 -0.000710640328104639
-1 1.04143630696241 1.03319851582428 0.714349482041513 1.68322727264779 0.388903016191839
-1 -0.209668316089260 1.90404665307862 -0.166919865401991 1.04676574452579 2.92663615253938
-1 0.0169701659255393 -0.785740677103333 -0.429415531759754 -0.911667764635899 1.16202436773210
-1 1.03934945759793 -0.171391282841237 -1.49039863541779 0.545969698145479 1.32956043057533
-1 0.705830523851735 -1.51328212058240 1.08240617692030 1.56457390677732 -0.301705477381544
1 -0.171690856539344 0.750617736976999 -0.796087123727284 0.218986675091525 -0.403005668908801
1 1.34880191647638 -0.435786154406322 0.311685793233863 0.539094845506662 -0.605604791914991
-1 0.94369518134099 -0.385534705238246 -0.293297234384059 0.750658772984276 0.874285305019407
