1 0.369741342381186 0.924787507876568 1.97075927518494 0.329129536194476 0.117411407000755 0.558619769734901 -0.0373434853004393 0.734520415816275 -1.60200835058939 -0.916128970346144
1 1.11533376636785 1.10997754841892 -0.335245125080517 -0.168580305859686 0.198699259075978 -0.628626299996693 -1.93405087784755 0.0958532704558412 -0.640841417656342 0.0760776099703774
1 0.568528045117977 -0.763695762060525 -1.09032363026288 -0.968899387369171 2.15021150329837 0.266285519764744 1.79204838010172 0.924565736225254 -0.318888476672089 0.0655569334377418
-1 1.36714897194124 1.54666691413033 0.956741434170922 -0.649240100364165 1.95906080772947 0.693208650476326 1.70130807550523 1.08960728786152 -0.0242819274797885 -1.30568018035968
-1 2.00594551866951 0.926151877685187 0.245189078635757 0.643993892924305 0.596367970596564 -0.297970340928471 0.495528484116781 1.14928550474009 -1.24457566052781 0.246905900052739
1 0.902914043841236 1.85700387021634 -0.578987689985733 0.418000610218524 -0.63903501307745 -2.01611652586541 0.126347614019796 -0.413843992797385 0.919468969832621 1.73372120238013
1 -0.551919073061103 -0.504496239993205 -0.503968106332953 0.89996682587352 -1.05823871594955 0.508846178316381 1.57400307399822 0.273277123848072 0.582144937444235 -1.62904477382474
-1 -0.62323894387276 -0.824033905265677 0.878995668030718 0.661045231468149 0.779850142032942 0.558389253170979 -1.20169504118022 1.02900688606841 -0.442771954417401 0.334560067654383
-1 -1.01192392592910 0.889400977513633 1.32075872960677 1.51441466053602 1.28365452275976 1.37301935139065 -0.373984821196124 0.322882205199171 0.530213765436866 -0.115986618206765
1 -1.09908239446374 -1.04572167412736 -0.541437011661761 -0.557901495714557 1.31569653035141 -0.0416010236961355 1.11229428106258 0.548319818646016 0.606293179954097 -1.60092080016078
-1 0.905064317218728 0.16195237677527 0.80465502981011 1.66392612004296 -0.0655146479585804 1.51278584221883 0.208314054859314 2.09376485861263 0.742349339407429 0.42875340118193
-1 0.360389175244382 -0.675565695578952 -0.697230189213946 0.319005611843937 0.147966213624582 0.423802774650147 0.299152491667532 0.032510010197745 0.113410959888934 -0.236176058053217
-1 0.297255689713961 0.193184037617496 0.599587586839642 2.72988812226812 0.0387813921863647 1.21571133742982 -1.69840555711626 1.00193008261411 0.746885486326827 0.503569841798401
-1 0.325606364795808 -1.18198856446060 1.14132434289929 1.00087860297236 1.45596340345178 1.53045588166896 -0.531708128894297 1.48415282827759 0.154892103133924 0.189047989496940
1 -0.378919113055606 -2.47816943674126 0.688790028035752 -0.312498021632431 0.846495531722826 0.685563316876436 -0.554261854399857 -1.14409662621863 0.631673511612855 -1.45242556005257
-1 1.99975955789063 1.15710600301613 -0.928996562820086 -0.207250851793920 -0.0436189608508709 0.032343511794225 1.51395822541961 0.912686294193519 0.646334808847669 0.180379992343648
-1 0.396203582260123 1.89407799814034 -1.03763460569884 1.89699637162923 0.458115619256392 -0.541910156177284 1.65711337862374 -0.449459036661083 -0.501575699972033 0.97487857173033
1 0.0400961619243713 1.27173190726642 1.87396667704809 2.24996274442101 -0.364227085199119 -0.267758877902698 1.61090544784681 -0.734864755922371 0.594116486000801 -0.661896923195747
-1 1.74003963863366 -0.286564377403318 1.80687919855362 -0.83193820090939 0.0881540348323908 -0.612686196136336 1.81116603854630 1.53914215373152 -0.939811264321187 0.311845486088407
1 -0.257804505978726 -0.574650616562537 -0.215585715933912 -0.135337028698875 -0.464212050612145 0.936897805336083 0.532455394921374 -0.706901739400598 0.680888956133444 -0.495394567663822
1 0.486343511138849 0.854334651491956 -1.44247066676951 0.686420671404449 -0.801703624441488 -0.265452041055217 0.159755833468453 -0.202472793105789 0.841388609241926 -0.728147644251559
-1 0.0988181811670619 1.39254391390400 1.92217134185397 1.10884190183250 2.44476203565310 1.21002781134650 1.25154206510813 0.499389120803169 0.222309686774735 2.26643420004368
1 0.370113678556391 0.312594935180617 0.937284348476099 1.12173977335169 0.336425430678779 -0.387426841411321 -2.80169582573563 0.0499772596172543 0.867860011369046 -1.17114582070808
-1 0.121613721645206 1.07137564106704 1.41698734292064 -1.11654296790224 0.945589655515138 1.24106930209374 1.28278173835848 1.91990051356106 1.67185407246990 0.850736183286876
1 1.71420738712515 0.226631648937314 -0.254949924277318 1.21150742415147 1.31510395063607 0.226394066446869 -0.490197059700473 -0.580414435549838 1.3820418620898 0.34416556521937
1 1.35580684517272 1.15048194941012 -0.761918146461881 0.713748344141161 1.84915766261448 0.801180503319534 0.414029855838345 0.348982937711299 -0.083823837631858 1.06814003540521
1 0.623153043875455 -0.905961787814148 -1.66068018488618 -0.0101213742231740 -1.25320854642898 -0.832312355603888 1.0740325537652 0.211933122129555 -0.844806650862843 0.0987439190045718
1 -0.477497397326234 0.676915533074586 2.23156121457988 -1.87815644734248 0.425574711400652 0.138499001463890 -0.074639325729077 0.703409236822478 1.40945249071464 -1.02697132597427
-1 0.98058753692994 -0.0529117619490458 0.409582130932822 0.741325511365584 0.71495661443729 0.757293634089773 -0.299962773063902 1.92884704840716 0.37033233817451 0.0532451269978834
1 0.918388732857346 0.986960651757543 0.595924214177834 0.897477964597672 0.787291639255675 -0.778961504019537 -0.392691090408051 -0.426995942664271 0.895516941076139 0.16045704386364
-1 -0.0313764396415537 -0.534706443079132 0.740387714529452 0.925093023796645 0.302475262018214 -1.53870776139257 0.51264099664502 -1.05862455581118 1.24543372055766 1.38805817988057
1 -0.570840490160413 -0.513375508270895 -1.66876355049033 0.854683150059354 -0.61858972545245 0.405395321806619 -2.10938363663446 -0.797690342016762 -1.20619503531706 0.413786582909654
1 -0.146977389096871 1.07926644650303 1.76405127135326 -0.315636808520567 0.664214771595455 0.153618775447285 -0.0594257624738338 -1.24750145882287 2.09389942479269 1.94696112656035
-1 1.13186192528215 1.14330038955685 0.168692600680503 -0.842994103964309 -0.613179178377237 -0.312117908845627 1.71957883089184 0.393120783463746 1.47652027078268 -0.00178100690022032
-1 -0.353139143912634 0.866199315730749 1.37597397727191 1.82779708985468 -0.0690158287160202 -0.788274127430921 2.52886046871060 3.35190729974982 0.363561024664436 2.67772616508733
-1 -0.120587660493651 -0.165866383817645 0.578547953008737 0.355045989161954 -0.535271192680952 0.151893372110001 0.248412120248295 -1.47691665716704 1.79739957665198 1.27223371192346
1 1.48484196123956 -0.381793502436281 0.748249373003516 -0.120312203437693 -0.590656033930709 -0.0371398682155589 1.31657054357583 0.227670437268319 1.12764962851595 -0.313753192595377
-1 -1.00513195454803 1.79906549170921 0.441736043805634 -0.0311441634464074 1.58149725508631 0.727907758723209 1.99031318725805 1.41540045955619 -0.592694407623911 1.53875446281713
1 1.75419472074970 -0.359456457416266 -0.241827176963295 -1.45089505268066 0.976747037444738 -0.902439190155538 1.59265369203904 1.75038289603559 -0.0208544133156685 -1.19981834459296
1 0.519157568616727 0.815016146172519 0.504890333708262 -0.829103326997497 0.0332891364582635 0.0804055430049303 0.358404618411714 1.63501719737692 -1.76588117630791 0.215342999040041
1 -0.944997238608747 -0.230714418536859 1.67727125424095 0.765604109054126 -0.363490958668505 -0.416236981717893 -0.448516958084723 0.0115877321882332 1.54928862306823 0.538609268159839
-1 0.245603377815113 0.284068938224697 0.304911561511123 0.72767078115931 -0.0494981574769635 1.53784659614198 0.319752444488056 2.37865205590329 1.01472848231584 0.158927677350185
1 0.907369220817046 0.708978690358205 -0.170703914736518 1.38385540500279 -1.04795497467304 -0.288814767005712 0.85748379407005 -0.812058455193621 -0.416397924213097 1.23631046332373
1 -2.96436121662707 0.719136381124913 -1.18230367247586 1.24826298559233 -1.63590416541326 0.257987233587237 -0.495551222044857 -0.540199277632535 -1.54868061308051 -0.11636945072507
1 -0.280085874544803 0.636915002846784 -0.206774495984999 -0.0102356789783544 -0.0263254240995543 0.823287176106272 -0.183210034884145 -1.35784543409012 -1.28691270175542 -0.97314039038738
1 -0.891550213322139 -0.152036188403611 0.105959171247637 -1.80927799459816 0.178670975452126 -0.0658534383667772 0.602879978230301 1.11220911364309 -0.334833032193451 -0.516615209222519
1 0.0465485479794586 0.595799985167238 -1.21086182596019 -0.90343596386253 -0.159039116766638 0.221777048270434 -0.835989500680578 0.083294445257425 0.325569023013686 2.01506415280508
-1 0.61415200164539 0.763051524467162 0.797056123636296 0.531073099025951 1.42532315871655 0.652692843207494 2.22114704711728 -1.15125197743012 -0.870379784111393 1.31543991239182
-1 -0.626158401680958 -0.284014686697858 1.44822541325855 0.425178106550055 -0.446170227901895 -0.689504463699782 0.975138750459572 1.14232107515562 0.0687795632731384 -0.963715163481948
1 -0.181191134235842 -1.16300398717316 -0.305556728835643 -0.222421398640815 -0.525645313506036 -0.253924299972608 0.751715292304406 0.547436709786314 -0.252208960581282 0.542296324801572
1 0.771882363713997 1.01459562267527 0.618086547510453 -1.85990321443718 1.91279711264958 -1.48368830148039 0.978441081597667 1.01318847807950 1.25188421525091 -0.766270822912508
1 0.380615093166349 -1.04229758998735 0.840134236034558 0.191267375551715 -0.410742596938488 0.0264823616566689 0.151630182050376 -0.415091044378183 0.455793430155065 -0.310577888786295
-1 0.118681156859579 1.87520395305501 0.839817685324925 0.914144163516326 1.94183401991273 0.103997006400387 1.41439663176632 1.88840180197538 1.85351222133949 0.84603588097224
-1 -0.807816332994453 0.760426317331935 -0.428329855830496 -0.237954935303217 0.0266212831039526 -1.19047987538868 1.76938298503903 0.326953761449809 1.32618493374540 1.12245743088384
-1 0.731827134695587 1.91842136787343 -0.358669844961104 2.26251566396313 0.292661063331382 2.07653053049814 2.56060407784303 0.495965042372831 0.573272655623016 0.678200380304702
-1 -0.367777614237251 -1.21372457914150 -0.247868011921580 1.3016223030534 1.83948251611438 0.287676825999706 0.682468245590457 -0.0711090514286128 -1.08835302499993 1.16301859088337
-1 0.34891136865243 0.631233560392782 3.35288600948094 2.78735051900080 1.19202540233152 1.46820109425063 0.88375552577087 -0.643758167508549 0.126511806133324 2.11141199596439
-1 1.33818418318877 0.771272753195523 -1.93950161326050 0.0541665114596589 1.49898993602929 -0.777649460512457 0.840777715332216 0.649115713648411 -0.441241296754095 1.12911315281865
-1 0.956228160974662 1.79450333889862 -1.30958318862728 -1.24431014159456 2.23617910862259 2.12846906906434 1.55221850906609 -0.788735802578544 1.81470304353666 0.466064905448732
-1 2.48203853801713 -0.304565932021688 0.607312497420302 1.20723129324772 0.448126693352001 -0.335934623446865 1.59088600250697 2.14539030652321 1.08996385896130 -0.899353235025584
1 -0.733264728903726 0.460609434415936 -1.79024582580459 0.0160570029746179 1.25941939641526 -0.0447454667267156 0.975322646671813 2.02783311804604 -0.526735407438228 0.141527803275357
-1 0.716738615871489 0.281681159257114 1.01303883537928 -0.274934936244296 0.338949635725021 1.16997667969479 -0.565777781898749 0.690721106519684 1.36259484500892 -0.0960118899650977
1 -0.572532175884516 1.12133436728508 2.12819080616163 0.206964056424914 -0.184211744221818 0.00318256587204804 0.0184387544398385 -0.311873284588005 -0.249644597816264 -0.831706752438503
-1 -0.85339899172341 0.365644602237811 1.33187705043080 2.59240829114315 1.14607711964578 -0.0593142483323043 -0.5876188361535 -0.45624469347212 1.62593061071479 -0.426920602265432
1 -1.26503797333741 -0.877336967479784 -1.44925095747972 0.473011306895915 -0.74267146757312 -0.768409779978336 1.90755272237358 -0.182216303526737 0.00581588858044886 1.37737042707897
-1 -0.382491321623325 -0.152512452889015 1.53642168026276 -0.354959882466091 1.22215679406893 -0.855290007170327 0.512513121826893 1.78348743341134 1.38986357493195 1.93615283546591
-1 1.53583329999134 1.42175481517241 -1.00641571148987 0.447536942046538 1.06290271449879 -0.0728841959756713 1.01226882921228 0.398923341878085 0.171318335854659 -0.0203311818017201
1 1.49189046437413 -1.14254695410671 -1.34307220517485 0.365510633848115 0.395005104471559 -1.13221295266476 -1.21985723616689 1.67159416442065 -0.644812769298211 0.25456297069086
1 0.428851159320363 1.16630242104827 -0.76310539061256 -1.80376355228565 -0.884589695611544 -0.341094088081254 -0.988215379981509 -0.0762419344625386 0.0509095565209492 0.273122511208853
-1 -0.166028867968788 -0.194558941406632 0.349036064396318 -1.07153368439345 2.16636278689378 0.319553986719928 0.785167208217497 0.897078801889486 2.46781813826932 -0.268665249084124
1 -0.341307420165054 -0.0558432549803394 -0.555678305009196 -0.545022060412586 0.363287760305977 -1.14875651931933 0.529803586607655 -0.00583241898909475 -0.756812353613428 0.787866919939209
1 1.60949306523336 0.655474264107394 -1.78136670058058 -0.0657887099624859 -0.131590992431014 -2.08408703352868 0.673327140161455 -0.996478429911084 -0.853580828311767 -0.388625528197441
1 0.641899678710543 -0.486367060899515 -0.47971963185699 -0.577429034160435 -0.284792295748652 -0.124840091070013 0.0177253671615674 -0.614016497752839 -1.23632618449703 0.207116207497727
1 -0.618772783369021 0.928233314540487 -1.16388313670129 0.501111827896041 -1.28808871202202 -0.62572148974016 -0.029428434216029 -0.933060000431198 -0.521339047461337 -0.117188301042722
-1 1.11192364722486 1.00977391735438 1.29258860106810 0.25934837982725 1.71577982572263 1.32970800250477 1.26726067659857 0.689442172896159 0.943641771687365 0.615780189969713
1 0.00673828817752373 1.29195976403043 -0.954789945665344 0.695671173721042 -0.484128513993999 -0.711939256328606 0.599883353977754 0.147564738681653 0.610782729260778 1.02226165104616
-1 1.88949486788758 2.65669235598731 -0.113983135056889 -0.0373727827032894 0.683956110572399 -0.237271931305755 -0.0150244114359239 -0.0169768928666204 -0.106630433288028 1.31322432792530
-1 2.25539636991951 -0.651800728935412 -1.01966926541788 1.05931101301698 -1.75427869757186 0.24636803168459 1.15869432920068 1.66043726772521 1.58698444992345 1.24801843246437
-1 1.69710541997238 1.40857935697745 0.622864579900314 0.80120017590457 -0.078381099893381 0.76082241190562 0.741698387858533 -0.494688588964653 0.102066628129040 0.947525049013155
-1 -1.64625058913664 0.234008053989522 2.10354505507268 0.154099166088190 0.433258489335726 1.92535776981159 0.395566733075736 1.72879397341058 -0.705924622634087 0.691888443502331
-1 0.217776843081486 2.36272513543255 0.868424615881614 0.88913566090889 0.749979169402832 1.17142387535502 2.03912853932572 0.570190103847466 2.12404201768150 0.00177206813403652
-1 1.70733744739102 -0.310388464682623 0.646868715948215 -2.03885960784338 0.166290363738246 1.88244834999225 2.65663259855602 -2.01895954383521 -0.989931141603484 -0.96509673910158
-1 0.424937102685617 0.858297523353653 1.01954752015032 0.182781319566611 1.07829779191994 1.35826228686894 -0.233542232056643 0.128601181619022 0.95406490547557 0.40711139744012
1 -0.0825507528949062 -1.56933939278895 -0.74749681079812 -1.76732427270035 -0.25887998274265 0.184627029315276 0.329375413643346 -0.105455149817950 -0.991554910675397 0.630624003393112
-1 1.16555941602838 0.879713111865673 -0.566968111484332 0.899739203063907 0.168848297085045 1.97422772593578 0.270290695552437 -0.384185611785163 2.25839908116022 0.853206561366506
-1 -0.191603718709558 0.336527251454295 1.05942550959886 -0.514391494234931 0.852325631102596 -0.513696843627914 0.515669470750936 2.57597090310641 -0.65908372441079 -0.940328604205039
-1 0.378997997661978 1.51014033844445 0.366616371617947 1.31990322227734 -0.464898434865631 1.40455586870091 -0.694658661791377 0.744684810820897 2.32105673159106 -0.641156614925135
1 2.43763890644223 -1.13133499940034 0.964372521084714 -0.0886654477148622 -1.28786428963403 -0.49246403038921 -0.434755302813130 -0.324766891438484 -0.0571112546925921 0.904838220394559
1 0.00293722899826489 -0.680425845262661 2.12209064791764 -0.104738767503599 -0.78471277705652 0.405646032283856 2.02634590569537 1.73804977359673 -0.9983898225433 -0.971873921685143
1 -0.00876550232690689 0.0292492291404551 -1.27442726679456 -0.627819193386467 -0.540086180695052 -1.16997665337491 0.211653289436858 2.53600762218340 1.71686834795819 -0.367299302142116
1 0.642802668353862 -1.36522416322251 -0.206579855807498 1.74529700963679 1.60693280079737 0.654247811494943 0.371554609512923 -0.126562435415066 0.224249862229188 0.921322433274519
1 1.21930347432718 1.04378605788333 -0.67911717055362 -1.26661468397155 -0.842541908073372 1.27722501828962 0.847444411249296 1.09368193672595 -0.113319424214300 0.775545733078692
1 -0.843585669242335 -0.381098798662727 -0.642846221483409 1.21734147653443 1.30879465554788 0.0737257886078546 -1.28327149837111 0.635032691517089 0.980449049451246 -1.72166559799773
1 0.639123242962929 -0.89372318816375 -1.59706329481826 0.331605739758709 0.132078248797287 -0.401389591833346 -0.550039748315254 1.88198644671226 0.224304969004617 1.05197317785121
-1 1.55811573122545 -0.991019331618383 1.127501855774 1.14783405663265 -1.74938288690423 0.94571597245317 -1.07957355832609 -1.03330610891236 0.403869653049931 1.36257399991608
-1 1.21295720095822 1.27266786902193 1.08958155914032 4.39633073616317 -0.961176833639043 -0.392143032678507 1.79421917946575 -0.607074890880311 0.104835997754730 0.782777137845532
-1 0.575978845235171 2.45543055282468 2.59195457876968 -0.547927621107912 1.05502387429307 1.07617940485002 1.49873922751341 0.365298278259695 0.448852090596553 -0.383989901466866
1 2.06222805058706 0.483143816504849 1.07302182136231 -0.557222900998917 -0.117485616218502 -2.22047927529180 0.719629753419671 -0.257637793760198 0.16674817608358 0.246964686167338
-1 1.22343232266331 0.94552756171532 0.215848500692278 1.94117822239926 -1.24003828787960 0.266375916559198 1.83960454627107 0.640535950858675 1.78656883506777 0.846044204749968
-1 0.601506460531493 0.668845870313693 0.487737941174168 0.09718130035624 0.708311261442842 1.13092999051380 -0.347280659519528 1.88354325981751 -0.63235278047639 1.81863440494012
