100
2
1 -0.207258938639617 -0.531860385127301
-1 1.33693266050244 1.29386972838153
-1 2.07216133068109 0.697691538863582
1 -0.394128074072938 -0.773448563480103
1 -0.295122325451424 0.870942896734565
1 -1.08562980552694 0.106113271173865
-1 1.49042802797996 -0.0635702906152813
-1 1.96556341557144 0.934454688758762
-1 -0.162023952612285 2.07995379593923
-1 2.75495922767456 1.47607182256595
-1 2.12225152275974 2.23324813450153
1 0.243090448856779 -1.05525027110262
-1 1.35206979607079 1.86417020764836
1 1.22651250955643 0.441194295539621
1 -2.27946541510831 1.85434089743342
1 -0.755609536585566 -1.23316714930112
-1 3.78330396775701 2.65471667830887
1 0.824285042356387 -0.81657674233409
-1 1.60151139173209 1.07357344999923
1 -0.720336813140611 0.485001272123158
1 1.01567349676169 -0.995489925539469
-1 2.14031006468141 0.914168917015867
-1 0.465487399737188 1.53465893310419
1 0.703740943120043 -1.40419202736338
1 -0.46196548972249 0.834611109647737
-1 1.74863712202799 2.18496604062211
1 0.840993602933368 2.58253489578027
1 -0.257810753193341 0.93517449036104
-1 1.13998713080593 -0.484658000166562
-1 2.47872682466371 1.93648290900436
-1 0.584790796083277 1.6707841384753
1 0.155583154634130 -0.774680073877428
1 0.590365465545819 -1.21418001401337
-1 1.23735209422965 1.94462388003545
1 -0.0952863332797013 0.24110187714821
-1 2.16928972133636 1.26709038175771
1 1.19365410972497 0.0302902641805943
-1 -0.346208921888055 2.1674179929223
1 0.517892261808308 1.77022880329537
-1 0.852367299701065 1.69691148824021
1 0.658248263274393 -2.39014195428801
-1 2.20279451024832 0.731713140473914
-1 0.598639981606662 -0.286997757957497
1 0.109264582379721 0.619408449087982
1 -0.817589478694028 -0.208191924760355
1 1.60454696745605 0.529563638480848
1 -0.723961081852028 -0.126904497245406
1 -0.502753843236675 -1.55116562623669
1 0.348561233418757 0.117535571464961
1 -0.902241852234433 0.0401583788236401
1 -1.01618451847063 -1.61052145249658
-1 2.26401123173250 0.309144363616945
1 -1.34827367984419 0.479663324637218
1 0.2649127556625 1.33778237941211
1 -0.386901771366462 -0.417416804853497
-1 0.546235853239268 0.926871676401241
1 -1.29606439159969 0.951974510638141
1 0.121064532842517 1.25944470298999
1 -1.75041320510864 2.09949859178845
-1 3.14906199736937 0.836329452242582
-1 0.556108626451733 1.52501997160610
1 -1.85088942629619 0.311838332167874
1 0.537400613165974 0.750397816161354
1 -0.645386399153346 -0.443234391108667
-1 1.47479123462837 2.03506048638208
-1 0.884680175235548 1.15407426996414
1 0.00150658378298639 -0.326260176297205
1 0.0841119693215533 -0.542007508282051
1 1.36593700519363 -0.780825081091145
-1 1.98025291139793 -0.147614973770439
1 0.702659556132431 0.53818822822512
1 0.576763633729934 -0.431528237892927
-1 3.43621138174559 1.22626534416932
-1 1.93817856534699 1.44897808269290
1 0.270517715442889 0.306801318179864
1 -0.199499374721892 0.922533977167462
1 2.40357776036716 -1.56234552537754
1 -0.324466980493509 0.898806607213233
-1 2.48910998093512 1.13124838682664
-1 2.34863527105726 0.352575125204487
1 -0.471312611495984 0.347336923185850
-1 1.38826803613732 -0.0415728354242038
1 0.897666482168688 1.10428288135711
1 0.398678132939434 -0.0103292944305318
-1 1.22660101474855 0.408659442628752
-1 2.898726903623 2.77717530274447
1 -0.411082008234839 -0.76491277571912
1 0.211287508143804 0.541527528527796
1 -0.181889012907722 0.264472227494127
-1 0.75381100878727 0.566327325196558
1 7.03048615555907 6.94196076904573
1 7.08989777540382 7.02546238236568
1 7.1546453115026 7.13109052179554
1 6.95708767179745 7.05949737833534
1 6.93948126227702 7.12515158762903
1 7.04831832937834 7.08059621012675
1 7.00244874002224 6.99150627260972
1 7.09996847162306 6.97283655772947
1 6.9549209895953 7.02380271376118
1 6.96836022172524 7.13735067193555
