1 0.411170616826845 1.75535948241258 -0.309718602846447 -0.121650987890036 0.737575358175858 -0.659467892220799 -0.320363228930814 -1.19207521819825 0.332273178154896 -1.29000051841975
1 -0.885155226983686 -1.78756893829161 0.381219601475347 -0.890384567183311 0.375944160476361 -0.282151465073078 -1.23689989726490 0.394654682647877 0.0555603715975662 1.523208531488
1 -0.207319268684527 -0.972458973132255 0.151051755652947 0.612107647518171 0.785870587269855 0.513154235778893 0.272435632408982 -2.06028350815057 1.10772271429475 -0.72901394338378
-1 2.03075140865501 2.19845369744508 0.502761393072468 2.82756324747532 -0.0611588617901059 1.00764750721486 0.984215518067797 1.25385428252652 1.90671963795551 -0.171335438304836
-1 1.03241979497291 2.18088001611569 0.0744219030923918 0.57188161196479 0.308381821195136 0.99107880091553 0.600970939523278 -1.27901382675090 -0.133265224678341 1.46008686289434
1 0.0186586230151811 -0.730442910346425 0.0510722535028309 0.361000978738064 0.00546606889865048 -0.0550238386731057 -1.27700415300589 -0.53878292113802 -0.72928432829407 -0.549972308532638
-1 1.65125733810609 1.92211391261955 1.06324712079177 1.54089346884318 -0.0831679701909676 1.02717586459428 -0.448782382211063 -0.596374973251908 0.169728642000357 0.86223145977914
-1 1.51792675112984 -0.609197770305742 1.43271286087697 1.55001327816751 0.828035579535304 1.30070655653481 -0.849655498679306 0.844566766704011 0.88555225132991 1.13242139252777
-1 1.10543453239882 0.389487172074435 1.56163163416771 0.506746000878345 0.48331429186303 -1.36865119861986 0.132881236421619 2.24512349336336 2.54816613398997 -0.644393500043227
1 1.42713220024228 -0.00803854940661004 -0.61960656996624 -0.312890088319506 -0.64305548898682 -1.02298932654612 -0.529274460560918 0.268740638985124 -0.524702518649213 1.46710033910101
-1 -0.201872372229984 0.443278135000965 2.28011306911784 0.975878614290157 1.34504526468781 -0.294250893147827 2.21779171000468 -0.351774821375729 2.15528127905315 0.720579019417327
1 -0.711195818643168 -0.205648033415724 -0.792952955233543 0.777454657658857 2.13802397011880 -0.207419878694603 0.67373018627508 -0.673630559050922 1.41928012220340 -0.259489971792969
-1 -0.156670352865164 0.336077185654031 1.03378471810731 0.799985454683792 0.812365486698363 1.57675730737349 1.50897861590792 -0.298888351046266 -0.0773102207655256 0.406046008923983
-1 -0.845904935828338 -0.108563485806554 1.28494361892814 2.29374878976089 0.00327969627170377 -0.744186695434815 0.231424188004801 -1.06437177224756 1.26708948865816 -0.00394905325863737
-1 1.26682419782406 0.940575919187174 1.90193609365348 2.71815779135208 1.30076874805686 -0.334502621133132 1.90566601916651 -0.294174100288340 0.345670169215272 0.701942523099885
1 -0.355550454626656 -1.59246041374637 0.189030127059738 0.386797142542733 0.653866258623482 2.45897194802750 -1.74043219708795 0.327007629801373 -1.72643732297120 1.16591703509635
-1 1.61718458352483 -0.0717725617409304 0.5632280169056 -0.381743395339942 3.42924148788494 1.22640124754477 -0.274917027011415 2.26428491777988 0.261434158132616 0.863785460895567
-1 -0.732863915157511 -0.173285182717272 0.311780104322758 1.67917147172516 0.728140295316056 -0.390777985943871 0.249212667547090 0.84815244283516 1.59306228731501 0.867784936362952
-1 1.10156152644948 0.998884715476906 0.761426215934139 -0.126339430418609 1.60006335402449 0.937047202252948 -0.0938955666133807 0.206554507066483 0.341775166339333 1.44927119876987
1 1.2143300959567 1.44785531736494 0.443868514708005 0.88460987301036 0.243417969022916 -0.794334648243658 -1.08944468552943 0.71003646339879 -0.679950088908192 -0.134097701106255
1 0.884911079193886 0.0595569082548636 -0.0447948190257219 -1.88526281195400 1.01252871707120 0.124782758776216 0.689842862111616 -0.0952244314161183 2.31606515591211 0.762927764503252
1 0.613435584281759 -0.707625737485825 0.0482608733137005 0.630114251082388 -0.325799166035526 0.644067540197614 -0.102801411215504 1.29302332447005 -0.570750703426958 0.843595255961342
1 1.48867544361118 -0.275203757253864 -1.07972442980139 1.24096792382703 -1.26070083093866 -0.626280586095126 -0.441549156608992 -0.338183853625688 -1.01184723348969 -0.335540589161727
1 1.64615900749398 -0.287778139620177 -1.51701910280976 0.430174458921475 -0.249990700306544 0.256206791374234 -1.09033450245951 -0.00886214741749322 0.853255980965 0.90560392969298
-1 0.330958029944261 -0.536439591638555 -0.352327113500807 2.52097201209413 1.22708898636095 1.17399983519754 0.0536633959261216 3.17507604373348 1.76210216667925 -0.370155886397433
-1 0.597782905675589 0.119424512769444 -1.1408646803914 0.418709678468252 2.05720051358632 -1.28113821832176 1.47613048809363 2.20972429837155 1.13900515006120 -1.32886229265996
-1 0.397783928619962 0.717350014293992 -0.0634715318972756 0.133344610815661 0.885898362027298 2.04705216439764 0.512268337753668 -2.47907134598451 -0.363322150598386 0.797052645552505
1 -0.968809603900523 -0.768206869640837 0.727026054975046 0.584905881778188 -0.329226539557079 -0.012366040564673 -1.98248195060551 1.21501259656254 -2.66909344613516 -0.549258488224595
1 0.209612523645453 0.914589315720111 2.00719632160071 -0.202428456824736 0.378070501684891 0.588110652568999 -0.27997928689277 -0.504406128345941 0.590318568484271 -0.727952748431923
1 0.0702000219463174 0.760725067305888 0.126391440447074 0.71096605916144 0.610841431238137 1.73969251636988 -1.63945870753923 0.243591197522770 0.516067514628551 -0.0504326455291939
1 -0.463659686414856 1.17600096005745 -1.23034115223111 0.588107473367268 0.65019512985315 -0.344308923386001 -2.1138994584277 -0.175222151081100 -0.717305066719196 -0.281999091274235
1 -1.22853682363493 -1.02874838559046 -1.93621891697684 0.423822166751479 0.441047048500505 1.1053959757377 -0.106323917202186 -0.50777646017465 -0.0863975633120279 0.116178827339445
1 1.11113182208212 0.87952331543856 1.56020474976267 0.572614618960779 0.287925347351442 0.205117001618296 -0.653551652659769 -0.519704539566495 0.867247749726166 -0.898023468411867
-1 -0.734801852283614 1.59908351788259 0.998363570841854 2.50138705408317 2.18661241458718 1.66695074320483 3.00355825251241 -1.77109203284670 1.00427415876879 -0.289287300777584
-1 -0.656799663459207 1.79523787933242 1.02084402540952 1.89936331547373 1.32621746374414 -0.940814465188029 2.42953790875077 0.18110051866285 -0.247388703297425 0.366615281630507
1 -0.84226444578715 1.06761674852804 0.508290989367581 -1.41125923758892 0.639019765903771 0.109909308396234 0.155033374679664 0.0794689100683452 -0.101525887772029 -1.43339634571757
-1 -1.0469036139082 -0.723613893104301 1.62555551076002 1.43511079433652 0.306211565578881 0.511239817428857 1.02263651583214 1.47558523489098 0.973654447088325 -0.622051750169213
1 -0.0884701705829052 -0.0228657895375943 0.578818192633825 0.0220389331125479 1.74198419503065 -0.448497031902336 -0.0738322550800284 0.543426603221161 -1.82849535984923 0.765163104988957
-1 2.18731435534074 1.71389569758614 0.185269102380337 1.12799003731501 0.596472998906107 -0.056796434102978 -0.0451104013701922 -1.18007360477142 1.93723506016941 -0.333489585443381
-1 -0.484496889025056 0.796130192186936 2.22294464480959 2.81401755129705 1.22013769620638 2.41482292600763 1.23173477288345 -0.191052705786260 0.0976022385440274 -0.0359389568069965
1 0.665393788437871 0.891430145082192 -1.47955807362905 0.558691330814327 -1.91340292013536 0.731276761933313 -0.278267212666643 0.589228700220285 -0.230803055301885 0.677766455510805
1 0.258016205995059 0.178662232655396 0.286244429943047 -1.04201513545484 2.4260831201379 -2.30706101402126 1.63655232241553 -0.626534731611787 1.01528955210439 0.376329267832863
-1 0.55875780031744 3.60496966614492 1.04847989229598 0.574528621027083 -0.0492644172790361 0.537663084905673 1.67210085269327 -0.616184324092936 1.25447769733706 0.378564670198472
-1 0.274351774579115 1.24642575243418 -0.0993152109327882 1.19276921631739 0.511992224043377 0.744358517608779 0.733788683244603 -0.70564242636121 -0.123014329799788 0.894712979814855
1 1.58407949696843 -0.158614820793967 2.00626301075997 -1.48581933852245 -1.38416296255970 -1.55813223219278 0.97070644036719 -0.862182430066158 -0.592640040380777 1.14321276914202
-1 2.14296523685021 1.18191166473024 -0.565760390208523 1.87897254894161 1.45032115879893 -0.259097680686173 -0.513741532718404 1.77174208974772 -0.0756896113306642 0.361403783429202
-1 -0.624335149217387 1.51360743126844 1.30757027155870 0.721420361513791 0.683446874423455 2.6826849497222 0.880556807979785 1.50553997224087 -0.884919116101158 -1.20541066890696
-1 -1.53921846725529 -1.44704283059950 1.28495552230891 1.52657912741564 -0.922467193657348 0.0798730118929672 1.11083781869934 0.809695830043523 1.28810323680886 -0.0516200247304061
1 -1.28420250355936 -0.381401852280321 2.23788197284764 -0.651836509950387 2.80721478429635 -0.495874567570799 -0.0832004576271218 1.1643646081565 2.03458709488876 0.156713425350183
-1 -0.963366084854937 -0.6101758202889 1.89623850649762 2.06737584296013 1.11630173533173 0.747349518692335 0.626771801648529 0.880045310842854 0.742156932375827 -0.351694186842062
-1 1.96483745778671 1.61639058319732 0.894154625575903 0.615123478633071 -0.0969168420932881 1.63338948667844 1.67653765177036 1.15153943467655 1.84570468842964 0.334582212856251
1 1.86757008758498 0.686984515859988 0.635995465954182 0.47191575420238 -0.801870294161425 0.627528187370966 0.934011557352677 1.62057748119194 -1.68965828423222 0.0129490630966279
-1 -0.80907667376879 0.809954985993509 2.48786773956326 0.862979452902686 1.65063891188094 0.546177817454424 0.723099637130142 0.264874198725466 0.261713891433292 1.74330756886923
1 -1.82122967976877 -1.14826085020747 0.98198878846621 0.876044576111938 -0.207769109043045 0.162802273199503 0.537062800378335 -0.69512184536685 0.65259438059723 0.363756728122476
1 0.316328924036186 -0.92965644666702 -1.0515377041953 0.504260085382628 -0.514820073560478 -0.831167860265548 -0.149166025255781 0.522954493020515 -0.746569792680289 -0.50114807260408
1 -1.35546584904096 -2.96207679927046 0.433885335086362 -2.35159062527109 -0.803653912497637 -0.0495745120307671 -0.264147551053224 -0.802626397503861 -0.792474937674646 -0.52532478451443
1 1.74131700477157 0.659388413581555 2.61617156271790 1.3333771877561 -0.896272178401292 -0.0277651682026683 1.36997182268144 0.935013024565053 2.05199419030098 0.388151312171295
-1 0.0636405978625558 0.638402308017727 -0.773183506262564 -1.07490084850511 0.440664452922956 -0.279910015008077 1.04894814631412 1.6050752321762 1.84778456783536 0.875769902248025
-1 0.778095722826531 -0.0767249111503302 1.30539489239096 -0.865167666813456 0.68351288219832 1.65381876935535 0.473692652191346 2.19856627609657 0.106526844811526 0.262880564578402
1 0.675801261255978 0.611437315096151 -0.778927680134619 0.0936262250079615 0.263430861340463 -0.613419306028865 0.225072888586158 -0.768403683059136 0.250554380607288 -1.46941774937863
-1 0.85934017319383 1.16825737137745 1.5225334979739 1.07000276334295 0.813533371082724 1.05078066964273 2.72864812747488 1.60549346457147 1.41968288158927 0.085203320629333
1 0.108631478795225 -0.923623359670756 0.217646421603483 0.344832058102425 -0.37185945971471 -0.188011600578047 1.29314179432047 -0.575868609879143 -1.64238193797646 -0.545362308792773
-1 -0.111568876738242 -1.07239068996677 -0.592675566903121 -0.721801387944559 -0.914321685447089 0.320147976121488 0.348723357202541 1.28793915408105 0.00779653002110814 1.35279099832059
-1 0.256228662053290 -0.919740337187815 2.49105244404534 -0.26550549178086 0.333939664521889 2.9617842235253 0.30351480839972 3.43920103905737 1.40264416121561 0.67142687194652
-1 -0.948935459901277 0.361879745100819 0.603870515214593 2.04560536066947 0.0928080489781299 0.707311964328424 -0.316886452318851 0.274309132466176 -1.02869619135340 0.316813050748576
-1 2.17490312074444 0.0415164030491613 0.751218959130374 0.752084783030653 0.915304696390456 -0.410975780467062 0.61426347847223 0.529751887824758 1.30098468932386 0.771816942384911
-1 0.551939107081693 2.16101087327630 -0.539935714251302 0.184427975871427 0.511368131529826 0.695990143258805 3.07938897416889 1.29269277482684 1.61867056931915 1.11997361203262
-1 0.925258045407105 0.832740003148948 2.01518637627405 0.066892706640081 2.32985268659563 1.48489362045177 -0.72413781059088 2.46911391765244 0.816924488338696 0.0199267696807841
1 0.532280035651764 0.113455751375523 0.0356129889969671 1.77282127246165 -0.257801731841768 0.465522126141346 -1.19309358282219 -1.22462333119983 1.08069308326081 -1.19479683766746
-1 -0.509919817322462 0.315904499014867 1.40542976394608 0.533936676550653 0.39354621127047 -0.385237797869212 0.334748125221064 -0.0118599875010079 -1.51668108805973 2.30606818910323
-1 1.51075599148301 0.0552069136702203 0.825132910080863 0.262120248730036 0.856366176376525 -1.40490766622383 0.759561726192025 -2.38540551543017 -0.0543389503251718 1.37813417052235
-1 1.34175335314531 0.715178021150168 1.92427334522074 -1.24985538638938 0.454724378107904 0.685960227853232 0.0974410615564973 1.06562457147448 -0.116872428151395 0.110669680237957
-1 -1.08148814278644 0.491784917662252 -0.0198997941646691 0.660559367602257 -1.04341561211749 -0.797299175789988 1.32176829308011 0.561225445072175 0.0493605211217601 2.04555585514442
1 1.29605599092595 -0.610762752184723 -0.186308203352222 -0.73797655969677 -0.0773035904162048 0.0181783474457163 0.431851800846738 -0.124137266488032 -0.0869067697644682 0.967980570239486
1 -0.681649587734182 -0.181845097578554 0.330295785037112 -1.35910746875885 0.798905097511182 -0.715672863781794 -0.62475217740896 1.44541666337923 -0.755021462162569 2.03820268128294
-1 1.58531189181469 -0.0634163149262295 1.09306979644670 -0.5946792860455 -1.48704156680831 0.823128355149347 0.979736241845024 0.933282171581231 1.53937185558649 1.35977944466437
-1 1.27028678862493 0.632214909817875 -1.22020132915803 2.94678515029053 -0.402994927006629 0.329799135616026 1.52445964818126 0.0839887599577653 -0.446308253436417 0.654815727073685
-1 -0.267272494907046 0.138867585299432 0.756107601023027 0.864862421664905 0.181082843735241 1.36837004984744 0.341761174812999 0.306633538450435 1.23198325724066 1.50264146202686
1 1.31371745291925 -1.88408978202438 -0.374939343340628 0.454993882984119 -0.910068703799064 -0.899962747218411 0.427588740111166 -0.789498150896352 0.410698861098124 -1.03759403822814
1 -0.407406038086511 0.412383013356193 -0.246921933933682 -0.951203887890787 -1.10624542394414 0.470973860578469 -0.0426319522280874 -0.299797921179376 -0.87800394365739 -0.159611153998029
-1 1.81781296400098 -1.03940985446065 0.401629060545231 -1.51355665737476 0.290259055792441 1.87422671873993 -1.00770121668976 0.578537585396879 0.0553283532924224 0.387515546366675
1 1.25894561897412 0.673872531490897 0.467586832125711 1.74804505793415 0.83868958124307 -1.60262577198610 -0.0264195638334944 -1.30580904200787 0.61631242238276 -0.239919741320895
-1 1.97761789569356 1.0970842411325 1.66462840531397 0.0725254824695347 0.179619491029984 -0.155680090466827 1.21411840994997 0.47417077614101 0.738904326364055 0.133382578985818
1 -1.61635894069223 -0.541004339496212 -0.247896845755030 1.60247633342087 -1.29879809215943 -0.523535110821246 0.290121269390788 -0.102891124882636 1.05850500439837 -1.18406420584208
-1 -0.637283853238705 -0.966229803827886 1.72693357694513 0.551490062086746 1.90823288684755 0.999484913746645 0.87502638994139 0.749385317764474 1.35996254141790 1.26367868652978
-1 1.65606687328289 -0.838009160781078 -1.08540701494560 1.64263012468015 1.63128770525017 -1.38308385581854 0.122197935803630 1.52426369701668 0.710852491797004 0.605133568422662
-1 1.85306976831732 0.666992530789835 0.487630385711078 2.00392411482126 0.266603069588987 -0.958574568569761 0.605916279647485 0.404563999574203 -0.0212084802797602 0.0440570367296635
-1 1.51481771223677 1.89229170830848 0.440303622130527 0.402843314893965 1.13877176541157 -0.460552858625186 -0.229517966825144 0.700262364580597 -0.153645239894115 -1.22072518899656
-1 1.34781062325451 1.66239813525118 1.17783114415031 0.438015823069192 1.05275763807441 -0.320633489625989 1.94552622355327 1.21410564973884 0.519161432045275 0.407820676834687
-1 -0.581551000564964 0.304275854091364 0.774011182036383 -0.085860943848915 0.984844199798758 0.667006671644036 0.737149562274587 0.0103906491585682 0.00391953638093423 1.47422561154563
1 -0.0504530507216679 -0.740464143178203 -0.0529634515661118 0.706234088656505 -0.63043084958541 -1.37908923302647 0.248035559644153 -0.0236478606087256 -1.43854154857781 1.10749802938902
1 0.0776595644622105 0.750899071178867 1.5609799624795 1.52077238128613 -0.134777405795867 -2.65102626436335 0.349935260342138 -1.24788965972129 -0.629144724246938 -0.167262316532249
1 -0.813998550668454 1.10800960975176 -0.498167295181199 -1.04338108648154 -1.59719157310469 0.708044285158587 -0.0156038899913579 -0.959770755394823 -0.210857415347693 -1.14054268615360
1 0.715841124703342 -1.29585266656347 -0.00302316048197753 -0.0478228015543896 -0.374870777732388 0.703508659044371 -0.983462290393695 1.97784350757184 -0.503953177267016 -0.917555555608618
-1 -1.36156141750759 -0.161947270559134 -0.190042150579624 2.91407324916137 -0.360347346268805 -0.607027908166654 0.282871474021066 0.4906725115563 -0.838047322966181 0.611583500892655
1 -1.8274696332312 0.312848568358390 0.094505632689764 -0.146058257348820 -1.31536416603978 -0.59677465939734 -1.39085655589209 0.0214751906206457 0.175085004817858 -0.316071607195145
1 -0.396863746132666 0.213909965394171 1.96132638704251 -1.11951208084006 1.75312942544047 -0.280600508932174 0.259087019288591 1.11459720762149 -2.31240622181323 0.598748845006827
-1 1.06529824184074 0.780946065738295 -0.421851603911293 0.47720554347407 0.00823279760722595 0.124944928145295 0.72093123750512 -0.302357652231486 2.34985765164348 0.276357894399188
1 0.673376749757731 0.377945332467031 1.05800986192116 0.344630158214041 -0.500445981509958 0.531778623945621 -0.634970767518832 -0.733061124333093 -0.28092793395306 -0.337024520953552
-1 -0.39496324244776 1.07204357151904 1.60627408555882 0.51953865024401 -0.686383941921503 2.3514629157765 -0.0702142924001394 -0.849826739972764 1.17735543382016 0.234474299591957
