100
10
1 -1.70955591672680 -1.67121829440926 1.08573361027859 1.78111820450001 -1.08294315735789 1.72923676604827 0.437376915647143 0.322698340107321 -1.89233865026534 1.33973044675351
1 -2.24410461135933 -0.406012390486783 -1.30528758442383 -0.272123047514742 0.613412560097622 -0.24206441770595 1.16928635913773 0.885663437157954 -0.0992999716614025 0.837862214224464
-1 0.518580811032499 0.739665075551782 0.0314457404441233 0.50399363842205 1.39968610808742 1.29185011884891 1.93357220330612 1.26352051996026 0.922417767311684 -0.122548855952463
1 1.36196328949467 0.664029073476979 0.572305461251615 0.237303108703847 0.349665610981948 -1.60891857164271 0.323694229880373 0.880179918975641 0.423655144235039 0.401508677389575
-1 1.03722074250316 2.42194758805679 -0.111032833177426 -0.637951957741849 -0.308523762863295 0.364026841661342 1.00636695398263 -1.70491037092524 0.167946067202237 1.95029786055689
-1 1.14749696736302 1.9723827536834 -1.14445825406375 1.69622282299977 -0.931846676992038 1.54907283760893 0.466513675595381 2.05191628169715 1.71616396085982 1.72919444690266
-1 1.89725597259752 1.43124528023046 -0.160682752190755 -1.58725815440848 0.761720707131438 0.0902106182248114 -1.11859167386287 1.50703024225816 0.771756269850719 0.855360751138765
-1 -0.834747360591652 -0.0287473300108163 2.76828627708971 0.981602162147175 1.81807095865680 0.976575853965325 0.55694779762808 -0.646642445580952 -0.064394131720359 -1.14349084253768
1 1.00780273211417 -0.83338514292835 0.264841236592566 -1.74805547649071 -0.391126299936358 1.41244779858632 0.921708432802622 0.191329844796093 -1.77113888960148 0.102750952692399
1 -0.255806043697822 -0.615786485972427 -0.89625962377964 -0.716395013633269 -0.787445706736365 -0.229627501682570 0.370084555771826 -1.66003912568497 -0.999564595451066 -0.503889459504071
-1 0.892911853651645 1.32825563621247 -1.62185471370885 -0.00778152725678238 0.974752199318758 -0.198326888920782 -0.560235476005987 1.48250799652549 1.24447056064677 2.38381999883633
-1 -0.139025844022662 -0.187575468982509 0.929980505082018 -1.08953053895218 0.921366460884401 2.52464386660711 0.0559126740114153 -0.282887543216278 0.397491289455767 2.30773473414927
-1 1.07707135568460 -0.587340035690434 0.777201827943945 1.50755299654228 1.30955395246431 0.94572370200249 0.174882684079347 0.40384852273958 0.210765443587493 0.869135705099483
1 -1.21530743704751 0.251689541460589 1.09342696022787 0.437409738358105 -2.17843146666444 0.78573173644569 -2.22382916522758 -0.170972271298556 0.742127695611486 -2.37900455622945
1 -0.0877999157606203 0.139033165425586 -1.24305510360032 -1.03986839546720 -0.241128694476249 -0.858938641042229 0.52910825922116 0.141907526922306 0.282048366271697 0.854882167674923
1 1.09534230885894 -1.28164934528509 0.770132225241816 0.187398020864149 0.464490881985235 0.611377542715767 1.54020983227429 0.793603311952504 0.0981602775783655 0.617101231213991
-1 0.71470974087731 0.169944689889572 1.03204998847249 0.731963507930725 1.70748606069757 1.62366102899503 0.572387983431374 0.94989172354915 2.43249881363029 1.54301548297344
1 1.12672407925796 1.97203623759518 -1.61569527095822 -0.367130110016886 1.02492090286028 0.38507615781022 0.356769805736258 -0.404217535966950 -1.41424827365175 1.14631569602456
-1 -0.0457486834689794 -0.00926742117221224 -0.944640483843397 2.85695005384031 1.22340813966043 0.612727552303635 0.61682054068512 0.422097588639194 -0.0293019260985957 0.96643917778105
-1 0.781869987817633 0.162805558377014 -1.20996577936432 -1.04938835404941 -0.939827890419036 0.959805069464158 1.28183075046111 -0.690845379770392 2.00768959470211 -0.49366216779125
-1 -0.86159855665446 -0.216864234605323 1.1691935210686 -0.0468233713498928 1.51469556695185 1.67155555156825 -1.68907425194167 1.69604383421126 0.130078837155808 -0.707010650912182
-1 1.46924509396738 1.97533625778625 -0.259000381769419 1.69040241527358 1.84519530485778 -0.134782348872330 -0.351779533288184 1.12753750505549 0.443804042617608 0.145381425850992
-1 0.565411366353545 1.50764957087898 1.39541713796591 0.0568566997162185 -0.940829437931087 1.86577578216921 1.07441300021371 -0.245101271627997 -0.0673373824871834 0.967832469803287
1 -0.343679618773779 1.30911551419593 -1.29205853521958 -0.100134038291723 0.795626890301837 -0.327558243677087 -1.01419741103019 0.391214815568705 -0.850980738775836 -0.98494793542806
-1 1.00102759698502 0.806248041561524 0.647151693400575 1.65653583592439 -0.333981601361175 0.278397401753024 -0.0977515269169291 0.259912134780612 0.818102979618853 -0.639437984368808
1 0.779916104375975 -0.330855303107074 -0.0625419927255235 1.62260567655999 2.05324767787474 -1.51003801708967 -0.822410806129511 -0.368070497465263 0.59899095271637 -1.01432169213641
1 0.114261344231014 0.672398702775269 0.0323342297158311 -0.596082778459091 -0.199667974891438 -0.0314329378627061 -0.78725554532521 0.642878615120841 -0.75540643954372 -1.19815479921383
-1 0.252823507457383 -0.903642755104467 1.31469587178401 0.101865231460371 0.0494553544300426 1.32533943034268 -0.652740204527237 -0.0402667109220453 1.44491875178477 0.183095058421653
1 0.830833435071537 -0.309131821206148 0.287042971257906 -1.48506422818733 0.680991664889518 1.93166192336631 3.10638398970239 -0.611105860560654 1.46524618103198 -0.637287498849274
1 0.312255601994566 -0.528661501273212 -0.494989218515362 -0.803318433153758 -1.08249575494492 0.702522778132476 0.0643943670652601 0.758366358092938 -0.77789373273264 -0.436189223154193
-1 1.56111177641289 -0.996113366074654 0.687126333380995 0.505748698649039 -0.199502968434744 -0.157951819816465 0.92152554154236 0.655874107111293 -0.442523565527921 0.907475769882731
-1 -0.386637303284353 -1.37696244973511 0.174035877508490 2.91966016606936 0.915669390907226 0.0926666550693763 0.860854583220586 0.400493960926227 1.72264171743886 1.21161954668763
-1 2.22575244881918 2.35436686331056 1.62707333869025 -0.848652147899318 1.22299060062997 1.16952823105184 -0.241172533307104 -0.334286120124435 1.06734221385710 0.202970542370727
-1 0.91966615340617 0.92452662999374 0.0957687649385703 1.82127078318821 -0.64503574869195 -0.0551387935305415 0.448915095429907 0.805605799400772 0.857466822067632 0.992785386750989
-1 2.39977962304281 -0.30672601447821 0.251428439424757 1.13701444293542 1.64734190390668 0.0628267262437662 -0.241578880043108 -0.520974179546373 -1.13234129116526 0.682847076603125
1 0.835615905670485 -0.686521578966435 0.705617422095026 1.37300219620044 -1.15568985509543 -0.801348481425684 -0.537201402879456 0.432538942463222 1.76952230706453 3.24641303555382
1 1.73757896065534 -0.0117971515126206 0.625653017680722 0.347854365346776 -0.148782109067864 -1.07858237449843 -1.27179106494527 -0.259592798575568 -1.57422715242273 1.39010099011026
1 -0.552084016129946 1.22928706015147 0.762623527244767 -0.798951241144659 -0.0106988159917006 0.277854566796918 0.734534920402243 -1.29296200715007 0.906712695768051 -0.733531966571786
1 0.269117360041531 2.09165092593755 -0.108607416185275 0.73599425941423 -1.59812276910966 0.285731714131619 0.43454135955249 0.276409707830495 0.700399231413485 0.472277132348905
-1 1.56457230380345 -0.438278861376652 2.34158423121061 3.07171615429727 0.804864933474005 2.22757636718612 1.25983898145349 1.38807451506334 0.894838023494789 0.458961074309429
1 -0.746836989107674 -0.0134982769060197 0.247402945269688 -0.450162806575895 -1.45121220384372 0.326095175379221 -0.517579101719978 0.983387039267696 0.0042154772901334 1.44235986067757
-1 -0.120027976459002 1.36481552998550 1.84946312207499 0.194626452957032 -1.15294479184759 2.14328551058222 1.17862950819838 1.05566539425978 0.335804438071109 -1.17155256972315
1 -1.87190044044079 -1.58351769303747 0.396630914901942 0.60224936031259 0.271486667194319 1.35021574858964 1.79051790146799 1.42270088470061 -1.26311514621069 0.418037370728434
-1 1.52005078326936 1.67711234626548 1.11225387587139 0.781148430975598 -0.994824970882675 -0.579999483864487 -1.67900395868079 1.85290385544310 1.82283927779258 -0.0666160962561808
-1 0.465321958153633 0.576269976185841 0.67112394461585 0.587022731980959 0.55801742435863 0.80512431858368 1.67424512801864 -0.263697545515221 0.580345148854455 -0.330387095745305
1 1.04846847222243 0.94597261680919 -1.05818875745038 -0.0813761053081858 1.19714455552089 1.89020022690674 0.193321657761993 -1.15987796175350 0.904333844212712 -1.17886779402048
1 1.73737216057302 -0.936960500294742 -0.193874640587344 0.353741867862407 -0.612319418887026 -1.08693590967205 0.781258512973642 0.509411434407477 -0.871607841181557 -1.00337404670365
1 -0.912011749287807 -0.907213360906132 -0.040387833102421 -0.886641093601278 0.84763578407104 -1.80034235877445 1.29388793211981 -0.360697196679558 -0.153202936835533 1.13330588979352
-1 -0.776247947350459 -0.681982225180769 -0.121047606825936 1.16914601717335 0.176202678233633 0.90653151377192 0.436487674973024 0.95267418981827 1.92045372052274 0.417812113209691
-1 -0.194422362799126 2.12986254851299 0.569076361014907 0.191548855109832 2.2011449452274 0.398728906184269 1.84036083281545 -0.43083928261259 0.132296418361428 0.209858775502307
1 0.575316377695328 -0.555976782059834 -0.597257085705058 -1.78821088960261 -0.887042865884788 -0.182607493589296 -0.927278661525329 -0.426577818860801 -0.40080320918807 -0.802360617393432
-1 1.14418617363411 2.72178567510712 2.41908971786116 -1.34679126582203 0.507279413548366 0.750320088401373 -0.448290040378397 0.64009988395873 0.683952189593091 -0.572671481354306
-1 0.591723486049756 -0.227850326330251 -0.339955915856980 2.32527420964336 -0.308613102732514 -0.20552602776844 -0.0666233358313947 1.65070097535599 -0.909164295900236 1.95428608599252
1 -0.666617034924302 -1.24143919712199 -1.31866869280538 0.309960288916943 0.262396728170521 0.847522250828973 0.84756271067807 1.09471242737786 0.252811545875655 1.20838249308230
1 -1.12840097036072 0.168162165211425 -0.544190103937168 -0.955479446381987 -0.855359285272236 1.28220693817585 -0.195768197495697 1.18205149619356 -0.349295825685666 1.38887467203556
1 1.24957801072966 -0.268970107946677 -1.72983433646379 0.216790820599534 -0.824684808424484 -0.537308724712692 0.532089258925414 1.16916787693560 -0.351931113875166 -1.78255217420493
-1 1.10374113349409 0.253562343929147 -2.62638999197541 1.76676016505196 2.08487090474267 0.903302999698724 -0.424607255979512 1.01258418213564 0.770481024840602 1.65526875723666
-1 0.47692628172268 1.44733793850747 1.56100429508611 0.99152392442951 1.08907006586557 0.780595839766767 -0.624351264441639 -0.587942464982011 -0.74416870308113 0.766844832811557
1 0.60829148598324 -0.58729300973673 -0.117710236691765 -0.0962131781564762 0.422477045738895 -0.288279944896830 1.55296918151852 -0.295440014210966 -0.91190170329168 0.341115843333093
1 1.31334243194197 3.30067928887133 -1.24362695601818 1.39741790788475 -0.94783775330758 1.95925098603659 0.0746914851763405 -1.04535722765111 0.528944636786169 -0.325072753856479
1 1.30757301885835 1.16430136663274 -0.537365151356242 -1.15962744131311 -0.0603038820269587 0.209376172586563 -0.657144101817346 0.45758989558315 0.217361811377112 0.491759420818449
-1 -0.260527242356687 0.0607766443464036 0.540506862902256 1.43565649867857 0.712769752248768 1.65118640928501 0.230845248460974 -0.519012894482283 1.44821774962471 -0.0859902575979339
-1 3.46132396845244 -0.6091066394449 -0.397814250277802 -0.423034861393932 1.47272357025746 -1.05272191999728 -0.296874553543934 1.09233193214585 3.23895859047428 0.804915099848124
-1 0.233371502141474 -0.149446417359647 1.32634027852357 0.310494903230234 0.79742634084499 1.17552770182197 1.59459625680828 0.488975884466883 0.633233942409318 0.45972376731961
-1 3.51394720720136 0.253884598590638 -1.46429523305475 0.267059882290064 -0.671748147605633 1.81948929145928 0.656778562938997 1.35714441567857 0.318135036432503 -0.456667290411409
-1 0.202716568950512 0.873110288846626 -0.430950793083978 -0.756007222989634 2.51640950025808 -0.212183946961901 1.54090274392735 0.841474702516417 -0.100426634990914 0.0948331986209895
1 -1.87087350263156 0.44096545548747 0.200100268504375 -2.15087926547455 0.583527555440077 -0.89836344759404 -1.92147427520627 0.0922945449037409 -0.929903193646514 0.547072550532389
1 -0.419602935519201 -0.499135943377635 -1.26534004114248 0.726959111291262 0.35392850322758 0.62746681363488 -0.167358556104506 -0.742057405088314 -1.51365464114769 0.343920196387542
-1 -0.259141786274035 0.469386164372262 -1.30549308772633 0.0971239079825164 -1.54177815841774 0.214444870035145 0.559892680721927 1.00562752335866 0.196414625359723 1.68660971038078
-1 -0.49188528320796 1.87440849061603 -0.912005706736784 0.0800852405105021 1.22228968965222 0.124634238422220 0.73694346129565 1.20931562077549 -0.693806736394915 -0.178728976558743
1 0.605317879131836 0.900873555577391 0.987617428352248 0.216887779560865 -0.277978118390681 0.344809020155021 0.634805768093918 -0.377330632862203 -0.78953104706027 -1.14215209890131
1 -0.220699491487475 1.7911147192677 -0.255244395658758 -0.117752233174719 -0.224302079859632 1.03314119274901 -1.80231049568714 -0.322073756826239 -0.860690766651565 0.59595325986806
1 -2.32735987834834 -0.0323962749799493 0.878046380263383 -0.100796347313503 0.0936053823419269 0.00100828110469421 0.0953974859242178 0.753448154891366 -0.419555112948739 -0.513242058188178
1 0.753558847671674 1.18343346540051 -0.693170234092822 0.470830255632338 0.0605044030345908 -1.02367326966077 -0.307854092187319 -0.448206402328238 0.108523451323077 0.210273267894330
-1 1.33226461548648 0.730496402033642 -0.29143160090016 0.226122998126054 0.193667268979165 -0.948240548711633 1.10563785941817 0.0314291016147933 0.498381006683541 2.01728830384686
-1 0.483357542043781 -0.279327624049037 1.61765732879142 1.5551001618361 0.169018372851507 0.99234589951089 1.89754461103445 -0.380958553191083 0.112309204444574 -0.943736827142602
-1 0.261457612092878 0.31102413461387 0.94884732673441 0.388730344129638 2.31801375202717 -1.26025184835738 1.50978023666321 0.755078509714913 2.18844190818103 0.627770267292709
1 0.617930834448783 -2.13406135140848 -0.557688684685104 -1.92084482419121 2.03142673289648 -0.79885103278119 -0.47110837267294 -0.0651054904668791 0.866030110342237 -1.28794643829781
1 1.04486254155122 -0.188510504768689 -0.588704886383758 0.822407213925129 0.637200354845764 0.348866237965924 -1.21256085307407 1.16441652062313 1.46023029330121 1.71413115895918
1 0.744102813174587 -0.740679111529284 -0.614475103927415 -0.00374691371025165 -0.929300647534084 1.48128319928996 0.281539343911491 1.62841213510226 0.551079984101775 -1.63234269705631
1 0.490031639886832 -0.391454500885958 0.21129650057882 0.930330317784656 0.444050534000189 0.970588643778204 -0.691047992083772 0.19524249708113 0.548775546261536 0.192663274830689
-1 0.523846155353887 1.24368710195248 -0.374985645265481 0.921869883284093 -1.26034964638023 2.38534935542209 0.572067884650198 0.00284913552112132 0.466890846185357 1.13632595443962
1 0.674654362903895 3.09282249679550 0.716040838963239 -0.643614791024467 1.25493186181454 0.902308558901248 2.06170055002639 -1.66335740253654 -0.0875257054324996 0.528327563846093
1 -0.884014158309082 -1.79689435575677 -0.440703505486997 -0.174155357052934 0.278936655665882 -0.89546752466656 0.116013467378417 -0.442635057292777 1.70221731757753 0.278502208539145
1 -0.154454352616556 0.0284701331002743 -0.286062498187335 -0.503018859923635 -2.01603330788580 1.23315494094226 0.397638240040757 -0.868551861305547 0.293670076697400 -0.648993709271427
1 0.857366583386766 1.96825332510372 0.335961701582325 0.216350377447220 -0.395210026748534 0.627966607897734 -1.23702239278987 -0.273630683974051 -1.33947413659500 1.15390481497993
-1 0.268086438280505 -1.66937219772429 1.07740547191081 1.94761294088418 1.35898481607866 2.217204812652 1.17348215066558 0.524958869603271 0.267015942291334 0.510420822161939
-1 0.307361913100672 -0.200665109716838 1.21967974850598 -0.896848823073796 0.57816077729367 1.46904992345887 3.53763737386537 1.61376280537182 0.0739838082517739 2.31947755803943
-1 0.0267965486986391 1.64485366747882 2.27735134660172 -1.1227819314533 2.13581771695925 -0.128082734061465 -0.993305644885994 -0.884491427709157 1.81479033843369 0.167797494260190
1 0.138871063810216 -0.443729412815412 -0.636731880057845 -0.300035153698198 -2.20870100518887 2.61364572661087 -0.900437604282023 -0.260915512352425 0.732585528932332 3.71246352238007
1 -4.88611019715122 6.78419871369778 -4.68305944839785 -12.7460885237390 -4.67717280299711 -0.416418456933338 -1.99669864504232 -14.6774601490748 11.5619624770941 -11.9280025973261
1 -6.19881252012172 10.5237011150258 13.3862818086220 3.64860833439342 -2.66695964939152 4.67307265917585 -6.84754471425743 3.2594169946646 4.00010833355557 -3.8017582814046
1 5.80589115270404 12.6278073187903 11.9764970820931 -8.00308487148876 -4.63572975308773 -6.25438384540439 8.94673302794736 -3.47861413468393 0.955096880470614 -8.48973996272415
1 -1.33166025005363 -11.8812042552207 -1.28286591767178 -12.2313353250035 -28.7017713762159 6.6477735260968 5.37153420769032 16.3771907284433 11.9007023200760 -0.0240394272059891
1 -6.61619943509424 16.8642738453640 -9.97185599640544 1.65422387015888 10.5278257297202 -16.7761978631679 -15.3484526877284 -18.4503437324297 -3.72018910960159 -4.38708903131126
-1 -10.6777289151017 12.6699345434012 -6.94983997458374 8.90958774349439 6.84357106436648 1.18349900618725 -9.89575770218124 -21.6445845756732 21.3514016946563 -6.2825044255311
-1 6.48525075726063 -0.394708512078470 -2.67559811417712 -14.2993077239330 -0.301641394286418 -14.2033347063542 -21.4338471023539 17.0940807548583 -0.146241923016277 1.02412133381694
-1 13.7248027357073 -2.40147371321006 -6.9485380892043 9.0843875234026 -0.351238522358770 -7.67593652203399 4.9116885729112 6.82877357688919 -7.07499400785355 -1.00084691220986
-1 -9.99019649560722 -0.485709995549744 3.41930546603373 -7.02893593786778 5.38016074805928 -0.977497580388662 8.17921180082578 2.52284094463541 15.6225823550674 5.6954321420725
-1 -8.0191482945519 2.51313467772632 -7.38546365554356 -17.4194822659108 13.5961677825075 -4.45631631795114 1.27441344340826 -5.7474374977822 2.09805932560168 14.9872369539031
