100
10
1 1.97999110615943 0.366401446595339 -0.0261349590096248 -1.05236741236994 1.94263164745977 0.0716207654178558 0.172874018683002 0.797506221836657 1.42048552853026 0.80458605884133
-1 0.534734162062026 0.744518006096068 0.74387095229769 0.0549004178662901 0.822166006038879 0.668182783314134 0.828611557694207 -0.655197780062584 0.765268131477699 1.41264681759370
-1 0.946962823814675 0.683123192039752 0.869642936969117 1.82515241884110 0.171766398207754 0.705619114038382 0.41194832507096 3.6468294912691 1.25658371940203 1.16450238921591
1 -1.36030392985766 -0.795826248989074 0.0577691081399823 -0.408215515840682 -2.26915405228726 -1.31743882017231 1.13356578988197 0.621622145571856 -1.30194906862947 0.800724139874535
1 -0.213327296184817 0.168748747854513 -1.47300838531319 0.535665931389829 0.315814987106399 1.15332759753753 -2.1355648323389 -1.26217580997337 -2.13539454444347 0.970888738312685
1 -0.652065520429084 -0.218183751019027 -0.723567580082912 0.574471821612028 -1.44278043263574 -2.49677440873938 -1.04771182233747 -0.458695015125239 0.516089027896433 -0.342624539241692
1 1.14408341230587 -0.0607654694714828 0.883559322284385 0.888829718478854 -1.22269053001199 1.95452016541366 1.42402758208156 1.06214986400864 -0.661206860728207 -0.314503201673524
-1 -0.827477526913997 0.885457803758307 1.97236981644471 -0.68490484096844 0.891858823787102 0.535432748270898 2.44491968524816 -0.832142379581213 1.23950526084667 0.512467913459627
-1 1.18526850375844 2.40640155689255 -1.11450201703958 -0.232560674143354 -0.224138280956725 1.78987812087888 1.15524384803702 1.35254395975813 0.0781070537097072 0.0410182199055938
-1 -0.368684283702260 -0.935213011527499 -0.732049501435394 0.835830210539724 -1.70515454539001 0.446236071471720 -0.555691369599254 -0.376083590432647 -0.0657209756561159 0.0494939330991639
1 -0.605304376727321 -2.06653676200799 -1.17080992295674 -1.84541760673495 -0.790058124993024 0.471787063171952 0.216262576364112 0.648472889924041 0.558445016135222 0.299800658855123
-1 2.14531322597755 0.566965967420806 0.170764880392192 1.31425034087315 0.763813698293331 0.302951729304665 0.62467176947873 1.77091856599588 0.106698733097884 -0.195797193411669
1 0.602924778005663 0.261511790635043 -0.168013416076206 -1.15505984882529 1.22539226548809 0.70432522493388 0.942366904393343 -0.341350783681230 -1.04662010945132 -0.126151450539349
1 1.36500227061529 -0.669946913391074 0.174388323225307 -0.91171290858674 -0.301245950899093 -0.330215957685716 0.769100857191511 -0.872976545021335 0.656767365653143 -2.03519436622018
-1 2.4545386643681 -1.87818886529213 0.105482491247534 0.546043235000951 -0.0719016884548443 0.274452876699734 2.53826919027985 0.790996583434403 1.78395471571473 0.0484105139489751
1 -0.285555734079367 -0.148752140754359 -0.209173448609179 -0.294083495504639 0.160825833169554 -0.44479629746638 -1.28861422386194 -0.683688707960485 0.499873171752466 1.50127485587759
1 -1.32510673989924 1.84640031242184 -0.442814946293465 -0.978715356785174 2.98164975492420 -0.551747040173315 1.37330342975976 -0.571470664585451 -2.61967576337767 -0.348473216166347
1 1.30270742506905 -2.55315362129331 -1.34637889871280 -1.60701610725511 0.620702414636352 2.35060066506156 -2.72114259169651 -2.08889377635563 -0.732214571038653 0.915331514593117
-1 -0.198547372880410 2.02456495907248 -0.930204464297355 -0.659739710387706 1.12034261302869 0.595962268106836 0.295961891829063 1.18177213966289 -0.673539272091454 0.419434768196707
-1 3.13158780648388 1.56676395492469 -0.220778120863048 -0.394959030777397 1.3726201801408 1.12306433307898 1.22206527798854 0.311837171053237 0.431194499002681 0.971549747136066
1 1.01475213769069 -0.386363117201067 1.67770667867020 0.104241958488829 -0.831728408411389 0.223383778275891 0.697423013559339 -0.195594759589047 -0.375206665486897 -1.19990463317496
1 0.542290077763717 0.695314137209236 0.615290996354629 1.27392844518141 0.551165247061697 0.416614622705605 -1.11007885823232 -0.867587490735039 0.504201677787361 -2.32994821800033
1 0.708001284140818 -0.679094689742122 -0.458654883165336 0.80368683381583 0.139721337504125 0.296664517389578 0.676187762167619 2.10567058886736 -1.95529216018016 -1.05027604607714
1 -2.89574207515413 0.164148012045591 -0.419251154642297 -0.438665701025067 0.266723145724181 1.11615959778271 -2.48275392497486 0.0571572024876677 1.72704471108877 -0.998601751661743
1 0.134552057323313 -1.06374355850056 -0.0936990973343081 -0.939363245999487 -0.545650045465651 -1.71081226737193 0.689344551657735 -0.436277555765772 -1.02022866504629 0.822864671211675
-1 -1.22121909662795 -1.1273613005742 0.289515316230026 1.67648424151847 1.90463348511506 2.47465887558379 0.606529521839294 -0.514003891943797 1.03377832572366 0.936687253326814
1 -0.983176832111646 1.75564043657838 -0.103066970896105 0.200738657981265 0.0688230737636667 1.61792122363053 -0.0172103286549591 -1.04297929272728 0.508561213360849 0.577259265270247
-1 0.250364309266704 2.60872337088474 0.824688231679193 0.262031910469435 1.20831585757432 1.03093766021254 -0.377819893577053 -0.043876612843755 1.79528200952729 1.05031738824960
1 0.733063469079356 -0.0932603610281089 -0.0771832330612836 -1.30174068446847 -0.715799309662677 -0.547103379021125 1.14236259488689 -0.482973625760574 1.4585228197844 0.234967033461068
-1 -0.674056720295479 2.18914072597890 1.78767419784229 1.15846764497731 1.29726675332006 1.73261644041192 0.0133865392989507 2.45601788681922 0.81336507891109 0.388615051299698
1 0.076700804223063 -0.278246212949043 -0.85607254862747 0.282306255869546 -0.140757650212325 0.462047643138003 0.156816092879794 1.66761357964342 -2.63055001315123 0.172434215497916
-1 1.36130082860972 1.1063035658526 2.00502677658007 1.52669738154901 1.53488623963400 -1.29999051498945 -0.0719408738174264 -0.340986001438864 -1.02955367135713 0.600712949347597
-1 0.562991164480608 0.0306966246073878 1.67830855221731 0.206307238683482 0.501958526139957 0.0707720724931292 2.53986536016480 1.46199535982916 2.85433910779138 0.51985359578132
1 -0.170084593482069 -0.749721823184263 0.509196669791695 1.23481715526947 0.300513274424237 0.296874932912201 -2.40496247651047 0.314306701584520 -1.6291955333469 -0.522056516325869
1 0.260484054611736 0.00720479687569781 -1.04804554144382 0.637987161095987 0.898496126495954 -1.11725641312739 1.90903359476630 -0.905825046158682 0.733749459474381 0.984451133076631
1 0.170587088448158 0.252566647853346 -0.35989073352044 -1.61960717871751 -0.149275266012357 -0.911201911489906 0.127748756716671 -2.04569097718297 -1.14142581132044 -1.51165854391357
1 -0.691635489713741 -1.06623608875655 0.987930879043056 0.590436882434711 -0.0409769018472091 -0.676194323645077 -0.254664920433985 -2.68182758119259 1.54649697911248 0.574687546447359
-1 2.00240227087729 0.593443605479653 2.32962905448268 -1.79044109206573 -2.17725294718853 -0.288324419328944 2.31996969008176 0.621778202143258 2.14104602249754 2.24397842281829
-1 0.94355565868408 -0.153678287942946 -0.979827633450936 0.208220688822543 -0.827660871138502 1.57195805661309 0.312555949367904 0.398920307858466 1.75324316918648 -0.192759062821935
1 -1.78034506658766 -1.41820837157186 0.480961312471711 0.134870697842279 1.05996213049517 -0.950570203397892 -0.547503294944402 -0.550592346471202 0.754939521430068 -0.493363906932341
1 0.0197038888361814 1.82361504088604 -0.473075232458558 1.24162775160282 1.27294166157668 -0.552447779432473 -1.34759809331019 0.41457333458473 -0.328156164039864 0.369297589898940
1 0.254908606907631 -0.498078111020623 -0.606726980005634 1.61785644781821 0.524050634319114 -0.300759140348856 -0.226633270166674 0.232495659897568 0.328501342491894 1.05363723712304
-1 2.17271022028529 1.51809909721373 2.72295423779755 0.360492824548863 0.0109171746492494 1.83495102774554 2.32809869941449 1.55030444498916 2.33209968278249 1.25000923180371
-1 0.577390949642338 1.9914851685947 0.400282508784340 -0.220005557297234 -0.0674510898892896 -0.264898993899623 0.852342678792814 2.44939272691225 0.0310346935751569 1.31728512798237
1 -0.324370405625235 2.14918112565284 0.0515411044987609 1.24027805685083 0.045502077602286 -0.515669588309861 -0.434723144298982 -0.443105512560247 -0.346576983801299 0.698618487506688
1 -0.553402236720123 0.118954509129402 -0.517685868518315 1.38719529549421 -0.156943278714220 -0.358383214976696 -0.454315727377521 -0.0456203628243039 -0.0866310041241464 0.562883018112132
-1 0.463201480011512 -0.397165542768245 -1.01840567649019 3.28784506435854 1.62999363739677 1.70007732519229 2.44329559237635 1.15168299578250 0.694786699732238 1.65977440266763
-1 0.819030069270897 -0.301255741809155 3.72095101337699 1.06012690301598 2.22291341287457 1.67866439954541 0.241088601975055 -1.53396943416834 0.421863372742191 -0.072220141666189
-1 2.06950232423996 1.76453362706021 0.993346869997531 0.383948811351325 0.419540670693186 -0.125294041750770 0.085029600944402 0.741732754432352 1.2576227380284 -0.213792447916838
1 0.813803711200906 -0.239615107020917 1.19197469376729 -0.0114718885779052 1.40543317505187 0.625032126287605 -1.38555099917647 -0.0292778736745663 -0.195351434569208 -0.370884170848942
-1 1.21864756720963 0.83620232012358 1.43345922214864 1.50693679807964 0.069700636254187 0.838534712882574 1.19931921762274 0.605691177036013 -0.244509404198147 0.0157178653628687
-1 -2.50034797214569 2.20589065158085 0.809450140497467 -0.0774397219053053 0.524464480857754 -0.497378004431154 1.23361854360255 0.933698278493806 -0.514794946027165 2.17149541900294
-1 -0.703646188124889 0.0449465167682658 -0.844898090448074 2.1689510593718 1.37484317570000 1.40078599953940 -1.52564141961884 1.57316932779019 0.104627900078803 0.478514637168891
-1 1.03841065996864 0.261565368275003 1.84283237902556 1.25808472296138 -0.183091976163489 -0.220433764519901 1.53144872706327 0.529531676763849 -0.465566192551901 0.834333529294464
-1 0.238306725054054 -0.000792359787978425 1.17293833717251 1.52234291916419 -1.77578567991620 0.226936365219166 0.359339705615134 1.2674710676012 1.48007226767248 0.974679477762153
-1 1.01872564048880 -0.195705716471297 1.08556895989099 1.39668871280276 2.22438843927507 -0.430780672156132 1.92997797465777 0.689581074292133 1.96000337375448 0.93714639829663
1 1.12467711185814 -0.562903494409795 0.135956857538805 0.152046047354821 -1.42340481808349 0.183399379108336 -1.16396275716658 -0.646945047824562 -0.997413803118274 -0.905896494465443
1 1.61776827284775 -2.09268211145078 -0.98189351955113 -0.769449320068985 -0.437984781800753 0.464826733479862 1.50043862668683 0.599763055259792 0.519299780263182 1.61982498998851
-1 1.05384003267116 0.238851111938088 -0.530867960186492 0.274287385847680 0.896064016594884 -1.29990350590202 3.07019913918567 -0.898648765428708 1.11475322458224 1.75728042582023
1 -0.442274361014603 -0.249696452130005 0.303986995471641 -0.528493019408322 -0.493754267907891 -0.482935910718147 -0.692457833396824 -1.29189130085554 1.07577493897814 -0.366424029782359
1 1.53466784432896 -0.516790198066139 -2.40125418875161 -1.70012024291448 -1.77634333552009 2.01620509687624 0.577820324575048 -0.289302976977778 1.59064963389897 0.488292243318489
1 0.722403283441009 -1.71386832965826 1.46284943980605 0.70120019084144 -0.00962314746875984 0.851814094672309 -0.969744360992892 -1.42304697695711 -0.514493547125425 -0.548012079211379
-1 -0.710134321045854 1.23257132963056 -0.299498055709151 1.79946406796599 0.146656860703020 0.285557765922774 0.43813461841083 0.608572209440864 0.171796536756139 -1.24978149960832
-1 0.76483697002427 0.346535204670177 0.573961477042208 0.284008708736245 1.07158105404425 1.53008697340076 1.70281303241055 2.56281490485769 1.54334560997323 1.40430734643169
-1 1.91371113514215 1.28304533754036 -0.935980547884068 1.16888219744217 -0.141158762663438 1.36507983920342 1.80953143161686 0.824900147697246 0.613910550403555 0.960833688447432
-1 -0.584225256423258 0.211504441342719 -0.300766666706907 -0.542947020807047 -0.479332194325787 0.931211084274218 -1.74720435638789 2.11049898622422 1.44405057480592 0.797391484801285
1 0.596851719381593 -1.16934750071415 -1.85491333311210 0.606282738150958 1.22373206531793 1.46588679264272 1.07303497874571 0.376871656931672 2.05462288932768 -0.96929028841712
1 -1.14759826777555 -1.07136570180525 0.35976394284099 -1.20824662657879 0.430564784510024 0.741782375125377 0.526852365108193 1.45281769110021 0.202408669739577 -0.258419443472056
1 -0.827571783843769 0.374764715066422 -0.966486265949962 0.545547562508598 0.0671838032925594 -0.108904694322214 -0.74912091216922 1.10988882719031 0.728965476989602 1.25539122879713
-1 2.64360296971559 1.85198433346070 0.98202942553135 1.54876924030237 -0.0257214211294656 0.761279959504146 1.49133780350489 -0.668584821823688 2.97140124505650 -0.104242975693636
-1 -0.710037011290826 -0.19559671220666 0.493910733715781 1.06102130562438 -0.226736814009565 1.13542551189794 0.591660755604655 1.46094070778769 0.823653883229632 -0.621070031171285
1 -0.568243480373182 0.0644906658737676 -0.384934133621564 0.925592884944914 1.43352587404212 -1.11896816794673 0.468320993385674 0.273822745116779 0.155007445619329 -0.946409809832654
1 2.00315393211038 2.64455067810866 -1.43421649329196 -0.127751099289951 1.80337811012714 -0.531080174230102 0.441849888676882 0.486188153500827 1.14437732063001 -0.872827906911295
-1 0.203989604859720 -0.562446905408227 0.142967537967453 -1.38266025411250 -0.758861985317904 1.01472913473534 0.763916347267274 0.106412744004266 -0.0390389694183216 1.94474624900237
-1 1.01088125462666 -1.11268960822733 1.66946809577863 0.695844326262495 0.227050914509496 1.02143615003012 3.37835023375963 0.787260671775793 0.792687153703796 0.497886480949859
1 0.230097165700793 -0.860681988865289 -1.17382874757639 0.437420286548939 0.0725809175424091 -0.470897149069294 -0.212312309877054 -1.01304786517290 -2.00918859674458 1.00332258582994
1 1.139451949683 0.814415932088152 -2.32841740860605 -0.152674561321081 0.301007800616608 0.399863648739251 0.384524035425206 0.517991753565136 0.9119008778741 -1.10714691228537
-1 0.0733953495075671 1.26477304677632 -0.530875829583071 2.48432774306128 1.26314513440844 0.835899608451624 0.589676732018842 -0.115291427542437 -0.169095127912675 0.253467878282456
-1 -1.16707140404385 0.7970397881206 0.186867542166450 0.944902290643638 2.07230884943253 1.89951967710023 -0.133349529568472 -0.9000515320526 0.721027419197984 0.510642030825166
1 0.189482758292793 -0.283509753255423 0.678525758365164 0.549247017848436 -1.23464165503282 0.272029511401589 -0.525219406336533 -0.532975564829168 1.45391462328433 0.200874870335803
1 -0.287254014711508 1.48105375988060 1.46663241209796 -0.838588523334145 -0.977862616485775 -1.41813214984375 0.565258700699847 1.28936646249610 -1.91341429335933 -0.0255502056164830
-1 0.61022819524113 -0.565112317221066 1.02421624447851 1.52041193228354 1.41171297497633 -0.108041013121586 0.719176358470583 0.326095588748557 -1.57905081843328 0.594063631126256
1 0.304319398087223 0.533756289688363 2.57750365600666 0.785059326168418 -0.097250405718239 1.17574549943815 1.0403924802179 0.342261505979940 -1.01797622316413 -0.794406757622138
-1 0.374033523506001 1.69312300414899 1.06115594452474 0.0235906887484119 1.23721770929282 1.56292213711399 0.00464451690460499 0.156266876932963 -0.527495916561427 1.23712236199527
-1 1.39985588186452 0.954882996632678 0.407037711230848 0.304753733647044 0.544741776988665 -1.07216359654399 -1.72484091702648 -0.151591507251148 0.481108333415319 0.999923518928053
-1 0.519658940920711 -0.137862530940836 -0.299621365462139 0.661030537543043 0.642640283705913 0.672498096530567 0.753702126477836 0.9098966682054 0.00336771578747264 0.843156617758493
-1 -0.584834292740071 1.72914867632242 0.527527723225135 1.21482954532648 2.08280055195846 1.11846966517045 2.12811140894752 -1.25611371811183 0.09683514304035 1.29798695936496
1 -1.40844550308808 0.645261941098566 -1.16484864018472 -0.456962720016188 -1.58384950583037 1.11959225920870 -0.522864653874118 -1.14654268510112 0.778075785099165 -0.320702741527391
1 -0.0226115710640852 -0.0719422785544985 -1.51987144207999 -0.206297214399802 -0.407712823280905 1.55933069992219 1.01438948529043 0.0602642316845758 0.687693402866449 -1.58034403009843
-1 0.201150339358521 0.9444409917524 1.89001382016869 1.09305052184309 -0.306642988738874 0.347657480078175 0.859147950014793 0.453335101666197 -0.53880365123603 0.638343099722175
1 3.15036398761616 3.21274446675190 3.03958360013167 3.04070953638032 3.17446901681320 3.12565167141593 3.24902711075872 3.25213831266045 3.18896166764202 3.19407691549761
1 3.28238174299701 3.1628969318191 3.13179125639727 3.22717766292975 3.25703316219135 3.05912159185884 3.05928811796593 3.27516999518941 3.2034605674501 3.10397020164727
1 3.30937284583069 2.93373138446316 3.11979135233283 2.96256328127367 3.23797639268907 3.16094479802069 3.20497921109450 3.2074789374696 3.15108408574818 3.24616765712497
1 3.04375678002216 3.14307618117181 2.96388422563311 3.261509513169 3.39350576314338 3.09480991391834 3.19033293391543 3.21111568307197 3.15041813692930 3.18502336470469
1 3.01960683078155 3.30809841397309 3.14018886006221 3.19384212975733 3.10824557838395 3.15380048923709 3.17652439045207 3.34458708936735 3.27908006771899 2.92378125625372
1 3.08636173599059 3.25903459818121 3.10343737669432 3.16403793409431 3.19077937916734 3.25853376664237 3.34677325807353 3.06252342312133 3.12145636739571 3.17607550228204
1 3.21411477742244 3.2329339939371 3.19020061464695 3.17434619207580 3.01823801510774 3.11723657833916 3.25102227452114 3.35332070862776 3.10133882382837 3.30865723732612
1 3.34072049106307 3.10714155289009 3.09330286004840 3.16477866458903 3.12419999818345 3.17121257435309 3.25756949263463 3.1408186051802 3.22375107153917 3.06863539444163
1 3.15790879646421 3.23638705930329 3.27320500965513 3.07424156722912 3.15703859900245 3.2761055261599 3.10892107846043 3.28719462500633 3.06724655121547 3.10475130209896
1 3.21685176708248 3.07142413983379 3.114930894256 3.18827644036967 3.07527767408769 3.18223627081737 3.2452252991064 3.05881787647987 3.21150603623633 3.25909600354095
