-1 1.96411120971775 1.20541181546513 1.58770827426210 0.927458190021873 -0.467985069748058 1.40703993686669 0.728997460438473 2.43123518090452 0.579465134937879 0.724422025654608
-1 -0.160284037744392 -1.05658941481806 0.748249957356594 0.669428971759049 -1.46296109711898 -0.999485244330575 0.294072320978978 0.130680585035266 2.79056040465217 0.987200373483913
-1 -1.09439257921443 1.51637806897362 2.46599704939424 0.952295244097384 1.17608777126289 0.439356204643618 -0.545253440111343 0.837841588664057 3.92334367152663 0.0503421007281314
-1 0.97897656760876 -0.12853609297467 0.999897494493453 0.604512102767136 1.97267160880423 0.890365460320733 0.622713860592433 -0.623514488176047 1.31677150723286 1.35741344975227
-1 0.00375031696311257 -0.0556345768684153 1.65558952457664 -0.331476576051419 1.58155362626420 1.03094794456206 -1.08299509622911 1.71076731294639 -0.0161223444727022 1.96188790218835
1 1.3335713205111 1.04820381117536 -0.782734782336395 0.601151066673293 0.465362328552912 0.281790272700087 0.285085985986103 0.258250200874707 -1.21511482974787 -2.72463826184357
1 -0.139265829018500 -0.350662713388364 -0.0597940792516963 -1.43486851498308 -0.0131542790436877 -0.435549529239714 -0.251333033822049 0.151132829667105 -1.50233873556885 -0.146522318733043
1 -0.406710990850835 0.600446701094047 -1.31194772155565 -0.743044576597809 0.938998538252189 -0.9394645154071 -0.70029048972492 -1.85898925481865 0.388146135334369 -0.911837356408187
-1 0.945200931223405 1.21859887925294 0.653970987414739 0.318860736785700 0.56937227454299 -0.112831605440351 1.47760820829111 0.460804504147678 2.46455890335108 0.232149237510551
-1 0.553433659689935 2.14846379783648 0.518341544511884 2.26224002120676 -0.477891224149248 -0.917839880196318 1.13551851777206 -0.0751914945744518 1.22774596914550 2.93936877692161
1 -0.896485122360045 0.860485739769934 -0.677587629906732 -0.587084153106186 -1.44204892990622 0.117192974056258 -0.078058454829978 -1.53976067784292 0.715151008536977 -0.921687610353446
1 1.80537834586579 -1.10788881423614 0.124682260911855 -0.575433313958859 0.948152008849186 -0.747066518929115 2.27045081278963 -0.437474859236826 0.594239090597354 -0.511235614445463
-1 -0.701069858897815 0.499918139907239 1.74552440997009 1.61885830053507 -0.717644227286232 0.40947921558309 -1.23298549330864 2.10484775378969 -0.0949182690261966 0.263132275572194
1 -0.24912896408851 -0.179396365748924 -1.18641035914948 1.5697378227677 0.205346815954546 -1.00519731389193 -0.902906980668773 0.359517758264268 -0.48829222829784 0.0704396160192237
-1 0.314716644158756 1.43595801552805 0.00638713257301826 1.03419499605558 1.21457583909210 0.349306697305929 -0.50291202990906 1.11211590986869 1.15683205204384 -0.222558125735296
1 -1.30740371965330 -0.777622967612907 0.838930558371356 0.328726456887108 2.04859338224954 -0.432842724124357 1.33296148275120 0.622460510788773 0.676133120608238 0.460193009984603
-1 0.481107806279123 0.353096961552301 0.891612100160897 0.891671191855591 0.67249869203378 1.34438772353067 1.17379156504268 -1.11346598133247 0.167733066594007 1.56127345801719
1 0.0136203555867367 -0.101062530765985 0.565380164014895 0.537376896725711 -0.264845734362716 -0.642730638115551 0.204748200356326 -0.0363565924666877 -1.04068956461749 1.10238636018582
-1 1.44804516598216 1.69056161490169 -0.264763013974227 -0.267526163907546 -0.248451710787105 1.09058598825062 0.723914293289442 2.29374503736951 -0.176192880944371 1.50796917702358
-1 1.96311449484614 0.770126003156752 1.91901215982393 1.56468261100932 -0.309331924631837 1.54803717592802 1.50710340175594 0.297919322626853 0.96514373951695 1.24341818959881
-1 1.46367387719588 -0.78746653543043 -0.664129481720506 0.838045290536753 -0.251961835829787 1.12662833470077 -0.754935869267053 1.37400148029134 0.995035876511329 -0.146243894809045
1 -0.0821391477371909 -0.214331406895125 0.92397119018173 -0.761563431622496 -0.370783658434231 -0.00130284621426056 -0.959934835887647 0.649652357315591 -0.465586205623976 0.894592926180161
-1 -0.452019044354227 2.50283621309065 0.961060467834048 -0.318299350013721 0.84041187835712 1.19237475572788 2.20704301073943 -0.595653214130223 2.20926238057665 0.795548272705005
-1 0.800838653300563 -0.0566092021081644 0.276625153252228 0.534018789891602 -0.251247003278704 1.88309808272487 -1.56553021764486 2.83437789194947 0.986209031492766 -0.141156525752350
1 0.0237840230857482 -1.62168963903881 0.409752178760246 1.4288964052656 2.87010634307484 -0.92699114606412 0.926875079456697 0.367235803669442 -0.264408195594047 -0.74393341201459
-1 1.78062992955719 2.07668872505462 0.295972258598529 1.21165551840709 0.421484579892259 -0.239218428453276 -0.0898209358867351 2.39832921618907 -0.869979729038351 1.11591211762505
1 -0.417951407436359 -0.280740985402397 -0.990673168126895 -0.173413461588213 1.48410301959548 0.421317050549814 -0.469338054786099 0.679105464078215 1.47517857197195 -0.490194703758829
1 -0.128695678206756 0.690481794797192 -0.126940844435934 1.49429770161214 -1.14147539033964 -1.61222285917596 0.253963453977027 -0.477718007203191 0.589176475148604 0.99778195585597
-1 0.587544936402193 1.55800749881447 2.69035990870598 -1.25624845946642 0.294403053795739 -0.463568367917852 2.51771677117222 1.4970787598494 0.403393088418863 -1.79406176676965
-1 -0.52008835167277 2.08396208991741 1.02571091800998 1.80443390790299 1.32040008768666 -0.0483804444096261 1.72289897576619 0.220583053258097 -0.110154036691353 -0.574170974949647
1 -0.409171326810045 0.770428296516016 -0.570238619771529 -1.93955210394598 -0.29152522292596 0.775865504800116 1.02430088047490 -0.249327089821427 -0.497983855100249 0.208410904964281
-1 -0.557691324182885 0.856459845815914 -0.721758531194304 0.194987468870056 0.72300469634275 -0.761596729274933 2.12017235880563 0.164272139975073 1.03132129173755 0.686615686887346
1 -0.032662749889982 -0.0202213063258291 0.239616310593012 -0.861573503384747 0.591795434928565 -1.06758454277264 2.22965713802112 -1.55802021651506 0.70576726700082 0.0154545106293882
1 1.34656398493028 -1.64117649173322 -1.18139976401293 -0.515048804802621 -0.440514802721957 0.156130355189085 0.0405807599488062 -0.278320247250536 -1.99620361793497 -0.0374744794056523
1 -0.203212130374014 0.288965115660578 1.06495437377579 0.407761420729051 -0.692728815053204 0.444588177548959 0.400213558330604 -0.403934067063538 0.155494318057148 0.980933628831167
1 0.641770390771676 -0.689741050352365 0.492156026203863 -0.610227510511624 -0.862143100270622 -0.877179040758893 -2.94886857596721 -0.588851878193019 0.848262778676185 0.677211164382557
-1 0.595754099182796 1.21313885453851 -1.65412571922123 0.89964729853587 1.82014217361771 1.18162258979049 0.398337393729137 -0.406692457486221 0.982671715925439 1.44975422949215
-1 0.08377345924831 1.54661489614972 1.59698815042186 -0.512466162608542 -0.288260500023057 1.18713685420911 0.701608731928858 0.441360216645456 0.0306768099619769 0.99592096193365
1 -1.66957864713762 0.0686920553692531 0.211927250723755 -0.389326848071176 -0.364748375490462 0.0157795008873312 0.833089938042407 -1.27685133150473 1.19043340319985 -0.864967129187853
-1 -0.946816572915498 0.219486818438065 -0.777472040931243 0.319226663335343 2.63447303223611 2.03768794636870 2.84264702789323 -0.695103000276287 -0.981935391171793 -0.599893628012743
1 0.0472620431187343 1.03204895856498 -0.291073013552620 0.145382853984854 0.120625660112398 -0.712432998004588 -0.672485551899045 -0.198078816957317 0.0415555497432058 0.560808296657199
-1 0.80142322677113 1.22695534605844 0.461680323312659 -0.0816548875537533 2.01114298159783 0.832266583482177 1.15982947138308 -0.0638449010021838 0.909503273218407 0.399429735613266
-1 0.343619062768088 -0.585886851991946 1.02873106390414 1.39580263194066 -0.204397727707573 -0.619709298578892 2.92398376489650 1.05991510856720 0.195289435809195 0.432812490082157
1 -0.641897560009355 -0.127475935273047 0.947024025046032 -0.46870732900202 -0.327627192365241 0.225018549122446 0.547752688617913 -1.56852093993771 0.523983509345529 -1.30160518207034
1 -0.00411800184099603 -0.970545352229137 -1.12449011564957 -0.772833979293473 0.675549603536376 0.269993692934815 -1.18148510437725 0.374059744028679 -0.0414790938088953 -0.722152813748318
-1 1.40478254225009 0.916008740724502 0.438876936293002 1.03675179253559 0.181540234999018 1.52199044599906 1.54063787457395 2.30135828489600 -0.487837791022144 1.2400008109043
1 -1.60921048309859 0.844119870176945 0.407623872193796 0.281921751541012 -0.324797495924460 1.07236315791284 1.27923308366645 0.467877805650242 0.27913272298123 0.446976771596534
-1 -0.197249143578168 0.465433084749287 -0.118970632858398 1.51659056652248 1.70448615831309 0.212589994941822 0.426855579651422 -0.883902338915949 1.03309223640181 -1.30895283820084
-1 0.356977274356906 -0.365636939466369 2.1533292520066 -0.609833369549029 -1.30767886739013 0.789193016036781 1.17166093943692 0.372106016053494 0.885911803880052 -0.432503032880124
1 -0.608005476530638 0.0879352422353226 -1.48351869653430 1.26034012868772 -0.68449273640277 0.86872491587003 -2.3134881372982 -0.51955601280285 0.786889754111867 1.60855385958149
1 0.647417770846983 -1.2627529671152 -0.500400473318146 1.10132582347634 0.812981783729408 0.0355358085480038 0.123012774238394 -0.597896871696924 0.75342573406825 -0.88816312369234
1 0.0913110614899298 -0.160607788970920 -0.943775826328027 -0.944505175352314 0.96246376475026 1.27724148622814 -0.113713038778264 0.452017831820745 0.00185285592019267 -1.73225018123262
1 -1.36620626072638 -0.553148018417628 -1.28399147158744 1.52471568070339 0.828301130195692 0.842873000863001 1.08493067950117 -0.785344196385627 -0.336978408544428 0.0700861486177877
1 1.10189052348075 2.47517145679221 1.53567712284638 -0.166637621203649 -0.499395683131163 0.256272665851955 -0.495050349604779 -1.03540347245389 -0.76963388058791 1.31372424115006
1 -1.35022978257709 0.273953902807965 0.208548671342074 0.789924866923454 -0.160711028823657 -1.57883880572559 -1.19755728408138 -0.423585417676259 -1.59272766904633 1.73743326463534
1 -1.11583528583867 0.0608289031648512 1.16618017416674 0.537439122322337 2.15159283902803 1.51275396529068 0.153496772415407 -0.50931495027205 1.84522888728708 0.872649240816781
1 1.11046750458430 0.205256781557761 2.33574904589383 -2.09866125995927 0.48752119448911 -0.842649172016766 -0.00880418193119905 1.06882533731803 -0.130092846741571 -0.627749724967535
1 -1.13772053306081 1.07158700206872 -1.17863205308541 1.18538065164814 0.0543805450263493 0.293333833868696 -0.160507432002263 -0.272179545008410 1.07195528656237 -1.61462823082955
1 0.1537533431119 0.440010343666869 0.0797897063151914 1.35808350034092 0.228119704223045 0.937998291225687 0.175214341549238 0.705516508583185 -1.01655973003650 -0.699400026232916
-1 -0.364417407088629 -0.89530284415322 2.03769214405709 0.677650062029368 0.53209953303788 0.808362816095708 1.66071960967304 2.43701591092547 -1.26763362598852 -0.297332427242329
1 0.460754427278808 1.78573065411427 0.215321871978695 1.25312606161893 0.133704753039492 0.32385320104617 -1.67576494432799 0.62114091614168 0.580757364322068 -0.108431780893158
-1 -0.557437218145174 0.0427585718839818 -0.893513642154444 -0.108093914559060 1.09349077292749 0.90006622729708 0.599307182154191 0.86298219967186 1.64386776673032 0.854212641323874
-1 0.753643615591193 0.621879716709671 0.559370208949443 0.669356246875742 1.48423264103910 0.442142528617726 0.222267144027202 0.83689476645011 0.350673393271307 1.27077574815407
1 0.318482284792853 -0.21528254832692 0.802595775789194 -1.00637865986134 0.167679617957623 0.312324580717145 -0.950212274659653 -0.00360112245747445 1.45083336038638 0.0959299664636591
1 1.27081835324991 0.0741529500743699 1.21352673594088 -2.21869492390114 -0.85783260790814 0.178973513460036 0.362463023983684 0.436505362566306 1.78347352580513 -0.573968043896466
-1 1.85306816296821 -0.836966017314335 1.09779598442677 1.83488186504951 0.455026677025412 0.311299036161976 0.617512110971879 1.24319808314503 1.21660599729439 1.89677639874135
1 1.48149510603932 0.277292967665786 -0.349081267878603 -0.167256263877798 0.385258770008195 0.0678983708042863 -0.849475634912215 -0.476142662072203 1.64398208995332 1.62424891620186
1 -0.151218647016896 0.895379977724667 0.331110286137290 -0.363510335724010 -0.3244190576281 -0.501175447882414 1.19378422309914 0.769360141859753 1.43938366469292 -0.439999127424577
-1 0.126451736367287 0.368969879734532 -0.697829007810567 -1.04740165848645 1.03409884419088 0.00208012542421321 0.250543407890272 -0.0592236433925973 -1.36751450062423 2.57498195683215
-1 0.715663786481635 1.32444605653736 2.69633174057910 0.706578106212747 0.74320847903352 0.396451849464656 1.76773256078236 -2.17575149183702 0.292764330886995 1.61659110504701
-1 2.38131150182242 -0.88607229056868 0.942008476808642 1.85827634486297 0.78791504711458 -0.686613531502879 -0.875521621939749 -0.959993022037425 0.551919864470938 -0.322375303648113
1 -0.365328023963615 1.46103608705274 -0.352904069312130 0.671984624141565 -1.23659656513113 -0.399688341063546 0.589866914187322 0.175907830159589 1.22310291214355 -0.0457365863638461
-1 -0.70829267440803 1.14233469779019 0.731027017967052 1.71798258323697 1.38346524684624 1.45284395626569 0.719795823717275 1.70491698491218 1.17075658034025 -0.723648796847741
1 1.37292474192065 0.417116828867460 1.00797337057434 1.38014993363951 -0.122720144760247 0.180734000587776 0.824357729173603 2.2364471697163 -0.319370809898425 -1.16650591826652
1 -1.15622708377001 -0.04556255827093 -0.811195316459218 -0.653538624675168 -0.0571144706870153 -0.538028188917882 1.04229211456460 -0.0319537125493662 -0.219110044083936 1.80825102791261
-1 0.273756079928811 -0.904879023659925 1.37773584197850 1.22330201483157 0.207308075776610 -0.592131979128412 1.85585872054273 0.89664684169699 1.59874746474500 0.593545810957617
-1 0.151655010994049 0.307378281154852 -0.533358129744721 1.91922384976508 -0.228727434418876 1.04161040975936 0.958548970807547 1.40305175148632 -1.01545143897915 0.161928008789834
-1 0.869686071227715 2.67496267299338 0.197277159051229 -0.108041001665195 0.174908283461027 -0.0972789189365292 0.719072178991119 0.334563788952553 1.40161130012986 -0.508313889374238
1 1.35310903028461 0.368578675164986 -0.676342708086889 0.336724637880353 -1.12299590721489 0.451927753742408 -0.243787218928569 0.981930424567036 1.83811521151417 1.09255387499975
-1 -0.404079541315043 1.11174892543476 0.295343651818629 0.840978637993677 -0.605940375687931 -0.399116827072202 3.87127815370423 -1.38972285141495 2.49168077197135 -0.108675208894867
1 0.968443793731035 -2.47055242363259 1.39443025318603 -0.525119258804721 -1.49336433616976 -0.354706027120083 -1.03675964272441 -0.437680027494310 0.863344479374038 0.665332037652317
1 -1.62648748539473 -0.291254583186534 -0.419387106962092 -0.682424150102474 -0.650817020201324 1.44326044677652 0.0483524962380601 0.307554823311041 -1.45346097814583 -0.263791401246706
1 -1.18218899532987 1.77192653213379 0.048399882061292 0.412298524369846 0.257015474367784 0.641098210581531 -0.870763173504723 -0.165527359275943 0.98571479835802 -0.0611790524919088
-1 0.233164518699415 0.577113328634427 -1.02378819020935 1.21086303381941 0.688478081689146 1.77966529789369 0.722296386513722 1.81665492514331 -0.916449071446452 0.250808300878898
-1 0.361417681466037 -0.91029910630919 0.476051601983556 1.87306571474309 0.0418432960913323 0.0198059378925453 1.48191810790116 -0.116505159480973 0.41704015427483 2.13488261767425
-1 0.748157788911145 -1.08942667359059 -0.380359709857122 0.39690446840578 1.89158213569580 1.24689856494621 0.850529969956699 -0.308337893652256 -0.298021605442359 1.73515278678870
-1 1.23683156010097 0.98348839978261 0.0690499582207487 1.87126791680944 0.570561299363356 0.618621793663908 0.0442681520320882 -0.310356893367519 0.600198065451034 0.840657072615294
1 -0.263321368130580 0.744397358504468 1.62085485957084 0.757976884934195 -0.382571620883298 -0.685187066998709 0.451286351882128 -1.1734836887858 0.085928775060678 0.0086141510384359
-1 2.12784691507203 0.462397478885936 -0.620390595009659 3.50852196177474 1.14899713868132 0.524079997561497 -0.768453376674077 0.184164843801649 2.24074893575092 1.35624635939231
-1 0.850706157373336 2.89065388291859 1.91678045317691 1.75612737255558 1.85158197875773 1.47441742238491 1.54333611422667 0.869426080195759 0.491036035759865 0.520175621773995
1 0.288443082247323 -0.352455834312614 0.274403379418852 1.55083648347793 1.19593161755322 -0.624380023529356 1.34905631342308 -0.890185853047531 -0.714780684672714 0.897274575443004
1 0.0541242899522114 -1.14038465157042 -0.72291422625164 0.255897450157836 -0.911599757338904 -0.421290528463431 1.01750861604064 -0.465224885506973 1.51760010019933 -1.04549255162891
1 0.261539628946613 0.945538751312097 -0.813533162702103 -1.28341116075778 -2.30647177719642 0.349501697182163 -1.88744840164485 0.181993376341366 1.25640704683183 -0.325098847834602
-1 1.56566730883662 0.685058505363251 -0.0541659326342281 -0.219819390221525 0.516860849620934 -1.13242764798930 1.83723816600688 2.35440511332339 -0.0203759032509399 -1.23934392309628
-1 0.58773151907795 -0.383430607429778 1.38197909305688 -0.260320878489636 0.58366998812719 0.411704789652135 1.64732190963961 0.305332109427153 -1.08356546768390 2.6625036572487
1 0.353464469329398 -0.566831408076606 1.13789788050345 0.0387682618385681 -1.73812015937265 0.910711864317513 0.371169689645763 -1.13611066168213 -0.468529772589836 -0.391859732449144
1 0.791491233673566 0.321210658260669 -0.375819366786058 -0.175961717651002 -0.859638408908666 0.776454406981236 -1.06458748425630 0.485415809729305 -1.93967094530445 0.71822197700855
1 0.0232404557888602 -0.635333830453323 0.819086975502528 -1.24941714049661 -0.977089167598217 0.303048550297541 -0.585616463671425 0.306531762662367 -1.29278860496304 -0.747126047495212
-1 0.470196530271476 2.11182052547827 1.10749106297813 0.306652610371591 1.19719746657494 -1.03434689532105 0.717214057459754 -0.660263079868851 0.0794968302925463 0.811371212997146
1 2.38182163360514 1.15725009833216 0.0227168441712264 2.34899035758532 0.338355781623892 0.123128693393494 -0.629341519793254 -0.911453702695401 2.00068001910024 -0.501954988960389
