100
5
1 -1.15367190912945 0.714803634214627 -1.3255154414114 0.361029209476758 -1.07911811625792
1 1.11826167918916 -0.579676100857746 2.15012428586061 0.852199310161822 -0.665755309178719
1 0.0978882779509386 2.99287837731637 -0.402504752035474 0.554065378510347 0.556376022327325
-1 -1.01865519386552 0.94019492107 3.11221572625027 0.51964801979822 2.81124014335675
-1 1.84678715845688 -0.306862921579865 -0.117115171179386 1.76795537796038 2.22334624670887
1 -0.230924345884468 -0.444527330133225 0.795239945069238 -1.35356526866269 -1.72608904039607
-1 0.393048285002895 2.36508362876123 1.65945806156661 -0.0423127205142796 0.413767487818358
-1 1.61312852890056 0.657150615703959 0.598412674104787 1.75830147837432 2.57316562944561
1 0.072479454072207 1.50850462777751 0.967703724538382 -0.82605117394197 0.551355064922149
-1 1.86670437276342 -0.217987439117363 1.29136712153753 -1.10887579796661 -0.0497475651175384
-1 -0.227377798650226 0.315351199329207 -0.666152847324456 0.113952397657244 1.02793052858264
-1 2.7781980938662 0.41714755012182 0.0507124574451482 2.37670611034638 1.10790932885596
-1 2.28324107748638 0.311436113287220 2.70486985242676 -0.127949860556597 -0.98692413709482
1 0.340308159843026 0.942785612762836 1.87274771765958 -0.91115036125258 -0.817881919918993
1 -0.142291826121738 -0.233818026384184 0.431737222258667 -0.0926879676480927 -1.56500730430497
-1 0.755754746868285 0.951098170047123 -0.638192000478715 1.24436644114550 0.536340401040781
1 -0.341161339838703 0.258673181141850 0.519440171959038 -0.734101605195968 0.227992111543536
-1 0.673544162429067 1.13108777080426 0.0768565437321198 1.85805716666194 -0.963098536371501
1 0.585675221340404 -0.155717262477958 -2.24054854099316 1.28405419518839 0.595578165140545
1 1.65944861405929 0.158622598919773 2.79235813504520 -1.29377609010258 -0.0682851099246549
-1 2.83460975731386 -0.162517552205424 1.43143611067735 3.29889809869216 -0.853696059538942
1 0.6248777727192 -1.97027986233111 -0.637392165885292 -0.57142165034844 -0.439831931872561
-1 1.01686387476415 0.241926644573413 1.75534911288499 1.67842621526394 2.48343442212552
1 1.22586838758845 -0.102372904818060 0.189182822434684 -0.869502173143487 -0.399967176797069
1 -0.312037610325745 -2.92215627872300 0.648703472717418 0.141442588289176 1.19734824760673
-1 1.43074833273798 -0.6365713574812 1.40938746732471 -0.46642355350604 0.284905395747629
-1 1.12349807123984 -1.52382211932920 0.542845973482866 -0.522480054404324 -0.226543752218094
1 -0.434963522782661 -1.11246054260994 0.34165655960485 0.245066855437779 -0.413617522349499
1 1.42225222570589 -0.345546180412189 0.456262997752508 -0.281075505339757 0.882563977856233
-1 1.65649437234846 2.32873388425801 -0.655897803166799 1.70320244671589 0.154631205623228
-1 0.389575426584421 1.87496386208891 1.91276768580112 1.14555869722904 0.398543849545176
-1 0.98922243924566 -0.158471812537669 0.68028595962137 -0.0555772751583602 2.23828397062062
-1 0.290554926495257 2.07125691027198 2.22152606676676 1.85824214492836 2.07287272353949
-1 -0.116459524554792 -0.928173347790624 -0.440771115569064 0.356348252443337 2.24173082668284
-1 0.884271338327267 1.10933165662203 2.35523434703209 2.79111025978459 1.7233907388729
-1 0.967038549949476 1.96517352912435 0.377860541565422 0.197199764217704 2.16573041622057
-1 -0.420855093096303 0.679368969178408 0.684704753679368 1.19685038949597 1.44765949585547
-1 -0.0450154365821163 1.13780567082375 2.05956411945616 0.525035564754436 2.70743238915235
-1 0.546812890067882 -0.129021939474924 2.46936559682160 0.0489538516211423 0.647983997607078
-1 1.65937334901715 1.74812602319578 2.92419574207815 2.40926553347628 2.39816011711197
1 -1.08287275027816 0.257920184051979 0.649390528833286 -0.234332612595883 -0.175058686344822
1 0.109834962412781 0.995111555594796 -0.259405429488467 1.02711656101277 -0.94931788809522
-1 -0.978282251107067 0.753063364885465 -0.97101135498629 0.0410108499141031 -0.636011636412015
-1 0.591382157406798 0.082558011396543 0.333779775951901 -0.602957400509626 0.576333527318732
1 1.06408276116982 -0.676466537416299 0.214909945950780 0.481569091904396 -0.677161432527764
1 0.849883333143997 -0.272365773439053 -1.68378594223354 -1.14795422067353 0.506963622642501
-1 -0.493621465098193 0.418744805018608 2.05112319579059 0.786634509604885 1.04831126244124
1 0.092629240574389 1.13474274494451 -1.25865819322264 -0.147631625514560 -0.268234570733574
-1 1.53382760897509 0.395734522761982 2.06050990646490 1.14515660928603 1.89921131587953
1 -0.0572003399137197 0.63500936372374 1.26841532307646 -1.31447262408936 0.964725110798376
1 1.34380243250436 -0.294765529254347 0.78092812132925 -0.308992044015207 0.186215598783399
-1 0.210443742794754 1.36333615741177 1.03031684022230 1.61524017441982 0.830819300000408
1 -0.902342688546295 1.73294586793895 -0.0942340987985484 0.166910401076552 0.220773851416594
1 0.37517119606677 0.0767110340180164 0.921977443191331 1.90518197108997 1.26333619032527
1 0.772475249895761 -0.377104726037112 0.484425124170308 -0.13175969834851 -0.730298613071314
-1 -0.336777424543797 0.973605033393127 1.01746955384730 1.39725335675349 -0.559948142836015
-1 2.09167269469434 1.25062265663008 1.57597721476436 2.08915635622383 1.53994527300491
-1 0.380318671933126 0.32397468032331 -0.87110911447702 0.519262099047427 1.95771339797925
1 2.36182355317696 0.414051931979981 -1.16656344054957 -0.367930343287657 -0.806983238542175
1 -0.64943020760371 -0.71560594207516 1.19671333887050 0.32001453282423 -0.160377237016835
1 -2.12242540916199 -1.09503153113133 2.78123759050811 -0.390516055129009 -0.515919588369748
1 -0.875754875710986 -1.06606851940743 1.32278873539602 -1.12443694716254 1.71934725446635
-1 1.10121025932494 0.796117510010279 -0.357033005966271 -0.553927691544337 0.661851152785824
1 0.330494737784125 -0.547605681298381 0.760355475545724 0.685711276319142 0.204281650689526
1 -0.275685400444454 -0.142536899478345 -0.716516588746863 0.800500166930905 -0.0432171752422436
-1 1.21108327866086 0.745696493608393 2.08181419722336 0.980066940166842 2.05727369973058
-1 1.06604811322395 1.04104683681816 1.20587867560683 1.20097796007513 0.467918588193691
-1 0.265283195011154 0.268388084670528 0.755524905120087 0.869059317035868 2.08489071623889
1 -0.9200193266662 0.984684456325956 0.138446527368583 2.2100387640063 0.943987727143339
1 -1.48720226183334 -1.03848579691542 0.500262408130131 1.61252401706407 0.098378109989204
1 -0.351682030905989 0.242650316944040 0.208043485619617 -0.476302447443608 -0.554701076259791
1 -0.176174443409789 -0.730317726816497 -0.608070853246688 -3.03665118201548 0.499272243002351
1 -1.55113663209715 0.747325403034068 0.250285229556263 0.0679381189619987 -0.068708838759877
-1 -0.519711868948825 -0.349202406248806 0.644774619562496 2.20951181099367 0.0434411393958822
1 -1.00630329136377 -0.440957181703226 -0.890055380905067 -1.34989054837374 0.522052054637653
1 2.14543501454183 0.68395529956306 -0.825644008811025 0.134376784387052 0.00673600256512068
-1 1.47639029422885 0.96908414289833 0.604597893327756 1.41407204178977 0.228398533562196
-1 0.0117934672983306 -1.65178881672293 -0.041925554345589 1.22802584804822 1.40892207740031
1 -1.13375320112898 -0.328356047936384 0.211192378142825 -0.218901730394425 0.191757638836606
1 1.02856267389779 -1.43679890758608 -0.83288947903397 0.095827341510086 -1.28953252463723
1 -0.219408579153012 0.731772720899052 0.471279337727049 -0.0270246064548921 -0.669683833257602
-1 1.36014342661838 1.37049231765333 1.67348532681261 2.35844306542743 0.870205399591595
1 1.13407349620370 -1.51976166971881 -0.339816282846464 0.91687488285965 0.0318663573179799
-1 -0.180043081991475 0.444494853507531 0.967339013355943 -1.20884056195574 -1.04127571940751
1 1.55724250875930 0.0576130969028777 0.608831778634669 -0.620171194334641 -0.39606072288493
-1 -0.0329283609181064 0.251907660661841 2.28279680048258 1.03145723630152 0.758323844943142
1 -0.313953298135974 1.63328559858083 -0.124929586399145 2.12472343770565 -0.871440744203264
1 0.8757588226249 1.14121502058317 -2.28236648960679 -1.24902370298650 -0.542906626227822
-1 2.31053579212484 0.0964675042564962 1.02958528957761 2.99928487378808 1.63128477584998
-1 1.89259005555437 1.57928026640641 -0.177049253888503 0.532008412007037 2.25509243567033
1 4.53467857456508 4.49146407851547 4.5290001062706 4.43572973675949 4.50825610828125
1 4.41083180816787 4.44743380425489 4.5191111460229 4.50951464649032 4.44686011205535
1 4.57847730184965 4.40749186028585 4.70378422657346 4.58039544659152 4.38272576016711
1 4.49364321888263 4.60613684007452 4.59123014954902 4.62893981903823 4.35913103901464
1 4.42280541810899 4.57561052519158 4.52357828754633 4.53696912425049 4.76095151134431
1 4.29521406768571 4.16011071174195 4.34609807649946 4.4492454398438 4.49688986797446
1 4.5348698489657 4.59875803342785 4.51659835851999 4.57242560999249 4.62190200435532
1 4.35233917817438 4.57587599988205 4.38292535341264 4.47129317954017 4.48610038630883
1 4.82540182869032 4.61120051063303 4.5141569876659 4.41467880164366 4.57606462083066
1 4.44722457576683 4.56069342809333 4.42314156932929 4.47126264198956 4.48818319282835
