-1 1.45672785494538 0.536048069246961 1.68120387326469 -0.63898088193656 1.68330166171481
1 1.84482808798426 -0.867739284234767 -0.107152010497153 -1.25321966357311 -0.368706830025943
-1 1.82066674963272 1.64273916508776 -1.11438453673992 1.11607130131240 1.57674816639926
-1 0.0628840165374909 0.310707284721671 0.987399945717433 3.02666523067496 1.16793026608776
-1 0.673733696970873 1.17810348579331 0.870932229821646 2.36514599231412 1.24480481961324
-1 1.48122158668066 1.19001940336795 3.15990088997599 1.61296498172369 1.29274481501782
1 1.81610227334209 0.515581135862939 1.50816375133278 -0.863490437236187 -1.20390597941374
1 -1.52485679142344 -1.19970986054878 -0.94786721920729 0.161121305727222 -1.99969931243632
-1 0.640142538545708 3.03745502299835 2.0858189532564 2.35756196235211 0.387091914507237
1 -1.11705091787047 -1.64435733632769 0.64998060421653 0.188021386718932 -1.87962864827348
1 -0.342517402404024 2.59940904199743 -0.957012620230656 -0.0583403627765647 0.646043041649808
-1 0.302679959682346 1.2693430055411 0.123608409118211 3.53864059679925 1.19163741723124
1 0.0332759970913851 0.273553761391616 -0.164244614179171 0.553790593794412 -0.286508722048761
1 0.889172748939349 0.482896897671021 -0.541244345615836 -0.30197188951698 -0.371816402216999
-1 1.40143109850067 0.345139789417822 0.683584851628112 0.845994812390101 2.38188123720995
-1 1.16579245045930 1.35021672638467 0.129330105815404 0.72075660517027 0.714372273983306
-1 0.469237095846996 0.242895348519999 -0.000861564684422556 0.101946846071389 1.41867081620498
-1 1.84785290815116 0.499450946951409 0.403540920713843 1.24426749452806 1.49355907334318
-1 0.245673625468328 0.571605708612184 0.0552330410510535 1.45404821441494 -0.945170214172447
1 -1.49227327013668 0.7050695081036 -0.290046942774966 3.0403977518211 -0.254687233872289
-1 2.35109919569806 0.952647867498958 1.77662187613734 1.05801304431179 0.856001536014314
1 1.24847422580933 0.0727894878596297 0.0671452867843327 -1.11808730225425 -1.40369588848968
-1 0.673623981828016 0.709452033357037 1.31111212089058 2.34212145429741 0.779739367816384
-1 -1.04942827924412 -0.0725749374295571 -0.124729247125697 0.26103442267785 1.25110882440103
1 -0.0839328855845515 -0.605250544352228 0.295777569042343 0.45837252899394 -1.46802038026418
-1 1.04036524197915 0.605101265032159 0.0140908599347986 -0.888281859663549 1.32066792292570
-1 1.55830323594387 2.35101759982739 1.73538407896839 0.348464198428872 0.188204057881159
1 1.06002434261980 1.73873755249067 -1.01900018384690 -1.47523784019031 -0.400797541701371
-1 1.57234344253384 0.136505427038269 0.26360830049433 2.73379956804185 1.50978448859694
1 -0.225816412650621 0.0152984051636560 -0.626112426827035 1.95178224736257 -0.817544839757789
-1 0.720248632098304 0.856444546807915 2.97605307571615 1.35778583151598 0.67343404070532
-1 1.62740776530612 1.86652906005476 1.26178946237587 -0.277328311216514 -0.396571832848223
-1 2.11017566450421 -0.400368448764706 0.73973390145912 1.16934472440255 0.191618193116634
-1 0.483324331607681 1.69317323444802 0.301373781301552 2.68570460807424 1.56329970476676
-1 4.25926426093032 0.603278744461138 0.138138786688044 1.04789111366592 -0.0537019739815944
-1 1.78625170163629 2.33152404916794 -1.12778211485394 0.541042903581971 0.95205182586721
1 -0.391587182383507 -0.226301986338058 0.590556817347258 0.774177259692582 0.220584342266828
1 -1.10687037788340 -0.258546535326115 0.0858677992221487 -0.568397595725755 0.450480703872073
-1 0.993179235557375 2.64172378607117 1.00532371796223 1.17222037445021 1.30883622277675
-1 -0.0157521641092029 -0.714171474074685 0.972627117118563 0.458683930287664 0.085663389656543
1 -0.327898162146574 -1.62389042581617 1.43182044141538 -1.09936749607739 -0.627076950002854
1 0.649438130094606 -0.172503454168969 -0.7632628797894 1.53085466004109 0.110462146514645
1 -0.864006948740525 0.550155467124236 -1.34529851077827 0.911569753364793 -0.168861004745346
1 -0.366387405612772 1.19069048144018 -0.026441704459547 -1.41322825130282 -0.88022372842819
-1 0.32749747435292 1.91701861240354 1.20398400950071 0.228097290531424 0.656943481755456
1 0.49034475754157 -0.0186181316677611 -1.26261254677904 -1.43600572797276 0.0580462860719998
-1 0.429534985265397 -0.215119959231143 1.19544744998682 0.00399366102645959 -0.155112575184155
1 0.555850943919645 0.588290180979143 0.746384612029096 -0.257212697536485 -0.0642954092494294
-1 1.65122787074185 2.47524377613646 -0.485107965895194 -0.971331444544375 2.54196591076421
-1 0.220633374990886 0.305673731626467 0.642548663654577 2.00887222132778 2.54433309540013
1 2.12257884660422 -0.658703966760534 -1.24031397258525 0.238971051705280 0.343386233278517
1 0.258100839528772 -0.807728232273104 0.627858224179618 2.47690992589398 0.421241734546885
1 -0.139637275853719 -0.101317234240639 0.900341970083134 -0.327916229946909 -0.991885272943554
-1 0.336214893399008 2.50701433126645 0.0296318967689966 1.72631037262459 0.114064961145541
1 -1.05027488913750 0.634012240634278 1.73806931192826 1.20859993571909 -1.01452692335389
1 -0.975045109716771 1.12744449180345 0.446472671636456 1.28421527734770 -0.953433512180584
-1 0.648019649695403 -1.05695866998813 2.63470507101395 1.23357784076854 0.562979834427095
-1 1.88354915085315 0.842250581686517 0.0158916844437484 -1.12311255040381 0.392112010151253
1 -1.20967044008168 0.935260133698683 -1.01879818384421 0.62929099675924 -0.783992318870802
-1 0.852655013058515 2.51084844252479 2.41248734456964 -0.277060883301444 0.378855125216374
1 -0.313602041899749 0.697147011660278 1.62122222998301 0.937647672255419 0.545766413196145
-1 1.37585114675432 -1.11965915528104 0.154646905188250 -1.00195968840601 2.43754631159624
1 0.298538372559434 0.313885951268708 0.587563767187654 0.438003495880636 -0.537837263304137
1 0.488570479925482 -1.11005868834826 -1.68333497470026 2.33237423609998 -0.0702373321688245
-1 0.486581463946357 0.934070254191214 0.791100158196627 1.80063775335486 2.54663391327534
1 -0.403398020556168 -0.223186521407809 -0.152516711156707 -0.0930811961731779 -0.827538755596387
-1 0.548114219383251 1.37166488198947 1.98377576276043 1.50798824720980 2.10231679302975
-1 2.01304231867898 1.34898324800328 2.04146142367050 0.460021759030992 1.64317184585694
1 1.05863481126501 0.265256671234563 -0.546924978607093 -0.382173381526131 -2.30052769766397
1 0.908463257231133 -0.243653813475610 -0.328396169784525 0.263463991233277 0.294484127485737
-1 0.7411175439875 3.15516773690916 1.29509712837361 0.308874793530493 2.63196311593571
1 -0.375145388016141 -0.037114481499144 0.522962064536595 0.624940117932907 0.224173783789778
1 1.04390768895832 -0.886800856324764 0.753059119715393 0.170947570217478 0.711488615968826
-1 1.21969818048952 2.00099287352188 0.784929869691327 0.222088724499029 -0.556937982535109
1 -0.671413388483898 -0.605176846387391 -0.499711779842307 -1.48295961921066 -2.12205205304044
-1 1.13775732114625 1.18894299882296 1.09815862625154 2.33396060376754 2.88428454762626
1 -2.21108591928688 -1.42458595601881 0.413116703496711 -0.317856085805244 -0.301430043676654
1 0.962130754300236 -0.378342203609815 -2.85724862840459 0.984691633895566 0.617107777523469
-1 -0.163269669307279 1.62203185226057 -0.673299881000317 0.90931910532238 -0.369304769032841
-1 1.37100090261980 0.82515491353784 0.199884916107473 0.0433798179682355 0.440336350154531
-1 0.97774453803704 2.17127575784686 1.38746078372444 1.43751775646920 0.796959440044726
-1 1.05999657175358 0.854237270188457 1.12845390860407 2.71596665015145 3.15745390047694
1 0.379449492409028 0.170568302135491 0.644840850155937 -0.235060269554071 0.362879259578388
1 -0.62704326166105 -0.153291637199871 -0.284826688225514 -1.33403198227860 -0.580058104807927
-1 0.99296469893161 0.3327546948757 1.53986846031686 2.44848972546681 -1.40687190391510
-1 0.805092701793213 1.51449688709746 1.36837546802248 -1.69271513406844 -0.460589192996035
-1 -0.43178925941084 1.12653200920196 2.45909367718698 2.26059521597704 3.08395464786874
-1 1.19510788242337 1.64849067080409 0.692714195020887 1.28139870044970 2.84365501265605
-1 0.723511949824448 1.50435400185343 1.46173589794805 -0.431317312068724 1.42721101356742
1 -1.75381581472066 -0.912464112815733 0.691082382401333 -0.0830055504536403 1.96680301234187
1 -2.8783972149014 1.69547745663325 -0.565526862511606 0.476962826149937 -1.01224323502795
1 1.02157359801696 -1.35606221714176 -0.159100992184408 -0.187676996536905 -0.416221486377391
-1 0.64054463167689 -0.0874084584017524 0.427170496716769 1.84098082534376 1.69702493483721
1 0.295545279986604 -0.396911772736425 -0.0579040899398868 -0.270317207514263 0.625658821305142
1 0.694589105798579 0.411841516550766 -1.55565130338098 0.222285725567882 -1.06881335517956
-1 -0.112989598917250 0.80019172825489 1.39986814062893 2.0735145750796 2.60744235883969
1 0.502698402260198 -2.02004678340974 -0.216187264965840 0.198774728101674 0.278138484533722
1 -1.53566889834235 0.820832817721231 -0.170765035086086 0.0863664374816059 -0.581734844296734
1 -2.75002260098649 -1.10521742947565 0.56391125507405 1.42080535080946 -1.38322961778732
1 -0.359082453365836 1.60004023605396 -0.498190535667667 0.0460809916491695 -0.643030455930896
