1 1.54765290445958 -0.758358420832636 0.133458429219527 -0.79462377765096 -0.477674005350225 -0.0395117734560728 1.65653420320209 -2.31179388301585 1.17201809637014 -0.15688781383742
-1 1.13160310590770 1.66653711120761 1.55687996698318 2.67372042394401 1.22291452610036 -0.301162762344030 1.47918437144361 -0.472365326728868 1.14665966488242 -0.152390995594606
1 -0.642823320425157 -0.0210287860314105 -0.187803393478943 0.115583917037825 0.598986390938204 1.13220451828299 0.839006998444374 0.00170847618752117 0.537407982769966 -1.96653020663589
-1 2.16573165815289 0.38110423117635 2.07132719566435 0.669740210395546 0.62172088570181 -0.214625147449294 0.33333726138891 -0.102317456596197 -0.0895858336529164 -0.39297030088371
1 -0.267810732337797 -0.420985157638249 1.20983950527870 -1.36825268274547 0.241962109361203 1.16510249525754 0.631706633875297 0.0172753877145149 -1.47482480303650 -1.94598506116206
-1 0.189532414333268 2.17785616344831 1.00907018375383 0.134569816587486 0.802789146640412 0.776080995641239 0.913793520483001 -0.596899402797098 0.225866324532202 1.31249304194465
1 -1.26153122687689 -0.31211845186694 0.131684330328541 -1.92369981494480 1.54194077804163 0.0707212299950332 2.64239295529823 -0.743176531087892 0.893846654576269 -0.823500164388162
-1 0.837468671081077 -0.972126770306072 1.75135902823356 3.12075087441868 1.11821163525415 1.72023029052625 1.09350475955237 0.458114445618085 1.03220148802411 -0.226120203384917
1 -0.695265435825312 -1.91271912436466 0.409753965598667 0.432630860227786 -0.0746741681520229 -1.07738302591067 0.380154002228235 0.173597079168514 -0.740843088640865 0.594840836298401
-1 1.02827601607373 1.85098625950889 0.60936360228326 -0.614236138555558 1.42401945725099 2.49115926785586 1.32689978465423 0.55047007032488 2.67276656623761 0.0254396703536801
-1 1.29121007542640 1.28740689350163 0.741026264877707 1.19625012326837 -0.106516291831635 -0.218428028411766 -1.786431963859 0.461353681061121 -0.274324985239892 2.15133233859815
1 -0.0700668342918787 -0.216883007214712 0.846883861453573 0.246549044782453 -0.268320367179804 0.890011103728383 0.777568763534483 1.15562204424794 0.271464363430582 1.60440206660323
-1 1.07189234696852 0.23572411136712 -1.58625285751326 -0.982348404779816 0.850799665682098 0.729561341891969 0.736341995129257 1.17866132195918 1.58251624726061 1.84182530232906
1 1.03750748994757 -1.63711637570278 0.259676796784231 1.81815699250641 1.47089609274969 -0.740146416172267 0.200701603239071 0.0444069299662859 -0.349161878876572 -1.07211557381871
-1 0.171887094787367 -0.784544093394038 0.241670959690433 -0.584212616998718 0.401513101394829 -1.17913211131957 1.00961928180592 3.564426954684 1.18531561353933 0.909360755522205
1 0.499961191111888 0.230016039502343 0.079469993490242 -0.530418435071618 1.93161916503951 -1.62205210877831 -0.727961454971165 -0.549344946278164 -0.672503438593673 0.669036747713944
-1 1.73195500153823 1.26911691745176 1.01659013274182 0.481707640429925 -0.359609168335554 0.354660388288908 1.23918612791122 1.29407262492257 0.794016118389507 0.19746017587433
1 -0.199738387663126 -0.509446769190278 -1.05054613422687 -1.15411709110730 0.533065526376602 0.19648966094791 0.895658727303139 0.147083227800499 1.57447609908313 0.79493179999799
1 -0.393786914116532 -0.527168155464393 1.02752124277414 0.577049426146729 0.0388057322672829 -0.296170117117512 0.388939849222734 -0.222800392373076 0.887887176914601 -0.47579778797163
1 -0.494077099533027 -0.617869614594144 2.44393768024984 -0.00369150592325629 -1.50035883465731 0.800002401312264 -1.77148197991629 -1.29319649366916 -0.406177283671173 -0.784169812102772
-1 -0.0352317988648344 0.749009530811739 -1.61563517484925 0.0254260036558961 0.229736812698413 0.810961784141128 0.188427863946849 -0.196524296890646 1.55685429730683 0.296442428730581
1 -0.732654108978782 1.28290917977255 -0.136641582276445 -0.63068511030563 -0.728996380903759 -1.69932650408352 0.722495875286917 0.696208455652473 -0.225201094966298 -1.34351147108112
1 -1.04280251268040 -2.57209806481650 -0.64065201477582 0.314612095921253 0.296770019687765 -1.71512705160250 0.0674246831853759 1.87515297190605 1.69505541130962 -0.381175357435702
1 -0.253539980948676 -0.214118562440945 1.34144227837898 2.02603652808729 0.512500541996574 1.09638011227823 0.101940716202740 1.00967613446650 -0.61967857507615 1.22626231558766
1 0.133291192069313 0.179934042466061 -0.380627470263288 0.931009179454481 -0.164408381239955 -0.737242120924798 0.902834240063719 -1.15654545479931 0.747616595714659 -0.21383171288063
1 1.37149435001496 0.858241586531694 -1.07003297176781 1.15477336519582 1.4663070999744 -1.60755769439219 -1.16476378291093 1.20963113302287 0.862562810478609 -0.652113444213821
-1 0.457960406583934 0.815191060978535 3.08498564077957 1.40992299549168 0.804390012978168 0.650235236013696 1.74222918930399 3.26273169247132 -0.686946043144776 0.444341858807937
-1 -0.719309464293355 -0.299660505013421 0.444991493142602 -0.942746367112302 2.72756773177747 0.693405237678044 0.178654385540254 -1.39686214331376 0.543342816238266 0.166776607236253
1 1.21967361281323 -0.814010199227534 -0.0478332556401523 -2.0119618635838 0.325619753961229 0.521461467533399 0.357442058685247 1.77672042127767 -0.0266682686841017 -0.113266069636264
1 -0.530445130194367 -1.27907301817231 -0.459990176325009 -1.16615109506205 -0.591352372119166 1.53278500049143 0.824138304138403 0.230035830877893 0.834967454078258 2.62675625712827
1 0.306937961635458 1.14938059838593 0.93320964118921 1.13869855253545 -0.128643516864179 0.461849263597848 -0.0465078584776434 -0.825120194282555 1.04128771411409 -0.977345475408608
-1 1.66586072189914 -0.446663601693817 0.107221003552981 0.749556990549253 0.167546348629612 1.65730323722210 0.413401833569236 2.71955363480075 -0.990158009426318 0.145521874195497
1 0.868906512007146 -1.14538311152050 -0.521605297201838 -0.719700779302975 -0.926898397819285 1.28169980254964 -0.527243649130772 -0.871822539830621 -1.13868482942061 -0.431483371825371
1 -0.263399218755173 -0.946765476516086 0.354202214042175 0.0686554859611782 -1.62995651202726 0.559292194186033 0.470554451261136 0.763274229659848 0.133155898878502 0.974723666918108
1 1.15867473852357 0.680744084838828 -0.0923628602586009 -0.406696836448871 0.986540959421003 -1.55420063119278 0.506165099048029 0.912369536013266 -0.416247516521112 0.621961586863919
-1 1.86722154732165 0.68677053749542 3.02617650065982 0.565318053944379 -0.197004362857732 0.184444019326314 0.640842045787964 0.676471608574868 -1.43381186933869 0.422656061020732
1 -0.722721799422732 -0.00368101958324447 0.663699590908339 1.07671995402362 0.0795988774938651 0.92746090670782 -0.873213594153255 -0.179134982729400 1.58770219037658 1.09683926921333
-1 0.649404938256582 0.509713716791572 -0.405700019797933 -0.237905865172536 0.305960219764112 0.0817208927151172 1.34684051280105 -0.403234758456519 -0.273423226777328 -1.04809989269712
-1 1.78756342272394 1.04763166230893 -0.92027366133768 0.658445558024357 0.197332409738135 0.113831152418305 -1.62124593111730 -0.210969667345254 0.218028894806141 -2.43214560785023
1 -1.23474413217771 1.14793629895864 0.401671721988398 -0.0641063834256546 0.586641396148411 0.289975820603696 0.132734990582082 -1.82001841383665 -0.951093498506673 0.738981514569706
1 0.261861463392541 -0.867630578194319 1.20006033657077 -0.113886071954514 2.09232078460181 0.454945274552218 -0.415692850939303 -0.398834921722195 0.089397536715629 -0.461025620387
-1 1.21855323487284 0.248459883464122 1.36097000655481 1.11990738657510 1.13320853464048 -0.584756067999641 0.714635562305446 0.781217582244575 0.793667704432253 -1.12367241434277
1 0.413514690811906 -0.0214581643724878 1.51701561417106 1.85158020016837 0.257870643411347 2.35819740068771 -0.667752659012538 0.506566402629201 -0.285851182879422 -0.80587490508157
1 1.89617289928156 -2.33820237220539 0.823608417503121 2.0828778327138 1.83790935428406 -1.34507030746760 -0.505658697084138 -0.165451088008373 2.51780595855061 1.39732758196119
1 -1.05051532710627 -0.452481892614774 0.616524869577101 0.370115836838452 -0.437364153218233 0.383283383155911 1.13871276318311 1.02562434707405 -0.252501984611844 0.414844495472771
1 1.28664607321501 -0.546074911947084 0.0862836148612228 -0.47084979323165 0.973313134087826 -0.585985097335135 -0.0866951419243872 2.00939687417923 0.745248590317911 -1.58783214814978
-1 -0.895714096432647 -0.141820536860677 1.95121709684439 0.574844479386156 1.33454586271699 -0.112578081385998 -0.099579874334089 0.25824387697699 -1.12222090023034 0.848192560362261
-1 -0.39161841839238 1.05492998402858 1.10453549132399 2.06287328270149 2.42983525876992 0.46288380042223 1.50447450316585 -0.41315837815944 1.75814814486876 0.203256006824396
-1 0.301708789720143 1.48872594431605 0.478707749856476 -0.884489066470808 1.29783547994829 0.317162467197157 1.27680863055358 -0.326211822898094 1.27661014741837 -0.228576509020909
1 -0.9326022965415 0.282925602109848 -0.722424371305073 0.790990714390058 0.367988260794588 0.069306047276021 0.0289070056651573 0.0781175294794826 -0.737395189380936 0.328732192030396
1 -0.380343685359757 -0.779650607090506 0.369087591049471 -1.46871010038137 0.461710712796098 0.339868136936052 0.942871468682387 -0.147215670354426 1.23470198316991 -0.277866316157131
-1 0.737196010415719 -0.119303705430292 -0.218940776036084 0.415536219085439 1.31185201030129 -1.30039467515064 1.21935259151415 -0.307240377360096 0.691808067166572 0.476926929265575
1 1.10490787857350 -0.494009929602302 -2.13973545942401 0.744562536857366 0.999380871085252 0.448875709404146 -0.190959631685476 0.00704795949346414 0.985082401205867 1.48626372049879
-1 -0.112608964633121 -0.431712830864794 -0.549178633945381 0.203550564824418 1.31183043076513 1.68195230289104 1.41035980905333 -0.177716543254736 0.0309018879464037 0.441757077388071
-1 0.849459826811236 0.0860358203816893 -0.28616385592667 -0.98896314237554 0.85018160694065 -1.67425725733262 1.40077891917428 0.805616097863677 -0.102167059177742 0.260125857111073
1 0.076238331714813 0.162018780492291 0.626850457258928 0.326941533868958 1.67316532705584 -0.702079882263297 0.813423659518816 0.26611709502453 0.945761078013702 0.422316293705713
1 -1.32040504223514 -0.372110368265194 1.00086822308203 -0.72597308963967 -0.799422039210512 0.420950423333316 -1.90968954775454 -2.14829770455362 -1.94065345508228 0.469112714386003
1 -0.724680210756517 1.03085719167237 0.579201702380965 0.690021674345008 1.21274097935897 -0.824652470944943 -0.524878379948026 -0.80909453929912 0.681819411802735 -0.533582018642336
-1 0.62637383222902 0.602250334524475 0.432734106754788 -0.250732171379441 0.145678402012172 1.34298811720598 1.35102812514581 0.97073673800561 -0.414660694622443 1.63143569822238
1 1.04663971757160 0.390991991872942 -0.53662238191684 -0.0821385915832872 0.568000624423667 -2.08924731770661 -1.97103049658277 -0.746209377975595 -0.71709766397786 0.193603593163774
-1 0.457489459543586 1.05755403695896 1.37111773094009 2.77338084429456 1.15947654014862 1.05259524436505 0.588326565732337 -1.25873707934776 0.65568209665943 0.154599287400029
1 2.30760500217378 0.676295869952249 0.519196735790507 -1.60262606865604 0.67765978244045 -1.72455550568016 0.213543207941263 1.32128966297505 1.16502981407601 -1.86384517937892
1 -0.792254817390687 0.143881379260478 0.460543368963381 -1.44729098659919 -0.537571006274941 0.206317205938736 -0.773933579807016 -0.509377493798023 1.51335602004455 1.38275795835734
-1 1.16861627094468 -0.433069466470748 0.736766918428022 1.88286972440835 2.83136720700479 1.75923615904882 -1.75500523310470 -0.158878408317849 1.08169787560543 -0.494430435915349
-1 -0.330580278916917 0.711692169711544 -0.052306184565237 -0.445018376469783 1.6421356324456 0.982088711504988 1.28141165629524 -1.15215388971528 -0.180995855471803 2.39416418560726
1 0.479824814255717 1.04033492496196 -0.26226657278093 -0.328805398613554 -0.520807969988149 -0.182479613539402 -0.451759043701014 0.735696557988946 -1.00997356511386 0.0830245438497443
-1 1.40479563712096 1.94969587669687 1.56008349391081 -0.421728577446715 -0.896994747089844 0.660230813714974 -0.561825288192263 2.13756706793107 2.27753041500731 2.61512395324241
1 -1.77845555292915 0.392017415929464 -0.080381539067917 1.08945948357863 0.371788375186483 0.135239472138478 -0.390695892220659 1.10222503959194 -2.12763445829350 -0.776913672582521
1 0.249188478617208 -1.81057511493334 -0.346399221375354 -0.68209366180939 0.128929869206839 0.437979673815592 -0.761802889644974 0.346889202507354 0.030778467129008 -0.0098495879009111
-1 1.36767022735231 -0.148110879610864 0.407852824309545 1.38355133139033 1.25672008404176 1.15170506562912 1.78282509288727 -0.452388805148952 2.8919733972488 -0.23791566877407
1 -0.271946508655943 1.48439210395998 -1.72160082253384 -0.192502895101709 0.342762370904566 -0.184428226858933 0.0468498004766198 -0.370134968308811 -0.472352011954685 -0.658891350591815
1 -1.32057718581967 1.25431622756164 1.11803423607255 0.87983072162788 -1.40026954165660 -0.0531381041884354 -0.556625041228183 0.56979606091108 0.71100936059018 0.603670713607275
1 -0.121620349143567 0.234942830792596 0.108788286287435 1.92456875049673 -0.212298736420461 0.985439420104566 0.428546568461811 0.312878027745592 -0.577738089659853 -0.249129472581877
1 1.37057637525447 -1.31003630920838 1.43096214299570 -1.73679211010626 0.443580051079189 0.246012393378399 0.489024323750986 1.13183184474988 0.755547824485892 -0.172767033978792
1 -0.255865924386469 0.477274933634823 -1.7551367543214 2.01017516260055 -2.28639213436716 -1.04688102065303 1.38078995941424 0.102575489886763 0.527093731544509 1.26726899426931
1 1.04785597326247 -1.42764194546929 0.277601301665502 0.243982486404618 1.32250311286711 0.629326855135851 0.0387172496537500 0.934250432669911 -0.813290037743415 0.75318513679726
-1 -1.16545633891666 -0.183975117284616 2.35607791588094 0.467679541940784 1.52194195223945 -0.354430662865786 0.629485084164215 -0.5562532754013 0.49584827345968 -0.527983293923317
1 -0.0539710571637578 0.178668572113653 0.289759707145132 -0.353400785018506 0.516192099330197 0.432603487278689 0.338244322769249 -1.47986555734883 -0.391877189472011 -0.680923163659515
-1 1.0805969801236 0.652325748245834 -0.176651286882909 0.0496574943476717 0.885495418077278 0.638614659857767 1.58258236081282 2.16703719909891 -1.06222389269655 0.241399768577385
1 -0.000745465016101761 -1.03908394008854 -1.12663973667186 0.658683927547238 0.295446842026699 -0.112911896134030 -0.444141538428634 -1.11065299839689 -1.14327351899951 0.534521013914027
1 0.300349335580189 0.671444610449584 1.56842747709929 1.49933084610216 -0.703870738379421 -0.250264718795444 -0.142549995772964 -1.11110013021557 -0.344708257005339 -1.32868009925085
-1 1.21028494484151 0.951087389072929 1.00322996423365 1.78053361830907 0.164624261261416 1.46861371100721 0.0397345487820229 -0.68685980741499 0.56341317263065 0.73553501511107
-1 2.09238888123791 0.399778453503366 -0.0679733242655649 -0.0384727896642129 0.430254099425169 -0.39530517550972 -0.07467204442781 0.76957350670432 -0.103232351763500 -1.56883353148337
-1 -0.937582472424686 -1.54530236169290 0.888828646064452 -0.217430632105388 1.20282604441306 0.597264702048896 0.982151422176265 -0.329648376850855 2.29102834161356 0.582692125830248
-1 -0.118606818937964 1.02430208596206 2.23401557837486 -0.716108800088288 2.31338802215262 -1.17152836059865 1.45659494469203 0.881431951461822 1.88898529591560 1.41440260400944
-1 -0.0151743781071589 0.675852562565838 -0.75126621133352 2.50989804539622 -0.660668927968548 0.347250224402015 0.0600583453298945 2.34450239827824 1.80266479265307 1.23512599827880
-1 -0.321640608940210 0.648153938011167 1.61252632066092 -0.0132969344907813 0.942967796193449 1.20688979103583 2.14411157676184 -0.206776996544060 0.986832066871274 -1.48049031687066
-1 1.11197884633360 3.30942306388960 1.13018495282776 0.094946132019019 1.30341529801504 -0.533728484212698 1.55337992729481 1.24658897491139 -1.07887016815806 1.45330455830240
-1 1.46870209097412 0.53839082781778 1.56473503002456 0.706132084115379 2.31995613217071 -1.15322085409955 0.581108934010253 0.779859015948746 0.43389308531262 -0.165882898001951
-1 1.99610673684944 1.38620513916000 2.24746635592916 1.12285444956673 1.27796502767939 0.831734236824748 0.127182666552193 -1.03733361661645 0.601910718881004 1.84711060360982
1 -0.392658514640245 1.38939426191899 1.95042546095458 0.89895793082778 -0.741296405782222 0.406353356511906 -0.061843855098257 -1.20661764018236 0.330572122554096 -0.0995530831641074
-1 0.341837091937712 1.00980595998841 1.60645488686394 0.293514337674030 2.40604192792572 -0.260743624195211 0.0183939133881511 1.50397579762672 1.39667281243057 -2.20951952122274
1 1.91885055858127 0.421643756125717 -1.54165085840740 -0.704709523945182 0.882502239194759 -1.36751361710458 1.16441184721832 0.00668933280448428 0.369460809983174 -0.06976324397401
-1 0.444424754130073 -0.454361694465805 1.95460408383055 0.964008897242193 0.16722137267087 1.42470050625102 0.544977253345326 1.89555982965706 -0.61271481388644 0.719127600568152
1 0.216953036023902 0.078795458167835 -0.642295588941781 -0.245691780211595 0.21974890262017 -0.199562214730157 -0.0515660893503317 -0.596542050853936 1.04076235772311 -0.260269015330005
-1 1.49674603914046 -0.202312923024944 -1.11012309189348 0.693322002036245 0.914258546464213 -0.384873366880208 1.07357995184102 2.3057335123387 0.285216616148203 0.663305188993759
-1 0.563951906860358 0.56996465402512 2.12968524673777 0.741507241980968 1.33405908497713 0.967318036111733 0.600209807399117 0.435045025290311 2.10091237857199 -0.357741399576371
1 0.0500466293514564 1.36791929829891 1.08240399431391 0.647525261154542 1.76689600293241 -1.20213850277889 -0.0219827685500712 0.0132672125188669 -0.366810474330172 -0.185484922873730
1 0.86338719333416 -0.468759437751436 -0.109901353580809 -1.16102612957884 0.50798666682085 1.09722010644453 -0.977626689774166 0.456513298423008 -0.904932926857098 -0.805761550197528
-1 0.888387051976194 1.06180061432979 1.92499525117644 1.39241684938908 0.952752110314336 0.862060366296736 -0.281914642074756 0.894298890460058 0.360492509438907 2.03408315071818
