100
10
1 -1.27164145900267 -1.55157098280376 0.847168866954347 -0.661344972554527 -0.925815662521079 -1.30340955894220 0.271791101088870 -2.61326067427105 -0.737334889962056 0.784129347184405
-1 -0.716175358394626 1.12094074501442 0.447395338152804 1.59964061838237 1.22979849395768 1.08104149251796 0.791874199532003 -1.01761597053617 -0.274567682103023 1.76255127178151
1 -0.90341835109133 -0.631900370719194 -0.931011279313208 1.66050680810627 -0.119672438723357 -0.599106338555644 1.27955965027820 0.0154247093242321 -2.38751435385805 -0.0636474515037023
-1 0.48104235982655 2.04917279089341 -0.270011097359417 0.610583612931183 -1.09023327514789 1.33901836581847 1.37084132329519 0.189865083316544 -0.253010491753775 -0.69334240757258
1 0.139126131591872 0.378099972437416 -0.431152286547623 -0.162777069136701 0.527612714476832 -0.539736572869147 -0.168424494676728 0.474342416990032 -2.11568678447291 1.60775135214351
-1 0.849251005683525 2.58076266137872 0.689074063098024 -0.0279046029658928 1.27784153435328 0.631953821063561 -0.326306700233883 1.64812358617748 0.771749111527835 0.227774064437462
-1 0.469385350679813 0.162445295540629 1.51969950259096 -0.42450573595548 -0.0216363178819806 0.504143763356449 -1.07315948725916 1.46159812064360 -0.262240255036757 -0.758568640049221
-1 0.339889559074836 1.73187031265308 0.0210002040564499 2.24725066719456 1.07783294967510 0.149700582199239 0.954096827760308 1.05346341646606 -0.213666677577763 0.868704234750195
-1 0.570577367165601 0.451685291394879 0.378876475528733 1.91839265521837 -0.201835859935477 0.084859861949913 1.51506461627401 0.801718586705682 0.165387083968482 1.89365234777903
-1 0.310534957904901 0.54518968774559 -2.06877658671983 0.84430735432533 -0.441240590028455 -1.33972835217300 0.471423734878586 1.04356506029722 3.02392516356753 -0.627690571735498
-1 0.131765053190783 0.584546128414321 -0.0303871862380192 1.23995096227096 0.328831721400971 -0.372465199416329 -0.381018858274821 0.686271595104835 0.186481276158380 -1.05635665657400
-1 0.899274662033922 0.184739978181468 0.614056060651042 -0.0788836541663539 0.75724089490584 2.68788212809286 1.33121837560717 2.45096184389610 0.818839519080852 -0.75300248022341
-1 -0.634548268134888 0.249106564731697 -0.190324038502504 0.712768799215407 0.419914134162181 -0.180952859397768 0.776390006732895 -1.31032317426809 1.79513624682360 -0.350727888054575
1 0.929080123531112 0.186674464683432 1.53716989990549 -0.345419535470734 -1.05768290431174 0.333411925507294 2.08413021520494 -0.333737643917548 -0.449831328755096 -0.651687577995916
-1 -0.0336722939753364 0.093312341982235 -0.46122275878134 0.522291262148856 0.302894647164284 -0.481907122737753 -0.215675244246895 2.14914726566980 1.17038691396875 0.833874066252843
-1 1.30089484931926 -0.0407217470830888 1.24812724219217 2.71127639245228 -0.165188131677606 1.58821746083476 0.0826634828974722 -0.169279534547873 3.02573888813813 0.445376943159396
1 1.79255680130091 -2.20101461876337 0.498202680593264 1.33188681515682 0.165407841475722 -0.110026369733356 -0.3932807158739 0.172405981284527 -1.88379968105653 -0.505688585177661
-1 2.10921215177961 0.146430890682322 -0.988759309155562 -0.483863360556257 -0.72317363212101 -1.06652188113030 0.99950939060996 -0.392908958769108 1.27673663208437 1.40448107642222
1 0.74797266961414 1.93094540359008 0.189611363514698 -0.0140795147994738 0.24128591777604 1.71385125898650 -0.594575108121969 0.0952819932018972 -0.953862846657651 0.969141465450486
-1 2.35363473374202 0.938255003388876 0.96106271982741 -0.425020961457512 -0.739845634285816 1.94755278726886 0.595812850190245 0.406801124718888 0.934836290949463 0.00498707539557319
1 -0.465441739321956 0.98836058030157 -1.79656902024383 1.45038222360950 1.15999421837382 -0.323462521359241 -1.94141988842830 0.204497490118520 -0.0494850101177179 0.263858520055291
1 -0.492042826382555 -0.668649793535389 -0.818703348280839 -0.0996492344756646 -0.584756973201275 -2.08107253173484 0.245714056116468 1.19773399130899 -0.631871963536001 -0.491475890306239
-1 0.516395803948454 1.90795447292142 0.443302306197273 0.624714393278336 0.412995964820586 0.274442038710130 1.87180235306378 -0.648065105426204 -1.46526388990098 1.14719319216373
-1 1.17238970421183 3.37350409485864 0.699472522925505 0.765740315974072 -0.22475552407699 -0.389951473315904 0.713659426761334 1.5487479055291 0.67277988905503 1.26922837678400
1 1.72784273914513 0.0314500568248899 0.550831837406793 -0.500225971760263 0.384386833244121 -1.24951216286308 0.425985583185509 -1.13919783049915 -1.12907426270491 0.681494796079566
1 -1.25202838605675 -1.70530806590353 -0.333086275684203 0.423788888098842 0.187849344127906 -0.730780335998689 -0.50281157232267 -0.723356438571162 -0.337286446966190 0.910172741356749
-1 0.793944703609179 0.927451134663695 0.330046406303447 2.26572513839473 0.118000996082431 1.45535490653825 1.92746133517482 -0.74174124890461 1.37437147981035 1.53531185403273
1 1.06275388888274 -1.04437315288707 0.675833439320573 -1.40035591819346 -0.174509133888518 1.0172395022852 1.77838227412224 -1.84853776807304 -0.825436257881142 0.0418491909156065
-1 1.14638591293300 1.09653253951592 2.00064264250898 0.151458748240594 0.505631453555662 0.297013063941631 -1.56039110842636 -0.952170533805258 1.04525215978937 0.724809041391508
-1 0.95843435069388 -0.469981000207472 0.865551817138168 -0.911150993141605 -1.47351088639553 0.156632776913337 1.73113988049024 -0.184075355800899 1.14933804523375 -0.842264375286542
-1 0.805072609462842 1.09324857613742 0.594871155877137 -0.672158868484417 -0.513833370887191 0.991496787304997 0.191157246813845 0.243245102347504 0.423984976892208 -0.261740868700972
1 0.0875144543559077 -0.581565771973102 -1.75865741620368 -0.324297963443387 0.326284082514169 -0.325900623231278 -1.8158490069092 -0.704458111527088 0.468650488234477 1.12818724646829
-1 -0.455487153317438 1.05224155515839 -0.884457307644235 0.575259390674284 0.0712891886160607 0.00542277121856072 -1.24862510618663 -0.122224271833596 -1.94583016905769 0.413472249554492
1 -0.249137867470731 1.38964849279727 -1.95241361409043 1.02905767629156 0.152680934104858 1.37886280496009 0.172324481570067 -0.00774657551145613 1.07627547571502 0.09080852325696
1 -1.48227166602841 -0.570370504869094 0.443656698365813 0.120676739613259 1.35578040911698 1.42340330162822 -0.447666780530806 0.193623573252714 -0.660240919717616 -0.138393173440954
-1 0.946442785037372 0.40780406474121 0.248856932949294 0.664887552680489 0.8062444585931 0.530825200980803 -0.53797736179002 0.231055257259291 0.0841149335278591 0.298152595411801
1 -0.239201861976837 0.617035711116266 -0.706199072770012 -0.156205706212343 -1.08641720953333 -0.806755330482765 0.285296074872098 0.0698703441294964 1.87968040698707 1.23234383251638
1 0.368475299202614 -0.398276211429534 -0.407577588568273 -0.561154301510381 -0.263783396994511 1.06472988369717 1.02738498039016 -0.511936379598938 1.16887267264551 -0.65404965301068
1 0.202692905103309 1.11517943032755 -0.778343856321799 -0.799194806473053 -1.61264107663299 0.651184864146311 -0.0611212477216392 -1.39872566454068 -0.97150887897295 -0.630540467448368
1 0.885097908389082 2.32774264587811 1.27636518659808 -0.308620392835449 -0.149473962180138 -1.36109816452937 -0.0084136677092117 0.129267380103613 -0.0414420335510659 1.29704924608039
-1 1.83847589003054 0.85897497759423 1.00714392386603 -0.4626439097364 1.19330587778524 0.69561238369164 0.349823067587561 -1.22256079323548 -1.18677908358484 2.21880086886429
1 0.674702460997342 1.01157910267503 -0.645016198065598 0.275422499672211 -0.258444406022350 0.671151132336994 -0.37986441603544 -1.42264081913898 -0.271437491234785 0.349066052873476
1 -1.27999871478999 0.664961907978823 -0.707489003431665 0.403350093746347 1.91764689024019 -0.860059686758242 0.273121909787344 0.546247435322239 0.959195291434924 0.901216058815054
1 0.527810747538607 -0.903980402948444 -0.47263142747049 -0.436883389692665 -0.433319703073992 -0.226328608055611 0.164905243767747 0.807026557055593 0.213265907062235 -1.34528306061007
1 0.506427075213467 -0.754553669658444 1.50267752329595 0.143629856807272 -0.462037156235318 0.512664849848269 -1.31693544832069 1.53355787587513 -0.7136581937024 -1.40133105021395
1 -0.971569526529776 0.706358131477558 -0.201644615663377 -0.728774428257899 0.247836180779299 1.47858862910759 -0.869074428351545 -0.228746978125954 -1.24276932125731 0.26781671507335
-1 0.0418458306250421 0.923617031074013 1.47404625066542 -0.391483297056383 1.31821937075473 -0.333983600414812 2.17920690371496 2.44767950197942 0.262044645517236 0.658885419036804
1 0.896234147814262 0.452466121688334 -1.02785651607409 -0.0638517930181644 0.46061110216661 -0.073879730055323 2.19586552384571 1.38185591783725 1.09887971489130 -1.17712292681342
-1 0.843774432266703 -1.91949475548477 -0.109786747149256 0.162080510626181 0.666560382002293 1.45594887706255 0.350103157986106 0.265175389713873 0.944911806264286 0.532866697617171
1 1.92905820077699 0.0589127674551343 1.15801989396400 -0.0363647078769522 -0.984112707510984 0.158019630367166 0.273672607803323 0.517245868817422 -0.420161318428893 1.30337275751565
-1 0.279402644370047 0.733684505705168 -0.566397326724139 1.14886913330670 -1.06113204627354 -0.92818676547927 0.349028327654368 0.244567612142284 0.964932513678128 0.929714449646348
1 1.27877350219515 -1.16978108961380 -1.93472738684111 0.292183514509827 1.00905453917187 -1.46267663162476 -0.292744697927475 -0.0499784524848739 0.596817939384838 -0.740893947396479
-1 0.606271400629455 1.05579530502290 1.44343951253639 0.809637147872051 0.434234348688212 2.17508280920901 0.333253268458186 1.69660197789221 -0.248558516649008 -0.71613919186585
1 0.467694464290957 1.12317079459193 0.67372726251771 -0.675703209375326 -0.76934552994411 -2.24275265215380 -0.434456710504116 1.32802209903007 -2.04204611252253 -0.477770095198078
-1 0.361508815726986 1.02648142370874 1.14007576704859 0.26222313068046 -0.393866099156378 0.352278445224311 0.131249877084031 0.80470450532697 0.371755351481738 1.97536397671048
-1 -0.206093966415415 0.228069906629873 0.562385959624476 -1.46578044906839 -0.69340979153026 1.56380682400392 1.19388038965176 0.860027850869088 2.20996157323481 0.919568419961797
-1 0.725880269300297 -0.00433868165594453 0.759563243564519 2.13599732343316 1.02797498431367 0.894237127882894 -1.82562413595977 -0.0569668186208001 0.226910496197020 0.854495332333666
-1 1.55708024322196 0.945831303195423 0.613544581645488 1.33153323275788 -0.220949319797523 -0.580524715993 1.44505399686655 -0.0836397979498502 -0.475918162211216 3.51536165769111
-1 1.45464931946844 0.892180663762772 -0.335734184259425 0.227262111889729 -0.961399947420685 0.861415418179548 1.36528815219413 0.202220844537453 0.297845692215046 0.501936209794468
-1 0.559445850692392 3.27463133561396 -0.403593598323228 0.61836550350471 0.313366948969407 0.0440284417912759 0.101839709139827 1.54021795285405 0.565532713392108 0.92864867356091
1 -1.49395151172324 -0.708832755660485 -0.122925392640987 0.0756195327045115 1.11968593192057 0.509312909130368 0.417392121353692 0.657338158132976 -1.06151597963232 0.265004692118283
1 -0.88252545117335 -0.594298678173811 0.528111471747148 1.83435828240522 0.896238437890835 -0.645645905367571 0.0523239388233845 -0.00172694695572015 -0.954396000881208 0.504032285745096
1 -1.07313620486331 -0.204681430784918 0.397149415759586 -0.285759220994957 1.36683911551275 0.675240064958333 -2.11803478369683 -0.629509415882094 -0.364929599313908 1.71160286941291
-1 0.447164194919441 1.58418780927187 1.05455901063073 2.43854534857058 1.08339035781707 1.55470660542538 1.76224423491867 0.0970826952114358 0.933783930230378 -0.288205615655666
1 -0.409118787421574 -0.0762024535450257 -0.342671613716623 -1.0350340805301 -1.34546232536366 -1.43932053327661 0.90539320721322 -0.92692718946749 0.468595026740767 -1.72882297097151
-1 2.15501945562787 1.06352306702043 0.00297727940949111 0.924172194823957 0.742250101568817 -0.791520232938859 0.849585645915133 -1.27481254062205 0.56797352515693 1.00476847374944
-1 1.11569091207742 -0.138331551222872 0.121730242868951 -0.624785729277675 1.83970795104436 1.18467772205613 -0.642084333316159 0.799222352380126 3.28971690307055 1.04832428870486
-1 1.44764228613446 0.743311481448991 -0.707809979963582 2.11337204217064 0.746989402256168 0.718291210110495 1.90427175665591 0.203342332709452 1.09666715536854 2.03289000413689
1 -0.688640603136254 1.55432045277777 1.23340100311330 -0.16986080238153 0.519161378514644 0.2757124646424 1.48556167000681 0.291928914973031 0.960092766913927 -0.449605916083777
1 -1.05166493148514 0.564198377210709 -0.315602468036415 -1.13290817811255 0.191421464104835 0.227332512007126 0.404395753010855 0.201635140311851 1.29065510461785 1.44396648676918
-1 1.12404004747387 1.19961019704738 0.907752193657267 1.06615269950553 0.727172006333095 0.373532527542772 0.0686173960662351 1.05258205473612 -0.135880363747662 1.35188842837407
-1 1.09389011262648 -1.33189961265449 -0.417460312071541 -1.45422062958672 0.446817001681613 1.47411529256122 1.25447149111051 -1.12590512636409 -0.0174742444686991 1.49461298037216
-1 -0.651700002773022 1.54909911553738 -0.524191150754103 0.174879805307502 -1.45729296741107 0.994966742620001 0.715790075743694 -0.0467796749059689 -0.739712390270228 -0.286727943635401
1 1.0798242451509 0.78178865160126 0.272571912765877 -0.451041958769971 -0.891277863773338 0.190063933685244 1.54352097708108 -0.669631682688594 1.27533744274957 -0.502838312298278
1 -1.22451105920118 -0.950746841335283 -0.206295282588832 -1.83028234817702 0.0893332410293862 -1.31358004436153 -1.01054424992763 -0.853662783103398 0.994229206466912 0.0173622781032775
-1 0.994337619893226 0.696327115170565 0.717891683495475 0.0969143812151123 1.43539464206650 0.544220077746611 0.325628226416958 0.952894874639248 1.52810801131117 1.01315466053326
1 0.431923216469491 1.2834285273747 1.13975584136410 0.0919916102004666 2.09300836879342 1.03408127098055 -0.554524219052779 0.74484365208886 1.49529483203205 -0.522206063398415
-1 -0.403641456863181 -0.298826374698012 0.326704482324463 0.539240764372756 -0.0296242099845689 2.68168348196366 1.59614128438577 1.11912954056807 0.0192594026939361 0.69704444151837
1 -0.51295827407602 0.326236014311332 1.39274961808512 -2.36067752160707 -0.881723624002893 0.749612888930475 0.169003756056535 -1.02835218675802 1.43925806650941 -1.18009521368683
1 0.00681466685860105 1.25447900519033 -0.267197757098249 0.872629951182588 0.881047907981586 0.267349258338088 0.591482142936077 2.50710626349806 -2.05733450063411 -0.732744812479824
1 -0.88552164300418 -1.16773143061284 -1.40049011512548 -0.203865052862984 -1.35613932664605 -1.36519883767070 1.39829860627270 0.451141994182889 -0.380870010514165 0.0475361361648294
1 1.09867756529227 -1.00832915696628 0.825027877704337 -1.69981382059061 1.02165598683291 0.0199617486304326 -0.588423486371118 -0.101890936761151 0.397977886058006 1.39829114842856
1 -1.46142231297346 -0.509218984553286 1.93925920733163 0.175418618345811 0.00856276882363457 -0.401709939639362 -0.873192088436373 0.203648964628078 2.49109408404053 -0.879866148351156
-1 0.590944699084988 0.679117448364276 -0.563516059234527 2.05250230336102 1.33790471461280 1.10439902203307 -0.289189764089547 2.84831911113116 0.00971400769773134 0.589676816967216
-1 2.8810370324173 1.58425532653856 0.467700998101873 1.00081708667551 0.208268609643608 1.34217315306036 -0.498799237009652 -0.65164494716261 1.13170212411130 2.32137016201273
1 0.531441633852295 -1.69880761150222 1.43096265358649 1.73407542242506 0.644324587143003 -0.430657307504945 -0.880887803891193 -0.86086767157924 0.145008029113677 -0.097622268987620
1 1.19623836519796 -0.894695442958222 -1.57668611003192 -0.387928034079282 0.681379385849654 -1.03110980482514 0.409652684901098 -0.68239036473847 -1.95071066062469 -0.198590917351464
1 0.23541403498628 -0.419160394920661 -1.33854554377557 -1.50154071990175 -0.818719213357792 -0.0510781291129265 -1.80445783611254 -0.91622855858589 -0.157296370441438 1.79330860255678
-1 -0.0214345244773686 1.35615356784673 0.84256541707035 -0.131794121270321 0.306828835102234 0.0337407741756119 0.889017738290752 -0.189510115733643 1.34871851843547 0.908951526221782
-1 0.993546007879533 -0.672122713570462 2.35486383396247 0.525385180412944 1.83987886025196 -0.738155134913394 0.732417718140839 -0.116369353312032 -0.280757305303657 1.49644099655058
1 3.13526310748725 3.28449231596428 3.18111403349178 3.05529559749465 3.18609680609816 3.12682029976058 3.18736934699820 3.05460419774246 2.91138709435572 3.1288186779983
1 3.16422829380674 3.11947145925199 3.06171371111189 3.17110505870236 3.1464228982498 3.21391181047884 3.18842867646072 3.26289055581275 3.21338030676409 3.05268462100529
1 3.14649758830298 3.26304461839436 3.22697839616525 3.37464039214043 3.11801547570661 2.99009187480118 3.23510308111218 3.16507666996704 3.27923367667295 3.18980730358418
1 3.20022917816366 3.1625368736393 3.13078323160527 3.23016134249671 3.11189637861386 3.16183771001261 3.13012295199969 3.24621922321866 3.10162157770197 3.16746131532648
1 3.06221240540592 3.41392048279228 3.13344172933439 3.18006895904998 3.23643449306056 3.07152151606711 3.29695766618144 3.16859732030147 2.89717104895866 3.10687939677225
1 3.13399977735429 3.08149863554500 3.12886670656823 3.08012138420176 3.03681505473971 3.15055881457418 3.22887527060101 3.21396535289114 3.19324118049508 3.19546427609813
1 3.22014628572924 3.16975617048841 3.26201368712687 3.06679755928659 3.20077064669812 3.37726292441010 3.35666015139861 3.1330961716863 3.20190702926924 3.15053523259793
1 3.03857552309641 2.97876356512492 3.29837892647156 3.11571455600428 3.26250348570820 3.22747081913673 3.24861978864828 3.16600559725254 3.20049510038216 3.14977698929383
1 3.14853936217862 3.07461274824442 2.90070625131903 3.07965744190504 3.1368770922385 3.19996100850457 3.17637343880142 3.04583610272437 3.15030329285522 3.09775069977155
1 3.19681952778075 3.16692464952204 3.24647884423167 3.33358134352905 3.27000983076954 3.24045739198181 3.19811540838255 3.00005032048499 3.19744275666434 3.07860593458589
