1 -0.0566531281111477 -1.26208643733832 1.04764676366046 0.472323089820785 -1.28153410723377
1 -0.536087698100938 0.263177435316782 0.139160957741538 0.138946864934628 -0.242106652648339
-1 -0.10783000113027 1.21488259587565 0.857015169396844 -0.222953372261704 1.78241032184665
1 -1.54255470563495 -0.567673172580118 1.00208283844145 -1.91725536642675 -0.419783727553873
1 -1.12769094566902 -1.05017481269853 -0.503918420641326 -0.198767766840571 0.516085427311196
1 -0.636962960677007 -0.701419729622692 0.48487428529655 -1.35500089755858 0.233259796455723
-1 1.67245889648703 1.10167155146733 0.630423351835824 1.76668861927079 -0.639395886996847
-1 1.77521879312532 -0.281064394809316 0.73280653654937 1.45260891351696 1.01571870027225
1 0.765763845618255 0.171269425795554 0.156897378381599 0.803876080826626 0.550910814576345
-1 2.50674728681099 1.42300388371399 1.10619272260060 -0.00345122687190491 2.21928479302323
-1 1.37402218077630 2.24760051006230 0.553732161361648 1.28193156378835 1.61065626461207
-1 0.412746743816352 2.01700724535573 1.28212768982021 1.71693600935070 0.25838471005719
-1 0.587908568311372 2.24640359030058 1.90932892200927 0.179110515751633 -0.162759257093142
-1 -0.83733154419144 1.99023460365516 1.14949709323836 0.137487284124953 1.13641633913693
-1 1.50457734736824 1.65939082980627 1.04421529399387 0.99007179577256 1.05600183921678
-1 1.96300648377533 0.53112512008969 -0.548142769666145 0.932053336512673 2.45006550752038
-1 -0.0722168109229484 1.91562733371184 3.31552265806098 0.105839376189325 1.25457684016439
1 0.204076670815957 -0.350659650156403 -1.00413029078271 0.400060723845047 -0.234751780232015
1 0.0936700222681224 0.698438829630234 0.91384140181861 -0.778810414571457 -0.169332843969882
-1 -0.341958136039652 0.760805542161081 1.28167932073698 -0.206375615999906 1.57578973562384
1 0.18696492963661 -0.213446683525241 -1.70305688331469 -0.649976158092361 0.187922267201909
1 0.111560653148924 0.340860374486277 -0.564990046461481 0.879576796085381 -1.52655140341224
1 0.775316152447005 0.358821439120177 -0.379529299363711 1.76529701268485 -1.08460768815607
-1 0.768537146286149 0.279781242972652 1.44092320000886 0.212453389953193 0.84517079284303
-1 0.0116240568136493 0.837701579503253 1.44514042035134 -0.216715210799690 0.739467561903241
-1 1.07698446941176 0.645932341744114 1.92489878419397 1.26074216289199 1.19370139446929
-1 0.817695167646291 1.11807858768282 2.49733296250734 1.89594715344258 0.525094884134464
1 -0.21731065097653 -0.335896255336625 -1.41892098658805 -0.735983161106103 1.59087044442195
-1 0.351982883728617 2.19729515011721 1.15828327719536 0.395707884143052 0.0394517392286328
1 -0.0547565091180102 0.692495464482219 0.796959779655266 0.297341778269347 -0.714711754447488
-1 0.171270643624283 -2.00516093576547 2.04189452653769 1.57622167763455 1.12864897351759
1 -0.82264532183898 0.655873383756637 -0.432139242182379 1.73481898785201 0.441929104842432
1 0.784495700084585 -0.510194210091562 -2.65624819150456 -1.63175414058771 1.75998602332978
-1 -1.07409539586879 0.798208149471135 0.714629815673218 1.28004570834356 2.67181431172889
-1 0.662254990786464 1.09184401139920 0.175576594384116 1.10720319150216 1.47321894628090
-1 -0.718928872574112 2.97825034802224 1.77222727859585 1.76748015600603 1.59350777750106
1 -1.28702409781574 -0.772894068802426 -1.00524660990893 0.396878385210977 -0.87055779521561
1 -0.327707118551433 -1.09591236450517 -0.428164656142701 1.68026603799025 0.55934908443197
1 -0.713429288427538 2.16171376152030 -0.572095374045871 -0.404854618680497 -0.425565811855868
1 -1.27798014543377 1.40417324175943 -0.640660573270458 1.92325376856486 -0.54741980797253
-1 2.97162810587115 0.584713672836614 2.96800494769867 -0.776264588919875 0.215149263358556
1 -0.879409815803683 -0.76568815223227 0.105004582348227 -2.01552016522185 1.55002139019821
-1 2.18717409696550 0.699971974570554 0.909416512655795 -0.201247755078366 0.448883789025788
-1 -0.812532555461753 0.985719233755205 0.575953408327927 2.09948557082986 0.588901911590396
-1 2.2898045589057 1.27442150718153 1.36355886426689 1.37760039093611 -0.818158811258814
-1 -0.508846351902537 1.98191659198493 1.47943638478048 1.57859230881322 2.11553523814796
1 -1.36653147618509 0.213246577546937 0.940155868314418 -0.794524791950001 0.0890975332057265
1 -1.53974718309133 1.14397335291101 -0.960298077204011 -0.287046412957325 0.699210281852548
-1 0.804097976934838 1.56907382909674 1.04633591106744 1.41518226499228 1.12257821366404
-1 0.176780062036141 -0.346775030037126 0.82242079945689 1.73717469396518 2.35280396036916
1 0.880215592981105 -0.379464689484701 -0.885703371847164 -0.370580758466426 -0.520289311360031
-1 0.54975000283135 1.52294608842213 -0.230350739171815 -0.523353189447662 -0.670289073846928
1 0.0548843582174045 1.13046689221879 -0.947680849412288 -0.601301099617344 1.07442194094311
-1 -0.105283833398373 0.543780890923705 1.31693483604343 2.36735290440801 1.02686519917242
1 0.396799985759345 0.98320141282407 -0.598070910922203 0.340851550556839 1.17672321996226
1 -1.46699536722029 -0.959054403339267 0.123032145005218 -0.186277493213166 0.491849312873577
1 -0.167919113733707 1.61951859866865 0.674596101906786 -0.125129712675723 -0.101286826795337
1 0.809511932571481 1.18911970335182 1.93160573704541 -0.303414513620995 0.837092840211637
1 -0.862851708424287 0.130306683834024 -0.775455259504806 -0.0733966482688288 0.554691611466444
1 0.500883655611871 0.790387293080594 1.61308022861466 -0.0829689354617518 0.181358054059504
-1 -1.06585466943842 2.67894803065836 0.56964345924893 0.86270778790108 0.4012107122672
-1 0.557589886070149 2.70505457805429 0.193286266716117 1.19759524150346 0.746508015700709
1 -0.651325414766684 1.00004667022631 -1.43256823887482 -1.15116504455290 -0.375285582815932
-1 -0.567820075248132 0.0523154542947190 0.320152133826558 -0.374900608401617 2.19666962587432
-1 1.61367402926316 0.293619776734511 1.23354747421623 -0.348098523118408 0.230776732591014
-1 -0.440162942706291 -0.546458756113596 2.27883903930957 0.205723655115609 2.16183326005479
1 0.467759441799891 1.53326077694316 -0.91293194451158 0.0901332562639519 -1.02945640311288
-1 0.870004646657886 2.36624869785117 0.341198429936364 2.01512208029927 1.24099224097445
1 -0.259685574201919 -0.361924394742283 0.234109820578208 -1.27124025689268 -0.564783132953401
-1 2.28420436471785 -1.02251887258252 0.083800101454554 1.06078979611517 -1.30633997430967
-1 2.16621528527499 1.43712266680225 -0.131180732294032 0.275221971367158 0.900631342636024
1 0.507046006284336 0.140054402977306 0.644789993842032 0.269899606615619 -1.17553386187956
-1 -0.0474240215295338 0.199306745125053 -1.86493159792357 0.400197463534456 1.86615351530724
1 0.656508470177476 -0.80240750971415 -0.252210705561241 0.075498052518681 -1.29129191594212
-1 2.10360381600841 0.661204934514648 2.82047899449313 0.244580408679723 0.548676943933464
1 1.64858322909154 -0.713062562433276 0.0538846277922384 1.12716197809526 1.28708921199621
1 0.374328721154269 -1.90702040031509 0.320599379745011 -0.97479814776268 -1.68741147843491
1 -0.918803344446903 0.399320741687589 -0.612463213885365 -1.77028359987719 0.810953866161774
1 -0.74292341509497 0.433329329174026 0.247594138471962 -1.28877542968638 -0.422909472982559
-1 2.04480043248356 -1.15694138440192 2.69211698855907 0.320843941434219 1.94306268056589
1 -1.98649915796537 -0.261071610726104 -1.26669917960606 -0.318149816495727 0.153862350257209
-1 2.18107204288189 0.527067339898106 0.974094371008042 2.61053565230115 1.99521242520803
1 0.289867017702792 -0.869685134389133 -1.86231457483900 1.01253049753731 -0.910383884166258
1 0.128160706444513 0.459193618363589 -2.22314851902865 0.719458697668591 1.65987490821556
-1 -1.24836778746981 2.7495147301859 0.0409813489139108 1.63703973019793 0.751499429441748
-1 1.33469997794322 -0.747530104001646 0.66435397178801 0.781459760919562 2.72937530732619
1 -1.24454540349810 -1.11882959476765 -0.0272703235558205 2.42511611701726 1.12191277747025
1 0.911670088552371 0.82849371466311 0.445562313469005 -1.7448230475411 0.722380823532197
-1 1.2701938804397 2.45970083622453 -0.411615708081149 1.06688537603136 -1.41481097709418
1 -1.48505282529503 -1.89629762338925 0.152667293042237 0.403629472148094 -0.354448039929672
1 1.39757662309433 0.141626454760182 1.07716186588753 0.833631247687558 -1.18238383357785
1 0.0288284267368862 0.505812777825015 0.204583906929202 0.735879531500155 -0.277999179686831
-1 -0.326571793648198 1.93992784625546 0.177208362893270 1.46892219020840 0.320996628670004
-1 0.157101596200561 1.12762778040729 -0.2815040958977 0.393844133880898 -1.80281288222682
-1 -0.337755745980807 0.338906831493707 0.463070488830573 1.34290187119330 1.4400694376682
-1 0.988719875902436 1.15622988383327 -1.06629679036881 -0.406181992184399 0.888043256855833
1 -0.406818742226123 0.833930625224959 0.76565305944485 1.64056641993258 -0.186269430733691
1 -0.703758371580923 -0.0198899823402749 -0.148959109778257 0.501347252449353 -0.431396719613206
-1 -0.135996243548231 0.814178219605885 1.75357331106456 1.60581946255683 -0.84375128697825
-1 -0.6976190406151 2.82640229074032 1.88785706465486 0.875322133930237 3.25162092997013
