100
10
-1 0.874227331704235 0.890049208069988 1.89785214078123 0.558093812466782 -0.285188937137986 0.244397106557468 -0.131895849422204 1.64598175983846 -0.45932292546517 2.16553565986572
1 -0.540395296878103 0.545396280231612 0.330054388676701 -0.81907506278447 -0.370667576613019 0.307235571903493 0.128979243203321 -0.728569549166831 -0.386597229994634 -1.12060872686816
-1 1.92793573282342 -0.147626742213988 0.665769402833601 1.11901114306989 3.41100380110366 0.932183432961174 1.65933021332138 -0.342038650020680 0.682535435332753 0.490270064697527
-1 -0.969908737693247 2.04481537768143 1.27160687421824 -0.0347558985714636 0.330043541040300 -0.704350277970426 1.24669798377136 -0.355175844134537 -0.175902417956558 0.169817576343939
-1 0.50162901908385 0.117625540954157 -0.501599086922986 0.438323419095757 1.08278039127337 1.67358323609996 1.05277445558194 1.35482548422823 -0.0327352723801314 0.184081935794905
-1 0.130029553628528 1.76320420808178 1.84506191114227 -1.54674185734135 0.259717637672125 0.132318850702172 1.11229386224759 1.12204992081102 -1.92363731231155 -0.315236666530492
-1 1.36059254641540 2.6369769859757 -0.584531931894741 0.699868083160647 0.0852261990905918 0.99400436472483 1.93091829512806 -0.878797675452683 -0.0905717686093137 0.94753079072003
-1 -0.3172527509211 -0.49631271578417 -0.428413347025708 2.02774364048143 0.852874256155141 0.820083336602477 1.82697482311949 -0.337091307343053 -0.273975309370721 3.74857843178692
-1 0.159590032388137 -0.73930404511939 0.2204686304138 -0.327665359231421 -0.455884623504629 1.82806222422323 1.55935631546860 1.48532552841328 -0.0713068545424516 -0.806596115664813
1 1.01568513386706 -1.35938156770714 0.764317458035062 2.60573632129385 0.648147627579267 1.18680965847395 -0.645349221554439 -0.399347461540753 -0.225185686645826 0.260652799179301
-1 0.917421851780103 1.17285799689494 -0.306722060297129 2.19054435883387 1.36711597828131 -0.143024616277794 1.10177841572754 3.18514396662765 -1.60616567653697 1.16869779262773
1 1.10366363800101 -1.85802594545517 1.94072635660023 -1.29940195363846 0.594481213366275 -0.305908537435543 0.199308438973049 0.0416131277520738 -1.60670278755096 1.01505743950965
-1 2.27552972495726 -0.437566651024878 1.58239093826572 0.432929268754539 0.0730749069039077 1.87180046550902 -0.311126414665369 -0.256840342262627 2.21660229168124 1.80780728128429
1 -0.86035453939886 -0.59178060482382 0.12038542108798 0.334835729376002 1.27939807334553 0.0116411100761228 -0.899643162172654 -0.433002656145262 -0.829923108843906 -1.17147413432981
-1 1.42630213233434 0.205275712171238 0.216743243254447 0.835599068116563 1.48231201144227 0.426193561020486 0.624293472380764 1.83797506108495 1.54878096527705 0.089189704480275
1 0.159502445912868 0.0393524782337585 -1.84654399097277 0.995132498468422 -0.208581686263725 0.84335418996286 1.02849880966848 -0.596494987014081 0.342039934536804 0.184203185997876
-1 0.885343119430203 2.21387804843737 0.645483911572965 -2.54173360105759 -1.13017401669183 1.52685993959349 -0.726343242563818 0.384333749693811 0.328198379292774 1.07935262644575
-1 0.64718419726937 0.497074479664026 1.12621919874128 1.83084482460442 0.46960772367636 0.0440447222667661 0.628859186957805 -1.81703415568989 0.220605341075712 -0.349944786109500
1 -2.16936382058806 -2.43450352318208 -0.642727842030258 0.55905683801858 -1.20745417347272 0.028406724049728 0.748107591629378 1.44919094234485 -0.0246491053452413 0.512934215425595
-1 -0.651720598079037 0.851526528290067 1.00198275227718 0.260149496817197 -1.39085083791832 -0.293096181985759 0.677863703191453 -0.161961127408559 -0.0293631348706647 2.39754713801932
1 -0.673805998484824 -1.00664356204389 -0.857656691886108 -0.382666241131684 0.696811521745487 -0.409981761519795 0.279596063829532 1.04303413444754 0.411833168113406 2.18097240397205
1 0.565394761030989 -0.181227141731158 1.27757551541804 0.550875751530935 0.359702359355883 0.106916180779444 -0.261626305713413 -1.46453081872166 -0.890343076939075 0.117334775402990
1 0.376945807751680 1.36791165480575 1.98843091907097 -0.130345587493828 1.73458330902847 -0.186944970777165 3.13426947793602 0.368655545940369 -0.058303372555098 -1.52630464246445
-1 0.0751123215939395 1.19856627088533 -1.46972581084436 1.05217277105095 2.04489586602851 0.536678401624269 -1.20118114364877 -0.791564150255367 1.57844264663953 -1.65413144911142
1 1.13887515813326 0.458407806348791 0.769138714781453 -0.0237732763209278 -0.54710613245216 1.26059479833265 -0.448914323979617 -1.24804486377072 -1.20223358881812 0.752698970180135
-1 0.253187090841509 1.04723940450966 0.6825126739386 1.15176508178258 0.997009452097007 1.23026509670530 0.874569164061576 -0.0227124635639204 -0.0767659032571146 1.30821142229998
-1 -1.36875116428566 1.03669911531094 1.40811308692296 0.420263515698296 0.146994326198620 0.840068828214053 1.72880368375670 1.09933958202062 -0.248261260192397 -0.185376786061379
-1 -1.27961827076599 1.27161784387142 0.471328970350485 -0.86727514513104 0.629101656273355 2.00883392010085 0.77084044096199 -0.817702401743638 0.610096134905322 0.855135155102831
-1 1.96894012094665 4.30353044060031 1.42038440558692 0.705511591493408 0.780166731133656 -0.805490890236843 0.813142997834013 2.60484141744647 -0.380929984668030 1.51699261210118
-1 0.819883564283399 -0.565989561969603 2.13010171605518 2.67088098725910 0.649642955232298 1.55736629151269 1.65053347273371 1.81723495671842 1.56738238575885 0.182031708086003
1 0.227128128709049 -0.26795306705594 -0.641720236057762 -0.163517084215599 0.901596892238905 0.713495146092689 0.106609977106158 -2.04255447364254 -1.19602372957560 1.67714813338245
1 -0.00476511669020675 0.256534250099461 0.414126226405949 -0.8715884563986 0.393365972504241 3.09028242560091 1.16263570458522 -0.0797950438156971 0.808581246712786 -1.00605986313183
1 -1.27993892228943 0.568485703607032 0.999262734757226 -1.09736681774423 0.806331470541855 -0.399080496963587 -0.948359966974607 1.86734142210669 0.0189541542588549 1.23811293730960
-1 0.744240840286866 -1.32764815562116 0.805808739374327 -0.0858713030012906 -0.188183625230247 0.575417809927799 1.34612439023121 1.52239015403280 1.05803550867581 1.79157282280494
1 -1.33342344427335 -0.860680769882184 0.773195862033039 0.548071031439053 0.815021350203099 0.56213086342743 0.831403223840428 0.263180216883037 0.275198671441513 1.78526400837984
-1 1.98961768837265 -1.22151991754034 0.815654098016165 -0.841772004116408 0.133153317655483 0.924458941840733 -0.192230377104999 0.677861544311866 0.74192470950266 2.03047743640643
1 1.39662599192408 1.65535233448849 0.79015220905402 -0.487259557236374 -0.359015190787598 2.13884662387501 0.343630207029869 1.52955068955833 -2.32529855094464 -0.910756726839886
1 1.20051237818728 0.351308933943642 0.774624797671276 -0.444836075389062 -0.701171579814137 -0.104853674579966 -0.505747223879701 -0.585523225741758 0.733487846077827 1.21882540342285
-1 -0.523069179444343 1.51466876202106 1.14044150149010 0.201213867760656 0.546497638290826 1.94743304707415 0.527767669933108 -1.12886936719258 0.0645849623194124 1.67836285318828
-1 0.168617940294266 -0.143590365959021 3.04458164037467 -0.324290169577671 0.703455122292099 0.0836235406046233 2.99256196296667 1.70645776202367 0.740784088250844 -0.602600833281059
-1 -0.335932811820146 2.26368802284063 -0.285067917646722 1.10468589284953 1.55471788756918 1.56458034025281 1.28775368708562 0.637726517317395 1.72229675855458 2.16435883950838
-1 0.128775538318237 -0.339769811461385 0.124662003585078 -0.75417047679125 0.0983178983886074 0.69835931913815 1.57100217613432 1.00686436759844 0.335342952102136 -0.309492446159961
1 -0.144786342882378 -0.622613817909615 -1.36964650076789 0.29547836538127 -1.24728762423429 -1.11905516362960 -0.730898429851001 -0.545793196699611 0.381728379055617 0.202059046345996
1 1.63905152040878 -0.694400162172807 1.02286290650762 -1.32830000753877 0.580980982997705 -0.79151384863928 1.20979416381099 0.993846909312666 1.34824924250105 -1.29890845298966
1 -2.32733830993769 -0.0778866756259552 -0.713412310791481 -0.470531120453265 -0.525469079816352 -0.088531348994421 0.498644000477183 -0.45969073021164 0.669006492842376 -1.33754013889558
-1 1.72519918495472 0.00675784456592465 1.96278267626759 0.58198706811753 1.57771642229411 0.622135435062706 0.474247251241528 1.4751489390452 0.157103170800985 -0.578046620791711
-1 2.86825643207716 0.654447553670523 0.496878663452973 1.11674092085794 0.306083206075632 1.89900342070637 0.624751809253163 2.58519372046646 -1.29048282244462 1.73168778593396
1 -0.686224494716676 -0.68649267161697 -0.965117638770913 1.05996798975722 -0.451204161465631 2.09766351293614 0.0652574089402203 -1.20409242858951 -0.365739217578042 -1.69735286433794
-1 1.27527016208559 -0.652831133587832 0.314665031166224 0.712852538574799 -1.10780739265945 1.39836944229880 0.73720082125791 0.876940079563951 0.91427471219023 2.05989057836523
-1 1.21523981769993 -0.551806900970072 -0.182451931523481 -0.286977495090635 1.04822695549634 0.71640487978358 0.897153574941262 1.67365041950035 -1.41159500630927 0.495603230097084
1 -0.337540745626163 0.0320628423623113 1.85709845283368 -0.872287066400103 1.13042337096923 -0.251259331784979 -0.950073748019593 0.173470277680062 -1.93161181610040 2.00139405043889
1 0.426862075007508 0.872721401805905 -0.224274362991833 -0.114730742467032 1.8277068593509 -1.48334100573347 0.469803060270906 0.53945961199402 0.147844889861301 -2.1319247471274
1 1.12691365886564 0.590721139590754 -0.143064786314156 1.12351379548258 1.14500849180735 0.662317146976265 0.855725239294984 -1.72011159005169 -0.678157813533311 -0.983929671724082
-1 0.234538265703557 0.818488199082709 0.297870744909432 1.67534592291652 0.905552603538238 -0.754865672111358 -0.0216830555423307 2.19141569865822 0.456247982651766 0.230578631595052
1 -0.658174592218233 -1.03823191871787 -1.17810589573161 0.678430483626485 -0.645369948487352 -0.988878729313142 1.63143292217821 -0.140350183098859 0.82725008756602 1.20097373859064
-1 1.76156289126210 2.08431568062971 0.638661046413961 0.264594935728468 1.02587321266514 1.09965149879988 2.10203637665083 0.180175355994478 -1.76588618312070 1.18309634675985
-1 1.40572955435574 0.240248321059614 1.35847961666505 1.09618853207245 -0.0325014961743800 1.27729538707493 0.221413762080163 0.328864561973993 1.75387768667078 -0.642999269448735
-1 1.01574220791760 0.481663746288704 -0.20997362192009 0.497789051299113 1.19906754071249 -0.7155689765843 0.254653693054233 -0.577799329331161 0.847213658097289 0.95286539135995
1 -1.26382280084119 -1.63154097100080 -0.937462475014536 1.31918710937866 -1.79002125197736 1.29426118882918 1.02284898650905 0.0336629509596709 -0.223438235131384 -0.348088677330476
1 0.378407959306639 1.12567028057539 0.0301218109032646 0.154620462193794 -0.387698220880794 0.619128160430765 0.123177756144262 0.315685850974063 0.409827935263036 -0.497617710301636
-1 0.353019082116475 -0.490556143796293 1.90025747572432 -1.60577496448674 1.60073330944863 2.10380277234394 1.81111339427131 1.77028963868609 1.60422559708256 1.16691259566152
1 2.26668038484911 0.996034344680288 0.458912194572557 1.16085319741584 0.89602372546065 1.19930477930427 0.858170610188586 -1.01555283154466 -0.0966359806221639 -0.460145887222942
1 -0.342777164254795 0.702457977025093 -0.455912400403213 0.627079609561474 1.47728968645285 0.839396385983792 0.393559553411657 1.81631045329402 0.0264572577954662 -0.127556246502710
1 0.968709474131538 -0.147793961291877 1.19944242135743 -0.68193485637709 0.156293079787900 1.09323290602163 2.00181123607856 1.4118587264157 0.34248571299123 0.35444741910362
1 -0.477259996350504 -1.76117942423452 -0.674623402622951 -1.28858065605604 0.421440145917755 -0.0193141724858989 -1.95298870930272 -2.76994641897935 -1.06589402501118 1.45256429705413
1 -0.969262120021573 -0.0059494046802609 -0.187213908339431 1.08341848766957 -0.899258240280036 0.0991527909441624 2.47256745013013 -0.304975213120923 -1.45004275120425 0.332253912457075
1 0.545586406577793 1.09953431105928 -0.878224991551775 0.0240161679508386 -1.48782195296374 0.462430503912082 0.454923342123424 -0.211450581300084 0.752998272615865 -0.118351875863656
-1 0.557124663191453 0.797026063244344 1.60611095362134 0.70940122018796 1.13198506778480 -0.232591891832254 -1.21836333413581 -1.57911832249596 -0.217679388527668 0.376110126906921
1 -1.47391483204495 -1.72013918439205 0.127227412766682 -1.01019204852409 -0.174401685718173 2.17361033970827 0.75546506442589 -0.697914267528766 -0.0233054136174570 -2.26761396992849
1 -0.384574222950331 -1.01799968995415 0.141517439674355 1.52864381992875 -0.173145148136279 0.678338087742114 1.33675187796858 -0.901528143515453 0.634139355798802 0.105330860705305
1 -1.09691352184455 -0.730596214516011 1.89269466392877 0.367583526318798 -0.0965443504396624 -0.634314600483782 -1.91703310591277 -0.136610631001502 0.931994315462163 -2.00335633641210
-1 0.617244662309655 -1.06644303022138 0.729526984865894 0.724214046439598 -0.739872503553854 0.672189810555808 2.98701656059376 0.774098578994424 0.292410059180894 -0.132889520002415
-1 1.01420148784821 -0.285559045960131 0.97491314667022 -0.512882247224424 -1.28415693607890 1.94638913280613 -1.11501991272484 0.0768969339721971 -0.401361906315905 1.95819616126486
-1 1.69864093142644 2.29684672493852 1.26726644756599 -0.84372312766035 -0.343261726722169 0.0219816980180326 0.268484292425146 1.31951333039418 -1.1492088443247 2.04691850808651
1 -1.02622494013229 0.588952120215120 -0.191966337515111 -0.292869719990175 0.0967228339483553 -0.525379441543829 -0.477849744362469 -0.605862761033307 0.394267285633372 -0.130783623706274
-1 1.24043590585449 -0.981213887049466 1.04551343114544 1.92483804331126 0.28072463840304 0.518001220756593 0.325664451717554 0.866695845431392 2.27046256558361 0.789680032292596
1 -0.663933440356791 0.0295593692327346 0.206640335736469 1.18159586793528 0.828327660720175 0.566902835677466 -0.635156082888429 -1.46489029712944 0.314120575860887 -0.661610940719926
1 -0.334883971163203 -1.41824712153369 0.171383428658326 -1.76524791962331 0.128905788081452 0.409480252460595 -0.75803852273511 0.72943832001068 -0.528804329035916 1.89265957587901
1 -0.717080556782507 0.48012017576668 -0.0142560632243236 -0.461897375443403 2.50106906758408 1.07585074924858 -0.289314470392496 0.644932256708021 1.03651367239970 -1.52189943227594
-1 0.159773146567667 0.397041792036555 0.303820214258997 0.0789587833523863 0.582919787810016 1.69955193765327 0.945268634279625 1.55895503253521 0.940648408612626 0.494356349969965
1 0.0954833850978175 -0.252548568514895 1.02291868880058 2.62517495946588 -0.617689818091268 2.36412081417672 -1.15004965485397 1.06630526082434 -0.623812164677564 1.19855702862577
-1 0.169370049335558 0.594523172987426 2.81137225221189 0.535577860060754 1.45496106397959 -0.704503984279882 -0.170426080386931 0.365073618761407 1.49385461900008 0.775826200424243
-1 -0.00764653720421382 2.24471344402959 0.846321971342357 1.42555727800414 -1.32662170537711 1.36676751261157 -0.463928869335002 0.725690295930274 1.74964165130218 1.36361532671638
1 -0.843361315923642 -0.599004133827346 -0.358021051886684 1.00358798783486 0.0757456714642881 -1.28179507213966 1.05065992648697 -0.355464249097657 0.383161293274325 0.273269559870847
1 -1.22638691180372 0.0986615483401826 -0.306714565745306 -0.0292860907573653 -1.27688708674849 0.827110990331146 -1.44043911285003 0.464428190662316 1.59520850162258 0.7703756650719
1 -1.57372547772016 0.397226505588507 -0.837719507274528 1.84978847394597 -0.735378867887877 0.888599521914397 1.75337137132729 -1.3893463293768 0.0336230514751155 -0.504653391109198
1 -1.06744364133911 -0.791260072457615 -1.36227828243098 1.06252854288465 -0.00856158921320278 0.513360980655721 0.668820374563339 -0.841980750984624 -0.267645552405431 1.201878701919
1 -0.0485065405015214 -0.255575442180532 1.53657232728602 -1.87886160891755 -0.984192531518576 0.461966166424553 2.62553272081711 1.27503732347042 0.67346305876622 1.37501608751374
-1 1.26675506199407 1.27476282091276 2.05882548833285 0.571542981891491 1.40474847553917 0.259714997632804 -0.143879176755602 0.0204617630727314 2.09853623778927 -0.516714974226162
-1 -0.139455965252318 1.17296397655399 0.445105364211275 0.852394894906781 1.71008830654991 -0.724844550738083 1.24475867962474 2.15398248213296 -0.336660357921504 0.288630808558966
1 -3.32710063896012 -13.4260999453984 -20.9971814811980 -28.452437796912 7.03673617751498 -7.31262384114627 -9.7205810580912 5.19842721421139 14.0227955491901 6.60141526973309
1 -4.99202460697197 -10.7123103663895 3.63748423823056 0.0964639101432082 -3.01012721655549 1.18959453522793 7.90298472272294 -7.13349919570715 -9.65049375497774 5.58710296487049
1 -20.7564482650148 4.38239806088051 -16.6694799855038 -5.77248901031692 0.768128354765566 -5.02960754800267 -2.10948392324078 5.04392710696941 0.637448367939072 -1.16354756134572
1 -6.12299019398696 -0.644149208485949 -2.76529174164093 7.46140570875576 -6.35811079414995 5.95798099432993 -5.64824944924648 5.75373708842258 4.84718380347695 12.0085521134383
1 0.497120258833282 6.82180118238997 0.917898947512751 18.7700374930577 16.7131609819240 -7.65319295348903 2.07063750105995 6.04812764482063 -1.18216161276879 5.24326200376089
-1 13.0463132492049 1.31328751767099 -9.68040149521533 -11.8865564450087 1.63187462323850 2.0647147568325 2.94991080102773 -17.7139053810218 -2.63410263759407 1.19953412805479
-1 1.79097441225334 0.651838149418313 6.93796827784486 9.30446330779016 8.45660016561282 1.03799771536910 -5.15460698819952 4.38126979557997 -2.82174297781280 1.14030354015030
-1 -3.32072123488909 8.87830743634095 4.99560217598422 -16.9051833170046 12.8686873661192 -10.6782923256854 9.2350526747994 15.4560977642491 1.89759038508424 -0.0429919974119071
-1 10.3707563520062 -6.40679139793616 0.159151453692972 -13.0443065373242 -4.07652559311338 -5.44558087332573 -3.41251043936355 -3.2808986490928 17.4681637019862 2.04615287525448
-1 15.2754085365279 0.248659833318101 6.66265731372719 13.3216706954975 6.12903568365171 3.26497608158957 1.06974352485211 0.206636009757012 23.782174050230 6.1598847960818
