100
2
-1 0.646138424189645 1.36596436753262
1 0.58451840023079 -0.137308951204366
1 -0.792676533633678 1.02674618692494
-1 2.70659681092227 0.432174441510265
-1 -0.512284218362019 1.98914911806492
1 -0.179837028754997 -0.454483980800273
-1 2.65337032886857 1.73645713350276
1 0.349594325690916 -0.057214725011913
1 0.497144562297657 0.403030067197022
-1 2.43982648454828 2.52641210681618
1 -1.21075666013895 -0.725205365155412
1 0.539754827950724 -0.215794534257072
1 -0.590626469148375 0.520451563846128
1 -0.96196903315571 1.60257060844644
1 -0.604752611651921 -1.64435605407553
-1 0.382047655677964 1.59718825992028
-1 1.8005456578988 3.32814422635867
1 0.261685213422716 0.236517792699700
-1 0.661340713675852 1.55114964595347
-1 0.338562136960247 2.04857869394690
-1 1.99997141373335 0.858586443169392
-1 1.72762737093667 2.1340193195848
-1 2.88116515572038 2.38391613300106
1 1.40130787130384 -0.726220227462747
1 -1.39573579574686 1.70156675710885
-1 2.609969048065 -0.07621748637364
-1 0.283148492894757 3.01165827490026
-1 1.89976405688704 1.41649160855583
1 -0.142371424509350 -0.088615788507222
1 0.483981553108679 -0.372782832390202
-1 0.80869390431142 0.314114517260131
1 -0.366009288862693 -1.33721352651664
1 0.727380177711842 -0.335228653355005
1 -0.255177242417291 2.56508419251865
1 -0.291584670220234 -0.491820353084504
1 -1.2159804505757 -2.19609692039692
-1 1.32463365266037 1.98785405460447
1 -1.23362833674906 0.556485936028147
-1 1.51242036758691 0.707548721702982
1 -0.13275721790806 0.158473762763890
-1 0.787199989513006 1.80597040857106
1 -0.891671477974355 -0.456867470661745
1 -0.242847458299051 0.0468080801463937
1 -0.770615813374073 0.448851603578459
1 1.36787531525619 -0.102591281733560
-1 0.793210440101768 0.828879578078246
1 0.216092927246038 0.276781362166829
1 -0.527047365433753 0.564319129388704
-1 2.42331468265251 1.39240992093149
1 0.613738007452478 1.89563512656874
1 0.0951637549459165 1.93585935031158
1 -0.802112018111918 -0.125699985895772
-1 0.778287875537961 1.89204802658481
-1 2.02851268960792 0.790236985657974
-1 1.23250710320999 1.72046398447107
1 0.686218114478645 -1.02731022524308
1 -1.25693229288662 0.533122167905022
-1 1.14522344261743 2.13508740474295
1 -0.529723749373092 0.0458359554051439
1 0.249379671589672 -0.74507962041336
1 -1.83092995726105 -1.65946129010357
-1 2.18249755771834 0.765678432046911
-1 2.2200408807751 1.42366079698279
-1 0.470895880700478 0.701723161835798
-1 -0.173896799364539 1.04942743166683
1 -1.94117987149782 -0.809046678166232
-1 2.36811316810017 2.58767658312395
-1 1.54356178496556 1.06508621683245
-1 1.04108067363763 0.138646223515851
1 0.361577935414454 1.36713691762209
-1 1.66182493208889 3.42359320122413
1 0.507459076943922 -0.74886930586102
1 0.969470974970285 1.59534836299293
-1 -0.410140034592224 -1.58913966164879
1 0.0827046674897292 -1.18130817769904
1 1.01834704536918 0.196559374262194
1 -0.335765007766984 1.44180276511635
1 -1.20784924592961 1.14267883421889
-1 -0.457178390408235 1.0672081476734
-1 2.14760891673677 0.980519870813677
-1 1.10522182999878 0.980562939796639
1 -0.0191655668459813 -0.864082952984054
-1 0.974078898601691 2.24808283559848
1 1.13941988189828 0.154384608860227
-1 -0.689863362260602 1.53573648939720
-1 1.88136521736171 -2.54385309662409
1 0.275473970140797 1.37677677634619
-1 2.41318003874952 2.62437886346749
1 0.901595419426555 -1.93477666932415
1 0.0989454989260728 1.37807803947837
1 12.1689058500635 -6.93867638323435
1 10.5309913818137 4.88375397255976
1 10.0935583399809 9.6347795939369
1 -12.5794949708482 6.70900101088774
1 -2.30368304335349 -1.66929167858404
-1 6.2735393185445 6.09735374709921
-1 6.21236237174389 -9.93233158700087
-1 -8.19124231170887 -3.7165017021173
-1 12.9566183537517 12.7519714394183
-1 13.8812683908610 -3.06049928356221
