100
5
1 -0.257802259970592 -0.553993921596047 0.230795310808768 -0.797586340267608 1.20481574174595
1 -0.637264978653367 -0.0571635336123296 -1.22215913773054 -0.681225311790125 0.489518737670635
1 -0.929401384732784 -0.560756487505251 1.17535950628680 0.567837939849271 0.291479226971219
-1 -0.146009405108753 0.613196470638226 -0.742090794503214 0.135413163289530 -0.464231138436551
1 1.40753382458234 -0.653820376846783 0.144713956906240 -1.09700443623298 1.29658923334206
1 1.32328664762204 0.181773094866381 0.593724624279888 -1.07267331540543 -2.18908770953427
-1 0.940459063272922 -0.238611397186423 2.79393007494158 2.36481725899285 -0.573234716072239
-1 2.17468218469888 0.891639363274064 1.19661992312246 2.04553861901561 0.488347131927992
-1 2.14830174389933 1.33483235580130 -0.953071886195225 -0.425947685565094 0.501826527480913
1 0.449221611468 -1.22352701571187 0.819221564351034 -1.35204536988785 -0.0145470414809371
-1 2.00273213375846 1.64712294075439 0.812253319176619 -0.0738104312738976 2.47413218452142
-1 -0.327900828563755 -1.91372414530483 1.47956320793084 1.20632181388219 2.26697822436977
-1 0.426882948131821 1.12473347561574 2.62029923586985 2.18002503008588 -0.0576987312224702
1 0.343054935032712 2.14748705261006 -0.74461430570844 -0.0680957141593796 -0.435490702056345
-1 0.667690238550385 1.76436312114269 1.44794153840530 0.921435096501905 -0.666770757337271
1 -1.75809616693626 0.416193129194179 -0.145531614611026 0.417450086709257 -0.192246759197513
-1 2.56928451308311 -0.569576532950442 0.220933266455466 0.66883607728248 0.108578165859243
1 0.166569467204044 1.55049432008473 -0.455793432179164 -0.398537931439201 1.57606979098108
-1 0.464849063369672 1.26964264113434 1.98796635253214 0.0319622628507292 1.24505076439311
1 0.987989970804627 0.821622173904124 0.0315931175364039 -0.192967392290163 -1.28453058535086
1 -1.77346622831745 1.43666048666288 0.339431177987330 0.991214288282216 0.654715913334713
1 0.212535301952407 -1.33570579783273 1.16466637398186 1.31163800217480 0.254914490795037
-1 0.530234705050822 1.58465826867363 1.29490235546657 3.20715735180926 2.47001363639489
1 -0.245434824379699 0.279108013964326 -1.25586125312229 1.94145051152354 -0.884266786218825
-1 0.632126441057394 0.186679581629128 2.32550151456122 0.73246133746066 2.46694452268707
-1 1.38450130103087 2.28936559730576 -0.193852746742327 1.75983022117412 0.890803063057707
1 -1.48340121232016 -1.52063216405633 -0.397047927394169 0.442088632246793 0.124100217024245
1 1.03878671225749 -1.05358388840121 -0.181134246649252 -1.02625184034718 0.294792071338990
-1 1.54374368726025 0.798311361224351 0.8283195285919 0.879418801815088 0.96360453446958
-1 2.59902619540972 1.39043563307474 -0.337247319166703 1.60397602100257 0.6561635414864
1 -0.616225276015973 1.40092660259286 -0.525619099601964 -1.15880707321914 1.41072225883422
-1 0.317445575586944 -0.0319112451169414 -2.18507305380933 1.58358881455916 1.37580532705782
-1 1.24317641516026 0.407239212796503 -0.480718983275484 1.44809541879352 0.7200031417494
1 0.750711682615024 0.0673208269300546 0.869230585367264 0.408263499183220 0.145047342293482
1 0.0801930509728569 1.10689044285454 -0.0473086848853631 0.736431267402408 0.918890016312297
1 -0.197288260143523 -1.35704170837194 -0.3011114630552 1.32712393196401 0.573674751408185
-1 -0.891144966780689 0.575814904700923 1.47497363853223 1.58657346248778 -0.981167315804445
-1 1.98526906577473 1.86398546425536 1.29345918294547 0.926285732018705 0.0347299249406379
1 -0.617735444128881 -1.04495208517972 0.154937688912309 -0.333562486069387 -0.0987475296808255
1 -0.86283127526724 0.72422239659114 -1.70774623279829 0.291197774194691 0.870714234431
1 1.43236970474450 0.388351769429222 -0.432155604251050 -0.344973687952523 0.394615499003939
1 0.0439921489521850 -0.928614407421509 -0.43073272841191 -0.514295266938662 0.0723747505615637
-1 0.64385836540883 1.25295362239562 0.0962018459603744 0.667580890058273 0.376082945831823
-1 2.70318910878135 0.547898405181117 0.337531088865455 1.42741135516288 2.05165293052603
-1 2.04220168069665 0.917876171021446 1.07114650710420 2.64174684552172 1.18976571500039
1 -0.771594122979623 0.516235522303742 -0.95583034395205 1.26232480016012 -0.134022560155783
-1 0.47226080581818 0.606726952677078 0.445548563828491 1.12305093481423 1.54105044378271
1 -1.44509211636621 0.0644026699444833 1.08955757762213 1.14243432192215 -0.338728159414883
-1 2.19448850335064 1.00940766983299 0.890219374332179 1.52255861620622 0.956080445985976
-1 3.05173364617416 2.3020201791506 1.75726184704096 1.14728308387937 1.82202686399325
-1 -0.679878052687541 -0.479208200903853 1.19686876903495 0.565214215628277 -0.135573767439944
-1 -0.580288845811806 2.85384544173381 0.923872514236356 0.110785741791897 1.34753537348478
1 0.133826902002804 -0.470087211131021 0.348865728313025 0.0187433764243345 0.0817256090718436
1 1.34719608643427 -0.656443170494746 0.939571640400434 0.65736485062469 -0.502164059693015
-1 0.494554929962288 1.13579912255359 0.104282883758823 0.142252938609584 -0.66694848695957
1 -0.297876993499004 -0.250356819393813 -0.359178589972471 -0.0307685826656231 0.424438233249192
1 -1.67168821677089 -1.06553496741542 -1.96385660098984 -1.43896451635091 -1.64233624522467
1 1.63859889094489 0.96705431529069 1.97389163583291 0.512164976390085 -2.45762634917896
-1 0.726085181046613 1.47170469657875 0.270434780613927 -0.347187045045026 0.848031868148271
-1 2.24408684305142 0.388654245622695 0.137420278705536 1.37323890053927 2.32593928531321
-1 1.45200095113043 0.956950193205806 1.77586043201636 1.52326663107318 -1.17991707755507
1 -0.7098901071681 -2.17919506869923 0.417878703474062 1.08623088475192 -0.007013269129358
-1 1.08282395915597 -0.0253340651594798 -0.190813526754079 1.20760197202138 0.455838216358474
1 -0.399760851714416 -0.902892458092096 0.326176445806645 0.603483094763646 0.501131785960449
1 -0.939832242673455 -0.376395047865737 -0.634277960627492 -0.315374180472024 -0.231571663829538
1 0.508171584987671 -0.143040616548166 -0.286023491858338 2.44414849530225 1.33238058070851
-1 2.13230373738652 1.09588415397772 0.77504686031004 0.308948072898072 0.885907397108002
-1 1.30581488717198 2.89082565980111 1.79887496823773 0.616796921260214 2.66850767929463
1 -0.678662932754772 -1.08984087569513 0.157443415621406 1.77752872865612 0.412319313823725
1 0.269015951972137 -0.88117552931751 -0.270552318814079 -0.416541491268097 1.48397496971522
-1 0.853696487993237 0.521674211301138 0.959120340396277 2.80139573203039 1.43287599174722
-1 -0.515561000305939 0.111654910251009 1.51139991687964 2.26551514529829 -0.051932813798993
1 -0.29539424376512 0.473751738843253 0.667729456238467 -0.228375859552841 -0.273765473063184
1 2.11671147777445 -0.700137814614208 -0.925470151383859 -1.71964261871313 -0.465902826073282
-1 0.522633188509345 1.19371357011824 1.48439351160135 1.24511147020273 1.22953003723756
1 0.245664091759137 1.05518617916883 -0.394878417028913 -0.936762184582847 -1.35732870113648
1 0.396179994174158 -0.53975204158357 0.565376262739967 0.344647186987093 -0.314421135363102
1 -1.83078668578266 -0.251897357470189 -1.54288776640190 0.827807654326943 1.21009417343798
1 -0.641902007938288 0.0323868149833833 -1.41758666125104 -0.69230253014832 0.450971774130242
1 0.295094873794878 -0.096932137937042 -0.380014073031956 -0.113014968159978 -2.00268289338324
-1 0.499579173703305 1.26259795877136 0.369896844708994 0.806677864126439 2.51668323093751
-1 0.0828287122250592 0.0307167402794806 2.61258849679527 -0.701710548132743 0.709386519869104
-1 0.23784936895483 1.18074747982478 1.14705957557095 1.57596962851909 2.74253670263817
-1 0.275882802382322 1.32867525449638 1.86525825154687 0.67108157655537 -1.91151288759311
-1 0.157165093175044 -0.153569687200915 2.33439070902074 0.854611797147787 0.285205783968414
-1 0.395210281852426 1.53504817794801 0.362870649970544 1.18165005394840 1.29933705343393
-1 -0.133492581684014 -0.451010405419753 2.58700318110315 -0.288208646825245 0.96435437946229
-1 0.810757506291796 1.90380902320549 -0.490388648727423 0.344749066117149 0.0756327282296971
1 0.0417778530511477 0.295720667076110 -0.445052263303732 -0.292777818466414 0.577372054175882
-1 0.210922316683751 1.68998453584602 0.208915175777811 0.75248437492158 1.28080775867559
1 -24.9314817588949 5.14248472789854 -4.06846857765225 -0.794626185417012 3.41653006644833
1 6.90928477485026 -15.5599854042114 6.44523393642618 7.05064958493306 3.1063565303517
1 -5.7114127241721 12.4874197724067 5.55357754190546 8.18814161791764 0.108811466304998
1 4.50842740508002 -0.803353080489813 3.13553836605613 -0.116921243599334 6.02210047255342
1 16.2165869335598 -1.65220137343507 -10.2694837987054 10.9076842123394 -4.79567849739352
-1 0.82829680955679 7.13260558212045 11.6899396632142 0.515164849190807 3.28302395563555
-1 12.4849600230831 10.4341019692111 -18.8250258064949 -7.04858172890444 -5.95343401168545
-1 1.15463609408874 -0.205202640567527 -6.76328758589546 -1.66336817577415 9.19469534165296
-1 11.5816226364895 4.08625803017421 -9.48683405260326 -15.0784876231104 10.6612736923921
-1 8.39738323701596 -5.79311219528787 5.36164786884148 -1.48683208032145 4.7476145685758
