1 1.26648516673450 -0.597175950902921 -1.12857755743816 -0.912157873482658 -0.707369591684105 -1.08207742044337 2.20782244096732 -0.249245682306525 -0.455873244478169 -0.666493530887116
1 0.834891177531782 -1.49455015684220 -0.553558928387582 -0.756404811656314 0.544954392662086 -0.383913339841196 -0.0813378403300532 -1.64737611508231 2.33855474057113 -0.700375546966002
-1 0.901196496257382 0.100581798973166 -0.636394482821323 -2.22057095158631 -0.184979933945032 0.261531140245493 0.806603622170743 -0.254593789540397 0.296129760597996 -0.173314338209912
1 0.627761159018822 -0.737676503755854 -1.34049440388354 -1.21369941438683 0.638031173093303 0.990893901295304 -0.601323209179439 -0.243173361981350 -0.472971520530946 -0.796032761900804
-1 1.37841951297610 0.210453280119420 0.801366033055704 -0.39480616365185 0.690994637680764 0.475349804916634 1.09061612988884 -0.422981362378922 2.18066652578697 1.52861132727634
1 -0.454067675997269 -0.542701435298764 -1.78585424366211 -0.583027613176979 -1.56723969211343 -0.564480690109741 -0.708796948994871 -0.841846693123905 -0.241749661075553 -1.71874107790387
1 -1.05734659538543 1.01888029619492 0.502796063817202 1.19340968743843 0.421511425460022 0.688355287182637 2.05204930389419 -0.0367891069506864 -0.0761467125760678 -1.30701495647591
-1 -1.01166144934361 0.0704869498949694 0.717077800435024 -1.43012748401556 0.498404792053285 1.25055765356097 1.56438279227122 -0.376770135604342 0.607722257173442 3.2349760010768
-1 1.31910499625132 0.475606234475134 0.812107387516728 0.240526045938401 1.46044846961728 1.89210799441065 1.04402114104007 1.44324229362832 1.98750509326356 0.800794272695217
-1 0.454001994232083 -0.753778420210437 -0.951976221227845 0.681124510722695 0.583925400901513 0.480394865720340 0.329849350584382 -0.571114193048422 2.07749683800139 0.547909614326118
-1 0.776648578258564 0.532900855990487 2.62931743008183 -1.04882008418368 0.345459711166948 1.31658084036003 2.30537374619543 1.76166230562724 0.0505461842946712 0.550067192015666
-1 -0.0274330022320571 1.23166728325357 1.16203466023507 -0.139106340327051 -0.140666577110630 0.934327855799296 0.147324726755839 -1.12726550599806 0.535229194875218 1.88845884248195
1 -0.298695723461579 1.44499927037736 -0.625981931678822 -0.651935397898283 0.790372123774807 -0.416867981168133 1.64483744103294 -0.144027662369086 -0.183917017237302 2.28826610951327
-1 1.75790973026965 -1.44883362281455 1.18030995432544 0.974464711246866 2.80287367056851 2.84941341452893 0.912891608520992 0.675332476921887 1.22767067838745 0.751452032081527
1 0.101290289671169 -1.20814809067741 -0.523501807806432 0.289932941686108 1.16621878765752 1.44056189408727 0.781976052925337 1.5413756385869 0.0504902342048799 -1.49302383133849
1 0.240067362085587 1.89673224319321 -0.163821445647121 -0.0722309834545109 -1.14396568447844 -0.0675909734737958 -1.04313941675085 -0.719231909719465 0.795849768329698 1.78302343409072
1 -0.287746555352442 -1.40990512304837 1.41012051836910 -0.331444476083825 -1.27371584478978 -1.42677284438178 0.944129727261143 -0.932117991123328 0.31673859028117 -0.0134565155491592
-1 0.570135523835984 0.0114454758662488 0.468354653181425 2.75644630091839 1.32228684419895 0.726673494262243 1.4215407456414 0.288822561948298 1.46780977172555 2.39912399216869
1 0.0635523455195691 1.42903909134743 1.02673101591642 -1.68296020501493 0.811968409581337 1.34767041629323 0.296306753571306 1.02932408204412 0.090059813721626 1.20897104724062
-1 1.62569883167634 0.304352613754367 1.90951023723616 -1.71221133400975 1.23506268444667 -1.59987673630934 -0.69402946527349 0.754332117175187 -0.722812865153299 2.22285130180968
1 -2.10760810105446 -0.270761843933779 1.20136031765805 -0.580812274915781 -0.914508525848838 0.894241656283611 0.402066871895274 1.15828634764083 -1.63841830631259 0.419606848892883
1 0.145569167248720 0.780980627004107 -0.898322916479468 -1.04354119868060 -0.373731393772435 0.611583646297664 -0.209093027253513 -1.59638684704419 -1.75049487149521 -0.237890697933569
-1 -0.193261921862687 1.61771554559672 1.27122908422717 1.22314773576556 2.80420735019581 1.42843000873731 0.709823510764815 0.495353498020323 -0.547087865937331 0.159674867724659
-1 0.623319827435090 2.33583440779023 4.24099637543178 1.50658163871808 1.54557309174869 1.71660242832335 1.82960093407521 -2.34267622032015 1.70501656980910 1.3936233133324
-1 0.206406547768353 0.0869153510776653 1.42274397808344 -0.328802403665141 0.88862022550135 0.75767059046779 1.04645490001055 -0.442507621287986 0.474682410300725 0.949397154668657
1 -0.199493505511292 0.794781881260355 -1.59696470602769 -0.111602671372991 -1.29271288162464 -0.511948965506961 2.27356830024261 -0.0862987067432793 0.718700752215744 -0.752806352435023
-1 0.731514176937869 1.15798886584628 -0.835203667262045 0.206707250677109 0.459253129553745 1.48815248755641 -0.316736593477632 -0.109310436230094 0.285088789163826 0.582887913970139
1 1.68553025101166 -0.277586406386475 -1.15504961340130 -1.61319766844547 -1.49980828386247 0.0841514111730754 -0.0282167397822398 -1.22532416549929 1.20849516274757 0.714370265263722
1 0.610457786055317 0.660390384944929 0.234398463872374 -0.791977211737031 -1.24579223662127 -1.03723875370726 -0.185519843924066 0.0465910788918216 -1.00265834279426 -0.438903914056974
1 -1.16764375779104 -1.35683434079521 0.0794042851026881 -2.4006775353153 -0.276808359348591 0.405866233504087 -0.8780794549769 0.785717559598513 -1.32031619873607 -0.340900736571196
1 -0.0237736628227413 0.0298515648078418 -1.27982662646511 0.213527167681053 1.12745765686396 -1.73347753844635 -1.09620528503096 0.502162734475598 -1.01332348006396 -1.33248677433670
1 -1.62805261205598 1.35007666802157 0.59703227554505 -0.675659534522473 -0.103804368274771 0.163713012805480 0.781248569443722 -0.376310515754340 -0.972511023037338 -0.975623439572336
1 0.213743441282821 -1.46116291955408 -0.384394770515551 -1.68399761058940 1.25891554825502 -2.04344043692824 -0.605757980541794 -0.834853933853176 -0.436392801039283 0.9807609376257
-1 1.59236746709276 1.11672180060661 0.336737281762396 0.0656218614917594 1.53010830767863 -0.242561458776488 1.55168794264451 0.46455726416353 -1.17819291444255 0.899549149963624
-1 0.923032912460275 2.32079814780453 0.851152645976501 -0.091755931770002 1.66879419146107 -0.706588214521853 -0.0364425043869063 1.03763936097502 -0.486991595690518 1.77292659236465
-1 0.745753671480953 -1.46884403111247 0.955995823260328 0.483094799257761 0.832133065765314 0.0407100866558028 1.18881175703377 0.0733382372068666 -0.314886239147958 1.47211996585974
1 0.98522410571104 1.46098315848953 0.721954101554536 -1.54521934648908 0.532091583920086 0.323243141285762 1.05303589745171 -0.268310535636577 -0.374590849256393 -1.39643777392781
1 -0.38867622723211 0.617320699911247 1.33277319214272 -1.01178690899682 -0.531276352740442 -1.55335916818129 -0.233374743320185 0.311332719973567 -2.73292899880190 -0.97967179306661
1 -0.549461769919041 -0.920058387877082 0.789899830566516 0.884921121271554 -0.779260906575955 -0.792857906990665 -0.466946431871275 0.913248090352616 0.812293591568774 0.0422976188589443
1 -1.50861258301207 -0.124060097657060 -0.163796311618793 0.0662442831935148 -0.649661559272704 -0.858627856166522 -0.782683796172263 -1.78789917748436 0.27777466794301 0.886532330726446
1 -1.51331906826303 0.613275534376884 0.708342613523536 0.933765859891623 0.180381586040339 1.05646752914141 1.92499280859021 -0.404417666497405 -0.284238913725571 0.250418057034762
-1 1.03033050707467 0.667639597907478 -0.28753663551958 1.53552593926459 0.681675905756339 0.635662241423904 0.348238256749504 0.712121758312766 1.44498463775212 -0.755129649798702
-1 0.835048809122353 1.6530361822357 1.79049955365662 2.17759284355245 -0.0674655948237224 2.55082619978635 -0.960513230802342 1.36334507316164 1.55187325895279 -1.1905018809035
-1 0.531341841780022 1.12811816169153 0.53034077955297 2.01150038933641 1.00107647706550 0.0332030666932531 -0.418556131255914 1.32607973600991 0.188439950092605 1.43718580796190
-1 -0.288453499693579 0.41130045411656 1.16423496426772 -0.681672221722316 1.74355430797836 1.55993026161382 0.331736405913336 0.736215428904275 0.399901217757632 0.928830913768505
-1 -0.252530103107703 0.530326326664621 -0.392215743030607 0.157109720340956 0.245014417208994 0.431032495382507 1.15706012309114 1.61258028309772 -0.580372990635908 -0.263230945107254
1 -0.641156198574589 -0.223438774475181 0.8732500853651 0.816563021137138 0.153617887926517 1.05793911013570 0.586323616700507 -1.06099099850277 -0.356394232516243 0.783792726628716
-1 0.349745334056780 1.94889230635774 2.32343265453571 1.43205915124369 1.03625245086862 0.104451481850874 0.572262499178827 -0.124459803331022 0.105122739915562 0.293145839374839
-1 -0.029992007932919 0.677985491120255 -1.91649369533477 0.52765493751212 2.62458842790402 1.89544586208529 1.87740651923165 -0.354555612177087 -1.07341748926257 0.610650633246055
1 -0.735367456393057 0.241117627410779 0.00257549490729832 1.42553516749218 -0.562164395442708 -0.994037591251092 -0.373889977867691 -0.145201841905944 -0.0385493194140750 -0.0163050887616703
-1 2.18538893118035 -0.0923857151578233 2.41549176835952 1.16035636968957 -0.74814611540323 0.00368519596488948 0.446227095755855 1.65117122667725 1.67319462247553 1.09748768883209
1 0.775151948970877 2.13048250327415 0.263414564857341 0.160695988026477 0.0167001126085266 -0.100192332653769 0.951230571458285 -0.0797631271259283 1.89072712505277 1.32508247599777
-1 1.25702125476654 1.74095025792530 -0.406809822599949 1.92747189243830 0.364472738674077 -1.30288642355108 -0.0935719442360374 2.45996180129129 0.705759627380145 1.32022494335844
-1 -0.803645680264238 1.56397954040158 0.704505429572128 -1.19884392783884 0.49454705498396 -0.240315717969545 1.41741226737009 1.66441019903215 0.383808723400364 -0.0140497581025171
1 1.50986667190913 0.30944517644324 -0.168018144321286 0.160365040364590 -0.204037582439882 -0.160640282106606 -0.464917370307774 -1.38163766483088 0.362209428122295 -0.610082399163255
1 1.21036091972932 1.29391723256436 0.706532667853888 1.90057403130763 -0.520205476947078 -0.308105780110773 1.90925875108516 0.0574362263154886 0.639017411408785 -2.01381265838513
1 -1.57460191354377 -0.370754355408825 1.03853880781076 -1.95456486981149 0.631738835004565 -0.279111303223845 0.161934649783733 0.908712244913946 -0.0233810845405003 0.94792913761918
1 0.543994202016019 1.09185148156173 0.738461710474835 0.635688931394541 0.289542541476974 0.651352883241049 1.44679588640638 0.00297045477252523 -0.0156773716536678 1.53920979041818
-1 -0.620444270647152 1.32936911510671 0.386929883160015 0.639065349424133 0.841622381902067 -0.235626731110239 1.46608856005887 1.49341775919972 2.1242320198086 2.73061523687015
1 -0.605147748233061 -0.82056670952336 -1.81940026884187 -1.40133475207808 0.170342813034227 0.266526909453201 -0.69576856714226 2.74362862265119 -0.429032778893038 -0.348359066837131
-1 1.13096006141978 1.38969535373819 1.12672385732609 1.18401035086755 2.28532795741431 1.06045759528755 1.59618033920010 1.94727918765353 -0.100473344907187 0.253739660758613
-1 1.71111664741284 0.689245632612678 0.0403130903247986 0.462867240988981 0.803781212575037 -0.677176453823644 1.67976382047013 1.31421761137334 2.03307694693157 -0.335115756373417
1 -0.690740515747559 -0.640722195308287 0.0816300351261282 0.207459840962296 0.0568829866921478 -1.26506846563474 0.508658029742048 -0.795402724681477 1.12839776902740 -0.651152112898951
1 -2.7025948277922 0.138026618528172 -0.699997036787422 -1.08464745582514 -1.26716823368763 0.941368955563246 -0.332912433922337 -0.446381247662299 0.224939390700239 2.19108256946285
-1 2.31313136109917 0.236300766619096 0.516201315302431 1.46456494891714 0.400848156174452 1.29638525268113 0.688910545190086 2.92547529772063 -0.359863507114294 -0.495831831666554
-1 0.0313096970240287 2.14087393182085 -1.37767682818076 0.772001262394671 1.25718484391850 -0.146151887602328 1.74303034240868 0.492311333523158 0.395093645102027 -0.297369093700269
-1 -1.38947204455970 -0.00750886533963013 -0.0722831319384026 -0.509681715592276 1.64059676086395 2.02968896868969 -1.56082407558787 0.700412566471516 0.479406440652467 1.44461200873706
1 0.302381307158576 0.220784358904902 0.496728511348412 -0.652791767949188 -2.07068162606144 0.67741479321687 1.83693241771427 0.0253789875533098 0.923200988920533 0.129955249001422
-1 0.296563664174924 -0.237856729989307 0.871633139519922 1.67065137135304 -0.885654861877574 1.82929156498128 0.989691523750156 1.23105576035664 -1.46281774246261 1.46083411338449
-1 1.28720173757081 1.84206900198720 2.52693585648814 1.11305280353056 -0.612759286736524 -0.197969839563211 0.459764656359996 2.06154622266690 0.477725485444417 0.73039902713553
1 -0.155981113814441 0.773133830096834 1.54817990291880 -1.02756929125876 -0.850445470463266 0.280754305421239 0.941515765084368 0.822266066159801 0.64885814068533 0.865400287215005
-1 0.396886736346832 -0.391204017548821 -0.602652600927089 -1.41285259848933 0.770165326822865 -0.127480556159945 0.847873013614178 -0.715817284236553 2.26804887550354 0.0763521741334778
1 -1.68472796814848 0.831074306411226 0.697312775404651 -1.34694243955469 0.0149512214755859 -0.948260610424995 0.839721069502902 2.88144921905453 -0.320856435084417 0.262754325875951
-1 0.351153654134151 -0.253183397531560 -1.48332439685323 0.0972952104263304 1.65480761887167 0.482135912181082 0.575182649096023 0.38480753712301 1.01480811713222 1.61673706134150
-1 -0.924342579965243 1.32137138297913 1.30061867728423 1.06856919926591 0.725833761998304 0.460009266457798 -0.613846356111317 2.95696894185688 0.54292017323487 1.06315852810027
1 0.654781773428875 -0.438985895935394 1.76624415103368 -0.704600589375397 -1.54810966591859 -1.30143953352579 0.938137221477778 -0.109274142912372 -0.220355908873002 0.0850783070584785
1 0.94688568442292 -0.860245509342112 -0.150936967688027 1.84318934928457 -0.414831377451875 1.30430323613164 1.13131243016198 0.757787791650035 -0.616712811664151 1.22006827006775
1 0.420411036773706 0.774262316874457 1.11905867810185 -1.03146106601133 0.865996591623198 0.0404255833671718 -0.529607021624479 -1.49306027195812 2.15992765990311 0.401751814531973
-1 -0.220533071232815 0.420347394886925 -1.14520994229990 -0.262021877269923 -0.850010459321765 -0.518823760843317 1.21171183371901 1.84324987830258 1.46852642856444 0.93281751060895
1 -1.38739524071445 -1.16655542832679 1.46271681997720 -0.151034220125301 -2.41836599071606 1.07358943802768 0.114226425818638 -0.60751254919254 -0.864890577836772 0.550626766117756
-1 0.287027448603151 2.54849239968935 0.524988098295554 0.121036731916200 -0.142124672180815 1.19283732109554 1.48020434258965 0.562715575263661 0.738138538500382 1.71939981785083
1 -0.166078756508406 0.451138426842645 1.04377227316281 0.46160102484038 0.630596453071764 1.28894999108332 0.19774124093431 0.139638578499364 1.23799826639720 0.67216636326305
-1 2.15141394557551 0.685411348162569 0.143731432462932 -0.336542981344668 0.0138114581509167 0.161872958477071 -0.705344036107637 0.482937317920474 0.738117732660177 1.30220703439148
1 0.250983111007078 0.179923585148466 1.05660292768189 1.21413880088786 -0.355454103545374 2.00177334757931 0.115075172061058 -1.44786726224907 0.607686397850732 -1.57919337268401
-1 0.744025960532712 1.56521677951596 2.55817119440432 -0.047314652423394 1.30379387933379 0.87236246945745 0.557711103267077 0.727740942981417 -1.11315481018184 0.347055881425245
1 -0.973155411097445 0.0483594057522756 -0.560527776082653 -0.97610054746348 -0.92989454489321 -0.855764223088173 1.94775490986751 0.0129141312124490 -0.67334986180579 -1.42911644485512
1 0.394122571890476 0.314822421122254 1.86033327947751 -0.245787378184049 -1.80878324710040 0.467566072362593 -1.87483824362391 1.06012162960279 0.502548173059272 0.503955268477277
-1 0.671407768334602 -2.0395615571617 1.60402323584454 0.952450400276304 -0.283741507758972 1.26596144807363 0.294302217876894 -1.04121519981891 -0.122286521605965 0.746167053931765
1 0.517619959727643 0.790173237007585 1.56503688091607 1.19198004523183 -0.268307055743590 -0.297778219298268 -1.69804974591331 0.525127448702086 -0.717351992908644 -2.16188305294817
-1 1.38592084434327 1.33099370360231 -0.814470162936458 -0.110465094266862 2.27088864223972 1.20345320927568 0.340919880298826 -0.0329972235375054 0.472008559394523 0.577267673722002
1 -0.487013397590211 0.57026018348187 -0.483410607955257 -0.121561021408547 -0.938009745716604 -0.478935256084427 -0.411652715532168 0.980288798867022 -0.921574978016085 2.12600382408955
1 1.42159489493530 0.240161534634621 0.357910461586318 -0.0380816524579166 -0.828198050561598 -0.274312105347025 1.64787478970257 -0.262880463184744 1.74634004956499 -0.0623199640736407
-1 -0.19356381283355 0.373735653456465 0.296152038046611 -0.233017897097025 -1.09860996365930 -0.0392097499163301 2.19019334887919 0.623475266300484 -0.383480522266946 0.847874925533392
1 -0.784227276830662 0.116538535066051 0.470565868385277 1.41794877126052 -1.20970887416644 0.967620140259674 0.541533570386136 1.98849790920298 0.256878799781651 1.15609396146137
-1 -0.332748986867354 0.836050340615007 1.27418043419770 -0.867550895663131 1.25068505194592 1.14919539684557 1.22049154981990 0.746536136070721 -0.0159334090086120 1.26981364580010
1 -0.130875982445368 0.91390006038354 -0.669027151540941 0.704704042421146 0.262224299224281 0.901772035928644 0.0934595690692994 -0.225479550065373 1.68870319127707 0.329926627670354
1 0.181416914604323 -0.369000502012111 0.762647111437813 -0.416628354389092 -0.491323913590293 0.133780922190187 0.601214489930455 -0.5818537020581 -1.12451157516722 1.38334560329826
-1 0.414656373303221 -1.28422454651034 1.15605729943437 -0.481919031709321 -0.0416585367048605 -2.27392851923230 -0.177033202153917 0.34594352942064 0.302406554063223 0.145995255308486
-1 0.517555493788356 1.89501296951667 0.161648479869986 -1.35257008438534 1.46276208863777 -0.650116092752814 1.11125266573416 -0.610410529294635 1.18933716273154 1.51055588354783
1 -0.880915121314776 0.773643090647057 1.19990748846843 0.439330494143516 -1.27206900800271 -2.20926814052404 0.851379990162253 0.794591976345884 -0.741272950716467 0.096925468210855
