100
2
-1 2.76171074760295 1.93994502943509
-1 1.39841286009443 2.56265057445907
-1 2.09716561127652 1.16803069646289
1 1.32900649267696 -0.340929198202116
-1 1.66679976109473 1.76442664218601
1 -0.349685517164406 0.793321891130542
-1 1.46267111154163 0.394347797704106
1 -1.15922488753139 0.191533128864857
-1 1.45175396431785 0.859752494826253
-1 0.745493369493732 0.0116992214366971
-1 0.51979258391357 1.69114256023831
1 -1.63257354167744 1.01750989362911
-1 1.64128130240056 3.83047340126482
-1 1.22652099692478 2.29215305984330
-1 -0.242312214821289 -0.0517178417391302
-1 -0.116080344885432 1.53138666884883
-1 0.864537674404829 -0.24986459557269
-1 2.46093587184524 2.10057358354268
1 0.231706256427897 -0.576275902490589
1 2.60674202742251 -1.96473180938488
-1 1.51971198077050 2.26167956345539
-1 2.25895662523187 2.53328052784823
1 -0.716632634679256 -1.08286484631637
1 -0.136454348666136 -0.74244960802097
1 -0.42870840893551 0.0390353221968227
-1 0.927514046472908 0.97355510122785
-1 -0.0465387160453421 1.45349148256399
-1 1.24748361259718 0.697217449219662
-1 2.18241052949664 1.17859318579684
1 1.58379121660836 1.83339465544352
1 0.015184263589422 0.57403390679056
1 -0.161853384472705 2.22743314811853
1 0.0767991176297572 2.49152442669627
1 0.389860790995967 1.00281813370317
-1 2.60061358234677 2.06983587751653
-1 2.93652663495231 2.52544378831767
-1 1.67730036116621 1.43703150937239
1 0.561485986866101 0.516203554577349
-1 3.0858853892499 2.13200257278993
-1 1.52130671298166 1.59405684294852
1 0.127453716113633 0.0356174369708018
1 -0.808825685596482 -0.286989285102580
1 0.0483690087058694 1.73632962352933
1 0.131253912096727 0.66837215029233
-1 1.66240629336093 1.95217824832621
1 -0.305507552831728 0.525627587534898
-1 3.35070786138817 1.50533023633772
1 0.700753036926623 1.01389738423736
1 -0.0482528803411933 -1.19568711870132
1 -1.37237081087783 -0.376085434141769
-1 2.04744838554392 0.0591728098217115
1 -0.804376298352775 -0.500253105167389
1 0.356318991597547 -0.665483953758345
1 -1.07669511446941 0.149918776149593
1 -2.57629467177015 2.19913559543458
-1 0.959444279152338 1.70270710029692
-1 0.105061873769373 1.21748050165534
1 -0.619689787373127 0.0358527412121975
-1 2.03480233818958 2.27584229362717
1 -0.177018210240922 1.39592953842677
-1 1.34034094608538 3.06605823639621
1 -1.28361800938484 2.73801238103422
1 1.30807831705566 0.546180405973859
1 -1.13901681552255 -0.195010329471314
1 -0.0519540701927925 0.48177378787848
1 -0.288096930574976 -1.67871442390904
1 -3.06336424673880 1.12595222481060
-1 2.97169975528908 2.08346299259688
1 0.874956937433198 0.176366436212436
1 -0.501722367079008 0.255459590482163
1 -0.309467455368998 1.17431209120100
-1 1.13694973578020 1.19820914144367
-1 1.17303184464460 2.71920982725568
1 -0.461710818514973 0.0724858845721665
1 0.485389346763764 -0.00768933567267724
1 -0.099845415029027 -0.18134265078055
1 0.174315751188172 1.40122882711356
-1 0.786723744404642 1.02839585345208
-1 1.26141609795854 2.00683556029690
1 -0.215626867479115 1.89039826237367
1 0.3948056667519 -0.184540952302817
1 0.696726910510478 -1.63561798238662
-1 0.745032106983736 1.80434145538021
-1 3.43779088200431 1.57201224611208
-1 -0.954097069135915 1.51574463958228
-1 0.959775393324438 0.811907073848716
-1 1.65595765611318 1.02199287398440
-1 2.17713121373286 0.973472634917278
1 0.734268416464079 0.948005968302139
1 2.00264947280636 -0.674227967687098
1 7.0913346645334 7.03490740187213
1 7.06984982869542 7.00339043942445
1 7.03071241520937 7.04288457369533
1 7.10986385622157 7.07708605449265
1 6.93295622572568 7.00853292902287
1 6.94694485810959 7.01190364573228
1 7.07387736181733 7.12274046252492
1 7.07170863341812 7.15755192045795
1 6.96083850360986 7.0295198081526
1 7.13730701776954 7.24027015948282
