1 0.694335149841336 1.73812727139265 1.40550315505315 0.101072731093659 0.430545136179571
-1 0.436643044545310 0.92660464566935 0.0780780705163818 0.848248712818223 1.42685407924364
-1 1.0081470313491 -0.351989643263797 0.945422726383115 0.302880049636668 1.10240645917205
-1 1.08211449687209 0.443823413954763 -0.121272315748404 0.898994963282599 0.804394017751469
-1 0.838952396505513 0.509322065571244 0.561573304372465 0.495298952077988 1.25066232012849
1 0.50459293865828 -0.46481583807098 0.00879460657868096 -1.64129774050286 -1.40150825145263
1 0.104083344828388 -2.3855078970049 -2.02057048277204 -1.14127989404852 0.773562171135085
1 0.330092554677745 0.493073215765457 1.79530572551414 -1.63531779159280 0.850929660311486
1 0.231275431809565 0.276627864414513 -0.39016178698569 -0.349433866043790 -1.3090119973525
1 -0.00252736455768368 0.609141541855185 -0.108193699144342 2.49496189108994 0.378653057466485
1 -0.0521380729117205 0.305408984207807 -2.87221508614347 -1.95804002490622 -0.58406458652343
1 0.294913199372693 0.159413560981747 -0.888142735758563 -1.28307048808487 0.376435963038186
1 1.17349607592713 -0.449494048672793 0.156696034381209 -0.432973659693515 1.65904144929769
1 -0.351437334045512 0.271545909043519 -0.0378239043370611 1.35572687603702 0.0389343501540361
1 0.183352600857402 -1.03980619547230 -0.689474771908098 0.961710908939995 -0.220466331851121
-1 1.46957604269144 -1.00923168730760 -0.0547387937945584 1.27918011451964 0.93769414478936
-1 -0.489366263358221 2.05921183069688 0.0984832942816593 0.987745287423011 1.38318091995437
1 0.0363993405351841 0.442294292449437 -2.86553231808212 -0.602623951388199 0.758966389999089
1 -0.597435365806354 0.609929922134081 -0.193263557687368 -0.476246203157268 0.285088544408279
1 -2.59978906593899 -1.01567075735688 -1.68232910296019 -1.01814511492183 -0.747834857106359
-1 3.37035977149998 -1.12456168314245 -0.508308430447896 1.23765330205333 0.814187277726217
1 0.907267619612023 -0.702029058512502 0.97577984244509 -0.00547633011782792 1.24912594980527
1 -0.241628193607971 0.939736933997802 0.201498101507925 0.240598969490019 1.5346895350779
-1 1.02287909483708 -0.222565428675744 1.66899785739691 1.23095457983263 0.85063796090063
-1 0.379290866995755 0.43712582523095 0.548520137369186 2.37663867478612 -1.41107806991902
1 0.413078045908874 0.794430901489923 1.57376176819380 -2.48896045416342 -0.93732245410551
-1 0.785684111063823 -0.0849617358266208 2.88231183155337 0.186934471589492 0.888845228460674
-1 -0.144141293934235 -0.361997419368094 1.23916480037834 1.50663466618404 2.09649042477256
1 -0.862243801282148 -0.089210228690849 0.0168566025599650 1.95472879472905 1.12223638703539
-1 1.90331489920500 0.0162749334988445 2.13825016800680 1.19203407595846 -0.194467766225233
1 0.240781960758706 -1.13916946399373 -0.505090721877115 -0.950359867769082 0.974132115228513
-1 1.39296578573174 0.520466786491847 1.14225206777654 0.0271242009743499 1.72331618404360
1 -0.0587643274252315 -0.199094463551023 0.150399758636154 -0.342464305970878 0.123560291524732
-1 1.00249990793739 1.14353054016834 1.73054980814531 0.218016560412677 0.708905681146069
-1 2.43049718823003 -0.0398329227835492 2.19296391102113 2.86500106243350 0.554257398640602
-1 1.66365542286058 0.108733234543499 2.09359391754833 0.0797143927025351 1.44509882339693
1 0.302642760368455 0.367628403390218 -1.26843140186023 0.269252476426506 1.0690420889893
1 0.889060133489062 -0.231126912335551 -0.917635215993303 -0.317411688328356 -0.326917148520266
1 0.882575221295626 -0.198283668912156 -0.299992494911170 -0.476416933254109 -0.195235337981543
-1 0.886101846551352 1.15994321053282 2.4112930505654 -0.190139936321534 2.40671174026419
-1 1.96094870233988 1.25909474513786 1.87614408315418 1.36158828813873 0.049054357657845
1 0.268497477107371 -0.198081474797287 0.612154854696399 1.43687195122043 -0.126653305218681
-1 0.35048189518333 1.04215428126077 -1.12030441082885 -0.251385804569569 0.398576646516599
-1 1.17332744518826 3.47137214722904 0.468933779302708 1.42522520580929 1.37997006432508
-1 0.836735961558678 1.27892402814049 1.14460018257132 1.75992233509673 2.25283853156741
-1 1.15263601483565 -0.0545614497491623 0.60577433147732 2.46866527025907 1.84566011062790
-1 2.30847277505730 2.38085009941973 0.128905473699084 -1.41136239925802 1.79563067169433
1 -0.403333992397374 -0.0571512853731773 -0.637774320658342 -0.814799613460605 -1.94156304098753
1 0.0451984186739492 -1.12653563811175 1.01568604563048 -0.771079641979106 -1.60204147353982
-1 -0.314928324499211 0.652138265268964 -0.282904564355539 1.0747009643997 1.73254733501033
1 -1.59456920179643 0.386144375584231 -2.26658245267621 -0.850162593286767 -1.65127032420042
-1 -0.0537563537319657 -0.099651843975483 0.527787269738532 -0.081055402564372 0.429532570393794
-1 0.433931557397621 1.01054727641854 1.37279041638673 -0.703945019088288 2.07736112782099
1 0.721941726915335 -0.58873817540897 0.747181928579058 -0.0567912119127794 -1.19095879753096
-1 0.55652070997771 0.616771677223061 0.0775730033321808 1.13090081574046 1.20153558020867
-1 1.35429132299651 -0.685338237932374 1.87875947994701 -0.676288248446284 0.232913236129676
1 2.70837102711703 -1.02755593537867 -1.07458384698755 -0.386879874754065 0.832431091236186
1 -0.241722775897271 -0.321467155224165 -0.781165207234655 0.847292358644967 0.271390364789395
1 -0.40475075099454 0.104316825253523 1.20068056147758 0.683347416305113 -1.31258789896684
-1 1.58912814540743 0.632918906794795 1.58373010162894 1.49250167539142 -0.520001607579488
1 0.220416408739200 0.154621698355749 0.667723414270391 0.516459831268467 0.155151277243904
1 0.986639108713185 0.620060072565892 -0.655229149270055 -0.141325434209964 -0.506716728375746
1 0.398604417008129 1.24184457891001 -1.90507671883489 2.81303095304125 -0.938191475703216
1 -0.541863097835273 0.0219960476128435 -0.985989043574174 0.931065553035954 1.36572852603789
-1 1.07674439534186 2.48312822671999 0.706226348551367 0.852270347098255 1.74052046931235
1 -0.561791822594305 1.33317171767703 -0.232812093286504 -1.4281456104545 0.0463778754960535
1 0.40526662891307 0.836351018133296 -0.0986993604463486 0.681325367551248 -0.687370743655368
-1 0.220188440894597 0.751958801784538 1.05666912805524 -0.809710219534729 -0.323297601620336
-1 0.734432065691015 2.60814393925650 -0.343191764324504 0.0100870087891365 1.13062657871253
-1 -0.382624153981065 1.08366711912914 1.42272523540977 1.28277131640690 1.68956545155758
1 1.37914258881308 -0.136585328746451 -2.21050286877612 -1.06393917712320 -0.586928678629127
-1 1.26436311329499 1.26074843020996 1.51429447034593 1.90250990909589 1.18713485253134
1 0.0169867868979343 0.516323246573539 0.733748254947946 -1.38346313205636 -2.10378686933208
-1 0.911002040561972 0.97136154290211 0.831879743211148 -0.359777884526457 0.949065419538102
1 -0.176638805214381 0.282292872053989 -1.56852983386377 1.27495865772992 -0.0223931118660965
-1 0.866865212054356 0.669796114050758 0.473089990829961 2.03290377772902 2.39764830978901
1 0.127261516264594 0.0327710571809028 -0.628019764721433 0.945108387314305 -0.699314448366983
1 1.3642530115815 -0.980428581582429 0.081647359141401 0.122207962304598 -0.633483848040964
-1 0.753300234822833 2.7746870693093 1.71056752918083 0.94358087927901 1.24119699581040
-1 -0.524398653020506 0.0429496372809347 1.04776968469686 0.864608879549253 1.39746369175846
1 -0.476503164677685 0.763963617099494 -0.520189931679627 0.27416946584164 1.07750788153266
-1 1.45999253497454 1.72411264966198 2.16765069563851 0.436835559383164 1.60986940488377
-1 0.155827296751377 3.01430788787248 0.667507164003337 1.41127737584945 1.70755310579511
-1 1.13527725618105 2.53701218905919 1.33975971796729 -1.63405249056148 1.05059761756645
1 0.59685504265826 0.180715668444523 -0.79000809962262 -0.446305910144526 0.667047489537669
-1 0.329776985337918 1.17707602877232 -0.631734651447475 1.95559018617882 0.674566518323149
1 2.05407295944710 0.729809181510674 0.895968585626087 -0.0749163498546726 0.597554240158874
-1 1.29189136055804 -0.430598592183414 -0.275525225168508 1.75698433940528 1.59009616822034
1 2.04086134684568 0.353626361987087 1.02699151977158 -0.068905041052908 0.123210081487237
1 0.390597941402609 0.540611801184998 0.164661512973977 1.13091031080893 -3.07591073526162
-1 -0.517532172609426 -0.594812612410547 0.614755219869334 -1.21550801314068 0.0802352493039892
-1 -0.651338415969073 0.565698516228688 1.07113220394669 1.72658040021133 0.842723071390707
1 -0.358340315578502 0.306994684292499 0.565585208288352 0.217829486204688 0.588369365035779
1 -0.76609518280478 1.13435000739719 -0.815447454006361 1.42385259140309 0.905970812636473
-1 0.398125722277872 2.28764613732414 1.44622517725874 0.445337491100584 1.32000556949532
-1 3.02029938736874 -0.508985268257076 2.34749642329451 0.754739892880443 -0.360774656400502
1 -1.82982968896550 -0.884343670016467 -0.600284200256855 0.727725421194211 0.160864584356045
-1 2.15613390965128 0.577288566336032 2.2714775520238 0.469775923703077 -0.372190573317939
1 -1.33847876561885 0.67031542201465 0.411597030259925 0.259342918992468 -0.76673604429343
-1 1.88902027020793 2.32729949582672 -0.660660100830731 1.65004228283373 0.542636633371707
