100
2
-1 1.40920918236721 2.00941807737256
1 -0.629334581497635 0.033283147501655
1 -1.26638703216209 0.206227966948352
1 0.551427466977595 0.32745975643853
1 0.234154236499828 -0.584776745266889
-1 1.12330475678201 0.698816586615033
1 0.387204542001512 0.788079495722741
1 -0.358473891339915 2.26506621049983
-1 0.226328181079254 1.01839299493491
-1 2.04216243635363 -0.678224131288647
-1 1.19691130103461 1.49437317888116
1 0.0147389630412586 -0.344480268739715
1 -1.15382310894142 1.42023531259077
-1 0.529032294103631 1.99035265918408
1 -0.0088222937371428 0.630913449524624
-1 1.48742449362412 1.85340735154333
1 0.362717690040911 -1.03319216030619
1 -1.08119047958445 0.0705929355138458
-1 1.12825850897024 2.94392961194107
1 -0.0658411259069875 -0.316224248708774
1 -0.713904935155106 -0.00944681918185314
1 1.01679363713746 0.0946626219826798
-1 0.862768500467881 0.956791568279267
1 -0.116519933587332 0.923152917979005
-1 0.869334047149676 0.947367321403603
1 -0.864618495313612 -0.184054122634982
1 -0.870898654248731 1.76334992448020
1 0.60821972172301 0.289054975949631
1 0.742799275515259 0.485763230810661
-1 1.50348262063524 2.07857719233673
1 -0.296035009416007 -1.38007619925624
1 -0.999971042579298 -0.491272802392006
-1 3.26075098763710 0.993813467785255
1 -1.18157729837427 -0.428880886642496
-1 2.44797107041625 -0.502630233686356
1 -0.219466621921263 -1.62154698021974
-1 0.511812678795116 -0.300659863387765
1 -0.023524164196018 1.05417400937718
1 0.819229635489803 1.3995444190518
-1 1.59119266384953 2.46251193028137
-1 2.87149697706158 1.0848020694989
-1 2.52272562802545 -0.326953825013603
1 -1.29809707621094 -2.22194292241442
1 1.22146746816136 -0.388075935502374
-1 0.991284239291856 3.09369019274496
-1 0.56705075961313 -1.29253461573544
1 -0.239355995727114 1.50139519792502
-1 -0.389306965042385 0.207520758854992
-1 1.50713127959334 1.36906764841749
-1 1.10470580890034 1.30460544894695
-1 0.0729464199922918 2.5791977895993
-1 1.29197354627956 3.08798984582507
-1 1.20347548595979 1.97284183389703
1 2.54162527312947 -0.930643891334407
1 -1.08444743077530 -0.260639234100818
-1 2.13774199038041 2.31733454385706
-1 1.61089497518847 1.5969526906967
-1 1.43786567971295 2.5140579759034
-1 2.69554343130749 2.63750858244134
-1 1.11873481560476 3.41017271693941
1 0.739035678838528 1.72445609300212
-1 0.8796263102379 2.23343047287306
-1 1.58459372515570 1.66613422258387
-1 1.92612053142705 2.65464488922303
1 1.65281920874259 0.749125988998943
1 0.496681827071295 1.03884490709709
1 -1.00864287370019 -1.72839993230218
-1 0.675228555710185 1.02646507209775
1 -1.32265105842742 -2.31113854877850
1 0.934271810443581 -1.47126398974523
1 0.0214077576734185 2.45429387703376
1 -1.79889171913998 1.22080758865448
-1 1.56811276036772 0.688116507003925
-1 0.82326609267726 1.56920342093248
-1 1.45309311035205 1.61256322752214
1 -0.629188054936357 -0.253631304613653
1 1.18659314054651 -0.466102802514434
-1 2.99261620505245 0.72608998412119
1 -0.0623969071876199 -1.37121587489565
-1 2.36469668211539 1.30137268380273
-1 0.601356963395531 1.57791873901589
1 -1.34162329673405 0.756890474723256
1 -0.229666067896610 -0.486638548488119
-1 2.46670909195678 -0.936967543023409
1 0.0524432363427922 1.26705653646709
-1 0.990048605885948 1.02155300594742
-1 2.33428606340656 2.58072356120982
-1 1.31345242792811 0.123338955823815
1 -0.540889960601115 0.566062732453262
1 -0.184692607829589 1.34922716189023
1 6.97806832377403 7.12927526651114
1 7.12965995574796 7.17460006138197
1 7.12019456194759 6.93190672307186
1 6.95904485200389 7.09028877383475
1 7.01981852036308 6.96258896573807
1 6.99594437951231 7.21216535303258
1 6.94668178711846 7.17601680874823
1 7.08909072946267 7.2727597300805
1 7.060128332636 7.08464114556801
1 6.97619863041366 6.90830295585638
