100
5
1 0.854251497848597 -0.823716768689221 0.180167079285950 -0.558252238559811 0.928867841832108
1 -0.733755588174497 -0.744753268964575 1.32242637471691 -0.499024644023041 1.12940421841531
-1 0.089848455095913 -1.32982491416337 0.444798428377959 0.127557682344741 1.77134639054315
1 0.0766906486970875 1.54064662834307 -0.485095502858236 1.84991419000057 -0.975238396891521
1 0.68420197438387 1.34361536874243 0.732765593104485 0.447566212012696 -0.391182701292264
1 -0.171350716492851 -0.984554034900992 1.31762260744978 -2.98408983766233 0.904425311070082
-1 1.59926772989701 0.518705941207965 1.82257163339862 2.50613752915432 0.904455635714055
1 -0.172512451816791 1.39422145275998 -0.696032755486517 -1.22195869906888 0.403295559143653
1 1.00119875309037 0.721811287932144 -0.155968704353903 1.07646457687491 -0.768037213133913
-1 0.0963218483097542 2.33537771228776 1.68343822403622 1.14718960854827 2.12962715802180
1 -1.31774510143343 0.0922745766208712 2.43472570320671 0.489546844372628 -0.390614797413902
-1 0.74004410811423 2.47612468621288 1.22926116377722 0.346697054041309 0.154810766947538
1 -0.33234573992463 0.539446880565199 0.164700490431171 -1.41223836231086 -0.000393033410888253
1 1.63832692341465 -1.29392811840080 0.0895926948973294 -1.23726318509116 -1.66151767773923
1 0.68424877801131 -0.732198105465028 -0.93650738502425 0.98980339407571 1.36765426722613
-1 0.663994842173438 0.331653500947407 1.01322916161707 -0.0638215006567344 0.255705088138128
-1 0.171090729149749 -0.326771628443437 0.491271745347819 0.285941745740866 2.09731189841626
1 -0.182031733990755 -0.335080625731692 -1.20518277103071 0.668572897432745 0.376834689614318
1 -0.865908085933458 -0.166205778223738 1.61724416309855 -0.118821853193262 1.67700960981395
1 1.19448153095295 0.980618910295764 2.07451537719462 2.50059814004626 1.15830196009056
-1 -0.404362921966471 1.79788831725364 1.54086164111449 1.17206075958218 0.715283381469032
1 0.0807189557623032 -0.0286420244406622 0.0344634056035908 -0.363257461332577 -0.803849952959005
1 1.73946199505274 -1.37950803461150 -0.0669194957058731 2.16790635674115 -2.48582446836821
-1 1.31748473714015 1.56523184223324 2.05026810282206 1.81933338375985 0.98644005176276
1 1.64422197518829 1.04164100708665 -0.142242529374995 -0.287259687603614 -1.07180272380859
1 -1.51503375242842 0.149233140942327 0.870336169910674 0.439897349098646 0.326361016824166
-1 1.70799168530765 1.53357107683621 3.82114001767621 0.146010150395857 1.44929594713183
1 0.225080656507371 -0.00526258679538829 0.273396654432272 -0.211870431772474 0.486683142715502
1 -0.314718994273351 0.855385478052475 0.62233574395752 -0.280885465966789 0.317485884587818
1 -0.533560031704341 0.967261025586263 0.373593796187194 -1.06172503647425 0.61823921375272
-1 1.11197666423490 -0.425525129424394 1.62710784221913 0.425067556926314 2.07779822416095
-1 3.02706872368511 0.917889918523492 2.61294551559143 1.10710823125246 0.483064233690892
1 -0.419212797666217 -1.55462656230465 -0.1616010597408 -1.09426717238000 -0.326759512018393
-1 1.54302544678593 0.364103366024289 1.72399029154150 0.037972168137095 0.564680089863887
1 0.0923075935334262 1.61301337433529 0.19055135010608 -0.0641125489792539 -0.316432088860298
1 0.541635198590223 -1.16210370169015 -0.211794771400159 -0.768962530317262 -1.00660986506804
-1 0.798496753447133 0.752328821543861 1.26537439045505 0.875343811759899 0.718388889732091
-1 1.64722363738186 0.939296989720162 2.2899631292764 2.05140004014029 0.158787114786391
-1 1.81958833541619 1.58966943559239 1.35593194236704 0.358271312367423 0.939983575540975
-1 2.54033371605961 1.82347821693407 1.73417138620593 0.421844748327749 1.82645513733476
1 -0.790255269193326 1.70132507731311 -0.100955425144011 -2.08611723940322 -0.367588537026511
-1 2.20504488919438 -0.215576070996120 0.744251331324667 1.54257207768144 1.01688976617825
-1 2.34670184841252 -0.067531241603849 0.580233990719549 2.20900184571417 -1.10853422536667
-1 0.474152163758361 0.91979921996213 -0.302807816970953 0.110000612405282 0.0513458658887004
-1 1.05221698067181 1.87016869004187 0.334023811429089 1.37275931718414 0.593189109121221
-1 -1.14038903004088 -0.0185139111349366 0.632694143436444 -1.19445627495094 0.395352858416114
1 0.51084787449617 1.30112647247788 0.406873182978795 1.29794685209312 0.533603005405714
1 -0.754530784535696 0.0682519580902441 0.964824637090356 -1.12715373296205 0.505702686642223
1 -0.832028284265071 0.842846150747288 -1.63179218107993 1.34148454246009 0.0265387544978213
-1 -0.408042931133425 1.30259234369453 -0.727501106284638 1.11429393613341 1.33026148825721
1 -0.575125100975586 -0.698061469264198 -1.45306974014918 0.248114685787761 -0.244497138296336
1 0.250220824969329 -0.082549497344543 0.488188657715705 -0.114267477517673 -0.913329385573808
-1 0.447841823064529 0.504443875843535 -0.52711131228163 -2.15559526635394 1.42109957488648
1 0.54223766813144 0.85013924631059 -0.310470792865931 -0.612959362091877 0.809656381195424
1 -0.530712242740924 -1.2346683663573 2.52415504138761 -2.08272329520866 0.178492954505528
1 0.335226177840668 1.12389229715180 -0.348244928553619 0.0437579290539576 0.0883344510755793
-1 0.992215216730893 1.81406746649511 0.463815812904109 1.40073087980303 2.33094831561659
-1 2.04515622856321 1.30568080997911 2.60380295597863 -0.493492098691860 1.98926866404675
1 0.592762815686072 1.55475825158978 1.19230651809232 -0.804676816338444 -1.10939805710858
-1 1.22910217069175 2.30602163662104 3.37261278056108 0.68956830264934 -0.130015767063507
1 -0.922461868662997 -0.313221829988811 -0.590487098851875 -0.794094056362805 -0.619031093265592
1 0.0650389433908469 -0.372234798140424 1.32142103340424 2.99454710415519 1.33987273805063
1 -0.0421442801450915 0.286059391667991 -0.339196413313547 1.11185512370308 0.974298339174839
1 -0.515025030663267 -1.29750486935804 0.382040552628722 -1.48041933991374 1.05090144353296
1 1.34062230089030 0.682942160731985 -0.556801246945707 1.14929923088978 -0.0714209976042804
-1 -0.266075628645822 0.615385762851548 0.835382084173998 -0.9589428950592 0.632457656732679
1 0.701686208616343 0.716099468874581 0.536412454602076 -0.802240212628631 -0.884813410243215
-1 0.891073772446272 1.78278278430732 0.593843445037928 1.72341720278144 0.253670457539426
-1 0.521819412411126 0.119272835971052 1.45453192405204 0.339475569304299 0.846930383134715
1 1.21335456858432 0.839184638711362 0.910755221292082 0.549976690046553 0.195290549874777
-1 2.23056993409364 0.563822383565462 -0.228551333884291 1.90888726196628 1.31261911794550
1 0.565931231450728 0.99368072233441 -1.56675515618012 0.60930636164813 -0.807836256581501
-1 0.621422660282092 0.854538386377679 0.086480178743783 0.000816482640550897 1.06934543693646
1 0.78884874455933 -0.940849505645406 -0.00102848232126363 -0.420817289072039 -1.38218193750725
-1 1.75080926428451 1.72969273142980 1.53511292106748 -1.14342863050435 1.40523435525253
-1 0.517565106230595 -0.0330872856250654 1.26393545192236 1.82725740830414 -0.334691593358369
1 -1.19397231318848 -0.826377704660212 -1.71568497362798 1.00695709646375 -0.767564721550371
-1 2.01144761425009 2.15400489542514 1.54399646975375 -0.157353284135541 -0.521942599669786
-1 1.00880989373187 0.951799792773844 1.70165479985427 0.886146481470875 1.30386073798213
-1 2.11326332551792 2.10482872656346 -0.0944591194983856 1.26192543776239 0.50536794340515
-1 0.758971668551939 0.286838232071193 -0.189673541991181 0.609507069653526 0.481099803487357
-1 -0.806682402465595 0.43219646015964 1.17878949842342 1.37143257951890 3.01221780525751
-1 1.54319274460191 2.09108555045890 0.969577605893637 0.363963464328215 0.388915830216296
-1 -0.262599965247167 0.0392866492892872 -0.0757125467094215 -0.277208021988142 0.90716351345648
1 -0.158029824541316 -1.14111433233783 1.19302379334559 0.451037863189691 0.392185413425121
1 -0.662286695338524 0.344828901616012 -1.13024631876645 0.175785315758739 1.20710039592632
1 0.134433998101985 0.458751641200076 1.43935731847267 -0.914782120765038 0.83723980750612
-1 0.0599547328969148 0.68055982574458 -0.166800117779119 -0.122427802697234 -0.85004228834804
-1 -0.0607068770194902 2.02098332185913 -0.374748192195197 -0.384840918609416 0.536469596287102
-1 1.90022217597087 2.58094282107843 1.10479219480732 0.249738296977976 2.35000356624511
1 -0.454019748118027 4.00131673915155 -0.465286564262083 13.4489972485996 -0.488929543793551
1 -3.62906908039441 15.2043330453811 -2.82388629770637 -3.78736632059808 9.0748831082858
1 0.588971100829285 -17.8800366664627 -17.6908888291651 12.3503671410736 -4.77144054717466
1 7.2022305122993 -25.5118722752711 2.83543525794471 31.8637292257699 1.00571520858990
1 4.39625634279099 5.24773985516584 -6.72372427896092 -6.1377618335202 7.17847741619723
-1 14.1377928982222 -9.96070661148378 9.85651422712798 -2.03875103175923 -3.81936555434663
-1 -2.42569980387818 15.3570608897781 -16.1056255486309 5.98752464503297 4.80879082386212
-1 1.08422743665153 -12.0994549593734 10.1696144193707 -0.134126714953784 6.8152014801783
-1 9.16704822067473 7.61968642656503 -8.52476695491145 -9.62058377130098 2.00394548052485
-1 3.23304172669665 6.04971270452586 -0.651714643372132 7.79240545878992 0.56604888584831
