100
5
-1 2.39902023325469 3.23171126025000 0.406230464004127 1.61004688881402 0.495373794773841
1 0.293502338977053 -0.511279610669395 -0.766192948962573 -0.71198186217848 -0.992514343945207
1 -0.106340163635014 -0.494003067865839 -0.792573071811411 -0.382755214963904 -1.11130177565019
1 -0.227528997925389 -0.417877570995115 1.35006060084303 0.560098260873776 0.390559400387326
1 0.364139221251259 0.190399304157164 0.451221230750502 -0.100281977025042 -0.98599171106469
1 0.088720363526544 -0.508023353160482 -0.980111299618489 -1.17550959743524 1.09404380729527
-1 0.716578339444351 0.710503502726716 0.0928276002569708 1.28645539950227 1.37514427886906
1 0.448583211581222 0.370066228651051 -0.0392713543101745 0.534788884672784 1.31907451145795
-1 4.41850884796583 -0.38217310728818 2.52547470920037 -0.220414746682774 0.0560646088172183
-1 -1.26371623505705 1.48883707257182 0.648262731779593 1.51938057387459 -0.80594795163187
-1 1.74769912381416 0.081343792024575 1.11954819819677 0.794362603111314 -0.0298090338300158
1 0.32936342290956 -0.327836153121683 -0.158164805509565 0.42005323693084 0.679010606194831
1 1.00201409740586 -0.57601175912758 -2.43606367671799 -0.241763964903926 1.6659308980128
-1 1.86567253153016 1.35023801499640 1.94779056933725 0.87475608495956 -0.0955344009783422
-1 1.3637113755924 1.81649714765293 1.16279534496247 0.245936545022580 -0.632203414282527
1 0.141362173139433 0.745133992975643 -0.328206210599468 -1.13065024337884 0.945273914113034
1 2.24524859594980 1.03058641154020 0.306047915945278 -0.873319839430354 -0.297564599009006
-1 0.973194441395031 1.50251724061421 2.32286127168334 1.24533802851272 -0.60040440291538
-1 -1.77064473574584 1.41506533738609 0.376636460671617 1.25753802315044 1.85703256780061
1 -1.29876544773637 0.315789377114422 0.284116724415952 -0.400614124702961 0.77032955366346
-1 1.28602439352288 0.441523985836366 -1.59781198212088 0.261482263416965 1.18245066202013
1 0.521510348983049 0.771306065946075 0.974228810011622 -0.72656360757432 0.0427497161302092
1 0.227611196387451 -1.10059440681289 1.16543130330261 0.615003542971081 0.899832493746014
1 -1.36598771123344 -1.19008799861952 0.878443042854755 -0.362910852173011 0.718965319262897
-1 -0.442316797586003 0.00693361467940035 0.500053502297225 1.82830111780416 0.353367744588142
1 1.88042207647293 0.696938066380215 1.74509984485473 -1.64770162726835 0.727023800493268
-1 0.993062264974322 -0.0885808072704951 0.404659501469706 0.962863834088467 2.64057822950822
1 -0.624745195327604 0.228531059646516 -1.69006903098832 -1.26158176212454 0.811351048277237
-1 0.67783459927742 0.494490742032673 2.13210966785445 1.1821272120231 0.605713142039642
-1 0.702502030831144 2.27501211217168 -0.464391025737367 0.487828896450474 1.88470903174585
-1 2.46961522705759 0.356620687494367 2.51232262992426 2.37280787150809 2.00314256813939
-1 -0.297552987744263 1.81970607849160 2.08052364412092 1.18780075045155 -0.270417319993247
1 -0.95793898310924 1.33752748361125 -1.70499866549398 1.03083979420449 0.104300886715138
-1 0.556687029847162 -1.84572997445884 2.03116736601230 1.41816136752595 1.56756126261030
-1 0.755432587636407 -0.400080413531699 1.86359596110149 2.0261516545845 -0.334131759940789
-1 1.78585119268971 1.31540747310272 -0.242176874450373 1.50512850899209 1.72622772900704
1 0.460196011483051 -1.2972085310437 -0.298973769726582 0.382459115478133 -1.31949147340380
-1 0.872628109547582 2.46786766306194 -0.379809186876726 0.749115708040702 1.49390670456141
-1 -0.344264071592143 1.25601483325892 -1.27554365209233 0.675050183384527 1.53071337020166
1 0.945853078866076 -0.242412832389871 1.77953228582930 -0.266994923822039 0.102693292735000
1 2.59664117962848 -0.621793652772967 0.5413245645166 -0.142274873825492 -1.03335852577555
1 0.291814421947183 0.95580996921816 -0.236113155631918 -0.434131034361237 1.16651736945620
-1 2.00054979492494 2.10462725406689 0.411639044042154 0.391918392139933 0.764408646412553
1 -0.194490053055081 -0.452454090379744 0.860436851121 0.5853840540355 0.88595641810092
1 0.698070924941765 -0.635242843928281 1.35528828955305 -0.682546295890881 0.168187532437792
-1 0.0677393991786235 1.11747250818631 -0.235811853691318 0.569123533266915 0.848155053122423
-1 1.73018114335088 1.26921097475628 2.42278955443822 2.02232688911777 1.16273359951954
-1 -0.750464955515191 1.10190045198693 0.335726789720858 -0.491822706490658 -0.303559819358211
1 1.95182091386643 1.51488490100578 -1.14441911551102 -0.408744853388057 0.355295510322046
-1 0.965652267106054 -1.37545151068437 1.26223255863072 0.607529691668283 1.38567911887358
-1 0.0318647271097418 1.30699715851382 2.64574064637519 -1.08749433777961 -0.514790454294778
1 0.139771562063941 -0.505573642920844 1.20584113016363 1.18360762763133 -0.569761362572766
-1 0.0696126917094505 1.63033402204179 3.168749286597 1.95761234925665 -0.689370340668181
-1 -0.313692927559572 1.73458673409148 0.787412323362012 1.47926803639722 -0.165321142203346
-1 -0.361081843648569 2.97947672621918 0.576379107173053 -0.0951173776336146 1.26535547002025
-1 1.14017461138841 0.182285528950231 -0.323096175689902 1.66049087238471 1.94274038687119
1 0.344670851525642 -0.347754539163458 0.0380232225158492 -0.204253187549455 -1.19460117579642
1 1.12269597571952 -0.969869975246979 -1.84293099683422 -0.156420071101720 0.953821874429072
-1 1.8827690173852 -0.194924495506376 1.48824363875045 -0.304904018206160 -0.121434636023327
-1 -0.263090308969485 0.0385687452431268 2.42589092831775 -0.0563614187321712 2.28045913035273
-1 0.143560068078274 1.66886323601868 -0.230441749042587 0.432254813714210 1.42162059599246
-1 0.429521287586849 1.29273908954679 0.143177757187015 0.602957931019914 0.412642079775609
-1 1.87947577755426 0.00114533013564355 -1.15140599603572 1.05046082336172 0.40738204274017
1 0.147721103145443 -0.952117139018223 -1.29769023595615 -1.14424255244475 -1.39091916653397
1 2.25404895664661 -1.74566030283347 -0.906504418874546 0.964744822662795 0.55426143019632
1 -0.447634474397417 -1.22460421706169 0.247815126982307 0.81141781619942 1.58628462082645
-1 0.867084790063324 0.97983781060763 1.69986696179154 2.56685628933718 1.72722432438883
1 -1.11216589084878 -0.718118796242334 -0.924478659903937 0.327500884834845 -0.874541408075357
-1 0.58944031711637 0.942160845428303 0.811370124089845 0.825750633835673 2.83525711502954
-1 0.63380643560835 0.578300230624528 0.073802026068595 -0.14121378872826 0.935792896749152
-1 -1.01514733219136 -0.0702389576827024 2.85055738256283 1.04658839098319 0.463282697042104
1 0.119502451266589 1.13764425989956 -0.323915138291919 -0.509726160818114 -1.23174214680812
1 -1.99721211922843 -0.397647014204582 -0.145543005703342 0.165626168073908 -1.03708170339011
-1 1.12165984342261 -1.18304674695498 0.973953551979113 1.28543415352637 1.75924683581377
-1 -0.126468401008820 0.683372834271823 1.15856257992313 0.355134943464056 -1.02211478952720
1 0.475022099883741 -0.0854808986554104 -0.90900088632359 -0.455387796102328 -0.180339405348495
1 -0.76513695692417 -0.235261668730217 -0.431120152199496 -0.607321394865462 0.401123280014352
1 0.365637691245981 -0.572933088853606 0.423481140844074 2.2836914674608 -1.34583739935949
-1 1.62654867046766 0.408765745541334 0.435780419097152 0.779259471583851 1.93983358326611
1 -0.849695613188802 0.353267610586357 -0.421962116551806 0.313822692959502 -0.852207959691404
1 -0.80350577615293 -0.17135607812818 0.751840377520617 -0.164810770343705 0.369775785357524
1 1.77268699240478 -0.0739235383595668 -1.59873230182134 -0.910371965590698 2.66767108939404
1 0.497904527278213 0.547133879813568 -0.773999631446897 -0.304384991390903 0.74393860996708
-1 1.75994515051093 0.677130716781284 1.30018699688482 0.825826910389248 0.518869290302183
1 -0.351004168237226 0.380215882077973 0.851382759825672 2.49106495654831 -2.06349391511741
1 -0.51891364903639 0.799458830997194 -2.17380377870318 -0.0624224992011796 0.529793885872827
-1 -0.450931979111632 0.73751403387282 1.43012141476482 1.10112070765198 0.760160416256682
1 0.394429120253954 1.07080872952195 0.606985213042243 -2.02007512471043 0.493465676293714
1 0.821542882858692 1.18919230156002 0.679316637996562 1.44668392410627 -0.771762868665104
1 0.601302865468522 -0.293030368492762 -0.0181984207827728 0.365683769803465 0.831009268946113
1 14.9984826517505 -4.74036507211104 -5.28522426571501 -8.55485633641191 5.84558094441163
1 -10.8203825281358 -5.76394769040685 -16.5093152859235 -3.01796406326947 -1.66866145708933
1 -8.67474529210994 1.78720523304560 7.26432964880371 -7.41148879003904 -3.20059409371496
1 0.864586346230625 1.54798903014111 -9.84290086200191 13.5121629637533 31.3899299198591
1 -22.9509225811528 -7.15618602603019 -10.8373543822286 17.3051765452819 -3.66712001525486
-1 7.76046499388746 -3.76519232688774 -10.3588184668747 -2.46762970856649 -10.6102501482881
-1 3.14135554880936 -0.386560066098658 6.49644168637624 -2.81669147280618 -1.38743772944429
-1 -11.1410016915720 -0.698263787046326 7.09379236428912 2.80713344527053 11.2941749461721
-1 3.58193825031999 -17.1098577033641 -4.42678100715722 9.00361719038345 16.2833971678933
-1 -5.27940627610307 10.3321739041387 -22.9705026378494 -1.51468032989275 7.59812734986424
