-1 0.50196841711567 0.394507454741167 1.43786798267375 0.490620880487704 0.890658687510082
-1 0.457086160438601 1.98428393129694 1.52830840789692 -0.275458896790786 1.01950087645061
-1 -0.134425648211095 1.10187377753679 1.08494639441614 0.365095556487081 0.363067825695140
-1 1.22746362777875 1.34747880100670 -0.65731562296251 -0.0171011095287006 -0.298061873221366
1 1.11176176606616 -1.92561820214185 -0.749289797906014 -1.69380314909012 1.85931177400147
1 1.408546149354 0.175250878805325 1.98870747463636 0.302988741036531 -1.74549175314761
1 0.293160633424552 0.430455063091498 -0.99566351591692 -0.170655250913271 -2.18823436187645
-1 -0.172624896513696 1.73683041438080 1.11032202500176 -0.764696406650683 0.767911207646
-1 -0.0106424712301206 -0.0463928089004421 0.997091991047112 1.29680262689448 1.11593143600729
-1 1.04948836714631 0.477677061439702 2.18221951606153 2.45467737997045 -0.721259914345391
1 -0.322027449509790 -1.15879899649341 0.1982000646419 -0.306101661426103 1.33367881599622
1 0.888918145117624 0.368134809723513 1.23987116262629 0.655057078527244 1.820373172923
1 -1.11658953232795 -0.978749891821771 0.75615693159564 0.658884244021569 0.112540338970807
1 0.965224972932348 0.531031002589928 0.844121467397792 -0.865117757041633 -0.0468657736420463
1 -2.30551944761847 0.130924039564617 1.02469051392916 0.957558616849405 -1.87601706700440
-1 0.331428008288646 -1.75580716214653 1.37414993695447 1.03100512285713 1.15452633927563
-1 2.47460348931327 1.25843124524903 0.00697662226962181 -0.730220253535797 -0.615401154246792
-1 0.942250135437196 0.248480139327809 0.586799509371144 1.05409204207190 0.846984702221593
-1 2.80306528918834 -0.388047768183319 0.982231828400888 0.46413676762598 1.11766336983261
1 -0.0461530372025912 1.29462410192799 -1.81568852836564 1.09141379753523 -1.66986554045088
-1 0.693365547076941 0.0982618915612853 0.320694719550100 -0.419124026718046 0.209309129029100
-1 2.62504543758932 -0.232110125460725 0.685352477650359 -0.228599215340076 0.378298122693247
-1 0.273074374434899 1.09763268246146 1.75199317555067 0.615092303781368 -0.487119364823799
1 0.326535814108782 2.410994968117 0.545076890018032 -0.794700272492292 0.6415276274534
1 0.153103188087898 0.102073357267875 0.427827986362884 -0.104539202191656 0.226083825836272
-1 0.834304981461998 -1.34983751261837 1.21977426797885 0.677063003745059 0.718181128009072
1 -0.306917654541407 -2.42453458431871 -0.488682944445813 -2.39857703275748 0.0610039410914918
-1 0.264858590637239 1.29508439874928 0.179547229131673 0.785999909385261 0.90741348939914
1 -0.467199452898857 0.398924842734523 -0.96763899833596 -0.0719619697137059 -0.211137615891612
-1 1.10369045179117 -0.311338997568889 -0.0879479252406801 0.269079562841732 0.270436369508236
-1 0.140381041397883 1.58504125320729 1.54494355012288 -1.06626504406011 1.10258370133725
-1 1.58481023541065 0.0319618153616418 1.13147318660704 -0.349304202508708 0.567890916681749
-1 -0.108370212106366 -0.185071102325150 -0.510740259873235 2.27203733767938 0.696274495123378
-1 2.06617782745472 0.532483910780971 0.00399925111277799 1.36071278440264 0.65348480847907
-1 0.211318331586925 0.761249402218909 2.96332076670250 0.352562914581012 -0.0742619719628007
-1 1.11136231945629 1.73382209797729 0.625123234157038 1.57364012488743 0.571576211477651
1 0.589388823416555 -0.220481809919204 0.691188427584949 0.102170138816749 0.406684273333776
1 0.68871425521799 -0.352248501475583 0.381858080003988 0.581789835652469 -1.35787323948112
1 0.80861788382746 -1.39655249377938 0.202962232987127 -0.97211084741019 1.00468674574732
-1 0.467351293391961 -0.110925398832025 0.189384553381511 0.699074152506624 0.626131066413114
-1 1.93619674994045 -0.384770885724777 2.48374612349469 1.26052344843636 0.243171525354617
1 0.967880696273372 1.63594636013421 1.72540228065915 0.733518667281618 2.00184085183285
1 -1.30672660544513 0.140273197933389 0.734514745103134 -0.639561475033551 1.04521814957250
-1 0.587116802103652 0.530467238912838 0.963889518275372 0.575770389454098 2.39349069028106
-1 0.691659746133111 1.91746904918788 1.84048738365734 2.59273948074923 1.24012673409006
1 1.21499518262557 1.38243409642580 -0.298124562350994 2.11292413329677 -0.87737152465886
1 1.17581873389248 0.096600975254311 0.520092987113358 0.419353003846966 0.225483840554950
1 -0.485528292823048 -1.57167441203778 1.96024705639493 -0.690442251069086 -1.14380402332691
-1 0.510635988519231 -0.396045800795176 0.588944232033839 0.366644558279144 1.65394436606727
-1 -0.133047679104921 1.03392525280904 0.0927827012027133 0.279720218108746 0.606723958842125
1 -0.838105068311831 1.02028589600567 -0.992682793689732 -1.29456936159163 1.65338034812931
-1 1.38709362968800 1.53362418951124 1.02159827824803 1.51095301120994 1.5853079866528
-1 -0.293599849752119 0.84632115172405 0.268748366650731 -0.963798146451735 0.315809530850681
-1 -2.15438621773670 1.62158889871701 1.51058842706869 -0.815829306413217 0.380515221229675
1 0.369573293368883 1.09248290228452 1.91036467848732 0.494381444765336 -0.209138121560110
1 0.264604400733802 0.511676160768267 0.885333274220419 0.34561576579798 -0.76011272266768
-1 1.74652762189089 -1.71415693495547 0.511950109855683 0.906878251986741 1.91630908577024
-1 0.93995081620488 1.2755859025303 -0.767606340071514 2.15626225569546 1.29439883238723
1 0.228024583572558 0.294856995226106 -0.342048918495861 -0.815269691141826 -1.50396960583347
-1 0.528632231797167 1.31476192187330 2.77872686081385 1.38867810432530 0.213909725862296
-1 -0.290763060925241 2.02769738101864 3.07842593892802 0.295204337554022 0.237188704740306
-1 -1.12382849586511 0.448427864372464 0.947388039188814 2.25920246188499 0.616638265664642
1 0.103835838245713 1.49892122257994 1.69294523391486 -1.46171098951105 0.0586632740364326
1 -0.87509508226806 -2.34378915662167 -0.0195947729305497 -0.594092990491247 -0.795760600324805
-1 2.12529180546305 -0.401140758763124 0.977406587080113 -0.893090292496391 2.02273489572497
1 0.0474084356015848 0.519573112444355 -0.102400435048771 -0.384235080731312 0.711581764735937
-1 0.371922514189908 2.22440328908272 2.29364042255495 1.77259653192153 -1.48868176829541
-1 1.21861642520809 1.28251719882860 0.741620042914477 -0.9105478711347 0.132457962732838
1 0.080026097945086 1.63972756980118 -0.139387718476736 1.19797803250070 -1.40588966956086
1 -0.72302109682428 0.270980833374529 1.06728660629600 0.511287155606804 0.464472848916071
-1 1.09229243814712 -0.760354796625312 2.89251396685883 1.17026215549881 1.64920366123003
1 -1.15746701518524 -0.920797377158584 -0.280483933509226 1.47582451794497 -0.594524525664485
1 -1.45420530978135 -0.624508344817636 1.75994700816496 0.248305951066192 -1.22333311465176
1 1.18551811027817 1.12846948164327 0.354757224225451 1.54055692419314 1.81572266493145
1 0.678455702661236 -0.122561036087474 1.01322948765521 1.28709880991984 -0.714839647245408
-1 0.377461356951603 0.749136176251173 0.385400272429194 1.98364578095611 0.575870039700052
1 0.363122893047870 -0.354069033699201 -1.26513054302758 -1.33079982898714 -0.587511746458164
-1 1.50843280535764 1.90058819729336 0.952390336081214 1.03773535473225 -0.940839569058802
-1 0.950390079842017 0.886886088443478 0.633790816862063 0.633436717442203 1.30126709582634
-1 1.49118195205015 0.95819097342795 0.838852371486526 1.03247940693793 -0.391040450520196
1 0.428307233217170 -1.25084900038004 -0.175952919801712 -0.79404402209185 0.34718513977719
1 0.0101468674943544 0.61151585239864 -1.47634976308726 0.266943950661320 0.774658179827923
1 0.284828081691567 1.34486668868251 1.08593916620002 -0.146953688645315 -0.99951012757153
1 0.837149426662387 8.3240937881077e-06 -0.425113393614672 1.10638301630813 -0.643397392980246
1 -0.0899367420124471 0.669542178066198 -1.55276847633517 0.132185860933001 0.133205707652994
1 -0.132763562541877 0.393572219642719 1.07599307262627 -1.16554482153375 -1.72981419287666
1 0.448577683651062 -2.24813541107499 -0.676666923278383 1.75360514917739 0.385006201572683
1 0.379871445596980 0.30244280454291 -0.104449850845190 -0.444700825210276 -0.502833414225692
-1 1.21151131904537 0.759271706489176 1.24871569881943 1.43474531959023 3.04845023088465
1 1.02308928728651 1.45351621619496 1.00929513978224 -0.804883842542932 0.227037077725841
-1 1.96073234724825 -0.521406813511335 0.499700053244757 2.33704006483157 0.0359835648776419
1 1.70811266933877 -0.356520643195007 -0.53379207374936 0.71540018155375 0.741388655869076
1 -0.74154722859221 0.0131362419030946 1.36616851875692 1.38962042397431 1.06475728365863
-1 -0.40087215341777 0.789613306508773 -0.6157633731109 0.421770529295501 2.05260128849987
1 0.9455353198907 -0.13959416140858 -0.361755074387002 2.06211912272769 1.63114453019588
1 -0.135277915001970 -0.628624784556673 1.28452957033281 0.276832726980338 0.584514520922549
1 1.39138555848541 0.550245938119623 -0.614887420889546 1.28740318617924 -2.75372808536438
1 -0.93301059912834 1.10716439042367 0.143709853994431 0.00830048253987008 -1.13652312608560
1 -0.180944493084858 -0.113580737439271 -0.887136359391303 -3.4677860177963 1.32190761000523
-1 0.663672497054133 0.374822094649933 0.628331254697204 0.592766385314175 1.84268234280812
