1 -1.57341364645881 -0.4241055481504
-1 2.44017439068288 1.61092254499964
-1 3.23492310776262 1.85941089746586
1 -1.29554073506750 0.965621327816614
-1 0.650670093221227 2.15690069092857
1 0.0618870343087705 -0.749357534578454
1 -2.61965515593469 0.76178204891358
-1 0.284766362408446 2.32409161232932
1 -2.65854033088335 -0.465902368482116
-1 -0.307861233789958 1.64941800103368
-1 0.59670007530285 1.11064151417742
-1 0.617142681284139 2.3427354782558
1 -3.00214857733346 -0.253391622631586
-1 1.98880973391889 0.0962618542937304
-1 1.33084235919774 1.16697219207400
-1 1.02559284936350 -0.710489693447386
1 -1.04557857952859 0.754547025701723
1 -1.26056825156010 -1.70623700712684
-1 -1.00570091381739 1.17764037842056
1 1.86591818226575 -0.699179729467792
1 -0.557906330884205 0.493738304499628
-1 0.139443524851315 0.995485830055958
-1 -0.0560524534644244 0.785312289065189
-1 0.326607340646772 0.21314827044063
1 1.20059272671470 -0.827958876283579
-1 1.02951158029063 1.43246434167707
-1 1.49487651393728 2.66829715500541
1 0.85607694982319 -0.570493596457972
1 0.984150374815734 -0.142347704033468
1 -0.8958963552314 -0.715237571874657
1 -0.214210001479104 -0.165256513940039
1 0.436280343996977 0.487357079875333
1 -0.77539495675902 -0.102166920721974
1 0.257833958480208 0.256247384764212
1 -0.938904279142419 -1.18053626773559
-1 -0.399467515007205 1.27057198118369
-1 0.548500790039431 2.65760190549235
-1 2.49411053291228 1.86971180851899
1 0.925455045031586 -0.548471022128182
-1 0.703383968217553 2.21008384892554
-1 1.31247738090348 -0.810956612852713
1 -0.843081672187293 -0.253089685136399
1 0.024224886483963 1.11698101023720
-1 1.42450640862765 1.70507198928761
1 0.261550692353687 -0.0415383184129715
-1 2.54572499542493 2.81539732902941
-1 0.403451640575273 0.599313933744414
1 -1.55365747782127 -0.131711424703416
-1 1.39041871300374 2.98719722730948
1 -0.340618690391679 0.0717772229404558
1 -0.276328763855777 1.23323303641712
1 -1.81533225556764 -0.294311733957405
1 0.137728965905554 -0.663656627164573
1 -1.56759050471499 -0.0416033247301971
-1 2.65405993334734 0.558622386634094
1 -1.13548056040702 -0.234596361823801
1 1.27240141858440 -1.51116920847909
1 -0.944926577550784 -2.83271299714031
1 0.570128487451178 -0.50213793645893
-1 1.00379592896293 1.63953588817012
1 -0.344734796908719 -1.08488719035734
-1 -0.081854695957653 0.606065479896458
1 -0.958648741299645 0.0730027747824012
1 0.481405869685662 -0.547010919789188
-1 2.97563011953726 3.85147055160616
1 0.878139580829289 -0.434179422057599
1 -0.396290517920994 -0.206803733142188
-1 1.19531584607925 0.686112063210086
-1 3.83774309716514 2.62851001461854
1 -1.19569434604625 1.09296344648354
-1 1.25178853764566 1.41033372234569
-1 2.3887889346816 -0.115140473589783
-1 2.01054370241038 0.282603687573977
1 1.39032137514131 -0.764366356868929
-1 1.73807747579989 2.28145554286226
1 1.44943025117656 -0.47674716708132
-1 1.47907524036350 1.10106223151187
1 0.945432289280734 0.387523827280293
1 0.454594272163452 -1.36027779160451
1 2.23962317425956 1.93172944619287
1 -0.37042531791623 0.192452310420393
-1 1.73132553648208 1.92605462341579
1 -0.521347152900599 0.221970176014965
-1 -0.081721674761563 0.423822488918789
-1 -0.849679813584536 1.68397637954719
1 0.702581796225967 0.744065541066893
-1 0.955229108400192 1.44630213026767
1 1.25780133703103 -1.03357414616628
1 -0.699154485058687 -0.110851304573863
1 0.726627808621293 -1.01372660404286
-1 -0.00163195747614031 2.8830677924569
1 1.2785664820627 -2.57961947692972
1 1.22404206929213 0.923852382623845
1 -0.907460907219986 0.916686156068359
-1 2.33857658891759 0.107403447342998
-1 1.76951463554946 -0.276514135558152
-1 2.28129398754319 1.82043347849859
-1 0.67529402933909 1.6915542157785
1 0.946531226327243 1.64502506328545
-1 1.39108799690100 2.64842764282159
