1 -2.22502534831667 -0.0703931910816297 0.523139749323946 -0.824751196209677 -1.2994850754703
1 -0.302195627054092 0.155439765696681 -0.502075535370886 -0.544553729866237 0.523176347326834
1 -1.53160086651597 0.894072089559333 -2.24396822036014 0.276810614340948 1.01867446924179
-1 1.58211477017883 0.0744817896897575 0.450310916179995 0.162781740495311 -0.891001447717095
1 0.219695875827989 -0.624110067266349 1.26117042818965 -1.32244099916902 -0.0580453135192373
-1 1.15355975860300 1.89310992837877 0.629546881170772 1.77752571408955 0.555845528286022
1 -2.06976388587538 0.0988233436042818 0.711513997859604 -0.294191285017156 0.0743394740621612
-1 0.3789544654363 0.396299032937176 -0.0363707428279361 -0.232782645126604 0.745074848510475
-1 3.08200585050328 1.51121872048125 1.86445526704397 0.0188156324025032 -0.654884496115763
1 -0.520016973034313 -1.22334739722930 0.232082624939560 1.63998199716939 -0.692743487202033
-1 2.26385707674614 0.87176816075635 -0.0686428956751483 1.74130803304089 1.36493369275032
-1 0.490571512328898 1.4762759726932 0.449457344349927 0.233992865325500 0.794597725207817
-1 0.776218527745238 -0.193949946279600 1.01292506281868 0.887087245884428 -0.149784135200150
1 2.07212433588958 -0.47691419215442 -0.599119757393564 0.963295309809897 -1.07781522155161
1 0.568324855112943 0.925218182738544 -0.264971080317903 -0.823681402043498 1.90334478363992
1 0.759133896719251 -0.374168359699701 -0.0423827921759755 1.18832936426378 -0.337755037060913
1 0.323981644459468 0.954764711697706 0.860490100066332 -1.64525866877938 1.3127011455472
-1 1.61663702070681 -0.0706663679346988 2.44111865994043 1.58136831249864 -1.22222774595057
1 1.6974201144088 -0.630518964341862 -0.704887787054033 -1.30783391998668 -0.175184902916538
1 0.272133951316319 -0.461400631578245 0.0806903184640134 -0.95965124246377 0.380621026968365
-1 1.01509821307177 -0.00280049703903951 1.3359599124882 2.14759119284073 -0.158386100451411
1 -0.0388974501990562 -0.486656842702557 -0.750295766851155 -1.28579074235268 0.248435845422212
-1 1.42840158705366 3.15296260515075 1.42919102773539 1.83265701488083 0.202301560083011
1 -0.471442639618575 -1.02927472437806 -1.56403748449901 -0.144090211955120 0.542474752390752
-1 0.296663169409600 0.317514371801688 1.42780945296427 0.0940130728531933 1.51990925682491
1 -0.542850740234797 -0.229808772120730 0.889446376547648 0.244698398406181 1.54407038950479
1 1.24665887235265 -0.191825081848356 0.177839964120775 0.495252841571371 0.192123171903518
1 -1.5516096923386 0.373649937060913 -0.72350846502957 -0.581335411674378 -1.54886983041298
1 -0.461596985340483 -0.269818295982014 -1.02549547591357 1.05344625389614 -0.130774958579535
1 -1.62825788986705 -1.13214501737455 -0.500599531400001 -0.372371879506868 0.739993386786719
-1 -0.272301938973894 1.72988303793072 0.612649908945141 1.44319948951284 -0.174950152335784
1 0.867444798681241 -0.876701794483239 -0.440849816932932 -0.74263756489221 -0.287272270282362
-1 0.718348911888689 0.28772391241133 0.385771537880365 1.04126017073346 0.514116004152574
1 0.635014246072323 -0.824651261770616 -0.660018031742997 0.11897848869384 0.982659201356496
-1 -0.528499333876681 -0.0769024658981762 3.11533285724757 2.68331771995766 1.35193277096900
-1 0.453728878846777 0.315412880408337 2.48194208795616 0.281324217697567 1.08439039978404
-1 2.95118017948332 0.75155802386225 -0.447498892764439 0.604563855268603 1.39536858289169
1 -1.63990912324813 0.79838408633949 0.0225613289564027 0.490646579116787 0.545367415322284
-1 0.743646699329892 0.952025287339687 0.88935032972757 -0.931486554116596 0.157081005698357
1 0.747442103113204 1.93496381903492 -1.07855637596429 -0.65826495416117 0.896418397215188
1 -2.87594877391689 2.12101123857111 1.03593782092626 0.89278340760504 0.566074213414185
-1 2.36057372749614 0.0967293874912702 1.49836286233410 1.27298618865829 -0.162114722691969
1 0.684649550209936 0.214134063028461 -0.349136175288399 -0.21971876459921 1.18997840828372
1 1.03070864599347 0.721757436378397 1.20059788360880 1.64590200234678 1.4358226224333
-1 -0.162302056764425 1.37162487517267 1.92353096439794 1.19670329169496 3.51602167776521
-1 -0.406708231098413 1.3863262182116 1.26371284272527 3.2828057070533 0.397061037383175
1 -1.01961803004235 -0.195744569208122 -1.19816588976743 0.643066663780466 0.936190685066444
-1 -0.471197058251465 -0.0140412855895126 0.782559376540113 0.151402663483233 2.62505300823902
1 -1.31309543161338 -1.58625077250470 -0.247195096754857 -0.696862796165915 0.0689121609943659
1 0.855004150522284 -0.788159831126561 2.04369942208139 -0.907081891233331 -1.80784433596438
-1 0.564795979419315 1.81576644314227 -1.16214988123495 -0.73671281370979 0.0820307858557223
1 2.38362661094757 0.818654130290814 1.73630957362796 -0.660362278943909 0.543337349820972
1 0.660223254793217 0.681501630081496 -0.754052222172404 -2.47367743491811 1.58207977956337
1 0.769306997062724 0.633688316007401 0.446418611512278 -0.454526139712712 0.928252225439414
-1 1.72639533233457 1.61350495723451 1.88995200037354 1.91643855685880 0.608703265987982
-1 -0.389879708378215 2.37551486418395 0.552311926223533 0.840570793301744 1.67243226161185
1 3.18438387504059 -0.0807256747977426 0.103320809843337 1.25406322474304 -0.244248568577921
-1 1.08023055698564 -0.506282788740532 1.12237152995677 1.03060970286834 0.667494124979592
-1 -0.0400999755494997 0.847055509762242 2.73813515764463 1.60277744496697 1.02629230167485
1 0.321964137565958 -0.256448524695574 1.23812871182699 -1.65718102681314 0.840275697111958
1 1.32461028487397 -0.375275138997420 -1.47289645738596 -1.85762099886641 0.610068797171129
-1 -0.376170220281174 1.71024548184276 1.69405158225310 1.13340246784942 1.87197488470888
1 -0.331437148614035 0.9947585027221 -0.155116613086737 1.42277787537908 2.50884758110006
1 0.525220885297283 -0.958858328489675 0.212097393098433 -1.68299920132102 0.538568748435306
-1 0.269735764366641 0.810453533625875 0.102742356638107 0.332288419009519 1.17995843201536
1 -1.22092819100722 0.0682786721837717 0.226258657858913 0.949778816543982 0.13428189554682
1 0.321567410579521 -0.521171031480392 -0.00416363647091265 -2.07696572455925 -0.230564399291302
-1 0.0341414658594394 1.65821743368278 0.270380375529339 0.401080560475675 0.901205459618461
-1 1.54382470758030 1.44504751199194 0.0264640317597369 -1.15134900878715 2.09054637408687
1 -0.922620512867064 0.329202684551382 1.6750448927729 0.95389510887188 1.33167840299093
-1 1.48672991403260 0.410422126785705 1.17868055747786 2.05884573722701 4.03530415253392
-1 1.54154938011027 0.0133222088944464 0.702271916331034 1.99975925295283 1.10340589417166
-1 1.71709703947192 0.324213811159495 1.71751351422485 0.554219438393359 -0.00280819370794683
-1 0.761441245983562 0.371214354941198 0.63396349403814 2.61556236662255 0.751238010940853
-1 0.831776632944497 -1.76263738919785 1.05316808084874 1.23216223859672 -1.35775706455771
-1 1.70303179892264 -0.80516725486538 0.553898128522496 0.743874843948057 -0.73345730694997
-1 2.32359604451834 0.735883318475692 2.06504425453364 0.847692176534505 -0.90597801232425
-1 0.725261419662247 1.56633572900053 1.87083711255871 1.93915538539292 0.713744741652359
-1 1.99535587828325 0.977163662697594 0.733786816640045 0.1133491587225 0.570265543487626
1 -0.836820809364932 -0.270016433562686 0.233252474070122 -0.560642241881896 1.12964575265104
-1 2.66217460632846 2.21090874972731 0.399686142390274 2.44656098758471 0.620344391442697
1 0.512957596943857 -1.07405960680413 -1.84495982065837 -1.16755800698490 0.705911785199077
1 -1.96993317805212 2.04588844648216 -0.10566834139287 -1.65242487555440 1.02472149339444
1 -0.308382817506372 0.644497090182931 -1.09616525078229 -1.00715240398164 0.195420537329567
1 -0.433997575209115 1.63042962127385 -0.799946370394417 0.233673920570559 1.49416219164864
1 0.0394073233397132 1.50113499768545 -0.597160885448483 0.24805150350398 -0.225715033271296
1 0.062699019208339 -0.440605056456209 -0.0508310455239302 0.791361996568354 -0.759186235016668
-1 -0.637713664480422 1.44465430826043 3.02399739864756 -0.233744915990018 0.698782811919779
-1 0.130544890119824 1.80707906077065 1.47962996949260 0.936024063833108 -0.266289506370665
1 0.329727115005650 1.64767200586526 -0.919226880032126 0.577816346932843 -0.543574529479571
-1 2.03811423717197 0.227908577257687 2.3508720377248 0.0845805074068526 1.44272217950137
1 0.840001468360602 1.06608712741485 1.99812496117968 0.610820798691198 1.38752804501161
-1 1.09827571769151 1.20406885064336 1.54345671095965 1.59774184288535 2.96045716518298
-1 0.244350331290028 2.34708735797443 -0.0393902209157676 1.28908906390802 1.75834628704026
1 -1.05239129932447 1.04167164960942 -0.112081932576292 0.266080206116670 -0.877068011548733
1 -0.32775259694363 -1.94581674219740 0.253360896884182 0.943584707438924 1.47324203946391
-1 1.01552223771114 -0.0990054189343061 -0.174979344044718 2.02264724912081 0.467376698964854
-1 -0.243276825401697 1.56121973824919 1.93357888742811 0.784160552670929 0.214865643149156
-1 0.174144138058442 -0.00907192782783028 0.658664566330508 2.33254526811088 1.23205742648855
1 -1.60972023689382 1.39479439311637 0.269187333061788 -0.47810044010021 -0.268108785375819
