100
2
-1 0.906049321501484 1.85330233090457
-1 2.10934331153567 2.37356686870890
-1 0.771382943661155 0.395415223738883
1 0.955435402360326 -0.217618524605836
-1 1.34774475948114 1.79422478425578
-1 0.716342050598786 1.42417399413832
-1 2.74961949233387 1.38485171940082
-1 0.718170664642148 2.08516727285370
1 2.46452461978569 -0.961302732285588
1 -0.871282025849369 1.74381038931903
1 -0.122388018640408 0.904995059651236
1 1.87407052850716 -0.0738828427890966
-1 2.04009907857417 2.83078943988742
-1 0.289710219143896 1.54123436802517
-1 1.61225560351909 2.16721340348457
-1 1.22973441632347 1.52879663025669
1 -0.612003131287369 1.09092270378518
-1 1.98801960887949 2.56498770439941
1 -0.218595917896493 -0.392426019434988
1 -0.93672029707306 -0.0294753188870589
-1 1.61302333747662 0.287807886994995
-1 0.442095721434282 2.88915065619409
1 -0.308326510928047 -0.329567621659395
1 1.05312987630768 -1.18147127455685
1 -0.47125298812301 0.212852615248983
-1 0.940639668635965 2.65932446039037
1 0.223220791738296 -0.404480154725713
1 -2.28194920916374 -1.30475735264412
1 -2.01159601149169 -0.555543856341614
1 -0.651067154067319 -0.74208904289402
-1 2.86088394738765 1.42621975004540
1 -1.15607280647858 0.579133393203592
-1 0.917973882613693 1.71001511486782
-1 0.558323057811401 2.14243921981266
1 -0.589189077715475 1.87376850554022
-1 1.65608715907861 1.47410309121728
-1 1.11267783923933 2.49220495414158
-1 0.817291159449011 2.34584767941611
-1 0.849326225754175 0.829740182293724
-1 1.54471899038188 3.20324786664322
1 0.0955542104569057 0.436111873838311
-1 2.26158493489006 0.804127423031796
1 -0.880169650676392 0.260854948388724
1 -1.76457479550108 1.84936058090325
1 0.788037328825538 -1.88886861668831
-1 1.45190180832546 1.76341334760303
1 -0.3519950829943 0.175422919230399
1 0.689471433441802 -0.860633292171295
1 -0.275586089347577 0.1363226930142
1 -0.711866862950471 1.11409754950442
-1 1.82434918224261 2.47346303920574
-1 2.6503182504639 2.14103708063534
-1 0.450964196397303 -0.175683515774379
-1 2.36692510562492 1.72002039725097
1 0.95225246564356 1.63987139498651
-1 1.88088765389661 0.757055669689005
1 0.405132031263178 -1.04524413007800
-1 3.41768519151370 1.10524958935903
-1 1.60772939453053 1.9170498031877
1 0.0696178514100797 0.219373937068395
-1 0.514715083958783 2.31741423171561
-1 2.27747794651172 0.713723905539859
-1 -0.379532432329429 1.70239952019712
1 0.456593616970072 0.146876532756902
-1 3.4343671506307 1.23954133631934
-1 1.90232081885240 2.53414168251656
1 2.12697402675475 0.315578114401029
1 -0.091020251801968 1.38245364867441
1 -0.440272891345896 -1.38404722646422
-1 -0.187472700465106 1.94765897320119
-1 1.01627056418332 1.16759683085059
1 0.743884220710319 -0.215399017419428
-1 0.987815667478039 1.24116191669977
-1 0.0644378434055777 0.26459275944434
1 -2.42795914189684 -0.509604514009743
1 -0.331420075385895 -1.11647013055157
-1 1.05788384393118 0.665482425132984
-1 -1.17947860412959 2.64961396910929
-1 1.44237206493464 1.36292057401232
1 -1.37730353193434 1.02997761227744
-1 1.39161539948855 1.34107626420613
1 -0.423549446250469 0.339323651545186
-1 1.09377162941222 1.22102060768271
1 -0.384652745981842 0.944636911149394
1 -1.18261456047031 1.29508907604808
1 -0.484615703798607 -1.40038937971644
-1 0.665101834555056 0.783495428562634
1 1.74456241836943 -1.71298638516298
1 -1.14885277983033 1.39122722695668
-1 2.52256575309822 1.3759730232441
1 7.25741269795214 7.00024106561265
1 7.10536760717409 7.04473280935193
1 7.06496449447704 7.02469613646708
1 7.00890570871715 7.11940687608504
1 7.07125591669804 7.08010867366726
1 6.98898104092627 7.03254859311258
1 7.31830083346602 7.11862215681041
1 7.17140451846676 7.07698612424789
1 7.04984114368507 7.14440877247231
1 7.29754715384612 6.95973066966087
