200
10
1 0.0534579384547942 0.313869483796961 -0.47788287460308 -0.852618786082728 -1.26225128841344 -0.0323471239009657 -0.0120683548714436 0.573495887714934 -0.758478050485896 0.208879131514093
1 -0.441799978786921 0.708496405387723 -0.337261032657038 1.56198438256835 -0.106210735975081 -0.152846453102144 -0.093972248538876 0.521942607704627 -0.429986622864441 -0.733647395043938
1 -0.344284781919136 -1.31035658518662 -1.27726713705896 -0.356022918311607 -0.520442030454232 0.419995869602016 1.42780489678981 -0.489718320604497 -1.24819711598272 0.634875478443151
-1 -0.351821443154835 2.11479141514868 0.857549525523804 1.72683599214766 -0.55770707962974 -0.0621097238328341 -0.213227069760662 0.573590989547181 0.445425419453509 -0.720507880551622
1 0.70042502500109 -0.0720717283724085 0.328260664861838 -0.174522731432589 -0.756148248094565 0.214670751297536 0.202136394903579 -0.666221736588339 -0.658229380219791 -0.210650695075865
1 0.752485746131155 1.08435241581369 -1.91679959909394 -0.335029119025653 0.86020122199678 -1.86052019637762 -0.190087708495915 -1.83252724729559 -0.160142203328056 0.672338418508066
1 -0.96410019774729 1.04475239963599 2.68866997166980 -0.634260353764713 -0.756410301687736 0.626328880432729 -0.529483779974836 0.631983399015827 0.690137280365294 0.789014611187693
-1 2.06333474017545 -0.281656211180845 1.64762868870287 1.10580489159949 0.182851937897676 1.73162993779817 1.31699968381472 1.92958664918883 -0.71527517017874 1.09548741262691
-1 0.612792171490916 3.31012812209769 0.618711638208942 0.611903507799688 1.16820846420977 0.936282978958011 1.11285695625852 -0.350830955616664 0.725437394761626 0.0247198722220395
1 0.0947214686879931 -1.07585799341640 -0.22332321282414 1.12863605449182 -1.97681100841208 0.556008716686588 0.783321866650619 -1.10209804121819 0.291219438413542 -1.93698412998451
-1 -1.09868623648153 -0.0368293682346323 1.93282152858129 -0.695396406006286 1.12707125231775 1.16888819085545 0.766259574883834 0.470864824408735 -1.28750881761778 1.58720963895055
-1 1.02809106940607 -0.739640338477657 0.4392344807953 1.48584622750480 -0.911031611243921 0.61660092809246 0.251273676217839 -0.339663752164434 -1.21510378702801 0.957624905470573
-1 0.250062736917086 -1.15912201667315 0.484257308996541 0.893988612420994 -0.274331475895377 -0.188369688842042 0.358196065729512 1.0006596276337 1.18624601127332 1.12307409733791
1 -0.743192515791061 -0.0788945485871703 0.0190524807028448 0.124006794683234 -1.32382644554382 1.75756373664280 1.84823880858129 -0.10845939410474 -0.0567430245328844 -0.807683530490562
-1 0.453338898066418 -0.345844928387773 0.309660515959938 0.767317608054615 2.33564207820498 2.47264360736945 1.59026092674140 0.0341414493404258 -0.291708986787839 2.3648064077568
-1 0.239117722890682 3.7379433303292 1.97970109043997 1.60285897837115 0.838593784573498 0.925093771524781 -1.15095393359147 0.286208626045860 -1.35947065666824 2.32519730254991
-1 -0.208200549261227 -0.598392026157707 1.50048013183209 1.12019277519893 0.752834724376094 1.55992163591357 0.673171398904075 2.13126637548827 0.146445743220018 0.921657312125283
-1 -0.165190908231037 1.17745040399503 -1.56689938890229 -0.661300257912854 0.193162379698552 1.13868545540821 0.183250726385902 -1.08444194274607 0.0669186157630562 1.24239488919673
-1 0.470674553729388 1.20897602664935 -0.369362815729137 1.74164454809702 1.08867656385407 1.93572881179077 2.54791387705298 0.823058413407054 1.42393383469018 1.66204989895073
1 -0.07441340358393 -1.01235953115987 -0.784200102936657 -0.948060145310683 0.745608273151233 -1.50642564407768 -1.64236661787911 -0.382408205952692 -0.23454567833922 0.310323707616624
-1 0.279843525934349 -3.76197295249292 -0.300145453629728 2.26522648537867 2.09576340784825 1.23732954877430 1.62793807679297 -1.70065237172349 -0.570726691124548 0.350067755874223
1 0.247659522817556 -0.0491304183006603 -2.06781472420948 -0.353671382056391 0.591308578875219 -1.71281666393086 0.327551337838909 -1.24954656904460 -0.885121346147747 -0.402069334189671
1 1.33076093920933 3.02107130627581 0.229279829797457 0.402352517438085 -0.467768894605592 -0.77643657938286 1.20153105514038 1.5552388112105 1.73116803234768 -0.223584957123335
-1 1.69551885585153 0.702770385784692 0.969802747853338 2.05434907839788 1.49023830197236 1.78664879644933 -0.665524281925596 0.677039679963481 0.114992607356815 0.433339687079237
-1 0.373258700055718 -0.361830118810107 0.326472206552627 0.584857212815423 1.30170117350558 -0.120084153013946 2.22804853584021 -0.800363359519665 -0.343894561514379 1.11412142484099
1 0.940012462658007 -0.113321649708022 0.0357850413816982 -0.230288791996404 -0.543557002244928 -0.45799926341781 -0.77312533319917 -0.241974687868576 1.49410190764447 -0.528377330650235
1 -1.02048529316094 1.53469113404933 1.37396403765709 -0.372305004203757 0.640697625734718 0.0424577230061329 -1.01094139246822 -0.229765609551216 -1.19093177423327 -0.345657449275373
-1 -0.441957095675605 1.37516370153461 0.120820582256000 -0.00187969658360732 0.99888353307798 1.15249398665462 0.257277043241860 0.329296595964315 0.560831618827656 -0.126090958040711
-1 0.826131490020385 1.38092477209711 0.802381458855793 0.527812803772955 -0.178083905519047 0.57201847223878 0.473212773653218 1.02182474781724 1.17580168056748 -2.32809816477403
1 -1.02373534873462 1.35700226924232 -0.00090744876318688 0.351705850489730 -0.636675791022875 1.32065645726109 0.0544551331322161 0.480961484246115 1.12481023262794 -1.97000455008948
1 -1.16238968783338 -0.139899163165703 -0.142695341217026 -0.146365194552844 -1.63536751420455 0.847454559798342 1.08661576175902 -0.0783701421766947 -1.24425978767326 0.436335971697957
1 -1.01838280585502 1.18909503487932 1.16513119282314 0.0553974620692375 -0.214592237957485 -0.780396962562666 0.700614410282512 -1.48546985877194 -1.22895462644554 0.478798830400373
1 -0.104066079582487 0.796740771679994 1.11426374822819 0.236817122559352 -0.0114606624274273 -0.877121864620674 0.769872396148565 1.18296228119835 -0.637369949559259 -0.444379181606327
-1 -0.322750472831751 -0.092995781463645 0.6025091092505 -0.0410172547671853 0.17871983831302 -0.297597139826566 0.281364214583219 0.977356742626097 -0.724564549808398 1.05369019781621
1 1.95077391849161 0.693810730690155 -0.800360211262222 0.200671718054625 0.357725520445774 -0.491537207165769 0.125544034703254 0.0196755376271594 0.718289583610476 -0.549639790763669
-1 1.38325041402751 -1.15887092327466 1.42328938398153 2.18543732516404 0.4827393031783 0.563333919696452 -0.282158871414102 -0.419190188358316 -0.651233089612368 -0.80563910495991
-1 0.896705690067569 -0.600403109892339 1.54232543115947 2.25868136025196 1.05766281819692 2.02520230283386 1.56368522050049 0.365200502575934 2.05652831833241 -0.708372076436772
1 -0.69806453652954 0.605651788846264 0.301943631900010 -0.598808887237548 1.06384899701641 -0.182297826939069 -0.214692155424196 1.41453479178787 -1.42878518528839 -0.351806177882874
-1 1.19482007675180 0.197627923455229 2.35928496687692 0.091433036844228 1.76460076163736 0.758144945450894 0.936530401449666 -1.49563327690723 1.76598062626182 1.58563719275432
-1 0.230548550668108 -0.350310937723802 0.888367501651888 0.727715573549006 0.469896647256151 0.0532248750758053 1.98008755474858 0.248198577321248 0.91731230006572 1.82339827373359
-1 1.95923717453656 1.1492130692734 0.688422376351254 2.12004170129311 0.553226588349064 0.50697668795482 0.399821637881666 0.163071569112694 2.35393051222882 -0.206969825975221
-1 0.887491739069534 0.912462988825167 1.28439790061306 0.67910078040457 -0.818659220657549 0.355518929165736 1.41200227657879 -0.757637472492792 0.107711974844207 0.0039817034746612
-1 0.9239668784394 -0.459489575926765 -1.11266644038555 0.582378250528442 1.48764342375144 1.58286240091491 0.521937463992441 1.27045383802751 0.595434065892239 0.185695894207678
1 1.22504576126960 -0.277022516051587 0.082487068466686 2.00100767170467 -0.755343610785042 -0.216231329886846 1.70981242361561 -0.292933900852950 0.872529424338972 0.166338803276839
1 0.122031037573690 0.308191138493748 0.721853999474159 0.498575729671896 0.22040631350324 0.0717390722222105 0.741716002295044 0.945658521497836 1.16227148716621 0.896460342703402
-1 0.972803760849017 2.54424724861221 -0.84589102028776 0.953918991025907 0.476613223905878 -0.440431318312297 1.23972698471443 1.10509845158486 -0.188227584812626 0.474532448168805
1 0.209180242318199 -1.12764299291389 -0.150418408276868 -0.688785927924294 1.92359422149895 0.739841324120507 -0.507870868570793 1.49570963279885 1.03229220081751 0.685359107684929
-1 0.00947306595598763 1.81304748098495 1.54717009663336 1.15267554121927 -1.44955702240787 1.17959571271927 -0.304577076605522 -1.03106970813081 0.807091459266902 1.30897959380704
-1 0.522658166735715 -0.303270472889367 0.178920512559492 1.09379800647815 -1.17476798229818 0.9469999033882 1.24753092548658 -1.02271709298697 3.16001293527913 -0.854498805880604
-1 0.492483073893614 1.03136399604293 0.891407257478043 1.82661684202952 0.124346269885594 0.634730003784273 1.29573464190912 -0.938201800535475 0.143198271437648 0.372155800682848
1 -0.644463361726549 0.690710063330779 1.40389916957686 0.833061046742829 -0.0355811369704931 0.752665311949605 0.519023305686848 -0.650055532621192 -0.187219157076761 -0.922267691395111
-1 1.71971341384988 1.00424223113478 0.673164622797288 1.38679933382022 1.17809768422576 1.89112319399764 0.291061750802736 0.925006808149693 2.36079069424395 -0.70491042058188
-1 -0.543447497624257 0.532148998696775 0.877812652983667 1.78751215225231 0.067464332915538 -0.403302254041317 -0.857286112469795 -1.04383325341133 0.788510435974123 -0.771435821870808
-1 0.547080555946446 -0.746956062449964 1.28440099721535 1.03876558882349 0.360326186753132 2.11698142813669 1.55552651323808 0.991403240622105 1.14711456726934 0.95991315938966
1 0.825238892374648 1.49056341810584 1.56122122439255 -0.478366545603505 -1.88473654177706 -1.36891894473325 0.0312089328353435 1.11805194521351 -0.52166009719468 0.727466346744114
1 0.936218952667628 0.865045259991308 -1.88919168462619 -1.30497277884410 -1.46003170820961 0.302929267561402 0.107939198403774 0.847519973087174 0.47561444132314 -0.509153308090801
-1 0.76021142143719 -1.22528437029899 0.891113628969216 -0.913618755366278 0.264064785932344 0.418595866156322 -0.068376099786144 -0.405167883675073 0.956181295171202 1.10746469170810
1 0.174294612250842 -0.123561476048941 -0.698775141079101 -0.0329771468649788 -0.0460871007981100 2.865865294099 -0.398951607382256 -0.654019941651704 -0.167416344827139 1.03474220576271
-1 2.12981492394408 0.279186491183631 0.801779635119686 1.22919014185160 -0.0953146049203561 0.862179642750014 2.08900974721374 3.28873006698806 1.71822285955731 -0.0599842440683904
1 -0.517643072152915 -0.203653647877126 -1.79447575660069 -0.275059172865209 0.54541909265265 -0.336612911939003 -0.0417356947559414 1.53433148669406 -0.428759017923539 0.584617354088307
1 -0.188140943896666 -0.257670065441319 -0.237253106889111 0.411712702272385 -0.759391717451337 0.485057852762805 -0.0750184903886476 1.04445402284555 -1.48926424623822 -0.605051136840773
-1 -1.24984975628335 1.51778643287103 -0.765121347799397 1.99856818000761 -0.341691486050431 0.431992119718767 -0.177397878949919 -0.2171551393675 1.18246563870620 0.715891278222756
1 -0.188595028411733 1.32216483824395 0.0227873986438127 -0.801895245917214 0.912051161021648 -1.22234830962167 -0.122049918782020 -0.575910398999435 0.463105157687068 -0.934131463565854
-1 0.799311097722694 -0.563107452794559 -0.26582561748004 0.752179896363628 -0.163588410863519 -0.166739627649944 0.388773490238774 0.616375256546599 1.49906279647681 -0.0733462219081802
-1 1.44868266694924 -0.70909130776726 0.442126189517023 -0.501752765090126 0.0903942875511654 2.20114110773948 0.96061192607988 0.120658871059345 1.56468736996874 1.7621636880538
1 -0.647165710378477 1.09680149959641 1.90199790443261 0.828695389768808 1.87128657357196 -0.181920569599451 0.724782674325361 -0.906191195832292 -1.23721897498058 0.231028967173435
-1 -1.49082071381670 0.775658831376354 1.00051566218934 1.23972726407236 -0.019502663944037 1.16849400218258 0.674120697337603 1.20621231075566 1.66241679461091 1.30089222922141
-1 0.221409632561585 0.921178039326047 -0.379639073829672 2.77152893279789 1.09648313839612 -0.120619580075097 0.706799646539862 3.03293393727732 0.846664777590378 1.33120393579399
-1 0.841930431898656 1.14596420784853 0.140767041389709 0.588827822741519 2.18451922109294 1.63202059742206 0.82516363238978 1.01620930688174 1.23210822381233 0.377154932005509
1 0.352458945099241 -0.98653985693584 -1.88727064069117 -1.16355462348532 0.363066510617202 -0.310011540919889 -0.0771306483704427 -1.20579870475903 -0.250174875370195 0.305081654988091
1 1.49484614778298 0.091815524588218 -1.02986774963219 2.35023844810294 -1.50422438262841 0.0691362500697114 -0.412701072201659 -0.583032505797356 0.0243382243819271 0.199438289007483
-1 1.03085576111435 1.85859021228687 -0.0343080261352038 0.235240813929138 1.78043932703486 2.05215407580259 0.969930210039746 -1.88116537614969 1.86540013175299 0.182992553326385
1 -1.53107703160755 0.727257647176981 0.90065536562038 1.07989272963779 -0.152318801753183 -0.396615245545801 0.0915281512630306 -0.585757065087957 -0.680571195391043 1.88695863136914
1 -2.12284298033748 1.72022528496207 -0.955788753496356 0.431154841551486 0.414123747966595 -1.02363629733285 0.728598207445477 2.4490362626546 -0.474276400763724 -0.739855453256357
1 -1.00942689470281 -0.27757097026551 -2.50130256134356 -1.30263948485497 -1.40596372328222 0.444602783182768 -0.926749058362116 -0.462083624440263 0.640818567281855 -1.23906469806554
-1 0.426740906333863 1.46249990777345 0.819552606448397 -0.483479676402008 -0.994260735651016 -1.05354985190716 0.576080816088758 0.900683308152094 1.42306625613795 1.55703171069477
-1 0.849321139436573 -1.11476711256021 0.0936116299288225 1.62109397620381 -0.849325601309631 1.65776308068074 -0.0179186564362476 -0.0325717774784986 0.066183725856477 0.577783556803276
1 -0.904826116848361 0.62684300887084 -1.15235441595417 -0.356530584043502 1.18729706147726 1.04210570903338 -0.56385354779835 -1.16931496292768 -1.24287489399159 1.41758701774111
1 -0.265682684289152 -0.756247573473993 -0.623711425700546 0.697736964743943 -0.991714477347982 0.207042404157457 -0.672791967934365 -1.45273586255043 0.842522776542223 -0.228245418811167
-1 2.15147690243654 0.198601157367946 -0.484354827276525 0.592950791267811 1.24742108967211 -0.207664618263682 1.91684921444889 1.03794100831839 -0.94371973717170 -0.00945685124290052
-1 1.11781118633717 0.133938189899953 0.752971263426813 -0.740682103282584 0.937193752186286 1.92339603921914 -0.0663463789848512 -0.0331839387189939 1.06112614502114 1.4809380371462
-1 1.24692470899676 -0.406744673843562 -0.0232679675496782 1.48657088913224 0.513352227339893 2.20623666830494 0.150095186857338 0.00661948954751213 2.01404625630127 1.24570535462044
1 0.422788096511799 1.12874109162137 -0.0610280061731161 -1.74082647370884 -0.867694290485618 -0.270434821662062 0.198833756808223 0.308291496693658 1.63696035828815 -0.500306944421656
-1 0.385901063308856 1.98940900245333 0.431690685363683 0.759705955165518 -0.061701683925527 0.0772910181842086 -0.247705873179999 -0.144621194654232 0.865020740000955 1.50029489388095
1 1.13945548363927 -0.134964806214309 0.71913392699089 0.966982598522868 0.0794599324043962 0.785697697263928 -0.718200561786827 0.613437644834419 0.854364035375541 0.936320667752208
-1 -0.911452343602716 -0.229329456014790 -0.274880887455825 -0.320444010953502 1.11288754068722 3.11402583438537 1.81721365626455 0.859851351070446 -0.389947142171750 -0.894666401439493
-1 2.24072370942390 -1.1173563879385 0.665656001495162 0.455270992713681 1.47415374510468 -0.0830001369173421 0.944726737607672 -0.929706148682691 1.64547096439427 0.775336073620604
-1 -1.08761782609582 -1.32904988721854 1.10268516609891 0.920327261204227 1.98304460429559 0.455416156147142 -1.01250122472213 0.292834468913732 0.422994824037071 0.175475188558693
1 -0.820074527739856 -0.699139284095847 -1.14588660536575 -1.26398861930731 0.389665948087425 -0.232621341402471 -0.767551001508316 -1.61514685744399 -0.683997361064006 0.195039293379701
1 0.854535757386014 -0.106319864141856 -0.344203802479749 0.151499129891871 1.39142967165770 0.890128668387419 0.138316104866276 0.537691862765826 2.65913857574146 -0.297930227080408
-1 2.1551454126908 0.664779997586469 0.870712099363797 1.32385114539521 -0.540637174568149 0.33504374202471 1.70274366967439 0.336867092479698 -0.405870248568919 0.438943141251953
-1 2.36455873451166 0.606447284335747 -0.386688960419607 1.31171140156247 -0.565746968590284 0.443486329111985 -1.48250970805482 0.748697900088059 2.49860836042588 0.30641904423151
1 -0.266614802225848 1.51003223827945 -0.60460965890712 -0.857137851242965 -0.271172446122156 1.11428299450289 -0.243342697384106 -0.277251850061176 0.146331548562358 0.549529669086025
-1 0.669404002126167 1.39006832262697 0.626731664094298 -0.227301404154091 -1.55418153061822 0.259160106641865 -0.189832292244329 -0.759170141749986 0.993764393311685 -0.586168813917068
-1 0.895996265452908 2.00581044697733 2.92496232360396 1.58291817708489 0.763135894941212 0.977730552769528 1.43014642793242 0.753768751999904 2.22739601124046 -0.105994254482834
1 -0.75529531203361 -0.228764306819910 1.10429711101722 -1.65006997314955 -0.592260330900612 -0.974751237578154 0.119852919532516 -0.201752507578044 0.95465504799680 -0.132521857652619
1 0.900271139618627 -0.0784970065859595 -0.87473642497093 -0.691512642661115 -0.866067089957586 1.25847077274473 1.16591732064481 -0.392477277897458 -0.154552645699799 0.339528896079722
1 0.193573755092681 -0.388548429416199 -0.41246507414915 0.253601105974565 -1.10795855241957 0.0158810509450842 -1.75309511446667 0.972755630829155 -0.0321119844616966 -1.32564504064419
-1 0.542063166172719 0.531846430989708 0.301761064542705 -1.62382445889976 1.51228018035220 -0.104390027128476 -0.118995927179621 0.219535108415446 0.907994883728808 1.34991137312110
-1 -0.192825510062258 -0.975361537337282 -0.84914345907186 -0.216123600069126 1.17308007713878 2.37037974059442 0.989466237839835 -0.0497920884323274 -1.12292941259532 0.774691387178779
-1 1.77629249942868 0.432894198331861 3.57397866266097 1.58367925370047 0.306645642524033 -0.994071870398534 1.57948383840785 -0.234412426360859 1.55724060110035 1.74226415347047
-1 -0.721087096103613 1.14560992663127 1.03255161999212 1.02286389756464 0.0247815918196198 1.19916652217308 -1.85136927208473 1.02959424705561 0.806209856583476 1.3743601098489
1 -0.0288583670675335 0.969476597080862 0.617420576245292 -0.34592038663171 -1.50046974174498 1.22731304134735 -1.00357572414124 1.02474571053924 0.542864143645961 -0.99230486538791
-1 -0.264651846657399 -0.426147855289901 -0.394320688466702 -0.0188091011490421 -0.450665905959231 0.411412259669899 1.05835809070188 2.81031011164427 1.3154685658976 -0.119457844736135
1 -0.867465693041207 0.991693711415756 -1.11846842100294 0.636791119402879 0.124035912964793 0.778355319144485 0.831714159108772 1.60762507353071 0.893179991708321 0.602397041276622
1 0.824182026026294 0.655220310878857 1.04093818249046 -0.583271111944069 -0.534927974910071 0.207109552274069 0.631445993092902 -0.473092465523795 -0.572807012574458 0.822556528956319
-1 -0.855576192160077 0.681477945463743 2.08545786636424 0.328677777306615 0.628283374541422 0.702934975798265 0.267025290927076 0.839801511671632 1.90394867394673 -1.24307146509318
1 -1.37095797421115 0.294938216564198 0.421298675126480 1.39178491482208 -0.498831272101513 -1.24060600372579 -0.835121757883823 0.24588291943862 -2.06960058420550 -1.0549831822959
1 0.505102846141994 1.17272500656157 -1.19184921788524 -1.26707856606999 0.405502736906637 0.97494550541195 0.844761788887231 -0.615126711994221 0.380028367436177 -1.19856771146172
-1 0.897582560052578 0.899717147166828 0.314853330664710 -0.220002287013948 0.614038862760006 -0.995331146608458 -0.0968817339878677 2.55807798416658 -0.337439218692585 2.05507407550490
1 0.0816570291593341 -1.57991992318770 1.49688213804947 -0.981381929228076 2.27470027228046 0.94079148753406 2.05657724070298 -0.472128868868394 0.122554141378514 -0.117874197928937
-1 2.60893045001052 0.832356861560345 1.67844198028906 0.381354259914249 2.36970031461091 1.35411186503726 1.22249416028758 2.36005981052149 1.62259653323756 0.319543217645
1 -2.69092467079053 -0.0895725889981647 0.607378931303143 0.893545635897253 -0.790823893651932 0.457169187395502 0.298263157050742 2.69688446461607 -0.885735856540922 -0.858721002063507
1 -1.66769037534825 -0.418436586955296 -1.44153406520063 0.091251101523858 -2.15402335207007 -0.317555640382048 -0.972195245301719 -2.07024312339716 -2.58972902695395 -0.870581087155545
-1 0.342128065945658 0.784243790323439 0.779366975476897 0.176912843062364 0.337298894117625 2.42604631699151 0.447739148310926 0.116058936341309 0.197932464446369 1.20083262041432
-1 2.10275316641888 1.78147921468855 0.228322025680792 0.429297851760361 0.0563978540567398 0.707429651487278 -0.159234510857911 1.45745239395846 1.75502957188249 0.925574283072434
1 -1.56788760589850 0.430356414390055 0.538625024414068 2.03040459049242 -0.260176261196101 -0.359331694318082 -1.68630807901200 -0.470575484112035 1.20058047265288 0.397599432530432
1 0.697247287431677 0.134684173878983 1.05843481038689 -1.49157718042159 1.32008636376101 -1.71597122150085 -1.45750926372253 0.523035056314735 -0.495151836831532 -0.95833635398568
1 -0.694153404164565 1.01494216609288 0.738000803283508 1.53346350733558 -1.05583194537345 -0.425607944869118 -1.59052304652396 -1.21356811046206 -1.21337144826566 -0.457998085284866
-1 0.783107035270425 0.354714893770961 0.412274901956427 -1.49691266168243 -1.81283024154066 -0.634881913057402 1.42321807034240 -0.0871878207497192 0.616821361357883 -0.156100994615294
-1 0.919109613190485 -0.291535029382309 1.27221158343599 -1.489624049556 -1.49161290636747 0.402929600577008 0.759787522640804 1.38977458517570 0.471565757953687 0.418779399639867
1 -0.70248791268187 0.999109173718717 -0.581437961820022 -0.681932162193726 0.156776578082585 1.38573105223961 -0.873927381396954 0.0791805268668587 -0.526656417962502 -1.03730827424642
1 0.6312070617668 -0.205739448730238 1.38732964231442 1.09117210558206 0.96546792715656 0.793391544062334 1.67043569046536 -0.493691541651433 0.673809903473372 0.888968982627644
-1 1.00766934063459 0.145764401257188 2.59303580390926 0.141953150672113 1.23780407139140 0.325254071600655 -1.24367915347898 2.55325737477970 0.473589545191658 1.68986106819072
1 1.27775231295723 0.922206627950987 -1.42908352665062 1.28003980685855 -0.457447743981644 0.290353452918736 1.83365391960336 0.698450463517302 -2.05308516216592 1.19930818074834
-1 0.000882126951663564 -0.503302425190695 -0.0273095599247482 -0.609914733631449 0.1156747841804 0.486405634352589 0.411332037251402 -1.22808191178949 0.412159792316368 0.477989550025663
1 0.705649816181802 -0.223927449275427 -1.39168977176591 0.0287777270832664 -0.266493323690117 1.61506779617171 1.91061088428177 -0.95642942922107 -1.33173058324236 -1.16691561297825
1 -0.0510589801712462 0.68392608629856 1.87371864993934 -0.405983773905542 -0.255607339565197 0.302787276856477 -0.458214159243715 -0.494637474523498 -0.212603330486102 0.752253545175192
-1 1.24719257543294 1.06179792495739 2.07935133699761 0.984087483561985 0.50161974022234 1.44702539490743 1.18395498380726 0.316038194568128 0.920200219458284 -0.320551816070849
1 0.47266832371682 -0.183256004211284 -1.42671234521053 -1.45682272018223 0.550976698007687 0.507953804560166 -0.37188262214319 0.992261009333892 1.23153892976207 -0.348504394804218
-1 1.79635511543671 1.25653144527964 1.16600222796273 -0.868178945893786 1.53582272057831 0.203442695792806 2.20933614198044 1.14157433984009 -1.53419657496551 0.576496338683998
1 -0.970417684610914 -0.121766928207070 -0.78061311936932 -0.815966638860242 0.512955478080467 0.00624660996813858 1.4094146551419 -0.75612172400572 0.147661646858024 0.0372964769726949
1 -0.772948644211553 0.516089347882629 -1.91698350921500 1.96309964303589 0.148727840189198 -1.60888496872674 -0.333148043396056 0.033225142945884 0.611031918739032 -1.18061018968262
-1 0.320552105287581 0.71597673658845 1.04646783091060 2.71005870545145 1.69562094858596 0.996399119908426 0.0217206572628349 0.710889778983624 -0.218237406259788 0.656317349924873
-1 2.69382273148904 2.18319490157225 0.835640809671752 1.67860935760805 0.143715650049806 1.00817581574728 -0.200698683265257 2.11822873737756 1.22292582572794 0.76347052277632
-1 3.09033435650535 0.452343266258683 -1.45319834824654 3.12782832458854 0.572467294508772 1.2835160320678 1.55575387671954 0.387086609774558 1.72482114293852 -0.794838818654835
-1 0.750335263291007 0.237711604968021 0.246699507759976 -0.139564014313165 1.37420645517761 0.112296687725562 1.56165558289574 0.489450378120967 0.280271245815494 -0.286672941275243
1 -0.693227634082608 1.44057984777492 -0.908387575971297 0.00185845251719261 1.73111215743719 -0.602888305750166 0.108928579439125 -0.279425765088046 -0.479307654245633 -1.05786461990544
-1 1.17837584244826 2.12096135383650 2.18012757863510 -0.458034473185128 -0.102976157770347 0.404835699401246 0.925390233084343 -0.44524508883254 0.699818471287835 1.06748708783102
1 -0.0899969041579797 -0.36819670465157 0.166811653214396 0.161758140571419 0.666194509865582 0.980054807752005 0.308174468731468 0.0218583822200920 0.474665445035075 0.551548012573259
-1 0.868891621491165 2.33000111662017 1.06417133966652 1.09076753475110 0.205223664208756 0.764022457959662 0.162125596103516 -1.1190097830281 -1.26332967236764 1.35050185836691
-1 0.355886453526859 0.517791098362161 1.12386138969792 1.76791785305344 0.984199827855965 -0.0778946721954651 0.742524081418888 0.273289649312999 2.36189834914043 -0.17650185842217
-1 2.7821427629 -0.203612234858117 -0.0385795873584863 -0.394670213528094 -0.711625985018245 -0.0172347493928169 -0.365454167080231 1.01974564120114 0.0485238546508719 1.28225990957237
1 0.231647410284076 0.0957958765345682 -0.87174262647629 -0.413801839244219 0.164836557672148 -0.0197381165491059 -1.84767478701919 0.905052901319592 -0.39835839494179 0.63089414010637
-1 0.323664484022092 0.89312895580675 0.0184639149514686 0.979164948347337 -0.140355301942745 -0.150650084090694 1.9332964142925 1.02766894701744 1.64041876856091 1.38797231816926
1 -0.126790530963537 -0.127969373600906 -0.69112427778961 -1.10891824289889 0.672181295917061 -1.68204701482524 -1.05563720261825 -0.935382282915182 1.80226068177754 -0.411243275527225
-1 0.337499361745205 -0.0208862238835295 2.22274368308356 0.385134286030954 2.08173901007158 0.156184549697183 -0.143097448153392 0.68542130901906 0.630771315724547 0.79143560872749
1 0.447104166355066 0.955973290501913 -1.43761719106418 0.223977971409667 1.54922037735986 0.99365477410071 0.936947113498783 0.407916353549365 -0.461942821183226 -0.146467411256947
-1 0.714568629667387 0.496801429847018 -0.896215202683439 2.24305543920545 1.03160911099207 0.636014200978456 -0.70225703259887 0.246642860206912 -1.55257913024375 -0.831955367331507
1 0.857546639741781 1.03944092434676 -0.554115094445335 1.73836747584322 0.951059377942004 -0.0352335291112485 2.87309690482255 0.596374802724957 0.546742609149362 -1.37929828771586
1 -1.28392851874614 1.56170355559252 0.093432122353542 -0.411614718605065 0.335908039325120 1.32213517213857 -0.503138318275667 -0.0575521474284567 0.312962691970364 -0.495225339348869
1 0.0458612911952621 0.185907384785031 -0.539972712644591 0.243447271686493 0.582941220791596 1.38984788498134 0.91208121167351 -0.223711255113707 -0.539600581690279 1.27351215664837
1 -2.08923881551576 -1.18803665983709 0.236925063474668 -1.38117583079133 -0.191896555819118 -0.501240128045679 -1.27906207508716 -0.102287737814928 1.54576756202288 -0.207436579915736
-1 1.43869002986635 0.579744331491896 2.53049702295168 0.506582715021713 0.323852251582736 1.68565306252343 -0.424508679083672 -1.04618961866346 2.14093120070255 0.854225093879609
1 0.155607087848895 -0.84014064241563 -0.95806144401372 1.16434787703403 1.16066415032949 0.346155179019901 -0.339494951844982 1.44689639483103 0.126728686027861 0.203819275306477
1 1.17793908213033 0.329773405974771 -0.0166617086982256 1.15553928904054 -1.95644658816786 -1.50172854652933 0.375592092270573 -0.731987764485703 -2.12725557052846 -0.802338599996491
1 -0.187819584275727 -0.384330382815271 -0.189380877250466 2.28280077155183 -0.762089263182414 -1.31325357449912 -0.91635075676181 -1.73570571278273 -0.0656245670492363 1.54014633604627
-1 0.447467145423180 0.569774503228363 -0.220870433200314 1.05887771586847 0.516181680846334 -1.14240925993052 0.183663302971096 1.09694364202262 -0.129919169755429 1.80096080888881
1 0.128522529460526 -0.968717041473443 1.53959065835528 0.170701784790421 -0.159905269248562 0.148226838731102 -0.822028791662461 1.07711011612072 1.02317790986694 0.393940411473135
1 -1.08074919249426 0.0754658519399169 -1.24698962590220 -0.0190268708700511 0.7980273322561 0.835777884267064 0.233671981592281 -0.372842733282278 0.139533983639999 -0.54564199351126
-1 0.71513602397009 1.07351775584395 0.350774794417122 1.13104724924173 1.10464835130927 1.97556302108271 0.168386502262484 -0.466205337403564 0.00997918804922082 0.122233169805937
1 -1.64664209085308 -0.0895823276893079 0.626406454554598 0.128318605935372 0.857646548026875 -1.33721419691711 -0.719572400494585 -0.92024127711808 -1.11329234548299 -0.870097120625227
-1 2.26170849937429 1.43866764047404 -0.143305315324714 0.753741234214396 -1.37026829899289 -0.437486910458943 0.378379175725790 0.94611934091615 -0.084801825941955 -0.256080753445479
1 0.761191138486529 0.387240189482630 0.0215307625799393 -0.882561979380138 1.15115145498966 0.196359316512199 0.829091067715002 -0.672128503775453 1.01877175067074 -1.20400930752659
1 -0.556544977187899 0.163052850424246 -0.267020585853976 -0.033451686019572 1.22015775999019 1.73622769059136 -0.916227315166054 0.147277738754652 0.628999427615592 1.28611719983574
-1 -1.03517179931140 1.22278469998752 0.902228502506327 0.415321368627256 -0.706116830518134 0.337700271956978 0.705692537330697 -0.198770788395722 3.22225885138738 0.41638347530508
-1 1.59878657095593 -0.496906471813639 0.326829800712158 2.15265259049147 0.112987343331625 1.93417600128877 0.876559074543462 1.33696759658945 1.45421044342042 -0.158294833936768
1 2.11293305023356 -0.628764696003699 -1.39344757826052 0.785364656936033 0.628192952978017 0.617586932698167 -1.93235279419512 -0.616474456129897 -0.703426208802065 -1.26280444260908
-1 1.52717593598377 -0.64710814027273 1.37010658480477 -0.377894867223881 0.814157318552176 0.664817285403408 -0.068474865485611 0.777354835115613 1.61936903557124 0.0585473890247522
1 0.89174545387875 -0.656414019248359 1.3113441234118 1.01060020584028 -0.868086676178417 0.0812783922111712 0.245448239252571 0.598322687654597 1.48273788767546 -0.282618155676285
1 0.793523585666656 0.685040526639913 1.27361262111407 0.114177361449288 -1.43118321391828 -1.34852420706381 -0.664721719591485 1.63967762926448 0.605005878898873 -2.39543798114523
-1 0.5707213844406 1.11978100067554 1.23137028574110 1.40919789978717 -0.598203930692523 1.20901188457353 -2.03588991286391 1.36117799228890 1.93230404763464 1.07278086845570
-1 -0.0432899149218013 1.01865273512573 2.09266285032943 1.28538941741248 -0.539688523434938 1.44024407685782 1.91964385128679 0.494241089132099 0.868310280821153 1.40425252820643
-1 0.137021292149748 1.55849650159242 -0.587374796719116 2.09131480096881 0.0883833613046824 1.77856075810185 0.315522857417242 0.0102979193825204 1.22746038048657 1.20859399648292
1 -2.18159988247209 -0.549664730687737 -1.24962658535117 0.963305740181907 -0.600243836624959 -0.345651368177430 -0.56790574242773 -1.04170414467552 1.29659470691428 0.608230018779007
-1 0.0284292933668003 0.839954622482854 2.91757762311566 0.585987305119404 0.73115112425243 -1.18335570633245 1.13451834817316 -1.21734370808924 1.43861481808164 0.887552087617955
-1 -0.772740480759469 2.12271867296038 0.169668967210116 -0.236698930939659 0.529314268841886 -0.679546981716668 2.21706498428492 2.08276043122261 1.86710660637162 1.02539497800057
-1 2.96842311634044 0.41841143208129 -0.469730650229843 0.071019135956279 2.25585617387553 1.23877915858783 1.54569870699767 0.194395215556684 0.660560529558735 0.733948226245629
-1 0.926881212366492 -0.283987536464298 0.485182662968397 -1.21571983498676 0.953786726713428 0.874877086375502 -0.873060527841176 -1.80844218164486 -1.08377974455501 -0.496221879843652
1 0.0879130523079893 -0.13753663786428 -0.0041358527332109 -0.990001112190528 0.267597307934567 0.404420055212936 -0.731262247743883 0.911580983776593 -1.73958704783086 0.339367808637416
1 12.0309045952413 0.303012308725628 9.1655258453407 3.31933645003752 -16.1653516220181 3.75490359399964 12.8084526516200 -17.1950152398738 -6.33282840317714 1.46450382350463
1 5.42556392333963 -11.7923939338764 -0.414324423019792 5.58358584968257 -9.45047562718772 -5.74754307825407 11.2485018724085 6.15941493268572 -2.26092723252415 1.53982154824344
1 4.40298351038326 -3.19594269655833 -7.82336020684335 -5.74070516016259 2.87548377668801 -3.56871121387369 -14.8105404145701 4.28551384388838 1.53681344357341 -4.82468576096897
1 3.63167964939195 -8.13421786505329 -2.29972696309226 7.98575381608746 -17.0666400586892 -1.96815592555471 -7.36999135684129 -11.0928517005934 0.719254412954655 7.37784869891952
1 -0.89365306027013 -8.67392259060102 10.9299401847333 12.8717541134446 -17.2535747448368 9.35159224204299 -9.00569969690695 11.8445458703075 -5.82495581368059 -20.9753765193838
1 1.97094545000570 -9.62577168175532 19.0721511088374 1.85258220574078 2.05645222356517 10.2990870448277 -6.8081707937164 0.776454914057128 -4.9661517926194 14.6063266022890
1 13.2960512048370 -1.07596626708026 1.44004049151115 -1.09193205921974 3.54328077676471 5.55044499260981 -3.99578291273976 -4.77214831656841 -6.97492591232957 14.7215850517194
1 -1.37761048514662 -12.2102396387764 0.767766452668886 -2.65501625164557 -0.0703534571735647 2.38832342283855 7.45690431515493 6.7755613545485 17.2824184742110 -1.76249013217406
1 -7.5433666850418 -2.32023889809707 -2.1432629421291 6.39175955291178 -3.6978222027807 -0.390209880423102 2.82399645279505 9.7486873189099 18.8631383142387 -25.2776632582737
1 -7.06794624785207 -8.26417925554769 6.33694377861242 -6.61820698409553 -3.80678768281399 9.960022742274 5.12424485833522 0.538583275935552 -11.5985681302956 1.17033300385906
-1 24.3697085160384 4.29464609133104 14.4879012646275 1.66240893937562 28.2114150285423 8.126959879949 9.72721282195138 4.65745065067948 1.89018329300094 -6.46842277573315
-1 10.4243712259029 -0.239140174720700 -3.85714965243752 2.27763574836873 -8.79097343617713 18.9694438270941 -6.92524566892437 -1.63653163796174 2.06481044843573 6.33083092342233
-1 4.27065785086114 10.6700973781241 4.30007397047550 2.26241689797265 9.13920859334032 7.81404325725857 22.0323446210312 14.8403695217797 -10.7493880025122 -4.60289975550943
-1 -0.789097189624136 2.35972738454164 -10.8340457159542 2.17400451085636 6.25836430023227 -9.26731756668596 8.9253765381083 2.12056039212592 -1.19537907892646 -7.30309251582814
-1 -1.52196700490223 -5.33697223308136 4.47627836798902 0.42909553061426 -15.9017854217788 -10.6260449514709 10.3166611850874 8.29029315856146 10.6777739835520 9.52213092840442
-1 1.66171104903579 -4.52881869636975 10.5600030270651 0.658476877650429 15.3685412259589 -5.11382019719001 -13.1716241582310 4.07028862970687 -8.2507277434871 8.00946858193171
-1 11.6997901173226 17.1052092200057 -3.72466696756199 -2.14350661121451 -2.63428361930685 -5.26178597138156 2.47726029270664 10.8007004333958 2.11895441828249 -4.19259316068932
-1 -3.72559830545844 -5.52528653187035 -12.9980858016712 -5.41217349309651 7.18661897878585 22.7154069624739 5.41519197063075 -3.47134593119257 4.92908876723358 -0.104204336497013
-1 10.6216812968133 -1.56590912723851 0.855850277301399 6.30643166742284 7.26646575701904 8.93955139575894 1.23064688300966 19.9825281833334 -17.4600971219268 1.54901567344835
-1 -6.36064723397454 -6.10247315514381 -2.34679407802587 8.23256958172153 -5.86119470473708 12.2749383527900 1.26010426396078 -6.81285663663835 13.2257895065802 5.28766684474908
