1 0.156962455814882 0.376563022530641
-1 1.40211746299989 2.96221877535176
-1 2.75957128044327 2.45897297635142
1 -0.359388990260371 0.137901303373441
1 -0.239224447263884 0.00439138678485212
-1 1.81020607117943 -0.200831625267404
1 1.51827713856757 1.36437561581180
1 -0.00204937895286387 0.483959050378577
-1 -0.73977817390789 0.579221153995321
-1 -0.0847323733474699 1.46814734929126
-1 -0.0721472288927103 0.769913506247329
1 0.234046018909549 0.280559833035901
-1 0.510926090757807 0.8585594224217
-1 0.854764864240264 0.986925932872549
-1 -1.36215336701653 0.69648683255619
-1 2.00205830333094 4.41636894019779
1 -0.412294794169564 0.237003963367375
1 2.61726170829668 -0.531128254359889
-1 2.26275548003019 2.14438651139589
-1 0.841226380812289 1.36209957265623
-1 0.764984025289941 0.365260411289959
1 1.13588386861502 0.889978070407435
-1 2.77413523098286 3.57130706289909
1 1.37126125110713 0.68677661423973
-1 2.00968387295906 -1.44038931994815
1 -0.467421658218632 -0.800864666449057
1 -0.72741114413156 0.340811547069436
-1 2.23158517898111 1.12927851927911
-1 0.76716979499235 0.173490102742634
-1 1.46268393719923 0.983219377239881
1 -0.619421917156881 -0.130257330789765
-1 2.43422952229209 2.29790987279350
1 0.254414348889384 0.97768746052571
1 -1.79218954720025 -0.260842146117122
1 -1.02946700086951 0.457133798700564
-1 1.45596182414794 2.0250144297105
1 -0.288518407908081 -0.140924389991274
1 1.12818863873719 -0.317705654988883
1 0.136068152477398 -0.260740054009949
1 0.584519591990385 0.818558343040917
1 1.50375689004454 0.087600950163524
1 0.0325179133279023 1.08444910670349
-1 1.09314910443342 0.376337925841681
1 -0.903048912286408 0.803181801154498
1 0.289534109760973 -2.11513972351168
-1 1.61828617078662 0.522802064809502
-1 1.6820224006884 3.23925172230356
-1 0.962133858755865 1.18018324338392
1 0.327261067205693 -0.248259469130432
-1 -0.077312154418403 1.29658663571166
1 0.731538875384915 -0.0753061198558228
1 -0.255685982678446 0.503458219601951
1 0.660841886401268 -0.934699969857192
1 0.358671536156168 -0.482137260795555
1 -0.515452603397828 -1.73962290735011
-1 0.237702822853986 -0.336361457939558
1 0.0601864656173179 -1.58308996887183
1 0.512312592455631 -0.84963008479687
-1 2.47622176964847 1.04270698057388
-1 1.56777520966698 1.39427807463045
1 0.803025532349132 1.48950389437105
1 -1.84393234787346 0.0879073625584405
1 -0.929700270277362 -0.0550175899825748
1 -0.96899450580931 0.0439798149397975
1 -0.558450212468345 -0.222506947836035
-1 3.91044321874343 1.48889333994077
-1 2.25898670767964 2.19046961478436
-1 2.14844813491258 1.28643472210243
1 -2.14697419926417 -0.289381499963607
1 2.07874773684833 1.10856992138064
-1 1.92579119969033 -0.126369864476123
-1 1.60848013591030 1.89941819979762
1 -0.738920987740496 0.0323475296222174
-1 1.17570969740132 1.06848571222457
1 1.40892462667134 -0.283906318717206
-1 2.40571727442752 0.315344859456234
1 -0.386073161560437 -0.446473398304394
-1 -0.578851690951637 1.30561510586565
1 0.349342330487109 -1.64314084875062
1 2.08328626093689 0.134580700213303
1 0.412046242797040 -0.998503783291921
1 -0.814344908072519 -0.253902115487658
1 -0.408120071251121 0.011485426952638
-1 2.25323517656034 2.08200318871431
1 -0.259881618558733 -0.84942901725024
-1 0.51181723706358 1.32824571259069
1 -1.10220590426141 -0.0130022451054154
1 0.412842972320142 -0.0139042322097491
1 -0.369659585071706 -1.40054592036264
-1 0.637775925719485 0.0665003711630685
1 0.527526654629969 0.595801386872622
-1 2.95114384443927 1.81586258615396
-1 1.22397123944208 1.71524024654843
-1 1.15764894327592 2.06357057380725
1 -1.59870079406921 -0.338699503097674
-1 1.19244945876013 0.726029500616311
-1 0.413811061731151 3.25373137152545
-1 2.31528127853822 -0.788001696671251
-1 -0.316131161067944 2.52037785905883
-1 2.28942942189241 1.00881301244818
-1 1.38560907691055 1.22021789379663
-1 0.692393574768082 0.50143085853134
1 0.293137516488321 0.611318602400361
-1 2.65395176506456 0.443268490198941
1 0.7866306190872 -0.605093949706371
-1 2.97143913988144 1.60019851277656
-1 0.272060467735568 0.651712321749418
-1 2.15466797256768 3.67099732263026
-1 0.0739668516856544 3.75086413846144
-1 0.827671365846902 0.962585870230248
1 0.593795953078863 -1.46827319693836
1 0.0278833253135472 1.13257271613897
-1 0.108964637066463 -0.254572573095046
1 -0.938812289105273 0.168676723784534
1 -0.718294209611775 1.34749252838328
-1 0.722426349715001 0.84068453183204
1 0.127539617186446 0.149013297484739
-1 1.47202872704333 3.2198272094936
1 -0.0244995676359445 2.35753969705405
1 1.60076965569673 -0.309581647448679
1 1.63543685048787 0.225051490077768
-1 1.20877244967852 1.31564297206059
1 0.0495542638858683 -0.265665478123675
1 1.67738529390649 -0.962132264614236
-1 -1.01017906499780 1.27894189909652
-1 1.48626938019955 1.73258706264248
-1 0.754681408370247 0.536666117335195
-1 -0.385507527482751 0.467267366825195
1 0.549531540395224 -0.768203776365905
-1 1.53762558827313 0.0753544122965004
-1 2.35027135521278 1.99058003996227
1 -0.121574327345002 1.75784619281548
-1 2.24215441304073 1.63576897631247
-1 -0.0920515236945865 2.17832300568550
1 0.369166086861498 -1.01534609291102
1 0.27355966515361 0.348932323557962
1 -0.971910484923761 1.37977444624617
-1 0.664981195560543 0.746328156902703
1 -0.331469249073072 -1.04585819476185
-1 0.538980912188385 0.84100927718625
-1 3.43844836795186 1.29432748561780
1 0.28614954508297 -0.388117547384129
1 -0.939359281053573 -0.951061677664389
1 0.441819092194229 -0.353125320287507
-1 -0.0653070308221289 -1.35190768764801
1 0.286294028379335 -0.464724962340206
1 -1.29412276440451 0.674773796593037
-1 1.63671254635551 1.14469312481034
1 1.67598778643546 -2.04028580102266
1 1.32431792994824 0.520304331511404
-1 0.927344291550552 2.2731514533229
1 1.31766975574203 -0.0397719968450125
-1 1.70652016056161 -0.604616316120568
1 0.32582833365426 0.978456808203169
-1 0.27192384121517 1.82694051567799
-1 1.76377712028260 3.1991431858456
-1 0.477783814569088 2.26027768215494
1 -0.83966592208628 0.722770339806714
-1 2.76543317368593 2.21249875534672
-1 1.3351724458393 1.6017440792708
1 0.149852873578462 0.769372094479635
-1 0.798950663595577 3.00016425725003
1 -0.564252434238212 1.54064199151295
1 1.30788275877954 2.18166755580147
1 0.808672097105858 -1.29674360687589
1 -0.448612815321396 0.498408598735495
-1 2.41857092080079 2.28634590992729
-1 2.93898672298733 0.0649013110680603
-1 0.97174299428856 1.18674147738325
1 0.641769573351666 -2.27273304528938
1 -0.955644640796534 0.865636710522855
-1 0.156079932545843 2.60885613455845
-1 1.79837893429041 1.23598461476366
1 -2.12679561552504 0.0116122940559137
-1 3.49272345855084 1.20313306845476
-1 1.71309302870252 1.06274252373722
1 -0.259538452468516 -1.05538688966105
1 1.13642674291286 -0.171659885773812
1 -0.666775738418914 -1.59339046566587
-1 0.373464965062209 2.64930204802200
1 0.559236896635786 1.37953517638864
1 -0.0529310645415514 2.03214859682929
1 0.642688983654592 0.373933358679438
1 0.150230344544082 0.77401811397106
-1 1.88793915012974 2.38743817834751
-1 0.820488917071502 2.13467085873299
-1 0.804422792500931 1.37517097561061
-1 2.86877740237785 2.87646440633459
-1 1.08089079683173 1.00101723323098
-1 0.976422152896955 0.79806440090379
-1 1.07390911690925 3.49137507035586
1 -0.927463726698625 -1.73571522051608
-1 1.78338891931472 1.69701008772732
1 -1.07416146833295 0.204666773266833
1 0.107976024593562 -0.146553659085874
-1 -0.15219936940976 2.1043570480934
-1 1.46428699412340 1.20832235817311
1 1.28030935896786 -0.674695353825664
-1 1.45276679653453 1.78152477541760
-1 0.214304215005563 1.79790314443998
