-1 -0.691869783977778 0.545380682866431 1.65169937433963 0.533831516567626 1.48297330323556
1 -0.44320403493977 0.86337835574763 -1.19131022878074 -0.290498891096224 0.777431071031067
-1 0.919571113209305 0.892331751899134 0.181074024146095 1.84135866479908 0.618489901988867
1 1.64082725377560 -0.699275801112597 0.818208773952585 -0.604637778636789 1.35560010569612
1 -1.45794537101891 1.73782687882069 0.442546660909806 0.699468562956536 0.360641981809936
1 -1.27335238104868 1.18500158392602 -1.12286955078947 0.505216458486472 -0.340322641167911
-1 -0.9285730284491 1.86316039135958 2.14661715558622 1.22120416100817 2.82412222818987
-1 1.78553915193823 2.05684522388943 2.03541474874844 1.90080849837129 1.14625293666222
1 -1.51863996854198 1.04008716554563 1.24611712550797 -0.304252624881807 0.0409080011506235
-1 1.61818991585078 1.37925544052170 1.11037252229776 1.14353241890118 1.50083695085052
-1 0.0900959728787017 2.03689987258219 0.198658889193726 -0.0173027319587807 0.916631362165361
-1 0.573679047494303 0.101422335635044 1.58716504922120 0.0482654046876193 1.74658830340000
-1 0.882920859833201 -0.170412888112236 0.72378813932812 1.95903413968530 2.7508554946863
1 -1.49140688995015 0.128692547605281 -1.91715908723941 1.21412180560529 -0.921004943434575
1 0.153076401296381 1.52539509331091 0.326904913246696 -0.457874794627479 -1.83490235322435
-1 2.32257683900525 -0.054849110513936 0.042402315389424 0.371276017807197 0.760012396668064
1 0.502927845639806 -0.710775499634865 1.45435330046276 -0.907278453702171 0.124517641285051
-1 0.591300538413831 1.45693573423032 1.66482190810173 2.48430058025432 0.6594567459564
-1 0.0520075396739029 0.00637534510930227 1.39032198028491 2.71199033776493 -0.0744709885387237
-1 1.03629974927643 -1.20387532064933 1.35785158728287 -0.241315998071896 1.71520314703035
1 -1.00778197244634 -0.0479814008372659 1.43152161023305 1.19423088843472 2.10421372717383
1 1.53822476771680 -0.00686045684473861 -0.785566501546152 0.661307908967035 -0.396155172503275
1 1.78724959180590 -0.52994592481095 0.516242510442657 -0.548372635935972 -1.65184802959284
1 0.753778262558424 -0.583404039290338 -0.357515572353853 -0.788867638842197 0.880889405131782
1 -1.41980350926151 -1.52672652606706 -2.10206999313750 1.84143758666078 1.28247729520862
1 -1.81823554976720 -0.258284096211939 -0.595574081417889 -0.0431439170795183 -0.944795509303256
1 0.972330621529468 -0.217971957873861 -0.421976851427012 -1.01143065762917 0.0724023066725537
-1 -0.272827116698065 1.57325491206777 1.66261785499980 0.336794276778483 1.59666791368808
-1 0.993363037265244 1.16226731156707 0.589061075497133 -1.25485188723209 1.59193581416524
1 1.52792707846964 0.634702013701954 -1.08046244667235 1.53262721887682 -0.904156682115624
-1 1.58785998223426 0.74331242918 -0.808943298748647 -0.118602952664632 0.716633689865466
-1 0.297807294724981 0.503356067082026 -0.118410694136418 -0.712291323001599 -1.45198961428813
1 -0.631877368503605 1.51849518441921 -0.545955071817985 1.40009854013809 -1.02233253280066
-1 2.26904500596314 1.59990714731433 0.149890347311519 -0.669204926541875 0.313770238610396
1 -0.543598298228927 0.858844488718927 -0.79955765461641 -1.38505996275544 -0.414702537426983
1 1.00712306302696 -0.071576275910089 0.391027718716220 0.985638420631357 1.60096371343814
1 1.28222979147759 -0.0265874242494022 0.337842618693058 0.110267513910706 0.21243998914298
1 1.03357521937917 0.322063853932176 -0.521495397047516 0.193078751803693 -0.0805116144881198
-1 1.78653147340382 1.61243558486532 -0.694410416630171 0.077345833828148 -0.523866008848004
-1 1.17093785122420 -1.18696508490477 1.62527081998513 0.44903030106039 -0.0968824270916848
-1 -0.600015822823005 0.172518117426763 -1.91683406465536 1.69731236428074 1.50989077860568
-1 0.492846119011311 0.799783646771433 3.24281796592840 0.240065906757355 -0.196420992549516
-1 2.65750433121307 -0.771603938370212 1.05164998868545 0.97314554145848 1.37757039413562
-1 2.69469656130885 -1.06527489241160 0.844516076802369 0.759641502446832 2.70586278221410
-1 -0.575977665333527 0.293278576863849 0.37792501066394 0.851567951842467 -0.270765516545287
1 -0.974453238490579 0.388143014837375 1.52677105669915 -0.668138371721588 -0.0583623956648292
-1 1.61900282847641 1.98053982886416 -0.923415287249587 1.96239326847229 2.4692221335047
-1 1.09892145443254 1.7785764034415 1.37881429083344 0.97393026938463 -1.34569577474276
-1 2.0474486931712 1.03084991053509 0.506406067850733 1.37092407215595 0.448616585138816
-1 0.796738967109979 1.13614832871166 0.645863135539499 2.31253576399898 0.172850071563594
-1 0.22424178708606 -0.880013822958392 0.188690209579466 1.29082725166753 1.10285881645024
1 0.654688096695013 1.45816311566546 -0.172103407593749 -0.913212933986551 -0.709472707286284
-1 1.50785464570431 0.292558496883848 -0.0624180937148567 2.17777135184009 -0.519822682621812
-1 -1.34859279138206 1.30884689565792 0.623303250412123 1.46191085552152 1.01446562573468
-1 -0.424335925786437 -0.478999469946367 0.719810196346036 -0.196264979026271 1.9469625280594
1 -0.0926392617630415 0.528082932548515 0.703807668884472 -0.616081496197576 -1.25881135497516
1 0.899230431439187 -1.09244035209052 -0.276024429441754 -0.434391605361476 0.375601105488528
-1 0.709930234721111 1.47487342070227 1.56319774051516 1.82044967500398 2.04109451898986
1 -1.71285293681822 -1.41847795789060 0.089885135647687 0.548963008170061 -0.0657126933040228
1 0.624148036255614 0.441343384541849 -0.0648524730719819 0.562537683243303 -0.111463714395897
1 1.14967764725815 -0.398339362498412 0.499607881770316 0.743816181798553 1.13829003276226
-1 0.141816565147497 1.45009284455341 0.724465601585132 -0.0599646122521253 1.59773293582539
1 0.834246974828985 -1.12789282303900 -0.402708215064652 -0.49593809560481 0.661405122009243
-1 0.918858683513039 2.9908187808713 0.354399621170705 -0.205068091546516 0.255740043861149
-1 0.336008600131925 0.75916246867906 1.51834065924272 0.392875812281201 -0.078221124863643
1 -0.701008892984812 1.53036216874043 -2.10403363576907 0.626873692055425 -0.224306950664476
1 -0.355170699789872 -0.936686530074289 -0.280285176552582 0.502072525406514 2.17367031987208
1 -0.333623328341759 -0.0431909350501606 0.608308825182647 0.586057049790877 -0.133836230015115
-1 0.312005500263045 1.93234830183282 1.27741438189681 1.85082373982181 -0.119462495350506
-1 1.53550502427941 1.73600513356288 1.50069997892870 1.71055148694197 1.13277353403365
-1 -1.25277075023653 -0.856730537009474 0.669342538378762 0.43677055846182 1.08339244423986
1 2.59063739723356 -0.38244820821321 0.630910369177425 1.10628293595374 -0.346632762221771
-1 2.44121959551102 2.46574735527779 2.76085028012622 1.47097825032906 -0.872671395344697
1 0.697594355150623 1.93028407271391 -1.19136741166579 -1.81166341099019 -1.27262240656023
1 0.913843274355171 0.18099071917505 1.31415584476462 -0.164324187792637 0.350040134040578
1 1.18036953455814 0.447085356254985 -0.560170340989961 0.760827907435295 -1.25377000491075
-1 1.36668182809203 1.46721884310292 -3.22774781046571 -0.209837747234932 1.75423492378479
-1 -0.00331215172116239 0.554078552558937 1.08964494704204 -0.307125827492496 1.82529033759249
-1 -0.188557009511734 1.77522317488243 1.36749738246095 1.78776299014421 -0.85667730041351
1 -0.727459508153559 -1.06552094954158 -0.476544572545891 0.0687186866623724 -0.0403260620102891
1 0.382995703356836 0.368722511892598 -1.9428772025916 -0.139211146425937 -1.15116888692502
-1 0.608674603339424 1.18982405279956 -0.0239470589079356 -0.980298745423106 1.51263797079077
1 -0.675807802760064 0.133768263015451 -0.187486485361657 -0.823584823219516 -0.432678885456954
-1 1.59819275637491 1.43893304822154 1.71226993370535 0.683739251768326 2.25225629900922
-1 0.199508755841018 -0.386850844976886 2.84924797318876 1.04201076288246 -0.20736910603372
1 -0.56380359113772 0.259418211651933 0.115708776826778 -0.918777518576364 1.16851348749273
1 -0.382061387022283 1.23112229108499 1.82975129150116 -1.18439968772518 -1.26362673866917
-1 1.62479578340213 2.54159258538819 3.1127249142527 0.795940156391507 -0.733684795303645
-1 1.23016412564376 1.14005223766536 1.75745771595968 1.06236803274504 1.37549154362542
-1 -0.0768979603434108 0.682822201066067 0.551102063757119 -1.59597667764339 0.173208921223646
1 0.143743603394736 -1.08268936225542 -0.262607939916507 -0.951211207522126 0.576352463342936
-1 -0.314485546497544 1.73435376194215 -0.143517494431554 0.312414840362545 1.97668436983684
1 1.16839194605393 -0.257728530138912 0.433842628545282 -0.610122624707564 0.0349271187315197
-1 0.988504724970224 -2.36452067795368 1.75029885830944 1.18419455889058 0.425061283955779
1 1.67352688539101 0.195657825514258 1.03314340704947 -1.15778035881105 0.112337352439126
-1 1.25048172137077 -1.21769118449824 -0.676876842072976 0.0681904361836269 1.29575622251968
-1 1.42683429871703 1.21932302295086 0.680431288559539 -0.86802810061624 -0.71497513315103
1 1.41309215984384 -1.13483264133333 0.0253666055220893 0.249318131654232 -0.461791636135683
1 0.551694519915779 0.563099729100694 -0.612703693496347 -1.74590856692688 -0.408747515228991
1 0.624484715689043 0.430330432933365 1.68973112251066 -1.10346018959822 0.72770322459426
1 -0.238897186721907 0.578811356052735 0.878490478068205 -0.583056397086376 -1.62024993156485
1 0.416114968584296 0.182648255331688 -1.66612470890318 0.119557935570886 -1.21487931990974
-1 1.51945666853217 -0.723256248405321 0.323389771133110 1.32446602078004 0.199051058393107
-1 1.42991795692143 1.87520861342628 1.07982587101455 1.83534689860203 -1.50614800754866
-1 1.23514898821680 0.211111902372844 1.42790451705234 -0.35587920600622 -1.51481846762942
-1 0.528907360194806 0.0983038472203892 0.960398280172038 0.355899244580259 -0.337538680733789
1 -2.50569986839716 -0.108010434117884 0.0650304015199489 0.751401633058444 -1.93808523554034
1 0.386757567892966 -0.548344108404748 -1.68500872823151 -2.5932138771454 0.284203603621072
-1 1.55833992138565 1.37436863585120 0.961146077258328 2.11440563319814 0.957654889998268
-1 1.40680564254435 2.46641888409240 -0.0999681384889306 0.285610922233966 0.408788383779083
-1 2.07030721895949 0.218617257874822 1.34709789583443 1.7267012488605 1.54970771184651
-1 1.90311884242599 0.877321171917103 -0.855307341663245 -0.112939665836065 0.907963515420492
1 0.0916333969999241 -0.361767965463901 -0.774795219807887 1.99746960152062 -0.143711722745451
1 -1.39537557059111 0.729388557784481 -0.092047331483979 -0.70532916510364 1.34886103019626
-1 -0.00376000130054854 0.518296034279551 -1.94973749108145 2.86584962548664 0.943805648518564
1 -0.285192915544292 -0.868634395279619 -0.576321044155958 1.05190696551847 1.46056092870708
1 0.104787264266130 -1.91111512708030 -1.26843447698786 0.0575266183739281 -0.463766380516512
1 0.0333936608953889 -0.162854133888852 -2.45603628060078 -0.897090035171226 -0.0334792941485748
1 -0.197431375427185 1.65040888123087 -0.825053461249312 -0.896996539204942 1.37474864063897
-1 1.76519373558525 0.653839283451648 0.644056774203588 1.49748368219932 -0.0640654397806141
-1 0.690991439521702 2.47256460483587 -0.0226465114413135 0.455382110805925 0.8659674107926
-1 0.921135307745745 1.28129219448231 -1.6469855197874 0.108105121556598 0.704484487026588
1 -0.270313296662469 -0.176707376322446 0.274039760534860 -0.910950685198348 -0.600212077792329
-1 1.14013057387776 -0.00540185184972664 2.28161316257562 1.43246828422169 0.582668349112484
-1 1.15050211114349 0.236449756281974 1.11189188959322 0.090883613527673 1.26210623832278
-1 0.568493890423035 0.196847697761127 0.916999873190588 0.501451517812461 1.46977052551901
-1 0.973070771305726 0.564425816647159 -1.02970388370734 2.61293141736073 0.471878378957244
1 0.336291674370932 0.492431995744126 -0.539535852028366 0.889338995226984 1.47334491068716
1 -0.307576535771442 0.281043278325906 0.580063371381945 -1.83454063122776 -1.2017201528206
1 0.285393148221801 0.424381299624968 1.95032160496797 -0.293567528503050 0.893888101436782
-1 0.860171316629012 2.74518766406015 0.17472244602225 0.50273230066258 1.63073540988080
1 -1.32797072409358 -1.20936656688564 1.07059364503944 -1.49834102670278 -0.29621843111011
1 -0.828910777629919 1.44292608985305 1.28774490219353 -0.840239168727539 0.234942307600185
-1 2.00228040363956 -0.347215322148038 -0.690836319506473 1.03965878768248 0.81390361834126
-1 1.25752973424989 -0.163081512549415 1.05362247090648 1.02710842499079 0.393966437353377
1 -1.44370367703698 -0.00774214345708102 1.84891705754929 -0.0385043233127793 1.13516975227961
1 0.505198660822113 0.604886304605117 0.0775677118966833 -1.73272157595296 1.51809755386930
1 1.71171013243286 0.664105715212557 -0.47299298964737 -1.58443522855482 0.433427869839747
1 -1.77997618061752 -0.0653888232361111 -1.08082472149328 0.944119392559685 1.90416067209325
1 -0.873733407278554 -0.94503990107599 0.604768672223145 -0.296203355937972 0.0282279727798235
1 1.77762800812482 1.40373440534922 -0.849170291021346 0.517621696039109 0.873371131099313
-1 1.44748240800828 3.05024043224232 0.0257436450271443 0.409084589648763 2.12321392741244
1 -0.7891152231246 -0.90729553780793 0.019356390115856 1.75085214688583 0.99561180458644
1 1.44699023787301 1.18643677472824 -1.21782478506832 1.92767844677533 -0.259735471471857
-1 1.63662139358159 0.0697299574562696 1.68546248354603 1.25445973672406 -0.435876701692164
1 0.527086022865425 -2.79290638884895 0.321860202495111 -2.13516709212962 0.359486669447998
-1 2.31522926686249 1.10572885147617 0.345728640190041 -1.44672376117505 0.273722321424856
1 -0.466349657084365 1.78260675824552 -0.630808315021765 -0.9404821245709 0.926781962601985
-1 0.217586854882909 0.734239058634925 0.895958422589685 0.337414052496424 1.31135198637391
1 -0.39009129015491 -1.37649610590905 -1.27209593755520 -0.0448961407849654 -0.269009539275013
-1 3.31605702608181 1.62813761482964 0.675321268944926 -0.471305959656377 0.278957402393304
-1 1.04955383881706 1.04464743777488 -0.0324432992467072 3.02696566472975 0.00423574153078676
1 0.775301222230926 0.75904606338482 1.92397917693695 -1.54877454159425 1.38873264093548
-1 0.206933382970767 1.35036771201078 1.64366216906659 -0.000525564761273634 -1.09700252351764
-1 1.21668300082603 0.644760917015682 -0.39057985437391 0.445376363202741 0.765221236488595
-1 1.91292958037907 1.95900361865422 0.924204630180417 1.12274366074591 1.21822947323849
1 1.96978841111604 1.25879223296787 -0.116676546790246 -1.43927445414397 1.89793895444345
-1 1.38359517691472 2.69808314664229 -0.0940640276148593 1.34697158688216 -0.800489605017251
-1 2.96900432142999 1.11053064788284 1.17256467224716 1.5202094297648 0.300294056614923
-1 1.05603166761363 0.499637753408405 1.85273088158734 2.56502483750623 0.278620507920391
1 -0.308712694748661 0.65896883824909 -0.732512542683554 0.627057714266895 -0.419470508676547
1 1.41263139334570 0.825469223728623 1.64414871088909 3.16502675899787 -0.230067272599994
1 -0.956081209290857 -1.12401819449736 0.115132327107740 -0.431142128230059 1.00473337982830
-1 -2.27321967266751 0.0698589052878603 -0.613930090175131 2.06505055723981 1.23385046412308
-1 0.760966830330721 0.567082474636638 -0.209340990147494 1.62240706325885 1.04961993487559
-1 1.09829529543383 0.446356402446373 1.61234596097989 -0.0272568277047754 0.90348029699134
-1 -0.48421952223683 1.05260868558876 1.68532738558012 -1.35060887273233 1.29680418070946
1 -0.345707255353237 -1.62047675914577 0.383752538613779 0.127759970466309 0.378566176882185
1 -0.149112548023889 -1.21090315038006 0.148950218312515 -0.430380399268088 -0.358361170438171
1 -0.676301970856394 -1.03958418163321 -1.21862951801216 0.055716938638862 0.867924108697151
-1 0.381857241335213 1.50872369226772 -0.163796239126691 1.13887159561238 2.29948787465576
1 0.161814387886166 0.314930130243541 0.48313420824132 -1.80330197234098 -0.672947032368063
1 2.93010671621389 -0.509418005046178 -0.164270214008526 1.43502685915941 0.0187831163940583
-1 0.938953315664587 1.26037397835861 3.04743751288482 1.45540788094727 1.82189571744139
-1 1.77531388219003 1.19091720501760 1.25328780937559 1.17498610779277 0.125813415264937
1 0.337026413044815 0.637307533834633 -1.29375427273691 0.372300474069025 -1.2725019700038
-1 0.844584514480075 3.14957437190857 1.74388998932276 -0.15810134476836 0.785719073805722
1 0.380295324399033 -0.230175315081426 1.92912657865657 -0.962476873891477 -0.61018539939071
-1 0.0791790002607945 0.89755565841218 0.829811465386254 0.956172630431745 -0.332743585332692
1 0.392651343690476 -0.653261929556631 -1.40987509145473 -1.21861556980445 1.25414095024881
-1 1.12263999195025 2.19832409791894 0.567790938726105 0.713686611693475 1.81179232100397
-1 0.388328024121936 -0.0518089157801045 1.77875296609446 1.28410350962107 -1.16438393811199
1 -1.41938212277361 -0.998532288697975 -0.374041932618414 -0.145527142296653 1.19604938211410
1 -1.65261172594325 -0.393227112828745 1.15957744351375 0.345638411013400 0.69987066919944
-1 1.97149883911432 1.44496247478216 1.78446359906167 3.9697785467275 0.465785440405132
-1 1.75607081214455 0.3651746070496 1.73748961969306 -0.633450529403853 2.04034211886743
-1 -0.248371390562916 3.28625048314782 -0.482948710326935 1.19157360949059 0.472215748595791
-1 -0.170443376119327 -0.403767115770683 2.81132000594028 -0.186348022077773 0.223350975403634
1 0.512842817957217 2.24037609864864 -0.184199397425867 1.36114704667085 0.456433967375404
1 -0.358177599522077 -1.08795597510084 -2.06793598472471 1.09501004445213 0.476889184288941
-1 0.235387765350597 -0.0301584162402257 1.90769382787673 1.24511446391158 1.68512426714853
1 -0.386269900079626 1.29321303531491 -1.68983864072529 1.37492414442874 0.0308308670294665
-1 0.918997111392554 0.151248556395622 1.72490585554933 0.4116136491906 -0.103195926172315
1 -0.277565620160661 -0.520584296872162 -1.65155599505846 0.67511441928379 -1.41455489939897
1 0.991286910483713 -0.760161382711682 -1.52791778668357 0.538038066980832 0.265243016276196
-1 0.323716368095307 0.739257653732017 1.78196954699917 -0.701315820204878 2.35406599815018
1 -0.156469493390609 -0.59802279816533 -0.317989295691700 -1.13863618437136 1.13222876434483
-1 -0.153405314785274 1.55373101415719 1.28776299033449 1.61286427790536 0.089541823011845
1 1.00566425836263 -0.834649109919406 -0.485014154981028 1.24981037702254 -0.728484688376558
1 1.63554392255596 -0.434308891653632 1.59949701324386 1.10216832258604 -2.00900381250589
