200
5
1 0.82545955699824 -0.551610090738304 -1.13288027171428 1.16042643375111 -0.85038395353406
-1 1.10159396799287 0.0622578244478993 1.6142768767722 2.70947648911845 0.647995786721936
1 -0.920018229541109 -0.244902936303585 1.05303264824356 -2.27267846129640 -1.49627606227576
1 0.608308801376029 -0.719883868672943 0.725397771318385 2.34631917304158 -0.279523696149105
-1 0.659853066269353 -0.139744070357480 1.41777981828919 -0.256932467469802 -1.04914846310614
-1 1.82693838857060 -0.449621293028029 -0.273167039366764 0.778327049783757 0.741568523238751
1 -1.58323307852418 1.13437633159885 0.273144470023582 1.80016137811641 -0.504939651780045
-1 0.482283747313073 -1.62533506493683 1.07638190060020 1.23377108763826 -0.0695009859791075
-1 1.28542965477158 1.97265509483447 2.052877927893 0.995349361827816 0.923935383342013
-1 -0.228352641184448 1.76869929625688 1.63126982653214 1.78459793550449 1.68090752312974
1 0.89771500993795 1.53300327096972 1.18527003075325 -1.02513608146228 -0.332873207878283
-1 0.342491290319017 1.81889128185594 0.69185056753417 -0.428616555514358 0.750483942530638
-1 2.54566967605270 1.27965687263669 0.698338212823142 -0.311545963040557 1.88590773980280
1 0.646204297432215 0.163683285406298 -0.823224783580552 -0.61263043571585 0.0590811099563973
1 -1.69935909958139 -0.033223370076634 -0.6181418939889 0.358550163564301 0.137217052047494
-1 -0.482621586600461 2.10631935339808 -0.530818316007461 2.19778541139086 0.248008267337466
1 0.977300398188966 -1.40825517344702 1.00459073176406 -1.32173369729844 0.183418240613753
-1 -0.0951273636878963 1.08041906028997 2.28502449184136 -0.509388818556222 0.810545240582919
-1 0.952177269919027 1.94471509676839 0.775803393624973 2.18862216655854 1.33506383457061
-1 0.358093076527283 1.00376787977922 -0.272928710106179 0.906215403199599 2.37062322302158
-1 1.73316140394556 1.26490554206824 0.451038002045877 0.841317876670342 -0.162871505119835
1 -0.855307224328088 0.323068836116219 0.332891580901219 -0.0791023315844627 1.17268577406781
-1 0.116748488538045 2.04385440525024 0.580934125977445 0.792915211360364 -0.883822061774424
1 1.14730149251982 0.985119146225115 -2.15796164812812 2.46888052127230 0.212936333722102
1 -1.52471844744594 0.412472590061608 0.979939690541186 -0.0117266792470017 -2.03155239661632
-1 0.791678691533995 1.37713092426265 1.30429516161504 1.47686815753900 1.39442022325746
-1 2.21953493100684 1.13509426865458 1.47898711514186 0.394299858247109 1.55948341092368
1 0.0349762045583427 -1.08497042942403 0.352023160754137 1.29598787898367 0.517460051377174
1 0.0493085107915589 -0.113761972510315 -0.0058977816466903 -1.72516316906003 1.95683898531834
-1 0.41443536216237 -0.324965785947782 1.11826118190705 -1.25374295912249 1.27102518807135
-1 0.97564949398039 1.62360121608432 -0.567019719502544 1.22521760782349 0.566651269969036
1 -0.485756934931789 0.256051864702972 1.66765573668108 -0.738065396557566 -1.77109441192812
-1 1.15496250257513 0.592294156010156 2.35556255699205 2.36756581472057 -0.00178085715669474
1 0.378461730322494 -1.45256880686430 1.57620024223009 -0.435545371798663 0.0705454186390704
-1 -0.657109110613005 2.57689102162623 1.75496352508264 1.23075185865852 1.78150676245865
1 -0.273485609811484 1.49023007971272 -0.854744990837234 0.890718028483407 0.144526492519971
1 -0.997534831524977 -0.217237630936527 0.757057597895422 -0.979530610594593 -0.541567551035826
-1 0.879921787290704 2.17058422282915 1.60054984337820 1.68823848301795 -0.289880798588848
-1 -0.638255432545724 1.27725173798212 1.82320850497926 1.51938411108658 0.646345244038003
1 0.930696980107492 -0.0860983172646995 -1.06920063150109 -0.479384600248142 -0.254953936326938
-1 1.05634446010924 1.20726309327897 1.56855774422185 1.19725157078088 2.43562455339913
1 -1.44441573548478 0.93686341063445 1.75557624229185 -0.134113014568749 -1.03409064746437
-1 1.06016755576513 -0.617150470001599 1.41956600479577 0.97085938673796 0.313516315771909
-1 0.595168917546449 -0.683197762671013 0.0200313935693843 0.276578233276042 1.36923145540314
1 0.0466544071329564 -0.611190592521026 -0.149168461410547 -1.38251222078163 -0.53698540606035
-1 1.04595270478246 1.64969941779590 1.22631294253472 1.43974379299284 0.247421017100188
-1 1.03454118002953 -0.162606075845185 0.416969068237514 2.49366523579883 -0.503007477315573
1 0.337842964328157 0.760144368566476 -0.833541558489668 0.110655921508930 0.605893033024388
1 -0.636254900337503 -0.288094272549025 0.307512681286176 -0.57410168192848 1.74917381415724
-1 1.58804672728208 -0.764935774582578 0.126226305285625 2.00848647897430 1.42364762899936
-1 1.76180087146823 1.64969186842665 1.43948995692221 -0.163445425413644 1.13322601454972
1 -0.343777551515224 -1.50764769386330 0.16618012754855 -1.60827547737377 1.72481480233444
-1 0.101307217109667 1.26664086379470 1.73729020254470 -0.99414296833963 -0.180446756085841
1 -1.59511057564517 0.669045694337614 0.769898088562803 0.827497846260269 -1.36186793871999
1 0.413434460497258 0.282059770767975 0.358852417642753 0.996075492692027 -0.499013395262715
1 -1.32131490808803 -1.10004664055747 1.08665299438087 1.27339942382281 -0.0338772926264684
1 -0.0379437415777556 0.272556577848626 1.25104967705138 2.11173231908027 -0.193530795408185
1 0.298924802412557 -0.615591132808832 0.0753118105877538 -0.489910097910268 -0.6364286273806
-1 -0.115309027909915 0.665046289221059 1.32160723478086 1.42785531954354 0.844798115295185
-1 -1.08242909062428 0.680010553876125 0.184356136953674 0.165473684795482 1.44406591074207
1 -0.920196485346433 -0.972388922217359 -0.0338898680232655 -1.01885801720401 -0.839011997894035
1 1.30872785199247 0.602757665890494 -0.449360292827818 0.696985563825561 -0.574482741651054
-1 -0.505803351302592 1.20913683742006 0.0375320386418556 0.160276257623398 1.81562722668654
-1 0.308799497286198 0.0818261308640433 0.290580838731196 1.63510085421731 1.65154280154396
1 -2.28996640722033 1.65492049290607 1.38753158878978 -1.19915680070100 2.22822144007024
1 1.54445333428535 1.83433082264200 -1.09701984621325 1.56361981531838 1.40430819404745
1 -0.348196040995434 -1.12513714006982 -0.536264554680888 -1.57299861468576 0.305206613035716
1 0.419038607780956 0.56172771888683 0.011231737611461 0.758242570000986 0.387720959079351
1 1.49561964230395 -1.93379243568053 0.0701578369181308 1.02892356717598 0.627422401937629
-1 1.15830597038875 0.548232730007353 -0.191062879373220 0.516497100833208 0.864567742505792
-1 0.719192413303825 -0.235140356630531 -0.299658212992026 1.21333495033935 0.449558140729576
1 0.847567576501918 -0.219237458441037 1.35861428518917 0.931531401813793 0.279893963703931
1 0.473014994649364 -0.986014941903938 0.471065525876608 -0.0756216878840741 1.22023723610710
1 -0.0649461421803936 1.56148085877129 0.0206332334169815 0.800957842749071 0.0098830815448763
-1 0.09619719652679 0.981691417958542 -0.748449608318492 0.495969746694105 1.38907610959065
-1 -0.179668340862019 1.34495693701497 2.35364608864779 1.61495716727110 0.959364018804724
1 -1.33196082787853 -0.347161218767469 0.987240386398662 -0.476676232387864 0.0987704302342055
1 0.308871686546454 -0.268095050800236 -0.865873923096947 -0.479521844118093 -0.05443955037591
1 2.62538959943099 -0.195588240595398 0.489855109100142 -0.329085731343146 0.589858578630103
1 0.995683345178077 -0.486815583678902 -0.652498817000682 0.139172651488840 -0.800351382516286
1 1.03805341333922 -1.36649108979733 0.655549652178513 -0.186823228924705 -0.882408955794787
1 -0.296602902277173 1.58168758335727 1.38461673183275 -0.101474665801581 0.0206362320689389
1 1.14330795973820 -0.0299576838915362 0.454172350560015 0.0880966026406465 -0.497577884632696
-1 2.12665255644632 2.00658006490526 2.24056538006538 0.83736197658453 0.685270242565195
1 -0.358788714870144 -1.56308958605171 1.53470065257927 0.378659073219241 -1.56983991154461
1 -0.0736451696587612 1.11161334106226 -0.394869406091277 1.72046484263653 0.739589969319283
1 -0.231071421243809 1.51859966930163 0.421669577064566 0.795345012911463 0.124761828218831
-1 0.0144009527595734 1.14671275049679 -1.8010703094335 1.92733733089008 1.39684738323944
-1 -0.132576905023130 3.27689122307018 0.257771277009676 2.24288606987007 1.1091709528906
1 -1.43110106732558 -0.848826739260415 1.29485456152093 -0.15254343654266 -0.469702864612719
-1 -0.214618097380715 0.575043224363151 1.06459022627639 2.00078952181004 -0.327910187764578
-1 2.19773615153428 -0.0608231968012847 0.7120655295054 1.38282155740492 0.89271821443683
1 -0.302989119596416 0.699932665011946 1.07413835663985 -1.96150254899192 0.398168332858067
1 -0.551543167588097 -2.46075219190954 -1.50394161202365 0.485445070954162 -0.473959182445148
-1 0.555808326161453 0.812998623375094 0.527008206620164 0.828001022883928 0.201740170577619
1 -1.83200435266863 -0.260154906729624 0.544809824746533 0.792709342034052 1.59939694810292
1 -0.0268794417899471 -1.6165552560748 -0.37869460315968 0.349750953680566 -0.437191043023770
-1 -0.248126486995464 0.143562354837546 0.0105895449016074 1.48808584131939 0.775219557885451
1 0.44490964367048 1.17209884849867 0.348824998295465 1.05733615632238 0.275187407647149
1 -0.340321946442135 0.621101507180888 -0.0708030369863854 -0.668973443099256 -0.570810399810773
1 0.0393250956848546 -0.72304565885445 0.379932837373134 -0.0834940720419638 0.0135913857419462
1 0.209270288148337 0.170962289723063 0.0272383509195821 -0.434647936295604 -0.33676183307966
-1 0.271497685434129 0.660629007078088 0.788549503606458 -0.203047151628352 1.50550047614913
-1 0.342223788115963 -2.31505435472901 -0.315752552230024 -0.188758996589766 2.07467909644475
-1 1.59446807301611 1.55035988484561 0.421341739574201 0.160504271564607 1.49901667705029
-1 2.23022720377987 1.56929763163266 2.19973832698234 1.28213075324713 0.8885448286452
-1 0.82695685202325 0.565766702491984 1.83342686443972 -0.842978333076727 -0.699307000124131
1 0.34341489171 -0.878101589833454 0.833090644579478 1.36481724788086 1.20730690441169
-1 0.046706748988504 1.13647061826397 2.35191256315245 1.76429755661506 1.41659816391837
1 0.914482074196142 0.117920291628178 0.866892613371132 -1.70366774741591 -0.221953872939308
-1 -0.175716540806117 2.07724062743338 1.3612872909515 1.86327907596977 2.55750862757122
-1 -0.290713054533836 2.30664275388868 0.160933404615725 0.806828840671645 1.42814558805535
1 0.391645957513206 -0.280042046688652 -1.38203307210621 0.334062386272009 1.21350094061427
1 0.0156658017483733 1.45478231980531 0.757559634556901 0.127479011088693 -1.08064174736986
-1 0.274843337410434 1.44393777510875 1.39532407803487 1.54047431940599 0.780437229989418
1 -2.05010745003898 0.945661872338278 -1.15065215023300 -0.331415894886394 0.96956850997783
-1 0.703095722896963 0.464110285870944 0.543121623884653 0.110324870424294 2.15882147101867
-1 2.39287747183604 -1.12245220850741 -0.713239015913969 0.911544656665998 0.833598468589723
-1 0.971765089799698 1.95186614040853 0.544826710019998 -1.64810163054303 -0.473776859232688
-1 0.331760341059718 1.24735561427724 1.08166303877253 0.162927448971600 -0.638205531875676
1 0.900589845428374 0.84023962184063 -0.746256920204293 2.12926963059893 -0.839768969378941
1 -0.830522681430196 0.325960738052996 -0.503793311934785 2.55012882591745 -2.30346529212552
-1 0.67450234067883 2.89206103060713 0.56180776432825 -1.30509097745277 -0.0164692735448079
-1 0.0819105678491517 2.34920714311444 2.08764298956953 1.09829140201390 0.902599550375335
1 -0.016640838649654 0.94253079008759 -1.11773177870492 -0.425174135280347 0.679205750945932
1 0.612415039226912 -1.51189102019365 0.977499363009024 -1.14071126699969 -0.0793052048024572
1 -0.430722910150726 1.94608258229115 -1.12529037106476 -0.203522695975127 0.590115875052175
-1 -0.76249027567771 -1.21206998415689 1.29902043336326 -0.200855036438360 0.185678731006005
-1 2.59224633206651 2.88737161037148 0.806059481439627 1.96998420201297 2.6655261860033
-1 1.64566922731406 1.14118433088071 -1.41383800336368 0.0784680789534209 1.37866638423006
1 -1.4677000440347 1.09387281019892 0.986468544909506 0.65117489025367 -0.719535957491042
1 0.138186533724268 -0.757962094977798 -0.0744225047344986 0.649687928422934 1.91455590205919
1 0.318101422777681 -0.199760427796269 -1.81206088211664 -1.64368765546636 -0.314869636660266
-1 -0.39857595840115 -1.26032785710874 -1.14357889299657 1.80375260609659 0.792110194424098
1 1.57086150165382 0.158506118617361 1.57955719519697 -0.861303828026473 0.0886261991956065
1 1.21822295618538 -1.07268644478801 -0.783225358135653 -0.821993727327253 -0.31440469569457
1 -0.587876981242256 0.285212498613544 1.99703761620569 -1.83417798266889 -0.932509675350166
1 0.853691392828679 -2.1518323594659 -0.244865388507923 -0.315847147046798 0.422282312086779
1 2.07614730997009 2.01383010559994 0.0926169715229547 1.34069579082176 0.265291071911546
1 0.65724552476847 -0.272002852591217 0.806471339316728 -0.175186776804926 1.16973011408316
1 1.53909776995296 -0.820021106832818 -1.08197439995389 0.518185171121723 -0.0961111239573406
1 -0.300139265138401 -1.18517712113719 0.0302115159200121 -0.820403436210377 -1.03218030677991
1 -1.24886682810262 -0.384150768616811 -0.0216411382397740 0.99545634267581 0.463365269657665
-1 1.65651714604687 -0.773818589807285 -0.167222810535233 0.420564454151311 1.38181438872431
-1 1.51221396705962 0.204652435795852 0.53230488501679 1.69606784433852 -0.258526891363132
-1 1.46323692509167 0.734979281571293 -0.240456525554701 0.23660309695958 0.88881578327031
-1 1.80701790583962 1.07711421013306 0.85438903057941 1.25013343685806 1.89819829377921
1 -0.275566657635343 0.575161150344524 0.159846357341130 -0.704353796335484 0.162464322132705
-1 1.45651525937847 1.10863763548567 2.48073503137603 1.26379931780393 0.870970282660944
-1 0.911051259219035 0.958616375685168 1.35200975816344 1.67110147281157 -0.789735316583838
-1 1.57866362141135 1.43675467144768 0.669828204901206 0.539600508716476 1.00561481578018
-1 3.12487486886782 1.91630930507305 2.02728732261414 1.81365186262965 -0.709321248973379
1 -0.732248658197012 -1.17756247725730 1.09911741117388 0.69536054556819 0.0841550947122112
1 0.840591136606222 -0.547632269455352 0.457020000991054 0.525996062133922 1.60041380650554
1 -0.343063820327772 0.265853131788681 0.318138602107614 -1.20699027517673 -1.12126400550038
1 -0.367088493630683 1.17297434539041 0.080882829009772 0.401038490899343 0.154388168812656
-1 2.3711818892279 0.217337772224003 1.46482859742072 2.62134772574143 0.484508025312128
1 -1.47976284190998 -0.0593260905749318 -1.56726930698194 -0.241195021018680 -0.829784952698053
-1 2.03987641764112 0.53563505388774 0.209090834716292 0.0343382289316987 1.09000377336087
-1 0.832168645956514 1.50844315956344 0.314872731393434 0.0935945680594213 -0.439896656787058
-1 -0.482064483936069 0.424587413707017 0.910369128843057 0.358358074636877 1.55448094365271
-1 1.63207175692725 -0.710942532444519 1.30340479073890 2.42854958124834 0.155553379395156
-1 1.03250892841264 0.864464832202975 -0.0069016951611246 -0.159322556777594 1.79907938119526
1 -2.79933129504378 -0.109287953930603 -1.35851961752551 0.916705497508579 0.261315025632574
1 -0.0281034919672028 -0.510589300550162 0.543835554757065 -0.438714458577021 -1.2104108201186
-1 1.71062948906984 2.42198226609134 2.70134963509599 2.10359701576949 -0.694596020228487
-1 1.86800868242323 0.63896470070644 0.299451774902397 0.76655558544399 0.883388857066028
1 -0.270700271691677 -0.366178521746115 0.201830319068166 0.867064836140107 0.538931192204022
-1 1.50427369794400 0.156984150087836 -0.378176851927582 -1.89859746163226 2.19039386136303
-1 1.04875902658454 0.421957114768852 0.168069395934685 2.19729649210438 1.76128240930463
1 0.380453032102757 1.00359904307414 -0.969524128927426 -1.4002402621607 0.470999948017112
1 -0.852619641040409 -0.075024367118096 -1.7618960902599 2.76424882023009 1.71681420362326
1 0.0456783679152802 -1.42256771238090 -0.31336657328855 -1.03982119062978 0.331032339350950
-1 -1.22833274317928 0.62625551600472 1.02102864664739 -0.694063808472698 -0.0577983387691947
1 -0.940185010879004 0.153149116932713 -0.96433719398543 2.42731649221122 -0.91869618336295
-1 -0.296642839082377 0.185992819071329 0.516719520356546 1.53822579584891 -0.255165580908806
-1 0.97997187862913 -0.32608857154273 2.25805562451316 -0.469678637886343 0.360057853286301
-1 1.26366505693538 -1.05762575389002 1.57944180349695 0.150102405071337 0.744023228694453
-1 0.256006057497742 1.23967080910226 0.0188645632604327 0.435346513726033 1.09291626838727
-1 -0.0195430316411339 1.60734541836126 1.53380334759099 1.14824258626451 0.71625709086361
1 -7.80742156596994 2.31145604423279 -7.63856231206426 0.143264998179662 2.99445733566701
1 4.46750833481258 6.72590378884688 -13.5532142715569 -0.695901465929057 -2.86883762511050
1 -1.68803012996205 7.56273806969712 -11.5343155900584 -3.02919761654876 13.9014389772535
1 -6.34599435868708 14.5718294273572 2.40601105527004 -2.49279843626258 12.4789987555676
1 5.03643540824136 13.9664330540698 -1.18011984289708 -3.5273458651141 -3.20370539052289
1 13.7323326613868 -18.9302246836031 -10.9122533251251 9.47305002645388 1.18437527356034
1 -3.29670774864105 -4.74455513641774 -0.285195319003663 -11.9098394899437 -1.92915212902694
1 -3.85777066451115 10.2375892431536 -11.9939297880577 2.34247320679823 14.8470386450304
1 1.35891307360472 -14.5162926274816 14.3144705302061 4.89634670516897 3.57171125069998
1 3.70613398632379 -0.545400657882185 15.6611956106275 8.1058614506517 14.1889077961364
-1 -6.80084243814711 14.8458676436952 4.73277897300572 11.5388476152894 14.7891962876067
-1 -16.9015661684492 -17.6740305703088 -2.59434427673711 20.182333575905 15.9427683851673
-1 -10.9610389992906 4.10026572518255 1.29241739774261 -3.92183980978775 -7.79019913617097
-1 5.2398471616599 -6.70051750908893 4.6883472535227 8.09010728583937 -0.0324760817518502
-1 19.0533065101905 -3.61579361588838 3.8419809904521 2.80824539201168 -10.7972116776015
-1 -10.4429056585780 6.53230328523969 -2.65545508922560 21.9605252654575 -7.24489388196626
-1 10.8864079228882 -2.38207722598234 -3.52968234920013 -3.79177984831423 9.2566568608812
-1 1.59375700378583 17.5449124109017 -11.8168129938136 10.5003764825446 30.7446269741669
-1 12.0648819451726 0.754647519557654 1.40897536926049 9.95253253136682 -7.93795980384904
-1 3.58394636173468 -9.38005093119646 6.22978012084914 1.31560847287728 8.64093188483496
