-1 2.20071236769978 1.24210012609596
1 0.197354942538394 1.34110161689250
1 0.995448117433454 -1.45431533627236
1 -0.526894615068369 0.307637330899562
-1 1.49199661216544 0.0524089129813066
-1 3.3215739571261 1.13037242999196
-1 1.94048438197746 -1.06117297835671
1 2.88038847425728 -1.66578673742616
-1 3.37323355399285 1.51981389203817
-1 2.40321156927484 2.3458506164733
-1 0.823895066780782 1.61145835756139
1 0.390404772119958 1.67643608372674
1 -1.05522868590497 -0.351505884326451
-1 0.231711592101832 1.15355716330719
-1 3.77523635818425 -0.298197627734044
-1 2.4566467122602 0.182620145019572
1 0.47062949278507 1.28775600247821
-1 2.50252753287004 2.65428675993796
1 0.314776031408571 0.158439792656171
1 -0.741291982206342 0.0624738790386821
1 -2.30383728720973 0.647552457024811
-1 1.64487428028116 1.06905515733274
1 -0.106141419861339 -1.61844393689635
1 2.55757556172316 1.84342522456840
-1 3.40624768427447 0.768141004018235
1 1.18606772182405 0.630758509497376
-1 -0.085290099252565 1.94721568904534
-1 1.66642047363161 0.660381274719855
1 0.183844232754765 -0.214676682690421
-1 1.50536519596557 1.3048180663453
1 -0.769727075871447 0.232226228073931
1 -1.85159624621253 -0.0725885766354125
1 -0.527930496554512 0.0480779186212449
1 -0.341587162133689 0.321124406582911
1 0.598986128707192 1.49466435148618
1 -0.223772631517646 0.208975647107028
1 -0.470488342972333 -0.404443066929773
1 1.13745673817168 1.02094956166131
-1 0.807544667453496 0.345261151904031
-1 2.27203082173274 -0.219705917446991
-1 1.33419719219280 0.84177441582739
-1 3.41129873568664 1.11916458477177
-1 0.956585486282737 1.75277991287342
-1 2.06666804043492 2.45447694495131
1 0.4283982921581 1.22472737833560
-1 1.48421210096548 1.69251337390330
1 -2.80955315771232 -0.0124485799622419
-1 2.16146502438415 -0.781866666477307
-1 2.04269812596411 1.13608123753098
-1 2.09702122615196 0.648723206405804
1 0.29133690185887 -0.0109259201803165
1 -0.0719641249435192 -0.971638571684303
1 0.419351673144943 -1.55458756811569
1 0.631191188842848 0.833509897791819
-1 -0.460679489793251 0.0659218447982934
1 1.59916793069338 -0.865593730419203
1 1.76609301497697 0.372235404138486
-1 0.140729489318532 0.0399260027369284
1 -1.90301920407713 0.0647573323019202
-1 1.96627819911537 -0.0912462297583876
-1 1.23254494837572 2.43832677880380
1 0.393736743115959 -0.771624224908991
-1 0.331441701746833 1.58554331549172
1 0.956974198091184 -1.51757281773751
1 1.14817983877573 -1.27101078244093
1 1.78013161060813 0.941402314319246
1 1.13753931896547 -0.838514640178716
-1 0.251220058697303 0.589734021841895
-1 0.374060302041623 1.30773202276844
-1 2.12254657253812 -0.220813554769418
-1 -0.0721232399962559 1.88695885560688
-1 2.44626230481256 0.382529978402639
1 0.477060464331486 0.172641649839654
1 -0.352918986761345 -0.0293495589276089
1 -0.404132882208276 -0.106849686359128
1 0.148960803819053 0.191195981795614
1 0.35008806529282 -0.0831494138775731
1 1.25633345141695 -0.620445574219148
1 -0.0755616093133448 -0.702637281093816
-1 0.448952768406862 0.886453378507078
1 1.08525336055339 -0.131221964858613
-1 1.63267115529077 2.20459850057177
-1 1.60844371792211 2.48587360441678
1 -1.6643652884668 0.079492159111903
-1 2.91456573516513 0.73088122154637
-1 2.38281674879869 1.09800472801217
-1 1.88933079456714 2.38030631601324
1 0.648332159841697 0.219544331034474
1 -1.53225224675735 0.767848978293394
1 0.250012157299226 0.59679450793706
-1 2.87748703265985 2.57887687497493
-1 1.55994180183145 2.74903328496543
1 -1.80223878293582 -0.801451900467002
1 -0.461012038085093 -1.92082008222511
-1 0.525091438951955 0.219013727628816
-1 1.22180485710677 1.71377779530244
1 -0.986812486368168 0.571598016265898
1 0.349766182918491 0.145686477129970
1 -0.241787329696272 -0.279444269752607
-1 0.182960342679929 1.52415900310145
1 -0.898697515408842 -0.428064258615506
-1 -0.692184981983825 0.125508730203003
1 -0.632080437800946 -0.402349016491548
-1 1.23725691497529 2.45358643467486
1 -0.67102434360719 -1.55054896990883
-1 1.25771454886569 1.80771866095009
-1 1.62562989673164 3.29536270939201
1 0.53136276903874 0.986865847647299
1 0.121052254494565 0.975657555224669
-1 2.118141602323 1.70595376677830
1 0.718068639136764 2.05770574567989
1 -0.96550545928728 -0.455777646505113
-1 1.80817698821604 1.58516884172527
1 -1.01311508867064 1.68408581002287
-1 1.97325291964431 2.1607055211268
-1 0.874378612110299 1.94190373094815
-1 3.04930853945099 -0.306471281340905
-1 0.5818282919627 0.418098420677705
1 -0.820244292803814 -0.6238190514772
-1 0.760364795140709 -0.388925506434717
-1 1.92916499663846 1.57888409500652
1 -0.619773714521571 -0.54868206628679
-1 0.159918583614417 -0.0555202914945141
1 -1.50960245916892 1.22067920674145
1 -0.530191823014154 -1.33479478835681
1 1.14066372413719 1.33663689948115
1 0.0581287711098225 0.634786004138868
1 0.628658850681117 -2.96013773343125
-1 3.93543656762714 0.195544184432146
1 1.4952528196151 0.925525917665451
1 -0.754087807318962 -0.646038389596876
1 0.74949965121112 -0.100587961211242
1 -0.326261703826072 -1.01675994043925
1 0.680139604943389 0.558899833240733
-1 1.90700243449596 2.36748768888575
-1 0.55277358046253 1.39532136279271
-1 2.25037589621159 1.05356988494345
-1 0.93069242221336 0.990694430339589
-1 -0.0941613660845542 0.290304614382236
-1 2.21703996759073 -0.446703111530948
1 1.17425473501739 -1.34511306760574
-1 1.23368527948173 3.31092200907636
-1 1.88706703960487 1.57450366988646
-1 3.26850176824763 2.53278412997059
1 0.324612738621854 0.0825057017507573
-1 2.72105962156109 1.19953230704255
-1 1.60451493212652 1.33490016443333
1 -0.105169665531914 0.0423832569315651
1 0.998242183359129 -1.11074878950890
1 0.511855273504967 0.0334914352504824
-1 0.287774398650866 1.05083486242416
1 -1.01210722498127 0.634515615406344
1 -0.180825385549878 -1.12107080737856
-1 0.150655536217222 -0.787903692165227
-1 1.79802036239801 1.65431344557985
1 0.201910277079773 0.887998228264194
-1 2.2276129220045 2.34322297390734
1 0.995241363298042 -0.153499721081959
1 -0.581402175842868 -0.132959792693431
1 -0.587417336550915 -0.180242167188916
-1 0.960817318378078 2.03177047218215
1 0.782057644822 0.211260915969386
-1 0.454721790805058 3.45403601865293
1 -2.45529140193239 0.484488191752666
-1 -0.751154119377204 1.26893795109711
-1 2.09501642729626 1.50147766353586
-1 2.23276334424538 1.55848483642844
-1 0.989860067793901 0.694474589842672
-1 1.89652385392611 1.30847960042872
1 -1.94104462087591 -0.910468916965102
1 0.324234906130473 -0.00874818190477182
-1 1.84648857812555 2.84741917809000
-1 2.14795635603438 0.549351197775711
-1 0.370554266291081 1.18952241720626
-1 1.01566320823942 -0.60288417857054
-1 1.78419860757981 0.981994318358736
-1 2.35433459050972 0.955945522923771
-1 0.652487519043473 1.85897802531296
-1 2.50978561992188 0.74635053993075
-1 0.310108052764041 -0.0327907274800938
-1 3.22393885593149 1.70278318259441
-1 2.41409497711744 0.387300849332296
-1 2.02377698378643 2.43310012597422
1 -0.874778032462334 0.583824276773104
-1 1.53626857345139 1.56185533875592
-1 0.983926650462358 0.0924631973826626
1 1.37321702679035 2.15727814469687
-1 2.69304359296792 1.44633799615791
1 -0.522284540269699 1.66613309322454
1 -0.684730706697385 0.273884475496526
1 0.876041500925828 0.0716357163383267
-1 1.92243254616519 0.354389362554621
-1 1.04782825133384 0.463629604274078
1 -1.12271453506337 1.56928535461789
-1 0.0740133848141751 0.434285164216424
1 0.476844821517394 -0.129321895371121
-1 0.884916226607624 2.83082144429649
1 1.47394354388301 0.313498100625638
-1 0.276212976719362 -0.202745754370811
-1 0.613179524188248 2.20580146845455
