-1 1.96657708176820 1.51946637396547 1.79695724969396 -0.263971073951420 -0.772930931547802 0.811045020689594 0.141029891002455 0.314503199369851 0.394296586210519 1.58735434251869
1 -1.31382017424374 1.57684872356257 0.378744948006658 2.0847412346683 0.312672197926962 1.53002265907634 0.992697143205666 0.0985507930164956 -2.23243149599702 -0.581329250532631
1 0.297373243207159 -0.182862534665419 -0.675593468868973 -1.07488555259947 -0.633014420663899 0.609097017494926 -0.226694197316518 -0.81359548000091 0.163488770809654 -1.27860693530237
1 0.188467859366759 -0.746860612412735 -2.39115542954390 -0.799807197537619 -0.713983501824114 -0.66134535736915 -1.01344560409292 -1.06843375153327 0.0980197780913753 0.0186762212593236
1 0.85128246449059 0.611539857813642 -0.0365286668893362 0.380303918368787 0.573303443665407 0.231210513291904 -1.19248654292132 -0.149985647986142 0.732318071769261 -1.50581014452898
-1 1.34388394712168 -0.825457872363012 -1.03560090868938 0.747832842451442 1.15816743630908 -0.0864232828276887 1.17174950357265 -0.0301411825737413 1.05639077328301 -0.109703235872532
-1 2.32330553456153 -0.606288065601034 1.35636540244452 0.682183925688119 0.101184137000159 2.50756794196129 -0.109382201833035 1.67411884720025 1.07857936358635 0.117081478084653
1 1.32330057967075 -0.195945997016130 0.0120307572983926 -0.373859468492059 0.601129558231632 1.27368432504824 -2.21403861383720 -0.466317858683306 -0.0757120880566274 0.0167785387160921
-1 0.445051242888166 1.25305960874322 1.72429371357915 0.261352275518929 -0.0830442890534563 0.109006435361607 -0.422778737757099 0.283482325150529 0.576681793779464 1.39625548614529
1 -1.55000619590891 0.505692734980993 0.0446322138903397 -0.123326902511523 -1.15497137789080 -0.336374299046371 -0.960276683473664 0.0515050595817262 0.36542480572651 0.118984240242614
1 0.803719185565624 -1.24397063114884 0.497174912720772 -0.445432406923629 1.25582292043673 0.239916588371227 0.504194309603294 1.54551707227579 -2.02704474720254 -1.83852207698058
-1 0.654569279554726 0.54257127229439 1.49555570230927 0.34680671918631 -0.0739871665960081 -0.212889521203234 -0.0523769060228346 1.94363666622532 1.21561506707499 -0.062487697411068
1 -0.515701690380202 -0.767424267261183 0.539477095410175 1.67117332549738 1.8923856413112 0.737329693802256 -0.233373405683099 1.13411269435758 0.801360179415886 -0.994208927884942
-1 0.0347396068123990 -1.09700299155836 1.41442115833006 1.53744314040408 1.19168028562351 -0.556207999501694 0.0988030234036622 0.299738242663680 0.974141044361404 1.73946840183442
-1 0.0867771599771872 0.553643203214988 0.981324544524076 0.85577694058514 1.75533479118652 -0.0859706882681675 0.881074133210892 -0.804307711703968 1.52918068105874 1.64382463838888
-1 0.378475750304918 0.229980079881358 2.22841395786643 0.846356461199356 0.957316148353593 0.949173468982089 1.54827010662315 1.38918426783718 -0.022470840959699 1.73408483878218
-1 0.514885928164224 -0.160100997696803 0.353202191479755 0.302210554616204 0.720494509612267 2.94232638463148 2.62007710099469 0.427159945637221 1.23177793449081 0.822015252395988
-1 0.67295421500744 0.390020084248939 1.60868810528974 1.84829290967124 0.158026522581404 0.9479110029893 0.78006459836005 0.621804411557969 1.22914280070546 -1.35464669609024
-1 0.747235868578638 1.25926079704784 0.681960452915117 -0.567907198268285 1.25953287042152 0.743794949956561 -1.36624625974431 2.07839135442222 1.22897248247828 -0.785617902396211
1 -0.797431534940744 2.05403801092779 -0.181102401882866 0.982627196078004 -0.269024494789943 0.414276835301375 2.16375082698274 1.24803807421463 -2.04960645001808 0.735451618911274
-1 0.965201100610824 0.586221252916122 1.92698213970034 -0.297369461246220 -0.303395171998089 0.865050535650779 0.500637755578124 0.708181780794612 0.140273324502324 2.83908874670420
1 0.236028888539997 2.22591141695299 -1.55132548376112 0.465246489192245 -0.806491884298693 -1.85248048003886 1.18056861393426 -1.24676095963293 -0.431004540872668 -0.462505567395277
-1 0.147215056125553 1.98404684525876 -0.856595274227003 0.0194974563007396 0.0618167416087558 0.542608671887941 -1.30841093697227 1.05010921789006 1.31710374976602 1.77113191973839
1 -1.49589665346722 0.896874108157633 1.25344486148593 -0.483788905848283 -0.592664008899713 -1.21257147724650 0.451198662380224 1.11558839417615 0.18545734934632 0.753248721445609
-1 -0.0180977229950638 0.796930273467342 -0.103760020342915 0.643709838355053 -0.784891192454712 1.16669275015062 1.74717662447773 -0.157470287479141 -1.01805099470489 -0.84721815555651
-1 0.416223746207311 0.845700848579815 0.429398782256397 1.68110691655599 0.74748123914635 1.0827921238402 0.84531211389524 -0.271188684862201 -0.729706074015894 0.546102221000209
-1 1.19104612701325 0.501591870641214 1.39853252725148 -1.31955421022677 1.49497970932749 0.240793139745489 2.14966272533583 0.759031238474432 1.21294604967457 1.65450559057393
-1 2.08406328311672 0.18986363234253 2.63757516419940 0.138165291392306 -0.0118867423057396 1.42198166912637 0.843880301256685 3.24264811042072 -0.58424023974395 -0.231036501502465
-1 -2.22586200018494 -1.01875202873374 1.40721470780153 0.397877583425012 1.33127095917215 0.966016288932497 1.02300425730659 0.828310336099261 -0.452202360877652 -0.233981939534268
-1 0.141408081948359 -0.929183327990597 0.314038064380712 0.0964039786926466 -0.56884751647149 -0.430078347177088 -0.917497471469556 0.388907656207380 -0.0224725727311125 0.637091411415293
1 0.00218386596057134 -0.78398098048245 0.281155225405099 0.164045075048928 -0.120871618521727 0.645696805847941 0.938731374303489 -1.96085039762991 -1.02911389632571 1.22841022265368
-1 1.30275653493743 0.689283176892714 -0.747401120322131 -0.219560472540119 -0.954963848796667 0.183690765675961 1.36681411890118 -0.235372976318822 0.527780650705219 2.50283430391892
1 1.9282345974563 -1.21379556815808 1.32978829132847 -0.539149100787407 0.970986568705637 -0.0357323871284143 0.728994451723462 0.464377899390202 0.932125690857842 0.145436230018847
1 -0.985893846267773 -0.872096697305946 -0.314331314308136 0.75055687975575 -1.40823717465078 -1.56792816397837 0.282991982136744 0.254631999800059 -0.532472385321222 1.07332273440214
-1 1.48985818636661 0.744396142094734 0.716631487235038 0.93102719088826 -0.735367326550162 -1.46075696829697 1.61012682116762 0.317184149467752 0.816258211382606 -1.47591258658197
1 -0.0936018931453183 -0.548788150882659 1.03211430216578 0.489506499302387 -0.405011098788034 -1.04889289739606 0.115250734428389 1.37304263646685 -0.95598501614772 -0.502355326989306
-1 1.14483068801729 0.252463390116458 2.63394633279576 -1.48974653158316 0.955104613790587 -0.136370439015956 1.46146801113048 0.0364595128926497 1.15139096129629 0.249426323118734
1 -1.08504488929024 -1.02457235816069 -1.147467486811 0.0260743950748162 -1.04955857918611 -0.527173319733478 -1.58428333545464 1.14446943696445 1.32677681579939 0.203176074337408
1 1.38164043887040 -0.968149671087789 -0.122676537536553 0.866555575525761 -0.638054267850247 -0.0711396049821332 1.52864148720838 -1.23521020607995 -0.457766833808148 0.889236485996802
-1 0.611575135292212 0.121283149106032 1.08032295726389 -0.359893487350383 0.66840552120193 -0.519540050128814 0.956541191764198 2.26681629660747 -0.352031282494112 -1.80584087600560
1 0.347543112201784 0.74923701809152 -0.150624274216946 -0.519419368811422 -1.68433938119097 -0.907901859293435 0.561528253952338 -0.0425676665761164 -0.773101471906294 0.225084354970371
1 1.23661418862470 -0.378302164311537 1.19813714054762 -0.924547472965149 -0.960537473161764 -0.369187157290987 -1.28960333381900 -1.40536626817206 0.591803551233668 1.63670097851221
1 0.210759588583744 0.492226599459528 -0.697990620065626 1.04534052878359 0.496717953735731 0.283300393889945 -0.470317486477598 0.367897702277319 -1.38639847649825 0.724243598651793
-1 1.47279155957146 0.868824459909898 -0.250618586647685 2.55362817788039 1.62931189104982 0.87359648461773 0.753354221923023 -1.43690001644904 0.362462783350086 1.16094224296446
-1 -0.849461014929129 -0.00251238434487189 0.886050978490388 1.03574699205068 2.78451406124246 1.31220764406443 2.35711435448146 1.35198766409229 -0.595323441886062 1.44882437809802
1 1.61338239634472 0.273619804825875 -1.05536117675076 -0.299304167590192 -0.549144021909005 0.0513159121357905 -0.818782354093932 -0.0250715967414830 -0.667159929969081 1.02513086263419
-1 0.750404395029598 -0.758118087899938 0.94133213810916 1.17436853174795 -0.248404819247203 0.312538675873315 0.989044110033161 -0.0832895651976905 0.284265026453181 -0.852255203696582
-1 0.0997886387212412 1.08371602747182 1.94111421854696 -1.28908499509005 0.281239129488706 0.877424011115425 1.90152857979374 0.189746090654206 1.23311030467345 0.770553971468579
1 -0.0952258204584269 -1.16734678576332 0.438255874042569 -0.150865359194654 0.160176087957097 -0.506155218372618 -1.54095835710053 -0.306704738830656 -0.0453094799324761 -0.600272332877345
1 1.17154993433189 -0.870150651982925 -0.096596672674255 -0.181712357128280 -1.11401672088964 1.05588300105969 -0.704239496314629 -0.773447978492168 2.55822578159882 0.856246007655561
1 0.129056178394411 -1.36903504463559 -1.39450699148926 1.391100789268 0.304269925899022 -1.84175788955197 0.0917342904798629 0.880020124407632 1.51478695153733 -1.34988551873220
-1 2.20836736300117 -0.874952763888705 2.27750069178147 -0.555630040021258 0.753019244882447 0.306151458783498 -0.902680339016588 1.68063814420700 -0.258888395529356 2.07046046406666
1 -0.136090176850286 -0.864323013518199 -0.292891439667501 -0.192548106917473 -0.732303600900283 -0.816866322333196 0.280875903981202 -0.0917984770885692 -1.42291274397477 1.03383713287176
-1 1.61890208822553 0.530657894245033 1.24254378485977 1.18302138026965 1.65353351542875 0.386882261518643 -0.323960132241416 0.386910462262634 1.74415765138223 -1.15604361086841
-1 0.0543521852564186 2.19558994843983 1.50217951790662 1.86558277241736 0.37191652752372 2.97096385065708 1.38806244489094 0.371050019298631 -0.163801716734184 1.75122616448964
-1 0.685273599360518 1.57614090219315 1.35052572376306 1.94020471439862 0.395013429663585 -0.075457554331795 0.884924499636557 0.79293060796627 1.37835395646105 0.56871078053896
-1 0.85596735895874 1.13892163952740 1.01695698572097 -0.110090665266037 1.75676360433836 1.26991082107311 -0.78201951110841 -0.112462079965835 1.80669297402963 0.289254460568439
1 -0.629614603265204 -0.239331307700922 0.299934782230036 -1.73565295974383 1.16539801642645 2.88253738880161 1.83412411483795 -0.891949407732495 0.253018363012962 0.768221419076046
1 1.16286711499892 -0.487674925899269 -0.0422425772385813 -0.654531896648733 -0.000992531572676645 1.20213865737324 -0.451245379928475 0.195175611633062 1.27392842076616 1.16184132729626
-1 0.605088254583816 0.0598546420065186 1.01104040162657 0.0153685957187013 0.109157768536029 1.94019591453519 1.14871029071232 -0.261498839103279 -0.900949320939699 -0.247809767501306
1 -0.744918715719958 -0.211183826320097 0.600294813621583 -0.242440849675494 -1.76033089536119 1.04154229632153 0.163855570248670 0.525326299167316 -0.204317441591635 0.0261293830387945
-1 -0.684942122029111 1.30242971277501 2.1432115233383 1.14912534522280 0.0722603989919589 0.0905216998789355 1.43711187101980 0.0752143826569985 1.41263002848349 -0.468067324315744
-1 -0.463532317275766 1.41456628292002 -0.707163987329785 -1.15509416606860 -0.426108097732599 0.735261006628892 -0.203055471059696 0.801026246709857 -1.18891912632103 0.711498874784116
1 -2.19057559186730 -0.136330227292408 1.07979898472662 -0.212687013477269 -0.267516200791959 1.46741593686708 -0.946545774506008 0.00238219888235143 -0.792403805224335 0.515913040447822
-1 2.61496507410503 0.0127979444363812 1.07331490294536 0.508208493060657 2.19977356838347 -0.589507546164165 1.20148207053044 -0.0289773972407955 0.2472664072312 1.70756047485792
1 0.901179246790057 0.135468257111644 0.612582344974924 -2.22823376888373 -1.07752491320367 0.210569999771994 -0.39857104965846 -0.598516521812832 1.42732296776800 0.252504640015896
1 0.939288257501017 0.0716991623786339 2.32558584225151 0.0594982998091765 -0.493865569528675 -1.5679031186891 -1.88518510479796 0.407868591459448 -1.19127945541804 0.859320833390075
1 0.867741134711284 1.20678210562984 0.912409956375473 -1.17619961871838 0.570445550048419 0.263010002650083 -1.48855697523925 0.567518148244119 0.087773541309295 -0.643958935615037
1 0.459523819510581 -0.607967462180319 0.188608737312823 0.591522443309481 -0.243731555743731 -0.770696377939465 0.0133170307810547 0.832989178203457 0.591824430528633 -1.71905891230384
1 -1.25315160867086 -0.404622996384182 0.428824267901219 -0.284952046505020 2.08849506078458 0.914513709223888 1.82514454006547 0.177001979117601 0.356479899536565 0.136097583825452
1 -0.463621634785791 1.62227204386682 -0.748585720297599 -0.973150796376942 1.59512841545498 -0.0789165093646742 -0.452255194246529 1.46192211569129 -2.36022769109658 0.127609393658841
-1 -0.0981630139890676 0.93095658497319 1.53662664466032 -0.0319631529518606 2.05639442187845 0.736235309026733 0.172691116262901 0.581000035724398 1.20994318715718 1.16177757766555
-1 2.07609022947309 -0.243530264476351 2.02705875164945 0.282710986124385 1.16028832175370 -0.904120845807203 0.0259762172199183 0.793560578412506 0.394111764883819 -0.471845580320264
-1 -0.568985298922414 1.17653272926972 -0.64067429926881 -0.079586800865782 -0.118161670512609 0.94602853964398 0.224062452590682 0.800985555719463 1.93682496779034 1.5540531250729
1 0.275573071413996 1.95214105773106 -2.25072312066015 -0.946390570795427 -0.271813606525859 -1.28762720428528 -0.793490121573755 -1.59808427648789 0.283476288948936 0.0180526399459749
1 0.775028449873964 0.72581063322892 -0.502713321618916 -0.823963703720641 0.313750448581138 -0.348942466124762 -1.46089940056094 0.201048881898282 -0.893086413408626 0.842948648494933
1 -1.31143952038248 0.640889115268454 0.116478829437938 1.32897204352802 -0.128897070942372 0.942694904245933 0.78558667091914 -1.37541570710564 -0.346695891705532 -1.17639021338781
1 -1.35834040694429 -1.40178369019783 -2.16736093999863 1.64796896544528 1.81117398613967 -1.49987560663456 -0.442328413953773 -1.15259631948325 -0.234505486862976 -0.274891348616086
-1 -0.416923456968553 1.17657064846103 0.807150102785615 0.968492583022505 2.17751024685457 2.44157273079268 -0.500203772365126 2.05304756018623 3.18503435602891 0.679744615307158
1 -0.00826474228729918 -0.618443058404282 -0.837383760816637 0.7925941377536 -0.476632905609823 -0.255833491671122 -1.24245891241884 1.09089721212295 -1.38237501500507 1.67704934043864
-1 1.60211513073819 -0.147905577012922 -1.75828493104513 0.191012012719295 0.978491700543018 1.39928389365323 -1.34438802109547 2.78292241453877 1.7162706247209 -0.388540762037648
-1 0.852127542520115 -0.177364099126740 1.76716376229873 -0.49827573036097 3.24474361599799 0.481037984106884 1.03205680323395 0.0692771638208055 -0.765297083527829 -0.769984011396078
-1 -0.443538933612054 1.06163115327093 1.61087579150115 2.15264383211328 -0.449378357374900 1.69965479073040 1.33062735048724 0.0348053444373787 0.268640653320108 1.12471087685238
-1 0.248704750330888 0.758331858455482 1.95971814522416 1.28603925705551 -0.285422019489561 0.428486672786064 -0.303216400533026 -0.573725299424292 1.14447240608917 1.05284943469693
-1 0.22753646292707 -0.122353716913686 0.00316356690179886 -0.786983508753393 2.92356254831155 1.90702375653994 -0.205931753869429 3.15479171009317 0.76827399825222 0.882419069376752
-1 2.45937842532704 1.78780282391417 0.449508138382134 1.89934282927935 2.19131879575181 1.22936654353021 0.386483177633892 0.749474747008782 0.936484235766515 0.635860405623245
1 1.65284697228023 0.378755615051189 0.483328151907963 0.184283430073380 0.75577366378919 0.559880509226736 0.769683432217202 -0.738158113645814 -0.910737645216446 -0.157933864337726
1 2.75484692822139 -0.767038067982302 0.503207191711078 0.6118996106001 -0.823006250181942 -1.07225338952598 0.230260226050678 -0.382832872801379 -2.12940457462563 0.0655474769986695
1 -0.00740911455025036 0.400160063772295 -1.47331889264168 0.723852231273187 1.31773554987740 0.0718352242662566 -0.175582723109186 0.770528820665903 1.32217591866673 -0.321291785982597
-1 0.511963678671065 1.82703988299101 0.735552532987313 0.407154886343502 0.64670145874144 1.05490497255231 1.34897199916635 0.0410378594715655 0.136840442178436 -0.81361952107948
-1 2.10999031705850 1.61537595269875 0.909466184185848 -0.227847606856833 0.506964991639872 2.56944526713167 1.18597854270166 1.54829201372972 -0.172765092606046 0.349480045957546
-1 1.31517790169973 0.986624089128694 2.86996579555498 0.107289540426763 -1.45817303188449 0.851143803725494 1.15654882815717 -1.53562014631724 -0.843119987246328 0.534475643009212
-1 0.328359369867881 1.01731380183438 1.20706393764480 -0.442941274597063 -1.05066411368777 -0.0120303038602078 1.42846304966490 -0.170333646690589 0.172865869638911 0.876688534672491
-1 1.04387427068442 0.46696339517141 1.79186029863832 0.407809400515211 -0.669969325488882 0.69643634243113 2.37847488503690 1.56467550862636 1.55759817767969 1.42185838754513
-1 2.69293540403382 0.476439508969102 0.651986057060293 1.07685511606504 0.437694333606402 2.10455388602050 -0.00460037688945281 -0.769244642961179 0.702243221002411 -0.789002750516885
-1 1.37484978497330 2.35194268381405 0.289790232306054 1.36399794135951 -0.00184079346486143 0.00152303384504848 1.18181892552374 -0.124144511991428 2.10889473557906 0.31557912958761
-1 0.867347253583147 2.3402325202439 0.541964984326816 0.680130358618672 0.793316999343954 1.88759303346586 -0.0836559564366294 -0.405956112397617 0.524164383161821 -0.65875503491565
-1 2.18788717506086 2.24143433403874 0.531822197621628 -0.229855924408968 0.274654381125081 1.22435554837256 1.66462678901011 -1.13212125950916 1.84267849567235 1.61827438020413
1 0.26752491023324 -0.417393935087382 -0.691141780792328 1.71696444036348 1.08791141063836 -0.205404419780143 0.206493069476852 -0.431068059432739 -1.28302066033648 -2.10972634915821
1 0.0857549879986534 -1.83799484877534 0.225163424011311 0.164115629264233 0.529713570988536 -0.202437682760795 0.0495839391472254 -1.15671848987093 -2.97567926521248 -1.94901827181650
-1 2.1734696141707 0.00512643215977249 0.396882678150271 -1.34092871621638 0.316327165925691 1.28809451421549 0.430321687657404 1.52564534260989 0.779017774996882 1.86812356812058
-1 -0.551294782156176 -1.05759020145909 0.520747677441468 0.74236654441468 0.806207168228642 0.0547796564269033 0.623932207768527 0.933858894153454 1.36759331427773 0.644320606907304
-1 -2.09208286838869 0.439960779354598 0.645144779944146 -0.20027219600369 -0.204984116198026 0.6017588849174 -0.00425269551749152 0.573634363120674 1.63489346875581 1.33670016566906
-1 -0.502262884489259 2.07990547154052 1.82579711047117 1.37581697878745 0.71285693817664 1.05728385220884 0.261721102346185 1.26717623763956 1.33866072218687 1.67775038916591
-1 1.94823024817005 1.80247426387163 0.122027261445743 0.423483673136922 1.12878082726528 -0.472259319173456 -0.170747625922701 -0.255152606925074 -0.219767083824171 0.470193457313367
-1 -0.216706858712513 1.04445526814181 2.10177447416242 0.343711658401412 2.42444823432201 -1.25881489155512 -0.938144477890702 1.91721870929757 0.629932208854651 0.508176012470093
-1 0.617430726939661 0.172937741822121 0.916874119029263 -0.837353620759767 0.837094452994727 -0.225128229834134 1.19504835924830 0.0285399844098914 0.683761244139112 1.30732137007679
1 -0.877978363263999 -1.00995926171191 -0.279107215576405 -0.136626758738868 -3.02459101478641 0.865679701221931 -0.579247143246502 0.980967870450902 1.87386957724158 -0.100807310591225
1 0.542677064234948 0.674816434199871 -0.0644676995626979 -0.619859891352006 0.736496378304288 0.137740203249688 -0.543050142836553 -1.3557366188358 -0.699673402058587 2.34283833790840
1 1.51621105548181 0.0283014937075683 0.378999362281927 0.537619538311778 0.594539639675737 0.276051114010265 1.77374036578404 -0.675739913036985 1.08539961800807 1.95181043779158
-1 1.27050034090576 -0.746068367171821 -0.637600049916317 1.64682750963355 1.39129657834271 0.164726636130344 0.172802896635006 1.87032786339825 1.24382636708399 -0.315068414801811
1 -1.72144452361520 0.488925077837918 -0.425224984800718 0.612936497532129 -1.89499038509425 -0.456705111374282 -1.64475670321389 -0.433051886835158 -0.790821822453096 -0.321446488327201
-1 -0.88360813680636 2.81668431831168 1.39370742260552 1.28547954026581 -0.000129274890029674 1.63069664522331 -1.37445509439696 0.248043228184873 0.349658993044206 -0.683354921547558
1 0.433896015298456 0.318380214407091 -0.34888366577959 -2.03384567093492 0.317451098803005 0.0327860553236966 1.97055146530882 0.591672479358972 -0.88609988367996 0.779751516674872
-1 0.0184143090347799 1.86134850547800 1.05034694234578 0.461128656734749 1.45132668324048 0.481039446073439 3.86160057059278 1.67786594378291 -0.0779835753346562 1.59749061590186
-1 0.295239868126438 -0.124615401260696 0.485384330266193 1.00778201072202 0.89964878579067 0.693592796786014 -1.36124825420303 0.00326881495236631 0.586877985579367 2.05616785745506
-1 -0.425168752934634 2.21839368587803 -1.03043982507983 0.642770957097527 0.995917250416993 1.21784650687499 0.614203369791493 -0.156187237410635 1.06146733845859 -0.880177728690982
1 -1.22427777951843 -1.06368738073318 -1.49487643400844 0.65207940535766 -0.409186283920255 0.803037805168216 -0.896803611234977 -1.21178631298648 -1.11664934118368 1.31897700689684
1 0.57772278258626 -1.54829580711213 -1.54157983315036 -0.231584816670081 -1.50678941022757 0.267330999433592 -0.162989521698728 -0.97199139822532 2.46107014747656 -1.45393829142044
1 0.0100507788388494 -1.76402628338045 -0.696741833116407 -0.481700054939453 -0.446648431663252 -1.60663890739503 1.20187793588585 -0.551746336714373 -0.363674214729741 2.67191331933778
-1 0.386389966569578 -0.0102800711997266 1.67304985441171 -0.373211089045069 2.60680620563773 1.57380199254733 1.12255750119957 1.44355803990275 0.15527741913092 0.630305993210918
-1 0.618510760957419 -0.0863141444123973 0.950718350077754 -0.433513019949422 2.05068061786907 1.39229865559654 2.827428661511 1.07827675453158 0.222922139398457 0.637617905424496
-1 2.30534223443587 1.59585928953543 -1.14209242020781 -0.282916674387719 -0.453022324755672 0.257140314423414 1.61805775203153 -0.165522687471739 -0.680729918358756 2.29147615826489
1 -0.188944312611459 0.559718164119534 -0.401852639067272 -0.0920460387871592 -1.4098905651376 -0.578772706190768 0.65453233651193 -1.06076310364695 -0.211978358449689 0.264164093288905
-1 2.43537411772699 0.9783685558803 2.092030652812 1.57735458698318 1.29064799929305 0.319822837121597 2.88544505107697 -1.72166708245766 -0.336022341398982 -1.05164036082083
1 -0.0915643796623933 0.95149756813447 -0.00507780853903075 -0.167722392410945 -0.680300533962006 -0.80261806109444 1.25004760222993 -0.191922831036639 0.727716116282952 0.626168281092823
-1 1.47189633382647 0.532871406290785 0.445256387344127 0.443881647673384 -0.463302896187342 -0.167246157672778 0.904339827364909 0.955077128834817 -0.160125647814618 -0.0444029086777834
1 1.07282858126853 -0.887295735014689 2.58880618826086 0.226562944638084 -0.60063127182047 -0.523395838392374 -0.0878026816492186 2.75980394442194 1.55636113065175 0.72062964233844
1 -1.92641213083156 -0.945773065774108 -0.310221457585468 -1.93270995906674 -1.30532659453426 -1.48043208861198 1.39877150029194 1.38400550001404 0.249217347592489 -0.325376357326069
-1 1.21866188281865 -0.354804929947429 1.31166240891416 1.42636999469404 2.95616109615501 1.02819198094031 3.48208455304773 0.48259244363334 0.82974614996867 0.592725032244826
-1 -2.03233161684780 1.26736299959497 1.29371194305484 -0.51510395917496 0.868035906808808 1.08424777619968 -0.801100586130244 0.0709128486322466 0.423150654599564 2.14869830983878
-1 1.11035545872385 0.0667227422272874 0.107441976728387 -0.581675052510806 1.97032738786209 1.32068906165389 -0.798662197758812 0.903591036169097 0.736665302636556 -0.567914774235491
1 -1.44182322913159 0.191532104743477 -0.0148404812672332 -0.0717352580105732 -0.427775247888225 -0.0829249784293035 -1.86042552161952 0.105944532294631 -0.575510524421086 0.412144641815207
-1 0.529148327252344 0.602974619105185 0.514769139287305 1.97157779305586 1.88731146300766 0.403142069454209 1.14536237674695 1.09905645120466 0.698316330193098 1.07056855214981
1 -0.354851510757413 -0.617690166991691 0.583421961141652 -0.38781689231927 -1.41501016286326 -0.317337914602909 -0.0921197971190965 -1.27989954871065 -0.88106163648556 0.950759648414982
1 0.846761662806926 0.74262356106137 0.781281853074402 -0.0363558302532916 0.6700151169899 0.379038019482632 -0.079611056341026 0.953805407728457 0.656056356063828 -1.43797985939178
-1 1.42375754432898 0.284428302520077 0.431187905107514 0.499459946958001 -1.13875491339864 1.30954237672235 -0.523244248164603 1.4194432007068 0.963726749338236 -0.197569299958295
1 0.292473849680807 1.29207949485591 1.05510270395289 -0.0839515262439656 0.257053018646981 1.72488772626152 1.56722721280070 -0.0519440857421088 0.744982541198786 0.443040035176553
-1 1.04828688365403 1.75096186027527 0.464948061061438 0.00160833110041536 1.09051119884213 0.219294572623720 0.720413732225257 0.218330584840709 1.13372660037915 -0.437720654371513
1 0.132600175177628 -0.166827098157095 -0.46198362858057 1.00149243461358 -0.0403626826405212 -0.254094853418871 0.485223914556446 1.01435237325543 -0.355923398815673 1.13324457401574
1 -0.598735206600864 0.489887047192934 -0.0679134425461664 -0.379852825376244 0.877375415312937 1.32737849033012 -1.00062241675339 0.290479528146396 0.294950967191244 0.713143937567247
1 -0.587993824255734 -1.02283692390002 0.224091143117129 0.269671111376874 0.489106258835132 0.978904156555659 -0.121470380441590 0.440887800645195 -0.08840410879752 0.582948706710202
1 0.246857512884276 -0.204894200720621 1.29620197084732 -2.13189939893225 0.507806152768917 0.540545785985534 1.13023684810962 1.06095894461585 2.01190214281527 1.88526755217923
1 -0.255914472933532 -1.23581680956696 -1.02052373343796 0.432060516992383 -0.0867256321802705 0.960656758890603 -0.554365084804185 0.655761560661748 -0.262938282884639 0.432255056389935
1 1.14852883413630 1.20802172657276 0.746457985694913 0.138448661188782 -0.984300504716572 -0.112355294108394 1.41476223951684 -1.46028933777623 -0.671000922430383 0.161439875191584
-1 1.01719964920467 2.8853735486019 1.57853632403286 0.0463961812038243 1.86224460893218 0.233016186931571 -1.08086907670162 1.23685519373565 1.46220504999076 1.52940313858482
1 1.01433869971446 -0.83227365410873 -1.27972978664642 0.744751568581995 -1.50250591433424 -1.06265143234970 1.76070824052943 0.817665827756327 -1.71539076442852 1.49237390845325
-1 1.46764606000167 0.424801494580954 -0.106420244298417 0.960012627579813 0.410894833304715 2.53754185164598 2.86897275481106 0.978791028531913 1.49699737529157 0.0900609867410032
1 0.272886244925532 0.372398360000933 -0.531233120385254 1.05312737908895 0.392092860884144 -0.145718838227336 -0.282515247334543 -1.06082416334766 -0.826094062781897 0.0503337623878682
-1 0.917260805796027 0.672238456156316 0.217602092897942 0.346201446680743 -1.54995233374722 -0.197866107574138 1.14769302331956 1.84453494617726 0.0688610005350885 1.53624686128149
-1 0.109502116044708 1.69664433796563 -0.465168221451035 0.736954742314581 1.42914222815633 -1.28134554723236 0.807169650282242 0.135172990893159 -0.96493312006837 -1.25242515428851
1 -1.82408898777547 0.478788204146279 1.50864365458021 2.01909927156260 -2.49365436908132 0.402503449551305 2.05511307260662 -1.52273726898456 0.833733377013913 0.141439322717732
1 1.51644854697064 1.02571868992665 -0.378577543738155 -0.371802499595803 -1.53589884934223 0.82088615430641 -0.452015763870859 -0.922583007028864 0.944523953347784 -0.826077824727201
-1 -1.04848468265709 2.37678140044431 0.81850268098679 -0.123951283471949 1.58750832180137 1.17826708384911 1.88818867568627 -1.31653351384527 1.38584769327512 0.83936096115105
1 -0.84674151147189 0.520187122206134 -0.739745280792983 -1.38954477345175 -0.321823954957259 -0.212949499556944 -1.32107907137426 -0.460603496727352 -0.510028937773977 -2.01547819343165
-1 3.51461464022667 -0.565027641583332 -0.55536934612372 0.65359298025601 0.449684793840412 0.268141774378806 0.813271075920308 -1.09482854051192 0.267917498887551 -0.499603346524213
-1 2.11824075272627 0.855589648878666 0.735966963543608 1.32755577814336 2.09186007340112 0.660744861440508 0.41401672354291 0.279096059874429 0.93737044799371 -0.287511186132526
-1 0.252929076436779 0.973203538295615 1.34266086161742 0.00508287591867218 1.26313168948026 1.33077491881947 -0.303905150308239 0.264042949558863 1.10681443004019 0.526193964495989
1 -0.203134858186488 -0.956875003794265 -0.00730958951586855 0.205959801959874 -0.126523523143061 -0.120891307266993 -0.337287867807156 0.634386313549417 0.819729527398255 -0.119284604918790
1 -0.120790611683373 1.50135279510917 0.182815845146006 -0.982583225523591 0.831024913814203 1.3809740631795 0.818367194171546 -0.383335388318538 -1.14055554350746 1.76252340136313
-1 1.61981295224843 -0.278381003133217 0.478898780825511 1.02106650029344 -1.13847943283313 0.760488516932283 -0.386756769002955 3.06721632756572 -0.48383534843782 1.77917713129316
1 2.55201788789083 -0.853839643861445 1.19988913331566 1.62300805231601 -0.592644425667143 0.683212589783004 0.82177290419547 -0.887703185153993 -0.418532316664418 -1.38831485864984
-1 -0.154458052816823 2.26998982687935 1.71004324992967 -0.560667255641067 1.84260386444398 0.158038129608359 0.696990414742523 1.64754571861814 0.0382776250152037 0.0496966597285855
1 1.06385113212112 0.605620887746729 1.10330358269806 0.516423966070223 1.37822307945901 -0.265971490269592 1.20396172412934 0.922731869248877 -0.89095609968924 -0.570461035771575
-1 2.58134789047746 2.28338917079464 -0.310498751099905 0.659883824486714 1.38000944227863 -1.15548417119009 -0.238261268464906 -1.56522678173398 3.20125183782779 0.894785347273232
-1 1.20647624333159 0.837880273313835 -0.156944324507508 -0.939883881367011 2.25275359539215 1.22658188114146 2.13784052987926 2.36689126639646 1.52129100080280 -0.822378192733476
-1 2.85732671868216 1.43058277816155 -0.514989224079652 1.54021702773976 1.04564294674079 -0.374987551986524 -0.460735830615027 0.263826436656754 0.63528957253898 0.698981492851796
1 0.291569811150631 0.903010861932841 -0.00478482838181426 0.93604493498343 -1.03036269460775 -1.76847461510384 -0.0696512406791613 -0.462938308971678 0.567533065384968 -0.349729094813204
1 -1.19592817394552 -0.642902662072924 -0.764317435292224 -0.220125608308539 0.916707222742105 -0.316055977902336 -0.45905746754313 0.473972319991561 1.0011324460009 0.924376485646667
1 1.22206113348277 -1.30705985212219 -0.0935337346310138 0.149643444643755 -1.65054310947278 0.360566856251629 -0.679105340383915 0.131406026574757 1.16187234220960 -0.208810585047300
1 -0.00759771763387166 -0.431268103007459 -1.10083851015191 0.0757932802115522 1.10330353846938 0.00145699331467554 0.323529022866381 1.45921659886045 -0.704965242002657 -0.165183436548999
-1 0.120306479224359 -0.61091243605299 1.07055506507334 1.69558396345141 2.36108954570459 0.368464886169626 0.188573172094497 -0.941556281852003 0.439327692743995 -0.079980708036108
-1 0.478654430299983 -0.878051652372362 0.0917864531466842 -0.107732853558297 1.27839862590951 0.384928047822119 0.979257860132249 2.94211942456745 1.32678734489652 0.59508410096536
1 0.69797786373091 -1.92573628680052 0.226859487311424 -1.03961020885355 -2.56686138703705 -0.201637979945887 0.153283278916937 -0.109189958571291 0.346774356423511 1.30271678796259
1 0.705809051375837 1.28239655924826 -1.58629399603290 -0.537860465472871 -0.612099123992624 0.206452208328985 0.55877420929435 -0.175615988480311 0.79315501415691 -0.128582896420284
1 -0.6392044834314 -0.682551938010437 0.78137267549647 -0.283383542911271 0.270828784630410 0.863692365542723 0.770052441474432 2.28124311708323 -1.01848049502620 0.0305193878880058
-1 0.5280872497222 0.835080724595845 0.765551440508042 0.167740816893363 0.078744496755145 -0.230819552867377 0.648122113065077 -0.761559394956258 0.104417156236384 0.741540372012505
1 -2.49236751639610 -0.519885965327213 -0.631825202317638 -0.0330773375499123 1.10423152764134 2.84258554365745 -1.88520568484590 -0.340111456054838 -2.11417777194026 0.442671772578758
1 -1.66159361232538 -0.581400930282587 -1.60428297900302 1.31005233239564 1.06541327891989 -3.00718560147013 0.562302618067396 0.462934547389542 -1.43335027840392 -0.52038620623146
1 -1.20812420799576 0.0445577212331736 0.5096799486441 -1.49480466700704 -0.334194861619545 -0.213263673255241 -0.953989791075737 0.586915466540794 0.447471705602272 0.0452261412088863
1 0.367243105330283 -0.667018846141051 -1.24324520185126 -0.857111532040107 1.37945566355008 -0.679310182689203 0.147296145629594 -3.19613310525171 0.327413183934383 0.490882821264007
-1 0.104247174065540 0.705591427815183 0.962338546348189 0.0432666736032927 2.92083673060786 0.495311220312035 3.05592182129393 -0.227900847503938 0.959416198806249 1.0489136437902
-1 -1.05462168020717 0.958527464628841 1.31845339220898 0.704476599603659 0.263219818424737 0.571045141168925 0.778776051216046 0.964315121305425 1.46868166996186 -1.30725552749556
1 -0.888663267820997 1.03624148534182 0.546046230734312 -0.542566982146021 0.09033822449383 2.19800651969763 -2.14165477126938 2.28252216397970 -1.68648233807552 0.260783997898037
1 0.756827551461088 1.38546359760317 0.368849934606543 -1.76872067370896 -0.556102693834124 0.160344730523162 1.68509439721985 0.962157992128153 -0.147613668564765 1.30167932950558
1 -0.95208088832862 1.33436322904037 -0.680721890266371 -0.927529091647508 -0.169428569569386 0.938172123559273 0.0419722907316551 -0.217644559965629 -0.550908788662473 -0.301627981579705
-1 2.12698531656207 -0.426353957755226 0.44417896087232 0.379819455475224 -0.0928555220292692 -0.770359008351492 0.00405289943013576 1.11828831809629 1.59135320531020 -0.0867127543791772
-1 -0.693198447409385 0.99464999050886 -1.47980310097796 1.55598979625871 0.485351694550301 0.149934747819473 -0.741556297374798 0.681200860382302 0.166692412953584 0.493433234835401
1 0.439993190888684 1.02377351706619 -0.39548921979991 0.64229312475966 -0.233827132255824 0.107769835010309 -1.65887086502605 0.952109221940893 -0.588028007601608 -1.47273890733056
1 -0.180259156083502 0.217927707227853 -0.879371796894144 0.958372487872978 -0.214468089887906 -0.660457510774469 -0.906709103340227 0.422042998170018 0.248585134552646 -0.727240424183466
1 0.691440333149986 1.78140938615563 0.503628242069043 0.57773552542345 0.290946306158587 1.16060787245208 -0.917553715652759 0.351418493907078 0.84308444046197 -0.261320179274901
-1 0.749346814241927 -0.0567369188800052 -1.47627851524400 1.72977618445996 1.48569680202485 -0.848206118696448 0.328228514381619 0.71858801862409 0.516146200159129 0.0742445012092492
1 -1.20799471677775 -2.33460872787579 0.181244691258363 1.27682783696625 0.46373296511797 -2.01110691676241 -0.627750090376103 0.265857956203888 -0.696582059275726 0.739706044897577
1 0.346459522698357 0.893655031893158 -0.165145201410974 -2.15105013414089 0.0337756761743765 -0.456786973122008 -0.114856515321905 -0.328821987641844 -1.17225142352125 -0.0446308068051798
1 -1.05091789760224 -0.531336247129548 0.99145913257579 -0.616888611542102 -0.117673496974971 -0.960809185087995 -1.21613343233728 -1.22390152077925 1.44790613136104 1.15462224987894
-1 1.05886751952525 1.24489827166417 -0.476405605190834 -0.969136305401674 -0.228822857742556 1.52174278299805 -0.00125950979598421 2.10749993532599 -0.139547350206883 1.36140646922528
1 -0.364907483112540 0.756886942765871 -1.34252447054565 1.47771625591433 -0.371044190304864 0.579169677749784 -0.274301741111679 -0.321977017804389 0.0682933760659675 -1.35085567696096
1 -1.59895957251105 -2.01785144763465 0.0459659532911413 -0.102300960622531 -0.82917328048663 -0.775176846931478 0.28344859846326 1.42705003069407 1.61112604453112 -1.4784843580131
-1 0.821665048130852 0.523645484955004 0.710357910765426 0.74090975195473 -0.457158881419368 0.187934672985882 1.10680494364274 2.46517645983615 0.137533972329972 1.68211243129555
-1 -1.36561915110696 1.01881953562201 0.747641744288391 0.752182840416226 1.74925436283059 -1.44809837409163 1.41700228094346 -0.933504322247206 0.502647897922803 1.51779116649956
