1 1.20638568000726 -0.443346357183657 -0.801242432127707 0.824936922709472 0.738523372401085
1 -0.430190443340568 0.402458872037566 0.587448447413998 2.74665219105747 -0.124274065102732
1 0.228243586956195 -0.672033549140031 0.468330501911268 -0.278163021309935 0.456680663197314
-1 1.39494596447614 -0.458793251373289 0.61274943345726 0.606457607733314 1.38246266563250
1 1.00867504113001 0.179157673490149 0.831720442809714 1.09472301695682 0.971698308943501
-1 0.95035727529066 1.59277081122106 1.8148097863568 0.460905501206568 0.249422083061917
-1 1.83824507144433 0.122217074003420 1.03865139212244 0.0942871575456175 0.658674710954497
-1 1.68862942389801 -0.768032324690957 0.989645188969809 1.35669884075907 0.395533649114174
-1 1.39421326682343 1.32053973652693 1.55981459747875 1.09731328345304 0.92450383233653
1 0.606853450732405 1.65081570564261 0.858078218744715 0.923892852582735 0.44526686649161
1 -0.820863070395226 1.21876268812622 -0.706310977620751 0.115247693868283 -0.0306965565163235
-1 -0.686621072182321 2.17486736471598 1.64978741567571 1.43036420654571 1.33775099025157
1 -1.54856277551953 -1.80343624535796 1.43244406636225 -0.409680360436898 0.193687836228811
1 -1.39645869474065 -0.0109846543849130 0.373635832191609 -0.354378366934308 -0.256301550388714
1 0.0973301647406227 -1.09303303975920 0.334490009678487 -1.46848325223060 1.58638063255077
-1 1.1230119049919 1.24508736069035 -0.509629225913814 0.913042866692986 0.475972269597949
-1 0.203090919761319 2.14735348019689 2.69873639314827 1.63150217768995 0.238073219375743
1 0.681498777526556 1.38428851450600 -1.57415079376187 -1.07375778208915 -0.219274742950955
-1 0.94982219518328 0.63815849389715 0.753142512997759 1.82814918618724 1.95878300047387
-1 1.09119481484974 2.28582785119113 1.07497991469276 1.53274003660361 1.66380603043096
-1 1.73747667075361 2.18437278374854 1.48690384576022 0.960832041809067 1.45000275792590
-1 2.058356321179 -0.0119377871615585 0.774947808128986 0.657891869946751 2.35771367596241
-1 -0.369129011512918 0.4291357000073 1.41132525267788 2.78704868278148 0.538217477767636
-1 -0.077287439561764 0.150467572545465 0.159657201187426 1.28127032975409 2.91282065691846
-1 0.10726953813298 1.50822130844284 0.266155758261468 1.13058446708548 0.812546801390366
1 0.461884894938713 1.10984303428303 0.646924921184952 -0.399861853475499 0.891956889896106
-1 0.76914624343037 0.39736916168021 2.39719431845591 2.89734445243091 2.04662752447972
-1 2.22277545172992 0.467026736507127 0.217290715289425 -0.691271654898935 1.78375679662556
1 0.0795483824330244 0.0356030483039172 1.04541720357704 0.850632339163638 -0.0561857639426009
-1 1.53918907546952 1.24326202719295 1.73124201460769 0.260042466604823 0.127629169853435
-1 1.63853820400210 0.912841691127753 0.816714126706432 1.50744905994669 -0.964427271759087
1 -0.407656653682287 -0.693331946293272 0.590324136716477 -0.64657325672499 -0.241299027106552
-1 0.62818171922263 2.69326676050464 0.112224623257422 0.206025394134263 0.526904166683268
1 0.417988869394261 -0.923930184838709 0.0880147247372095 -0.74594177080117 0.483816716479684
-1 1.26179193952973 -0.238611250464941 2.44793113668496 0.470884245643201 -0.5388393651239
1 -1.17406546741044 0.83503477698769 1.84315774753891 1.36204066255405 0.185110637420263
1 -0.332369039041813 1.03906905759155 -0.630992200648676 -0.687537893483874 0.665089651632897
1 -0.636692799301599 -0.0239078901859880 0.337041041986042 0.5984588619493 0.724990496433238
-1 0.707192885452354 2.95225333853451 1.62022206770748 -0.163271862673102 0.191821331575574
1 -0.380591399473478 1.18083322536181 0.0660457081855925 0.950337754733158 -1.14311325194492
1 -0.344408382979549 -0.0296074383183521 -2.43065754443313 0.680426440840751 0.720133960580407
1 1.56556800600887 0.232638295289263 -0.680713016790366 1.03340810500101 -0.181674866837226
1 2.76057348168306 -1.28097162402074 1.83918189801925 0.367097650327423 0.0848993344169805
-1 1.19272163927331 1.16043678587860 0.7716574038097 -1.07693373325804 2.09766532842767
-1 1.49417299954380 1.62777592079989 -0.00317863244614802 1.18785356347665 1.14419446557562
1 0.0466425086717299 0.109093594543504 -0.475845616985853 -0.333398269297468 -1.18752652033944
-1 -0.436665121284533 -0.0348643951847574 0.267707060395737 0.790978832511607 -0.388761606985659
-1 0.709014822728641 -0.281496223210659 3.29204302247903 0.397279573533365 0.83338547602206
-1 0.411792238009318 0.655344792949953 0.77827170911808 1.24374134429165 0.507603694796149
-1 -0.527062125626264 1.84241426362462 2.17117007760205 -1.20150582113801 2.13157701075006
1 -1.87072074194932 0.260142132488183 0.527316623894343 2.32168038499326 -0.468493323552516
1 0.697589780049888 -0.493118214673258 0.404455075327793 -0.382805021031387 0.523459119109952
1 -0.200452174273878 -2.34262571350201 -0.417373221715054 0.390163095305861 0.170700913016730
-1 1.21980686697435 -0.663196695445556 0.122158360472527 -0.0611080900644029 2.11794702183667
1 1.03332356312959 -1.48042080393277 -1.39261722149016 0.458312326446475 -1.23586224756180
-1 2.51651964605593 1.08573963686163 0.745634422808944 1.06800576461895 -0.543092191765545
1 0.285480762566366 -0.69512718205453 -1.15494478388901 -1.11446977205526 -0.0855126122499164
-1 -0.272554197972932 1.55540585945516 1.82606177529167 1.68648426818654 0.0682008902904283
1 -0.244784435813893 1.82674934990792 0.504393174639982 -1.36452619345876 1.67849840671605
1 0.253034765286184 -1.61695606408910 1.38632823397839 -0.986788045054008 0.163753585505320
1 0.0585022267645553 -0.695990275618793 -0.677022956987313 1.36947033255052 1.12325933084898
-1 0.484017421461543 2.4632275516757 -0.440958197639772 0.530140241347755 1.08624746085895
-1 -0.640010990476413 -0.0380349694462775 -1.20717536477043 1.05369460265957 0.182917233096861
-1 -0.0960084322109518 1.95062192361895 2.43180233386511 1.31295058625908 0.235245038455713
-1 1.32206555719622 2.50951839954269 1.17801793714572 1.50946838023539 1.55129891628555
1 0.186741141435897 -0.29896079389451 0.766716040460788 -0.867107590444214 3.13759438982991
-1 1.98291724537578 -1.14932462333618 1.21587204894677 -0.523314754443862 1.71403258096707
1 -1.89038439553191 -1.53344817954056 0.999342291249356 -0.989191262195535 0.489290950123945
1 1.43116151483624 0.755870649242233 0.417157505056629 0.754653636792099 -1.42196564542276
1 0.542053497008162 -0.406044638080754 0.229074414422613 0.0524047583205668 1.57613174313101
-1 0.575967578382536 0.725347549104471 0.989993912999295 -0.602116000261119 0.50031420300563
1 -1.8967329067483 0.597977609736857 -0.438719484375411 -0.0231046999033402 -0.518576149289046
1 -0.0650005369066626 0.142480416463322 -0.0876784225663557 2.17661273989790 0.456094438086572
-1 0.606428706305813 0.909142360394004 1.44302274610016 -1.43764634172224 2.79578944181869
-1 0.518607490009273 -0.328067043081021 1.94902608165439 0.828790323548347 2.05503151172789
1 -0.06966281972359 -0.86589012682092 -0.0399884260646815 0.0716752873480054 -0.0769137571401556
1 -0.144922745759702 -0.471867281728224 -0.72649777731811 -1.50342416240804 -0.773093792890282
1 0.66819955011821 0.566749381910528 0.520380166115158 -1.86528859840135 -1.78847115380622
-1 0.861478888164518 0.153158197422572 1.23593654926331 -0.583708608578422 0.661873797265187
-1 1.55542630036416 4.36142361085326 2.37942823483301 0.696481492271332 1.59215315234622
-1 0.739206462157054 0.377768521505127 0.745630223045812 1.63458031321552 1.18117985142490
-1 0.694105019024542 0.191080166948265 1.74238031702682 1.25575319865092 1.72246049867926
1 0.0893978458669238 0.0199688877205634 0.394105348369248 0.501672439409751 0.92570799703225
-1 0.223588403766798 -0.936453208879342 1.51574612029169 -0.35886493038459 0.333559312703028
-1 -0.303101801798296 1.59177961082233 -0.847178299839614 2.02802589201731 1.36081470729062
1 0.551408669994705 0.223731886789218 0.717418159007708 -1.20004367243713 -0.146920269219320
-1 -0.333479210290745 -0.651936866602356 1.53389402739248 1.50396910296943 2.27145276629180
-1 -0.271699803131488 0.61406903533973 1.90657138639861 1.30165518648905 1.17088303492929
-1 -1.23545896086428 0.215869796688862 1.46664929159084 2.12249755879548 0.740025985414886
-1 2.35519964780495 0.86010596101258 2.42628730217399 2.02525248650496 1.19093100645592
-1 -0.0372633897227562 1.84536295665854 0.186884314453796 -0.124450750150534 0.173042713058485
1 1.09218331529957 -0.304152935916481 0.798189133223262 -0.555827002749137 0.8127156619689
-1 1.61036058559037 1.90055131202383 -0.567945814341401 -0.183608848155916 2.03836859276282
-1 -0.89804995430957 0.0418385473398406 -0.468244731899024 0.868647207839505 1.75278479497654
-1 1.06776562211900 0.534599901498587 2.18422058778871 0.957170740322107 0.696729949462766
1 0.0547813247434239 -0.746283029155554 0.618933869000072 -0.230146498180705 0.213118863846552
-1 1.71574238731099 0.0527776885372413 0.442693963701491 -0.135456493933770 0.606181591776348
-1 0.143981260229113 1.09634024989195 2.54861889371287 0.656164604521035 1.43768429259268
1 -0.223968165158749 -0.144702602457874 0.263555970473611 0.981968571477126 -0.192860864031911
-1 1.57529264720646 0.807923290806336 -0.034243305938226 2.74212767207991 0.800316110239733
-1 1.12258083702786 0.694637705407925 2.36404617442932 -0.772386341774023 0.048495387640269
1 -0.104730003233274 1.15958261525943 -1.5278938148817 -1.51747120756835 0.76160720667112
1 1.79238111956974 -1.38232472349786 -0.486141236557021 -0.557146365833951 -0.591875275490187
-1 0.0932692500626836 -1.29693213169767 -0.188672259759309 -0.113955658414281 -0.0269674844747840
-1 -0.251621043267274 -0.0821771110605949 2.53702703863988 0.739250127717335 1.61565773674177
-1 -0.0238797489802609 1.17946905097149 0.310859391644197 1.28852554065524 3.23955739631237
-1 0.305022834881714 2.23713006033728 1.06953816212005 2.97499800652332 -1.40089673759394
1 -0.103132072537751 -0.995659852461069 -0.0209493753985101 -1.00890362710567 0.0481676258605483
1 0.991056147073003 -0.876273408372209 -0.932048491050278 0.179386247383142 -2.14969428461363
1 -0.300462804933428 1.01503278889107 -0.680218360268464 -1.47269138551481 0.135684991372892
1 0.256097117245162 -0.421454306980306 1.65077240116462 -0.58254770601207 -1.8743540322132
1 -0.300724454226483 0.788766293214905 -0.377936197992905 0.106135438928582 1.54982907223825
1 -0.082547538675781 -0.445032659089561 0.182950475810224 -0.0482291473301633 -0.8870285821526
-1 1.00440234177546 -2.82781261802129 0.265456855223293 2.40330891577437 2.07093649100037
-1 0.881819371134482 1.67811445886842 -0.858708463961252 0.0234500008912467 -0.9098461249029
1 0.71788800939008 1.64823831543346 0.832580250000345 0.295080155356705 -1.62970944913135
1 -0.707506812360078 -0.365855467894937 -0.302728279940206 -0.0312738945602524 -0.572762226481875
1 -0.714545909038005 -0.853065363521144 0.113789251779517 0.387065468115031 0.794197522590898
1 1.46344531239361 1.12830212716276 1.12272040841670 -1.24866930918895 -1.03093000035771
-1 -0.11415489071555 1.57486252947873 1.7753075883644 0.789398568007586 1.27004393041551
1 0.92185163839141 -0.743360619913419 -0.260726649273348 0.457803975672217 1.01892183627894
1 -0.89882891317643 0.08284845133791 -1.57676465599208 -1.19322986755187 0.797631206873392
-1 1.03209608129527 1.36239672584423 1.67166714176924 1.73026403191557 1.59049842734977
-1 0.206506950279259 1.78795644293624 2.0729498221715 1.85997400284692 2.06764497756726
-1 0.530310533174434 0.567750170907892 1.46965659033138 0.795336178694928 0.206101841255007
-1 1.5074624617043 0.743129701904091 1.18883358990593 0.246467632080685 0.46713903547368
-1 1.86670883432959 0.768043184811235 2.74474941996781 2.90673084636351 2.03864901988225
1 -0.937016000599627 0.741086421383507 0.742070094687237 0.324280788580543 -0.272972134895534
-1 1.25307139879355 0.418638765692804 0.290603147813746 -0.271518577245004 1.32523219971642
1 -0.220606147488208 1.10693852990291 0.671854658879141 -1.21995793832064 -0.810213220748926
1 0.826041921753954 0.486869982426148 -0.58166767793761 -0.669388886258203 1.21979343518036
-1 1.38115132844657 2.50033509340542 0.831678231718179 0.7887430428418 -0.704809654045737
1 0.93680016517919 -0.591430044663605 0.0942101214560855 1.29013718169944 -0.691693250225046
-1 1.47449226487098 0.622791654689205 -0.009978564849631 1.88501700000549 1.81301391342461
1 0.261417811728609 -1.64085251218678 1.17186554446858 0.116437085465631 0.147825696274211
1 -0.0397736763210147 0.257061300536779 -1.09624441281523 -0.592540960611958 -0.0224676206960843
1 -0.723717174052026 -1.14405515218923 -0.0811237075542745 0.0383299127551947 -0.806723713909002
1 -1.12120136175196 -2.00933788846362 0.0611573911013797 -0.149222471304778 0.104479694870046
-1 0.0366137109166426 0.561430101198352 1.02294820770816 0.0599071554320937 0.202775191200905
-1 0.978190384987012 1.65346282564620 2.40160149133238 0.937642055971175 1.18357132248156
1 -0.1168880691772 0.863134825894577 -0.158347942755420 -0.641305796298452 0.447376176909143
-1 1.24383674415330 0.512718527875702 1.56125193190484 0.872467607064061 0.404671859481456
-1 0.71128982336035 0.781231894211675 2.37678395405169 0.501437561303569 1.81618677485339
-1 2.19596323558400 0.153791513785486 0.904879356765793 1.57481783018914 -0.393415992885369
1 0.357135763118852 0.449551703845737 -2.06066936640690 -0.758693962446077 -1.13555321456897
1 0.10244985738518 -1.54212387907530 -1.38719963656936 0.457962127786948 2.58495965076746
-1 2.01730609534432 1.78062746287560 1.30827466141118 -1.44611981792076 2.08990123104876
-1 1.93783821199625 1.78497465393560 0.82410350996091 0.411854376817672 1.34878280065417
1 1.78677106891638 -1.46751321631715 0.877162046780758 -1.45152550544336 -1.45731732724407
-1 1.27966383086409 0.753987089319108 1.46160283147688 -0.0310858234915737 1.01413220294660
-1 0.442205503873203 0.189092057045380 -0.43671775650926 0.895190963405669 0.0563968778723587
-1 0.0438606884076078 -0.612915755471713 1.90610119022860 0.86028783059731 2.49664338739513
1 -0.251207936268289 -1.71970701624461 -1.00613648864819 0.151423515130239 1.75083636513548
1 2.21540869391894 0.445599996498485 -0.864413150803432 -0.689796333487235 -0.931170857691654
-1 -2.61140679704704 0.660862295487011 0.000180999552242711 0.354518873154139 -0.426328125279768
-1 0.627521293179855 -0.387050977692449 1.58181141978706 0.380369527094576 0.0753143020745956
1 0.261830304723636 1.15910453866908 -0.101280639684285 -3.03612786967494 0.286229763692039
-1 -0.940110831558019 -0.80087304140029 0.381373643382218 -0.153121593516678 1.22730611341737
1 -0.0441469777971673 -1.29180762323975 -2.00214354806843 0.407749853286273 0.873184879096873
1 0.227988944843125 1.77114455017714 -0.683107134532725 -0.0356121443179119 0.0909669806740916
-1 -0.897172443533071 -0.178816746623211 0.05506149762123 -1.25753851713128 0.0869476702404233
-1 1.38912787028681 0.903470662285526 2.19764386923705 0.492535323780953 0.00300291570127020
-1 1.50408131092793 1.96961210697845 1.37929564560624 0.150442015599058 0.446957158048382
1 0.700710272603624 0.377398345259426 0.0146511282626842 -0.867030437783583 -0.572386161572707
1 -0.105168026742448 -1.68911868476308 -0.727413355537509 -0.425166873297414 1.64483488887757
1 -1.93438230981949 1.19427901784348 0.0608058614365466 -1.22663001402057 0.636998153414093
-1 -0.381771178253902 1.22937542704490 1.3619893114141 -0.0564169089772674 0.477727761612613
-1 0.594697922321751 1.70648786170068 0.669929563904289 1.53853773070592 1.05169991434744
-1 -0.332614780263232 -0.85688661276638 1.53202526558999 -0.211533460304898 -0.267359888950249
1 -0.275396093086906 -0.29192634953546 0.177493776215197 0.031996900978095 -0.739230387159745
-1 0.65066986328605 0.0324840394053290 0.627272426117636 1.58218934855612 -0.480163610769856
1 1.06980769692340 -0.854611408770378 -0.250085913458242 -0.245792922316043 -0.211556008128529
1 -0.174154725980144 0.0782212839047299 0.51728658946938 0.523646068912677 -0.376727499385098
1 -0.121501714392119 0.735873476821336 -0.755865398183843 0.65529202898038 1.09073829123172
1 0.74187851976273 -0.0319174174964175 -1.44450709604825 -1.85490229417450 -0.25778613378687
1 0.249882018232105 1.36065798515476 1.54996098635749 -0.111551682234008 -0.682819284692106
1 0.690488982744772 2.10329022148063 0.399721755500667 1.07541994937245 -0.570477517429428
1 1.05603387365862 0.839756589567016 1.01206662165905 -1.91221997227776 -0.0890852613099489
-1 -0.65429844027096 -0.47711103815272 2.64779530887723 0.86863580746364 0.0283259823902026
-1 1.48556403514994 1.96886685970012 1.18413235822766 0.723106317869653 -0.301505260870325
1 0.184464261865471 -0.179755807609957 -1.14391391648995 -1.62207843764819 -1.47967929065331
-1 0.170993836412867 3.57081456932054 1.35624294723218 0.18564222815742 0.646123387301285
-1 -0.547933970674042 -0.498279836083502 2.01489655358481 0.338297079349407 3.72816289708162
-1 0.0683046913291542 -0.470409654650595 0.457036313187812 0.0100302045533889 2.25348282939297
1 -0.451544971136378 -1.00250656409638 -0.37314634220562 -0.321701939671198 -0.97725577053121
-1 2.28785841159624 0.502250788937318 1.02106127682067 -0.313036723533056 0.521939450015338
1 -0.641136647337851 0.047357020407254 -0.560356306852535 -0.0385902806847296 -1.20225155130950
-1 0.00204937662531757 0.881533097294791 1.69071880126288 1.62252692790880 2.77182741303523
1 0.44569348205322 1.73357759881493 0.234987351638053 -0.0992822213780183 -0.582124745511227
1 -0.469207814581419 0.0873519085533359 0.0506967922275541 1.46419694838835 0.218870591295675
1 1.30812431475484 2.05303565817108 -2.03229764251690 0.35997767724626 1.05866264766801
1 1.60852161434097 -2.74185744543991 -0.637959564412472 1.14346139726360 1.45662054927666
1 0.250353579779499 1.79470704464196 0.390175424405671 0.328477809369651 -0.193652436795415
1 -2.66625664947351 0.883465280559494 0.0329022830243015 1.94918972255500 0.221670640445033
-1 0.591061211331769 0.23892519380605 1.0330596876161 0.640718367816746 1.80880171140761
1 0.698308110442835 -1.17027620743200 0.100984741840876 -0.0347745785254566 -0.258430064919223
1 -1.11099690083653 -0.662430631125573 0.882947666088678 -0.490625057444969 1.33355825311268
1 1.03399017616455 0.316235054707298 -0.643637904796476 -0.89121855078673 0.743845559123836
1 -0.0349481732403955 -0.600522380526428 -0.222271102488726 -0.769555554583073 2.20519656934328
1 -1.07000186598291 -0.00304088891262470 -0.229518438287421 0.051424596170763 -2.19597203425988
