-1 1.42303792546942 0.672958076966173 -0.803906755203618 -0.714914048145612 2.33645242933567 0.561445389619253 0.687372383166491 1.08762133238509 2.2561571760437 0.941951400549781
-1 -0.399957660205179 1.87260947527680 1.55726188755788 2.33936660564040 2.78453843629212 1.21031093630127 1.41488224297118 0.849999817903554 0.800881581570521 -1.58382317143855
1 -0.0812979819501635 1.66028608676945 0.73446503145942 0.111042596019043 1.82447182736306 1.12219089067800 0.418937179658287 1.07438186162691 0.189034170440394 0.223889561089071
-1 -0.730515235764155 -0.485748925256926 -0.161926614109827 0.61903610114858 0.67154888976289 1.03596203065602 1.49745572874799 0.71589274874678 0.0862439256069535 1.28013006126345
1 1.83739677279386 -0.696155430404117 -0.347100549265055 -0.793202468829937 -0.18736783306422 -1.08354056417878 0.899174294248124 0.250586323649452 -0.92010934558787 -0.170070555366498
1 0.832738421929782 -2.37736571744638 -0.750341351259231 2.49121288411685 -1.48054759415913 -1.16356057265489 0.457728806548052 -0.521216388691364 -0.770122702795814 0.424816945482011
-1 1.12062695895484 0.740655618354313 0.959233670202476 0.697699697487278 0.0915114849287173 2.03793664828274 -0.276860368788759 0.953153487555508 1.00101422355085 -0.47292990212193
-1 -0.0164523549796047 0.754467861464445 -1.74217911682754 0.494128998817608 -0.0573304987839988 -1.08284476901341 -0.128510932948445 -0.0766585691067846 1.15359001799051 0.43918751916103
1 -0.289237741684038 0.414205918802462 0.471690862506875 -0.619290783607979 0.86151742122048 -1.84254972454603 1.23530609412950 0.385276784270171 -0.604285408366974 0.180979274396235
-1 1.35994785939290 1.78110805287970 1.45978435733941 -0.270813983842866 -0.219109733531414 0.227587449452645 0.300546888324739 0.27437843046911 0.177043382243468 1.91632557239192
-1 2.73625955853777 0.185371610168856 0.890657239498235 -0.312112012659746 -0.691492346214213 -0.134081749643826 0.260488123873993 1.21718099438826 -0.0497658483103341 1.55537274276498
-1 -1.20321451478027 -0.689608601466527 0.436742451350462 1.75768353844712 0.43561048305889 -0.723887950156136 -1.60952726155238 0.0311697840471674 -0.70360714078673 0.620178770828381
1 -1.03816665135842 1.18481038333150 0.0504964326599128 -1.23470219265066 0.314317018090488 0.207529557677357 -0.030645351266992 0.142663108890257 -0.555106328226266 0.508929306304495
-1 0.422118969340762 0.184913494441336 0.973189881634433 -0.669024120455186 1.22751130097946 2.02148644984017 1.84189726810034 -0.351204088532390 0.531573843037828 0.186266620521132
-1 -2.00776406366962 1.01199988086219 1.22514251204280 0.220722563513812 0.660194826838086 0.675956804277533 1.77008669819686 1.18026843417159 0.0681868971849702 -0.049473941845961
-1 1.49850587029296 -0.187742618478659 1.40468209491739 1.28013420502808 -0.89970060686815 -1.42744833779251 -0.907948984686876 1.62929551409052 -0.114197723197475 0.544391919539289
-1 1.19512544372222 0.475489440381215 0.0299133296261295 1.07413969378488 1.60762852770984 2.16263285670651 0.0801633506514735 1.38411593575043 0.456327357837328 0.515256809118155
1 -0.0569624331711848 0.281703629322519 2.28729184725628 0.140075826506826 -0.939523088134161 0.33281756608162 -1.31154363119293 -1.31548143549417 0.525879275991934 0.381309081550653
-1 1.06316041667408 1.48704010368230 2.3384760555272 0.166321573908352 -1.79428419041004 -0.0467655126070451 0.334756173818519 0.694620775020512 1.03370601687156 -0.326795715890100
1 0.514836346147741 1.79722803152203 -1.18014504145822 -1.16766662813037 1.87515215135138 0.492837280615438 -1.06123284681228 -0.638549533477981 1.17741804549304 -0.751958448603039
1 -0.21729747105909 -0.167353462863768 0.243581585470543 -0.0768888081488265 1.00738040540036 0.528059134417657 1.55337048978519 0.905744999973902 0.969616411800548 0.228950766322155
1 1.52752763089953 -0.629610379935269 -1.84287046921787 -1.30889009297266 -0.162842222814203 -0.892844692961979 0.0909079733182964 -0.533865736091405 -0.842582499764342 0.388114114696072
-1 -2.37545977019312 1.11987803943334 -0.74555634872598 1.02678801649144 0.178440143477423 1.24668055713380 0.0687880841001395 -1.78340655365229 0.365733740909109 0.622383171285525
1 1.94678064683432 0.37543007269554 0.228243045040800 1.26079664280828 0.353932674738603 -0.314697981650432 -1.17891526935914 0.384248950158512 0.294337537607191 1.70268921891593
1 -1.19244908927101 -1.35220021491298 0.80910373124402 -2.09873251914939 -0.65395765377958 0.457554001343053 0.486021288258872 -0.348040865829159 -0.371544137151725 1.01128852571227
-1 -0.200963684980978 0.998811607665921 -0.194137532690921 -0.464288198670363 -0.0203438831335341 2.80139327813431 0.357324072111857 0.276265372999036 -0.418215607137395 -0.25373444232866
-1 1.06732359001242 -1.28814831973656 1.42532668202716 1.46079177364726 0.942867302593449 0.150697915809720 0.176028294177912 0.70740421747363 -1.42740709194101 0.977939248644603
-1 0.00626252599672561 -0.718298753622854 0.599397719077094 -0.0890262280776978 0.37692340950744 0.249221873402920 1.13790951563639 -0.727407883746091 0.804373931874002 -0.520084314570488
1 -0.852654956693425 -0.0877096193675794 1.81099912116917 0.447880575085593 -0.160827573478351 -1.50998250398617 -0.870445180171774 1.76179052330274 0.224888165287017 0.139730022736110
-1 1.21777251912893 -1.07706767585154 0.390776022818998 0.780215786201895 0.035143152679355 -0.193253292543248 -0.423846947745961 0.251823868583357 -0.198110290677616 1.38358461075194
-1 -0.511947656325156 -0.662081834959412 0.288523464488030 1.06030132250985 -0.678242739037374 2.02739262285308 2.25055916824253 2.36459539109882 -0.716864838136625 -0.210602814161785
-1 1.17126187795478 1.50482912655941 -0.188552063974059 0.793307676359048 0.61461738158229 0.593690088057358 -1.27660112247103 1.27400466066116 1.61880102851034 -0.921082647248859
1 -0.23642181688336 -0.0212825980633701 1.22579527930631 0.826965043680684 1.52185704322625 1.00824510933140 -1.29085817776823 -0.351767372243853 -1.34609767090644 -1.90369706352351
-1 -0.0727973608465515 0.359671649439203 1.33507994089390 1.11156197368012 -0.105863430434939 0.158387638178289 1.23056210186562 -0.203114660099818 2.85333639730223 0.0119879140933720
1 0.274060878258704 -0.943132341847726 -0.821065691223235 0.309505041566032 -0.529702597359972 -1.47246388315541 0.0762346884351348 -0.247971025598256 0.729519209680203 0.172807244475315
-1 0.692248066823667 -0.0594464240503506 0.705284616153795 -1.15280178546810 1.04162872587773 0.671482497205494 0.499103440381269 1.52388678424577 1.07111605816379 -0.441397477069456
1 0.354603620367662 -0.626668680876081 1.25595612011094 0.27465805164338 0.212265360605003 -0.42036592899564 0.959219365230824 -0.884786964104776 0.122971576527925 -1.66418786679731
1 0.455698012804173 -0.466454168541582 0.496043580541011 1.63000405220116 -0.95180287653071 0.289670045654396 0.477014005231915 0.000824975447589363 0.692070126232302 -1.28827802317353
-1 0.925115814691662 1.42414087639432 1.74916120253339 -0.522244935968698 1.51922813894796 -0.193467599903027 0.904063239977092 -0.624821599099406 2.06671734283362 -0.575109740624925
-1 -0.396936808826957 1.56594844677948 -0.553664176752557 -0.80243237096941 1.42873009706522 2.19029403910539 -1.27506369671403 0.571344875346037 0.396215323752376 0.965144681025708
-1 1.24866081595378 1.50560738923655 1.26820063212688 0.151404670723125 0.399065152966083 -2.09068697343219 2.54191244262682 0.378771705726218 0.366487796650685 -0.73127371146874
1 -1.60625288703296 1.87383337611112 -1.49714872584677 2.20960050720381 -0.00757213262934114 0.062158822633796 -0.104936187302422 0.495489882389511 1.36308041152604 -0.500112269030979
1 -0.17514954456754 0.0810736175147327 1.57042549183418 1.09836523455496 -0.180203300127016 0.109759863077279 0.721388702994951 0.789663544458254 -0.686397331371582 -0.125012447123423
-1 0.396437535882489 1.71006273445439 -0.607939236185978 0.199259484067631 2.03208882283700 2.32127192139670 -0.697307435361448 0.00770203019025395 -0.93738949744649 1.05975796141560
-1 -0.756943178593 -0.0392388266546611 1.35857484310650 0.75061814390046 -0.165178586692881 0.0257838025582977 0.571432154643086 2.59381177347598 -0.235050377341550 -0.287041793826638
-1 1.21766311139147 -0.0734723670257399 2.37801323948574 0.545510817487323 0.512238554739154 -0.699802823939363 0.492899946811277 -0.0251138479897292 1.63947590886213 1.42569435323511
-1 2.33614200619367 -0.454288680682483 -0.440378939684495 2.92756292127868 0.143977473553857 1.09391838693777 0.141758681091964 -0.813284954808322 0.0312242834124073 -0.985911722860829
1 0.404799855430355 -3.06927200740764 1.02841266792434 -0.267691799672420 0.871940368367998 0.642236186628388 0.257089974342595 -1.10706321980116 -0.367108529833898 0.393251512270797
-1 0.314739410128828 -0.63310090890898 2.13006133977275 0.930675424505457 0.106762173622578 0.51516908236003 -0.250866148907927 -0.0730409743687455 -1.28798463017405 0.458752946157831
1 -0.256583677390761 0.706650049413211 -0.736097691354708 -1.69316663706523 0.690167724265872 -0.530436361408396 -0.507286397877918 1.64701602340322 -1.23696326385963 -1.02919736764921
1 -0.763186754728239 -1.46754948420913 -1.59116343664522 -1.15600903726885 -1.34530831343171 -0.89726249383525 0.370994095831751 -0.854203487173646 -2.64978579864153 -0.862981061057043
-1 0.698491633906469 0.724441698406181 -0.0823955170003615 0.399523616600308 1.43375139870650 2.551805901653 1.02100400698931 0.484326622493216 1.63082319785431 0.261216846292390
-1 1.95490110402003 0.168136364090553 0.450763662348777 0.602459352904766 2.02584365078917 1.60581927611983 -1.20764316714867 1.38473336293949 -0.581046430572342 1.46936130117368
-1 -1.61855950330093 -0.634439777873076 0.130316210022999 1.66547685774852 1.00457400090485 -1.83912276422058 -0.589980722417424 -0.636692818723113 -1.03140899487678 -1.57620100083892
-1 1.05649664127365 0.824977212452354 -1.19621358800835 1.48000349287402 0.859417600700898 0.037465665675294 0.5445914161906 -0.280497969225093 0.899817541344566 -0.615304350287057
-1 -0.0796252196512314 -0.289517219713329 0.320811170762713 1.29120630382639 0.344708585626212 0.249138705446626 -0.169371446937189 1.32175467031362 1.49902127444289 2.22934787173101
1 0.41684418002157 0.284586812541624 -2.00232266341547 -0.835370056805718 -0.132407748796831 -0.665493803969745 0.863249544083398 2.13371207843368 2.41409059709038 1.31946016925491
1 -0.312824973714275 1.22099720155723 0.324568232843975 -2.79143364511092 -0.736628854863651 0.81696752707039 -0.805089007156644 1.23040974980363 -0.552088579869022 1.49763726614411
-1 -0.781030848827883 0.115246190484140 0.926714819101849 2.02584424936517 -0.121945935955657 -0.556299617948176 1.45561721676131 1.37114770483317 0.807160749773839 0.68395886307852
1 1.73078173384891 0.0361602784562535 -0.107529329892669 -0.0260238886318605 -0.470069939558079 -1.71705887322909 1.22715438274904 -1.06650243257351 0.0784068049078333 -1.68087405712711
1 0.914248270662652 1.88180186561388 0.68104205635259 1.3760659457278 1.02709702388705 -0.094525982488952 0.368789438348814 -0.0094875524295821 2.40552494833872 1.09046863053304
1 -1.25228416700797 -0.679149013809498 0.740622990353995 -0.146737262120577 0.233777213177506 -0.82446083460245 -0.810993740048324 0.199403339179107 -1.55123238942877 -0.0220180272770142
1 -0.0270521677138907 1.31823367458815 -0.925121425330899 -0.584639546864828 1.46509570817286 -0.0204715213978996 -1.92187045253249 -1.62699070063369 -0.40082541463432 0.604428264606578
1 -1.10992840745440 0.180795631501726 -0.725140783356688 -0.524294437089692 0.0454942741446957 0.0607496927480037 0.535215559109669 1.00015974608817 -0.410413525127455 -0.74697836827183
-1 0.0850657612144868 1.35703941568864 1.57891204682380 1.14078851146713 -0.288727894983703 1.17795541462148 0.101031957165706 0.435945457335704 -0.0479783279240678 -0.173911950079546
-1 -0.467563423730644 0.517459129143229 -0.731550166543323 0.600737433529391 -0.243316183879810 0.464134171648405 1.68723029788953 0.580821550360193 -1.08739529554084 0.609904208169085
1 -0.155984758851274 0.318352764298275 1.38105108425740 0.969559150513978 -0.922698786935646 0.232971940117049 -0.94744063731245 -0.889377828120302 -0.448638263245222 -1.16280969796073
1 2.89525597063254 -0.343312698771598 0.298498857112156 1.42898088475833 -0.00663134280184925 0.988451912093695 -2.04332564109090 0.967608517965778 -0.31693651020201 -1.22347869375322
1 -0.0129502451891939 -0.734425965745451 0.389452576012845 -0.153090239646201 -0.555598525863407 -1.30592252917903 0.866786440991289 2.11814812371438 0.94497583380184 0.572410197624652
1 -1.49766596014596 -0.201000946750781 -0.43377235098111 -2.13063776625704 1.16068726794421 0.464717529979124 0.664843265269301 0.729243851063261 0.232391613597234 0.704539908813529
-1 0.465367352323039 -0.474336662881679 1.42300123812331 1.67315739301209 1.16650200290607 -0.135740910576142 2.14744419773403 1.03332845331604 0.79634415068811 -0.496613040807399
1 -0.420164707395199 0.288150328116256 -0.162438461792124 -1.28771875597864 -0.192644552070788 0.0602053101748555 0.571845648916037 0.180144679459805 -0.967085833558272 1.51991511639038
-1 -0.841073068061118 -1.18709125603166 0.264738636682935 0.255142269272796 -0.650203998531807 0.589065033663722 1.39921653516260 -0.943348508885194 1.41487459183913 1.04198860922113
-1 0.909527986041908 -1.61201951947542 0.0781976230745828 2.09461783552107 1.10315112958643 0.950219674446967 1.21289014968633 0.800043639609069 1.97817752217435 0.429622261614352
1 0.372629688091737 0.701843770305122 0.530963639916601 3.13190469076883 -0.885701274774715 -0.483545488773326 -0.399532595011523 -0.766787303341898 -0.393063658886471 0.300353420855691
1 2.37904483609155 0.553476139399751 -0.843911718488806 -0.367211104756225 -1.04826358430686 -0.447469795997267 -0.601945821658647 -0.709100195880631 -0.194987927551995 -0.0865203961550901
1 -1.11782183147516 1.28586278018106 -1.32509492227682 0.791099739196055 -1.33907790231313 -2.34096554858770 -1.8408191844299 -0.568386022006911 -0.647598314156974 -0.089686375950566
-1 1.31079561380384 1.20986914718094 -0.720034993496005 0.395298713125561 2.02047824467521 1.11981765733446 1.23530529880236 -0.0588882495911044 0.140016294751290 -0.114871131922601
-1 2.19737157177393 0.738374034445632 1.68942497613273 -0.336211625702790 2.02933941522470 1.06240435904626 -0.446239156332193 0.44989175349941 -0.86559216759992 1.51888897640320
1 1.77903615352980 0.531515452997286 0.27506710306429 0.585200340716416 -0.98598694902722 0.759701064912014 -2.01935991606598 -0.202604562965832 0.189825508971486 0.368923698858172
1 0.401838871243095 -0.201475889770374 0.322017406733062 -1.19879698013402 -0.218790289735618 -0.68197458468282 0.281440877636818 1.14479745007673 0.269873678065199 -0.213156254575224
1 0.928338227443335 -0.322872454884047 -1.14871237526305 -0.525823277783614 -1.38651215783724 1.11228050974322 -0.671486867376922 -1.44714610115879 -0.540086290203566 -1.38817189782363
1 -2.09071390235082 -1.87522759706905 1.25599350234863 -1.91976583510625 -2.8926401561968 0.229930696933108 2.27684380265451 -1.13198915401262 -1.03208833495546 -0.0616739060762827
1 0.481278352159116 0.137938471344181 0.373742560637695 0.398904895251718 -0.855709287214024 -0.590451312084399 -0.658788733925282 -0.506515021370376 0.378387122298014 0.0596388629498929
1 -0.59678007087704 0.0271603258265444 0.0673913670718529 -0.393742785765899 -1.44573333002682 0.0694084822023696 -0.49143038023415 0.644321463003212 -2.02508233373958 -0.837225887660337
-1 1.16265766422964 1.91078841609494 0.670894326679227 0.374764568248882 3.00045158379449 0.50161906982404 -0.401868113976834 0.594990682118603 1.62944733153628 0.259611137844609
-1 -0.572736549843997 -0.320842832613619 3.01379998177542 1.66088827762620 0.086650778770857 1.17462017698476 0.930597038467018 0.673088442458767 0.341901510173051 -0.226084251446246
-1 -0.582675811310045 0.986203535540227 0.238952701413916 0.98170983586917 0.447486962712354 -0.539972923307017 2.76705459432956 0.477402744556379 0.702151229631979 1.96600665551045
1 -0.515018580408895 -0.130249070466726 -0.105277107136682 -0.164960822454217 0.618869309911169 0.0255116518820703 3.310171140827 -0.775205133367323 -0.200971694356519 0.280739489833491
1 -0.111382403885427 -0.918887943948232 -0.614473369715953 -0.147775500418616 0.493040350831396 0.159620423214877 -0.0991948102114154 -0.767404046915248 0.0208347082997704 0.150152852013933
-1 1.56809544712778 0.825076973803687 0.737570573871621 0.700310539483225 2.01930777082619 -0.0177467264842891 1.36226380966618 0.131353290178402 1.55099963682783 0.00324057304139591
-1 -0.745103975907338 0.7009118179142 1.06783503117756 1.09203713562907 2.04278611997507 0.901442893332103 -0.784115248990586 0.814994042098219 -0.0189682436147819 1.38348401465405
1 0.137940246695147 -1.36474043506586 0.897617756466424 -1.35177688111792 -0.99555818332362 -0.520141657702148 0.252090841994232 -0.929223290490064 0.325393302474991 -1.91325317273841
1 -1.25472845536873 -0.572082914989988 0.941475914138288 1.20400017479540 0.635345708498521 -1.43836090143639 0.595045481740196 0.480130818910252 0.341171461619170 0.091566656247588
-1 0.175955778491013 -0.216745556095909 1.10573450521437 2.59939621185860 0.154802084004378 0.251760538022831 0.435921784798659 -0.773915157658657 0.754746860246966 0.367240236398136
-1 0.0927577736145222 -1.94705030443918 2.07022876306342 -0.268332144015172 -0.965633738658367 -0.263946403009356 -0.33732899774073 0.808552990248088 0.484124332669123 2.15424745484344
-1 -0.313553690922606 -0.367920518492345 0.164689135828007 1.10688626224394 0.6418835513838 -0.0250194094212013 -0.443755565952424 1.29111175726331 0.42900354948983 -0.162977832291586
1 0.0515500882672428 1.77820600294745 0.850146365459106 0.831675123620598 0.68127503245469 -1.06387852733488 -1.40332545954799 -0.488110902810709 -0.748061391093684 0.286800330721548
1 -0.289704204546842 -1.20123153819867 -0.929609579917878 -0.261015557989382 0.673715964923591 -0.533668633171074 -1.53933081928742 -0.981484091855032 -0.324047370820112 0.0527441375144707
-1 1.68825937163858 -0.783553724114215 -0.565235900779757 0.865608036237985 1.12512551290923 1.45392980052502 0.931126106054173 0.199047994029359 1.67510107686827 0.518072954200839
1 -1.10065344749817 -0.154018427860307 0.746521476270249 -0.581191823179835 -0.586375366755922 -0.75842837925915 -0.85074304363273 0.345174852942235 0.118987715265374 -1.43694735848838
1 0.353782179424638 -0.963849837181035 -0.607085320976001 -0.134781228166524 0.275066526022529 -0.848699405838972 0.47092541703615 -1.38006944427793 0.322904841718440 -0.168430593482544
1 0.620425299204542 -0.937106723745465 -0.290124419280278 -0.0594662833829777 0.867849083521148 -0.748142709901317 0.745183659766659 1.39856240147668 1.77127715753025 -0.341008418042923
1 -0.827200905006828 0.00802810004429153 -1.00288162960651 -1.59120980534242 0.114044975036995 0.943733153846284 0.227773957852245 0.881779103840914 -0.706269215008742 0.00319893540849463
-1 -0.351102837226331 0.618564947155905 -1.04739549509633 0.998196438559315 -0.604572239610817 1.82265600546038 0.610599549492349 1.35830056642622 0.57611951612845 2.61950793112909
-1 1.42947989730639 1.21226230873086 -0.00264215180636729 -0.149036160453719 0.681664423351472 -1.01199444824225 1.97014691121571 1.12535939206482 0.00849910173340751 -1.11113190035537
-1 -0.253175886751631 -0.236516618418517 -0.87239443300352 0.837703068306997 0.571287699800534 1.86904669168451 0.399988295028971 1.78142018819539 -0.912447949026853 0.678090104599535
1 0.903326573542365 0.683418290317635 -0.492610164823439 0.766787914593408 0.82268193773795 1.14984237466852 0.32430784171182 -1.73427811767533 -0.274828195000198 -0.49354329216641
1 -0.619871542021012 0.775056648826625 -0.03651791332592 1.03486031313908 1.59101774612075 0.793381932388391 0.127414275264729 0.232053643014603 0.497971610068686 1.06424549348037
-1 1.33421587337615 1.38399248564265 0.537053479299211 -0.999886946461206 0.833546921779457 -0.644389541217378 -1.45209726236684 0.0690038072389966 -0.381847292305886 0.869331488257958
1 0.0979046197614263 -0.0543553781693997 0.161748016360603 0.460946219091922 -0.593749711798636 -0.0751095906755208 0.252420292793468 0.892018195415987 -1.32359261865037 0.0671017884413253
1 -1.42667716183141 1.11696669548680 -0.445537074306572 0.593439750056229 0.9232731239837 0.245994154987672 -0.566320739620634 -1.49386616500034 0.711206889857373 0.623252814678509
-1 1.51626324601703 -0.612505259594177 -0.289205908203337 0.140672780826328 1.01996801055178 2.76210455423348 1.38419718605478 1.44476151448253 0.431913988881747 0.102582134940854
-1 -1.19573592244282 1.42621459517339 -0.704524507622496 1.09669083721721 0.525935718773356 0.560189865714555 0.449397250188502 -0.245499036662793 -0.722272810203783 -1.35741710218993
-1 0.709737555518669 1.21175056006760 2.39428814787554 1.39094258011605 2.09081078414996 0.94887447191882 -0.888832169540464 -1.46004771272097 1.77766841295139 -0.410219907122672
-1 0.244162762220558 0.349250608672512 2.63661374685255 0.585091616010186 1.65396774737087 2.19349827480566 0.0733856681278122 0.870904310422437 -0.547515022699361 -1.07848378121829
-1 1.94560400307969 2.88266471376557 0.331485858144663 0.910047190126267 1.78994957803946 0.722717063909286 1.28576489219991 1.23894305944512 0.126351751274546 0.0700563081456659
-1 0.557511179612785 0.524898515310683 0.353161780744673 0.929354189097431 0.073896312678066 -0.58094343324775 0.445885194044007 -1.15928599440110 -0.0316768616179004 0.610704249870495
-1 2.0028692594745 1.27303003285561 3.09673430955085 -1.60243015495781 0.616348494560331 0.84732156594465 1.13010231026774 -0.0714543517337282 1.21830143990845 0.84025269432304
-1 -0.742804511628493 0.321815429328614 -1.16720623286738 -0.187011194452572 0.97531325831981 2.63547447515454 -0.065936470908583 0.729991984326837 1.20317825342864 -0.164089817550404
1 1.36358577783071 -1.27188971578411 1.06878234142616 0.663844183689428 -0.41978861575188 0.260715682343382 -0.402623291176347 0.96119209396873 0.835733652490412 -0.0854381060205352
-1 0.830996062790343 -1.11763813983584 0.513690353361814 1.16946986953782 -0.00806028364658806 0.69011400192242 1.48454466947167 0.283870814465461 0.762679770924435 0.0214120024515079
-1 -0.498297801940021 -0.194510465846921 -0.126810062090864 0.672721559135921 1.47483526577958 1.26372144550159 -0.999310078762994 0.457780137605636 1.37319281528676 -0.740246448474354
1 0.599058814153383 2.48760957465413 -1.40859728111663 1.70737215829471 -0.516209803686577 0.946432689242651 0.291592547195804 -0.806561169986566 -0.505332014966272 1.48793221709430
-1 0.160110396913462 0.553222130726584 1.31245929358750 2.01760976385784 0.820349708221621 -0.86812459516992 -0.71574164067597 -0.208366499870447 1.71801988639166 1.77515960867665
1 0.117871665201432 0.669171596063245 -0.233304231251601 -0.50100053394519 1.23439325759425 1.77198100689161 -1.64148721291747 -1.42290724351747 -0.219615496244572 0.482293374765023
-1 -0.489949418296515 0.430787205663985 1.43427264001044 -0.371086395318449 0.918656204510971 1.00235733423449 2.07398738294451 -0.944961251638028 1.96788622795976 1.09971216427131
-1 1.83904254920283 0.564670192359108 0.879729159942728 0.352914568862989 1.54920035488840 1.76309330912606 -0.851675883883702 2.70305557217028 -0.510156629006989 1.44058545497338
-1 0.639070913536366 -1.47966766467515 0.44934812663712 0.725851622894821 -0.419852446550745 0.748848363588743 0.126862388819805 2.25257230957417 1.65422300200634 -0.496871960190333
1 -0.949173829239105 0.317090191532134 -0.108782383418682 0.621151990872312 0.309316635704507 -0.217435513950615 0.625443146362553 -0.842667080812299 1.48761740858894 -0.129793542924952
1 2.71846563447129 -0.867202000249121 -0.167544055516374 -2.31394605877548 -0.464568757632477 -0.0412517144651834 0.263321289102615 1.40037844859431 0.505257640028449 -1.3464437001927
1 0.611053752140448 0.479831418506894 -0.071587120126449 -1.62559470060631 0.451725419924295 1.16604887130895 -0.757867071621296 0.875599219125005 0.91816633370051 -1.29535947373217
-1 -0.239869816511452 0.49565029616282 1.48675329634948 1.38805466483873 0.796587048987804 -0.296831906584024 1.26439663890660 -1.37366161761531 1.70429166719430 1.67302972891660
1 1.29494233746745 1.76139186424364 0.237899283681977 0.93390100344617 -0.575184721230014 1.72908860677482 -0.542078659800804 -0.423757567396253 0.426498017078189 -2.10487255599793
1 -0.203663367073419 0.420515582363905 1.82936410766526 1.41762850430995 -1.32580719225740 -0.80249609780522 0.557527278233447 0.852750722091135 0.440859948753948 -0.568884385523727
-1 1.69870488154224 1.96956845808918 1.66396295497781 1.45090123686331 2.15660088317051 3.32589429719311 1.01852555292641 0.654898810892709 0.0631020149608353 1.50889690944673
-1 0.869649929952276 1.91035811510308 3.18201754765522 1.44834157704793 0.609014323593079 2.07612628565423 1.71864114956965 0.551080001175788 0.361253000770824 1.67493643406473
-1 -0.39850549172897 1.95620775273786 1.11357463700742 0.46481120811142 1.62771583585595 -1.12077261744432 2.04422622495688 -0.696439841767087 -0.0465206600883211 1.45582816048014
-1 1.30535702842230 0.318134011890004 0.96728358012879 -0.202698871915507 -0.175438054505111 0.741826511150604 2.19389985793152 2.05262355058141 0.68310177145607 0.278509696561487
-1 0.697506474036968 -0.0367225017629487 2.03866279262444 1.59586591718474 0.335490854009589 -0.829699915899333 -0.497018393983862 0.686763880518958 1.42375183559385 -0.0179591716690537
-1 0.142855080953557 -0.593081881030984 -0.747732032466371 2.04437480280045 0.267759335376903 -1.42755400716143 0.739006258383339 1.27270680191570 1.20597374905589 0.375706587735472
-1 0.374914131725464 1.24631199509475 0.173758255093682 1.87085063964445 0.53731232344728 -0.5573385640518 1.43927101917433 -0.626101182309033 1.50368336638209 -0.567991553003492
1 0.0174645844043227 -1.50219832028128 -0.306334033513958 -0.650449945727122 0.609549833123635 -0.324671650815318 0.429550081387784 0.169032941702409 0.20478939417536 0.622537848562752
-1 2.59521405674132 -0.740328176770568 1.69577175007827 1.54214205799913 2.16209625790061 1.01786636268843 0.577935220214507 1.42409914109080 -0.0536424627197287 -0.355177488962462
1 -0.693288713921387 0.817161828544425 -0.717602217598858 0.588717772862793 -0.652098617908425 0.298703206640091 -0.0201225963065904 0.699993430313863 0.503777486487445 -0.255196342145693
1 -2.76304306779101 1.62695318210298 0.612053855524273 0.248957140431328 0.204916970607562 2.8985179985939 1.16458373428527 0.460491823275268 2.07916023799994 -0.579515001637829
-1 0.995048112131506 1.75925142873305 -0.278596647715005 0.556935845072734 0.65337779105542 1.13317850209408 0.503710003383556 1.81229566642776 0.454644417638364 -0.863823033123709
1 -0.537783119193454 -1.09794350116091 0.262667020382903 0.903470036351415 0.200762835303858 1.68966648166697 -0.420226688253533 0.231406677352016 0.944764915793608 1.58723930780359
1 -0.823466847251434 0.0225294943808004 -0.147585355681948 0.770121210569224 0.720180163080106 -0.294661264267646 -1.02877985484861 1.20689172077538 -2.00133201187618 0.763722470589622
1 -0.676904196192473 0.134789141504356 2.10627990528027 -0.996781166886305 -1.73158360778493 1.25086158333965 -1.58813641209671 -1.23847631224600 1.04536829890680 -3.36402032800916
1 -1.44505921485241 -0.633892871417204 -0.853554032727277 0.53061212461369 1.00296998740462 0.415499164774806 -0.865676778982674 2.055345837526 -1.24131340564025 1.85150841815867
1 0.97047126444668 -0.211127066295558 -0.491068940811483 -0.512349344046084 0.406402282104965 -0.912464910524986 1.18049976995381 0.590838495781393 2.00976185346937 -0.347004922899797
1 0.251990017134916 -2.08132330472815 0.197220354335808 -2.23135402592179 0.449946741174907 -1.52900571234061 -0.985822505167577 1.58663946110555 0.314454516641700 -0.376849447327292
-1 -0.488734781906286 -0.520600390377293 0.903763856461375 0.603983192898196 3.31308586142848 0.39187054946134 -0.0588312837385627 -0.751739405634033 0.674410702058756 0.426725661488815
1 -0.417055800790762 -0.534500057624583 -0.340688036718691 -0.56156970008397 -0.81921196958247 0.959457007364416 1.00475738878349 0.615311721256406 -0.446366378745535 0.312668064869114
-1 -0.251966640323057 1.31438844158095 0.520912045437703 -0.233419940454273 -0.743084133820438 0.721070604786462 -1.00176615952855 0.270138708411145 0.151160282708852 1.84476947678675
-1 1.58572512679604 1.6460852549915 -0.630137034574877 2.3370010665941 -1.21245564185382 1.99925977825955 2.84996992602916 0.93524516202443 1.42753977295482 0.83173124653812
-1 0.497488538211347 1.04339277921915 1.90111853994243 1.00949763745637 0.91398239945309 1.17654615323639 0.613267400241783 0.298353282932274 1.40664801655998 0.269937890218014
1 -1.15033565847013 -0.118761425089017 0.74770010901761 0.396056224478565 -0.239374405983544 -0.311784659675063 -0.522614490498496 1.26501930453442 1.44066338363626 -0.204667016329994
1 0.266327278644998 -0.0126132505763787 -0.311847044700417 1.64151063836080 -0.591373318021279 -1.64510076069997 0.39049204610185 0.222691014689891 0.685701112079884 0.101856218317904
1 1.27193620531848 1.35485855602444 0.817003541380312 -0.713615452604723 -0.685697483620022 0.752370156730954 1.14521604154394 -0.513478206508114 0.297613655627119 -0.624118549353828
-1 0.345938267875357 0.282725253613228 -0.648911281125037 1.07178430796978 2.37928487395250 0.979370568293232 0.663285078394802 0.303755442372068 0.971065626984832 -0.229982157467899
1 0.926149547708623 0.0106013818140700 -0.8882845203442 0.338927639933029 1.56866273714372 1.25900949969511 -1.47405962117012 0.790902214275148 -0.291402206000711 0.384027963536325
-1 1.25045572835039 0.823322190782368 0.944550396747766 0.960379168155104 0.84546553430903 -0.574155939499733 0.233154308231797 -0.050244183788143 -0.413751654802778 -0.213004621677131
-1 0.551905116426588 1.756116423053 -0.187944467787502 1.14118373185893 0.83079642974943 0.966606750569976 2.51141403526928 0.652140224203188 -0.326542864829749 1.33340784603435
1 -0.326429707612781 0.135474426637232 -0.151203432292707 -2.17797059143706 -0.863986702297528 -1.842899701857 1.77249357311577 -0.0375164385021417 -1.55527808040699 0.416174908594640
-1 2.3924892946817 1.82572492781603 -0.26822919110359 1.48691239200975 2.12558513238074 1.56171751268458 1.46989936398627 0.264022345930935 0.364748720116381 0.88461469787042
-1 0.314687678248338 0.468126209636316 0.315734035908382 -0.766744685642087 -0.0426512792942204 0.836477182294096 1.65809725754638 1.0986179780533 0.49284045475784 0.643631931964715
-1 -0.793315773125428 0.989389896200415 2.07374812693503 -0.591706331175358 -0.0909457440472917 2.29838153338571 0.911119800929516 0.384333390835737 0.477191494260085 -0.552877913631192
-1 2.08846961797243 -1.26287194208344 0.762099614317482 0.55974187897731 0.644195047509958 0.962420760866299 1.31418174553144 1.40685349859054 0.776407494767869 0.452293328428949
-1 -0.0346923922728896 0.288407260007195 0.662429618861177 1.40645272469582 -0.894799224146423 -1.64336525409736 0.429906226198473 -0.0609203958363858 1.00739391442612 -0.107210994534034
-1 1.10230727754814 -0.183225172406617 1.59129116033727 0.0206213232064253 1.21578785198837 -0.0813866813471692 0.99467022202562 0.601404377972251 0.0499621373323778 0.661685261361438
1 -1.47230694107662 0.590569576118383 0.707518489866642 0.386804358009669 0.63225052388764 -0.708274438344341 -0.893755052523057 0.413611339085815 -0.922549202066998 1.06569172414390
-1 -0.286031247709983 0.753810796541922 0.417955294608969 -0.684145192675222 -0.721232283665912 2.87472466925466 1.95323020107794 -0.707021654538537 2.67466762429779 2.61666434238192
-1 0.809729353611578 0.167427081377313 1.34364373343816 -1.01687128103681 0.394451864014945 2.46200436428528 1.91133088212811 0.608597398633679 -0.204240752116527 1.29379296188487
-1 0.724130042105936 0.125272651115711 0.761347751054744 1.19795501452943 1.74441896785565 2.18127412085373 0.389420246022508 1.73467150593170 1.32958751401764 1.01510077490167
-1 -1.26871894622043 0.146393231700076 0.0131793978333594 0.288717173125825 0.687049418082247 0.26001092820359 -0.858965912300425 0.540654997189035 0.933204951085261 0.241173328052882
-1 -0.942766989085743 1.34114459491795 2.13890539662308 1.39444116463808 2.16372417521381 0.993258302697021 0.549252302096307 0.0918804883998344 1.16809094563587 -0.440056413603381
1 -1.92946166732337 -3.61964043716543 -0.982069046980991 -0.116717860280903 -2.12744953130759 -0.544441451430604 -0.689534973915004 -0.155615743717788 0.0106029359309463 -0.934800728403673
-1 1.92717440180653 1.16513158614375 -1.07106167849924 0.410189082911729 -0.818062933312855 2.28420315601457 0.544696520165797 0.798896664197055 0.399279703742589 2.18015808450684
1 -0.302115789893252 -1.17603344621359 -1.59235010638377 -0.165569548892454 0.497753131173529 0.47242550511193 0.672258444396047 -1.13715262306027 -0.00067146332777172 1.01445886952080
1 0.505494219618358 -0.530968703127544 0.716459482682636 -0.641802270028947 0.393795652364981 1.53521909171296 -1.22845983306829 -0.879721564597297 -0.810231340057656 1.58428161671364
-1 0.490751997343426 0.992321522850131 -0.478807378753965 1.90466696195988 2.04716145253183 -0.0474404044796058 0.974072458744832 2.9302818475968 1.87900721139249 0.106797228118332
-1 -1.19116677861478 1.35067480176657 0.0696154396214004 -0.371765176289528 1.88546046849218 0.671494889174112 2.22317327518999 1.82962613044408 1.02772095638187 1.29131298732589
1 -0.0267411382582684 0.0772310760224308 -0.560796880943642 1.21086423501524 -1.44048380579643 1.57982398062313 1.69474619745705 0.136409697139595 -1.90349583069743 -0.0790092491561588
-1 1.13417924592174 0.600158648836199 0.602648278279 0.371234937184181 -0.87748919873432 2.30995483267566 1.34827507960589 1.45194861741661 -0.179497675700979 1.86304689539377
-1 0.95041176388781 -0.279654684651191 0.824094465887657 0.190444952022569 1.57644665707463 1.27668378794473 0.0412483545688108 -1.20803163701279 -0.435360574359353 0.532002211763865
1 -0.837302776826236 0.0338534539819105 0.060821038625518 -0.052309757324327 0.0069905262945398 -1.22799023050885 0.484520665758844 0.179478636751826 0.422494686861901 -1.72246913963925
-1 -0.512113178743706 0.0571078245283361 -1.01847536683982 2.0912150686586 0.535708461210097 1.41631789645735 -0.132528092307245 2.21894530431292 -0.118582212742776 -0.45733900579565
1 1.11930711437881 0.350875824013331 2.63435519299052 -0.902547572708829 -1.61779838459592 -1.15337170177728 -1.29714440824952 1.43233981105994 -0.284980106922475 1.12579505342703
1 1.07075628257248 -0.0615416632458751 -0.694677901601101 -1.09099600696936 -0.254396832146965 0.246843571748045 2.18313764804546 -2.4562099513854 -0.351279243486871 1.21417673774791
1 -1.34742631817462 -1.19020309750658 1.71992602417494 0.227806253692288 -1.03895690950699 1.26484763946264 -0.636423039755476 0.0292057891858101 -0.931000128631056 0.478423894370737
-1 1.97674975193484 2.0470055152764 -1.04039531897409 1.65724679143439 1.30764925732465 -0.599890224051299 0.315058048339665 0.48498837507125 2.7083999824514 0.528548390935511
1 0.089790979336813 -0.445516933012035 1.85109239115533 -1.51858456749160 1.51222621813060 2.31679621008309 2.72275244215604 0.0800345133199116 -1.39111587982201 -0.354749458181391
1 0.160806074326667 0.746910934498915 0.392799365220026 0.954814201716353 1.56507737902038 -0.145366152034261 0.847783017338177 0.966061440369561 1.27803921094015 0.732695389318244
-1 -0.64674096004097 0.367280787592798 -1.08420702113868 1.59747510476927 -0.501340576129895 -0.50891612897001 0.853122705137467 1.47448300583340 0.789160393016412 1.96729324321676
1 -1.00327140795770 0.910572256970058 -0.570845846516489 1.01014073276701 -1.20358059327391 0.460480740955671 -1.08057133144074 0.574143852100664 -0.317221223254353 -0.640166440520428
1 -0.582937456074708 -0.654103524690312 -0.89852405933124 -0.0644362281932723 -0.831106401046085 -2.07892318827163 1.10993867450957 0.706824949518175 -0.965911485336185 0.209743753696315
1 0.408137929331449 -0.235646264806035 0.204297801776007 -1.07721528143369 -0.383792232057217 -1.18593250338146 0.0873124969178038 0.350002287155679 0.0268895219911522 0.121051798032868
-1 3.16684273580248 1.66130953935697 1.21083398939899 0.470110212602158 1.69070228909212 0.52069754246395 2.75074990525388 0.835586518187914 0.781367287786226 0.76108917785176
