200
5
-1 0.714170033238511 1.10890010804921 0.284203369010042 3.30663236436235 1.64145744889029
1 0.134252161317540 1.30562548531554 -1.13442854749379 0.118924590699031 -0.395022589372166
1 1.03350898626198 -1.61782386827485 2.04395379990958 -1.50331357360166 0.591105184821782
1 -0.342097675002248 0.665866636998534 -1.74251857470511 -0.80181392851574 2.28049730645621
-1 1.49514026687980 2.49836346899651 0.775771552509776 -0.524076615590591 0.981700086726573
1 -0.365705314267378 0.318479725894771 -1.36848707464570 -0.683891859080235 0.83035474420744
-1 0.998033618288827 1.60030748764736 0.326836950657440 1.80879211949238 0.196001674764127
1 -0.138540954435997 -1.05604466645533 -1.79827690034021 -1.23692621941470 1.13615958459625
-1 0.776425956893993 -0.190260187240372 0.864581444954763 0.896991656784454 -0.24146369102252
1 0.220607768325328 1.45218781491648 0.752858107976299 1.08715931777868 -0.439917777869512
1 -2.11219046471808 1.48180663862511 -0.524257323279107 0.964875562840533 2.27019196821722
-1 2.38912727358405 2.77451802492337 1.10961560467858 0.314646874204593 0.873822017432798
-1 -0.342262900872675 1.03062723456366 1.43232516633272 -0.175401157223590 1.47739038134583
-1 0.666911764444645 1.95512603240035 0.646555426738097 2.65497152048600 1.85028703500395
1 -0.540026048055052 -1.43409527059938 -0.583062158466462 -1.43181913148228 2.15801387452491
-1 0.862492211869356 2.67149627037479 -1.13221650946397 2.43759548325117 1.86986522272995
-1 1.9212012787284 0.248265919924507 0.5946457704740 0.449790175649417 2.23919180361650
-1 2.38234258109256 0.401427345070243 0.671985836805686 -0.0616971981885565 2.17227253341771
-1 1.00597357254647 0.0308934309673324 1.40557474779373 -1.08163112340285 -0.62574891031874
1 -1.13996250153484 0.00367371108891863 -0.726464555801318 -0.0435088398500361 -2.51200143017268
-1 -0.331899345908754 -0.499665851597995 -0.400217135950467 1.94693335688226 1.04638185164677
-1 1.06340097274271 -1.20750448790076 0.395057739722699 0.56916753525932 1.79152727662132
1 0.276423681292195 0.534514832168412 1.74362494059905 0.496827984326943 -1.12500089268817
-1 -0.66667782586761 0.55984756049005 0.527013311031029 -1.50285720295891 2.01586234800415
1 -0.0510010863952004 0.48390709044128 0.191371646227463 0.478475442314463 0.122836675082726
-1 0.261200658642205 0.408379705542794 -0.105099637373509 2.79243411650327 1.98677889617228
-1 -0.118166241925733 2.32924978308255 -0.20341323165672 0.329966844871184 1.09809775131313
1 0.386572465120847 0.222178736908421 -0.728871484026253 0.0494599617130685 1.58327891871856
-1 0.164455147368923 2.15010713390506 0.373308327918540 0.136291836504358 -0.497445795659107
1 2.53411436375996 1.10827844142158 0.792372059247055 0.954796608555343 -0.409468069162579
1 -2.05067700372907 1.92537978128222 -0.492579275742834 0.236014338399722 -0.163654246906033
1 0.251556565073731 -0.182884207434492 -1.00948544402999 -1.33616699998477 -0.59022975318194
1 0.590461905242337 -0.761897623416312 -0.743423938097157 0.558111905287371 -0.544710958978949
1 -1.41528787934404 -0.30130737052959 -2.16235265188390 1.62611537824318 0.763170309357628
-1 2.86377008027057 -0.612232803806515 1.48003364941106 0.928507246065823 1.30830271710481
1 -0.184156120292472 0.33804350473241 -1.43439137330488 -0.565043718140722 1.15971573408823
-1 1.10668618234323 1.22755445077222 0.962000376926223 0.318003035095460 0.183183303214474
1 0.700548452289342 0.601413461078679 0.0602160194120596 0.313679203330671 -0.338652830841117
1 0.610384383131854 -0.9038520421162 0.222889537699641 0.73463561332418 -1.33864633248666
1 -0.498366327016435 -1.67055355789551 1.27030460830786 0.187908435182668 0.537982413076827
-1 -0.963214198439836 1.5392293064728 -0.153772628501573 1.64466470537542 -0.874377383549237
1 -0.72478811006087 0.511059649379197 0.551947470079598 -0.227605731898187 0.211471545311690
-1 2.30541790849667 0.889944294819227 1.79302882353775 -0.384019605772141 -1.08370858745812
1 -0.310480142988422 -0.349832863094557 0.343167019909092 -0.516559692762674 1.78211735784950
1 0.13524997643982 -0.599408307290715 0.149135650110750 -0.550841131477528 -0.0391668689695405
-1 1.10604297976294 1.55645188897748 0.217541635424825 0.557064930561511 -0.900209247315055
-1 0.206990559659856 2.34260036574595 0.541899108094062 1.10133947058996 0.122608788545725
-1 0.981486191526777 1.08827481805142 0.582821300291191 1.61208231649446 1.27226882232138
-1 -0.864901942647586 1.17547425175109 1.21678409789168 1.80937033046579 3.16767627228267
-1 0.307911440821830 1.98859887497811 1.25233765829341 1.12964935502708 -0.197455851124263
1 0.393597513608288 0.153776497834171 0.0127287916249520 -0.766222845329341 0.695998096408544
1 -2.37165365322480 0.168230573873303 0.204437946051806 -0.0861811726570365 -0.256129280937567
-1 0.603244318791386 1.53654318723917 0.825079904128614 1.09728619701976 0.688694286634212
1 -1.52243511407336 0.545430591046955 -1.67963054928073 -0.439795626279603 -0.715457722954046
1 1.52825445014624 1.12772899758695 0.988473897812222 0.146327869245060 1.49428316579277
-1 -0.458227306033542 1.57612829526662 2.72737486584579 -0.0262604268442467 0.108142894495069
-1 0.561380163395574 1.58526597232497 -0.0500911326483375 1.38299691667275 0.94974412161454
1 -1.08644015683059 0.879713766578173 0.0772142301766697 -2.12680246065395 2.32634212294735
-1 -0.432141522016368 1.11593069727855 2.42580666606725 0.885216572286125 -0.990492546892515
-1 -0.0457412170466326 1.86445527862075 0.780549091671704 0.655951667659313 1.08423036681998
-1 0.803800078783805 0.0413241524984175 1.02220064164273 1.23695326575325 0.0541742206398408
1 0.55907590859201 0.913447057110321 0.90991203905916 -0.235497803983187 0.289327327877276
1 0.414580228734058 -1.15586050826703 0.739312440134069 0.282992638406199 1.47957763673760
-1 1.99225157578009 0.76260751733586 1.66753401763477 1.08352646156768 0.869242589631711
1 0.162246734414154 -0.405463625876859 0.587260921057604 1.18782342835875 -1.53740380899402
1 -0.603809639016497 -1.41265810257525 0.909198418172874 -1.54361374950344 0.81693361457431
1 1.33754161390416 0.690847638805022 -0.333897463329313 0.760712903510377 0.221159138616359
1 1.23758491263453 0.78968563345586 -0.00457188804743735 -0.77929765921739 -0.22240036413351
-1 0.37306921577185 0.98009087650472 0.219663059600332 1.32671272939206 1.77174642999814
-1 -0.4768055521098 2.2390860642957 0.761265157898099 1.04611617460332 1.05803999322404
-1 1.67391186924123 0.530301766401013 -0.96181192915027 0.806520815806408 3.23211468780396
-1 0.744715194624602 2.35646342032171 1.73250456294358 -0.294209582514686 1.50287084530702
-1 0.289236067689051 -0.181192990268280 1.89423890270080 2.38796582195333 0.737402875147762
-1 0.358974664531391 0.468668215521364 1.52834592406797 0.861390578018859 0.5583236667496
-1 0.535399812394252 1.36971188575296 1.70356087549161 1.83305776308960 2.46700112712406
-1 0.713429737166795 1.97467693156284 1.53279669696544 1.08599064650206 0.269621157717616
-1 1.44082164049712 0.428321877237044 0.377126796155311 1.11047841105591 0.710746757094959
-1 1.06294188580675 2.22465874795950 0.72086979189621 0.320676631402929 0.936624385115189
1 -0.700720451745215 0.996860629671039 1.46022762824025 1.40942836242023 1.13760058361155
-1 0.861960405260917 1.94950445262822 0.573920091786873 2.18352101165171 1.60016843375370
1 0.690372205524643 -0.136385812430364 -0.474253428481541 0.516800693661432 0.575165308122685
-1 0.266659994835946 0.380396556064371 -0.430896139485407 2.16884567708212 1.23443583934917
1 1.10374117243953 0.227035817217230 -0.541763791957922 -0.716817869450765 1.50547985804873
1 -1.76586136989875 1.03836428036858 -0.123788087945607 0.882850222144895 1.88392182849235
1 -2.24748853823434 0.921345350558014 -1.16132699657618 0.460746871975817 0.809536035038997
1 0.338858119419134 -1.44958564319882 0.62458700327672 0.057129463713023 1.38275999739529
-1 1.46272998640893 0.0149973047858728 0.888382052723587 1.85908627483361 1.82326591600841
1 -0.355448857753758 -2.15341572148478 1.04148658156257 -0.309773637434652 -0.129581289005056
1 0.571861683604158 3.71803788001043e-05 0.419222630051499 -0.0626186475381423 -0.178645406959223
-1 0.812637048542646 -0.828835172465541 0.29706029477183 2.84767927501499 1.10005314668328
1 -1.79214676500945 -0.370063486608506 -0.109421872814742 1.40194489604675 -1.17071661323662
-1 0.202573814269176 1.16018775155936 0.769282117968601 0.406202121619023 1.81108483225327
-1 -1.36938894080870 3.36798170479596 2.00475333856763 -0.287267427393047 1.19606380658439
1 -1.47588913064475 -0.624191812995296 -0.666019932632862 0.825730686511136 -0.829156098938074
1 -0.457429553710495 -1.58291252686174 -0.445770194713352 1.29284002487820 1.04154747119406
-1 1.29819328827688 0.642767893472975 1.26795603497186 -0.803187244627213 -0.0380168907593917
-1 0.890757986019552 1.21045710330867 -0.270562179890159 0.205465548516817 1.48569346324480
-1 0.890808019868975 1.75171887714863 -0.0833100174633027 -0.262103863699548 2.32870368008674
-1 -0.043101163857708 2.22502210372588 -0.868036388465879 1.23441963400007 -0.321417227482992
-1 1.16206090223058 -0.436431764893059 2.30424242451122 1.31498856182313 1.41252924677835
1 -1.11089791214432 0.739256591396713 -1.54455797065439 -1.02047777561985 0.163299242118056
1 0.957811618880346 -1.32907845692880 0.987141668010307 -0.600801473849765 0.319862413773075
1 1.18719022254654 -0.835647728994765 1.86907479261088 0.520347478458173 -1.01865966291865
1 -1.05579559521867 -2.18189994792011 0.347624302398065 -0.872639632445667 -0.963111861175574
1 -1.31742574168229 0.942027050474276 1.75655549818281 -0.744325268683504 -0.313071430029111
-1 2.59858874060031 3.00689865315977 -0.558051525027743 1.03869715470953 -0.51490015048097
-1 1.42850902103386 0.286812258814679 0.204047697031967 1.14229730019456 0.77964609234347
1 -0.507256898735149 0.388179233179139 -2.53593375725725 -0.0833313356953913 -0.800118423891
-1 2.08171086220086 0.56508377263741 0.149528136859009 0.670580204835968 -0.00670011066470066
-1 0.602861486375006 -1.44441273137748 0.346003476661545 0.498827855375178 0.40426304388808
1 0.271598814702053 0.0247117692941925 0.378019458196277 -0.868783123059891 -0.309417570540026
1 0.345224293656371 0.702738843529656 -1.29774264829421 -0.432155993031587 0.335941300984367
1 -0.855756581449076 -0.305322826686589 0.689914946832519 -1.58805238129037 -2.30411872450216
1 -0.569993680973768 0.0993229054410806 -1.02994453451618 -1.02817603938007 0.622328236813639
-1 -0.795345432660291 0.838357990073262 0.425018220288461 0.567617697847589 2.07362453368087
-1 0.307071980952453 0.577426877217934 2.16021853554068 1.25803563724049 0.152992501640818
-1 1.52043388655351 2.86195050233266 1.31724228558839 1.10072572144080 2.80954010972934
-1 2.08057166564412 0.971511438778334 2.29892721951471 2.03658462526253 -0.903049105998184
-1 0.210129301054893 -0.248497641242833 1.25200838839947 0.978405990739911 1.39821989131236
-1 3.14322205708967 0.820904536511889 1.67422260532392 0.729486960602272 1.24434483274878
1 0.204170568359688 0.196350678717004 1.97260256732649 1.48119390170159 -0.317064803749209
-1 -0.133343709095969 1.04645806769956 -0.339885619750032 0.957808712032265 0.736416667624508
-1 2.00376210757379 0.874197521094719 1.59556408913575 -0.5301723871426 0.189677597471843
-1 0.374862738524298 1.08754291069564 0.737757916438986 0.955516237415003 0.747459296208909
1 0.136814158663693 0.271693887565835 0.98617429892859 1.37334316790550 1.19278179999675
-1 1.84885433442992 2.65395317920237 -0.101238718272485 1.25437468326685 -0.413740626176067
1 -0.0807688977933895 -1.15233666306905 -0.0960239998841327 1.53356971270306 -0.470940906435141
-1 1.38764289776015 1.10177429818179 0.519332236394283 0.226234694375431 1.22669828478963
-1 -0.910060486945574 0.378310131504445 1.17182034097792 0.111247909128978 1.37146713578952
-1 0.763275747833509 1.02099161124661 0.504164861387996 1.57832507715366 1.61955716187888
1 0.69187213576913 0.270817008459505 -0.536247728979678 0.101199399053261 1.22218130481302
-1 1.80173580066937 1.28778436902107 1.48772008644887 1.77877325161952 0.624194948540324
1 1.28019766974718 -0.243690996959544 -0.0842235781014138 1.52375034706799 -2.44480630471719
1 1.03538882617383 1.69603418434798 -1.43617341831945 -0.541567531913865 1.55231814877722
-1 0.972195002676071 2.28019425368863 2.15689284672694 3.01289010934213 1.07787323612580
1 -1.08382412555674 -0.708730243429969 2.1492346831522 0.304507118879305 -0.419653059666755
1 -1.30029916595604 0.766197370296559 1.25220268983257 -2.03944990538391 -0.775939552408747
-1 0.558330022454627 1.10104133382295 0.283433610389922 1.81777906455501 1.07583331835039
1 0.185728130595963 0.852826364484572 0.0987014196028009 0.625469323606544 -0.383304961463386
-1 1.35041232393017 0.876594134287363 1.33236667873523 1.52088925628053 0.216028473825917
1 -0.863225679148696 -2.73341633300937 0.666908360560312 1.35447996377041 0.126412432613706
-1 -0.663024630402748 0.587838496495633 1.25654899427845 1.39293440880037 -0.413027722638352
-1 0.347174767852679 1.18358600218710 2.00147808108448 -1.71350026195802 1.67940747993632
-1 1.22104515006940 1.50030930063178 0.0489541886192316 1.81197993751002 0.0746686010567205
-1 -0.171130981959032 0.661469362733284 1.26238442479125 -1.57315361524271 1.16230648697859
1 1.17104177562174 -0.360438598687 0.238009349199665 1.66706179190176 0.116082882682101
-1 1.14068236265501 0.972330413442672 0.36396882658585 1.01230098775476 3.11542723688159
1 0.360701600266757 -0.631431764529904 -1.83907388088247 1.56172535142788 1.51507356214953
1 -0.053470210594947 -1.14175412411707 0.602391696784409 -0.101728261437605 0.991331911780418
1 -1.46428853793665 0.197878529649649 -0.880417786472296 0.527154071754607 0.175881404705684
-1 1.31220178998049 1.6933634455881 -0.470378981340791 1.67416206651743 1.11703897925205
-1 4.4453009354479 1.48119648582882 1.35355454599521 0.238919881742165 -0.336687690405197
1 0.79072601580335 -0.153844594623088 -1.50081683231411 0.499382479098624 -1.24185831706377
1 -2.16670736672081 1.48936682557169 -0.386458683372444 -0.398610169842831 -0.222488136800809
1 -0.671501199558242 0.260996158792735 0.827211934954518 -0.0439769472067018 0.281347863597310
1 -0.34398723946718 0.0955021308174208 -0.132638789694255 -1.91083591353965 0.288053195580974
-1 0.890248679856295 1.90556695275884 1.09074428606337 1.17883553492532 1.37948115905419
1 0.53855464772967 -1.03230219378436 -1.30882526013056 -0.564713800878564 -0.243988025535469
-1 1.04897709394782 1.11876843286291 1.07819104456807 1.54753444512978 0.549558112203413
1 2.93505850168788 -0.672270174859806 -0.197775409158574 1.54887850254880 -2.42022817625124
-1 1.85315893647684 0.365771030420903 2.03206411001013 0.566637822050462 2.68730310316274
-1 0.703850822993416 2.48596797817611 0.732797977173574 2.14084343879215 1.43889338987134
-1 1.13857962501859 -1.09983193325222 1.77932016706363 0.762875971871723 0.778881243307702
1 -1.45981906371007 1.40029072714880 1.44380034649997 0.762164479299908 0.316774778658080
1 -0.288455209128934 2.06415672051123 0.86097121099107 0.0797731251925488 0.72933455302585
-1 0.500009660594867 -0.427453639597078 2.34289562496531 1.16329386069486 1.82305477684347
-1 0.568120112782043 -1.51766749429245 0.83588438272964 1.38768400419071 2.26326489014942
1 0.576618860335946 1.07569917623539 0.765027942299055 -0.332186895567974 -0.598583317478672
1 -0.659622110330306 -0.476062083099286 0.129883069333646 -0.900161804781323 0.784698315411624
1 -1.13369933921216 1.03827110024894 0.572214102690626 0.811625202616666 -0.226198113185189
1 -0.228032184708291 -1.43356515098605 0.497053096852631 -1.13467232274414 -1.58224330651746
-1 -0.674476377165797 2.07019072295059 1.99510162418850 1.64638326235552 0.95764043082247
-1 1.88684671373093 -0.481361885398485 0.533772404425519 1.87479549621317 -0.599455535002604
-1 2.23693902586293 2.30191292059654 1.12030248464517 1.91248673094542 0.110976998020668
1 2.41722276387353 0.587704821714679 -1.60219393401892 -0.44090639286214 0.0485800820422565
-1 0.350640165823872 0.64498004702457 1.53056005499618 0.671607121623999 -0.730374463846396
1 -0.245929747576021 1.42559868993328 0.895797857624636 0.0745098437020385 -0.892998703492633
-1 2.30479094875191 1.03808581861311 1.12681649644902 1.04985947879907 0.679780434989483
1 -0.594923044591299 0.33401175431616 0.144288753969379 -0.134891179884619 -0.69371886400513
-1 -0.619199251251631 0.519447080502792 0.295442804938424 -0.121034210346303 2.04125629745567
1 4.44923988464805 4.42968601537699 4.38391193917151 4.45304181043355 4.51263997711893
1 4.59514674823892 4.49013637438134 4.59116788480048 4.47446578587226 4.53128549935651
1 4.42383578027871 4.40311348914225 4.37900910698582 4.59481823461571 4.46681626513506
1 4.448462975603 4.39359703134214 4.69656038032656 4.50204991733230 4.30962188721008
1 4.42234344123227 4.43128998769750 4.4389576273833 4.49561405633247 4.47842849116250
1 4.47425069364784 4.51561652690005 4.43601756628195 4.51767445066051 4.53731538927321
1 4.42018983433022 4.33332528948830 4.40509960472364 4.42766674773917 4.48900242505811
1 4.63190252616788 4.26709194830126 4.42123901629144 4.60151606864962 4.35947473677433
1 4.38920825286829 4.52224577074861 4.37463265887307 4.464284850205 4.4995754632841
1 4.50019592584289 4.45706202577392 4.56674664712645 4.42335449562085 4.61013928030113
1 4.3600249478322 4.45230211872848 4.5322853042206 4.37760004072369 4.3918648169962
1 4.36823010002525 4.37516279772487 4.58665806714516 4.47330537587301 4.42761543375430
1 4.5480079202153 4.52626353196449 4.50245362698031 4.47360705903402 4.42666686813469
1 4.41305110517368 4.53257634583345 4.46873677954275 4.58056909513772 4.38103224882259
1 4.46304506135106 4.60162162653023 4.49994364891556 4.47099562434602 4.40740351477764
1 4.57106343860088 4.45652006128537 4.68273484869414 4.45141929298491 4.37321427369557
1 4.34832552978086 4.36379131977522 4.62255194921747 4.36062741822173 4.60489365298375
1 4.45770893468886 4.38261032277121 4.32065105749974 4.35695191482904 4.43707486789011
1 4.37056072037496 4.41072462044752 4.65784478475309 4.60021969134434 4.33790096716982
1 4.40407779580303 4.36346265954582 4.50544684908919 4.35580802595365 4.37061226764314
