200
10
-1 1.26396657474038 0.873883980881380 0.821982041613198 1.06981451965578 1.09113074365545 1.29357679612334 1.05146810317131 1.89713553829726 -0.131771613588643 0.0201491242246823
1 -1.53398199306871 -0.829174784328453 0.479341883971701 -0.69142764594698 0.75510035295708 1.03474832417440 0.503214686678617 -0.245007360543179 -0.0327141381845991 -0.263944192719318
1 -0.3175625020735 1.26297498389850 0.638496403124873 -1.23173841755454 -0.0072827627486904 -0.368769943006975 -0.241703052002953 2.20012642774515 0.986704646062558 0.179357689139987
1 -0.458521299034074 -1.09337928539857 0.0919676328304744 -1.01049747370920 1.50359089789595 0.591413787727675 0.187942208497135 0.0999095664732232 0.36925894155259 2.01658618911390
1 0.165975978979851 1.27913140080393 0.587631692052623 1.51725513438913 -0.676200468174306 -1.24713873756554 2.29548916111073 1.30827782529324 0.288921816366675 0.0650313268512692
-1 1.74126007715959 0.513327384036127 -0.427282643810802 1.64414009691385 2.49823905807150 0.608121636880162 0.014385189814195 1.46307087241993 0.00158301964364471 0.842564934084906
1 -0.858659955549275 -0.394182813423345 -0.248314856579749 -0.424310570012351 0.0671678489855305 1.40797660040978 -0.181598303570258 -0.97666689855155 -1.72026699612363 -0.619843712324965
1 -0.511297655136319 -0.82121522219709 0.562302217467111 -0.574112331672052 0.535647160241723 1.13911018906078 2.0549780359877 -1.00698813543660 0.224592683598337 -1.00007004457156
-1 -0.248844035088787 -0.0190477546834029 0.279425927413128 -0.82354700346943 0.298079459563161 0.363388804079151 -0.0172645745669349 0.23726697513846 -0.693888438511802 2.01948088777285
-1 0.110495628644667 1.60789976362191 2.73891937026215 1.17304433889695 1.04567094182712 2.21330110093998 1.88673107655088 0.503167452000154 2.34752520979441 -0.976574838147797
1 0.506988544343042 0.689668330620564 -0.318993575248399 -1.99866546432420 0.185073008855006 -0.42908552297703 0.787458852737823 -1.51592123966405 -0.0144701925630111 3.11820454689407
1 0.068311102557338 0.817003779446724 -1.12297784674906 0.188360674150235 2.24734976616853 -0.432994492176269 -0.737317496161749 0.0572392271454884 0.530848271496418 -0.305711586040990
-1 1.45887063264516 0.172723138107986 -0.611726116436128 0.165538924930883 1.86400576290034 0.404026479803255 0.679879322670836 1.51784884698016 1.8899440023014 0.534296348519337
1 -0.683432859326361 -0.170036864478425 -0.934022461857494 -0.363157034582513 1.28349047772419 -1.90310753908836 -0.128439352050370 0.154953464427373 -1.16781528602128 -1.10087652884712
1 0.455009591038553 0.0479273220148556 1.09124489978768 -0.818199325026071 0.0240800295683486 1.72280536228755 0.518400385686861 -1.09562014816832 1.22177396513397 -0.228199187068483
1 0.276713764630861 -0.744467700946505 -0.159137840658563 0.923747044804862 -1.36401833861425 0.347191787512244 -0.162410777382913 -0.234364990257890 -0.272129500645146 -1.02664153020818
-1 -0.612375570035722 1.68368138232942 0.351639398518480 0.170881712717342 1.37723924573209 1.05522175203227 1.43793254762721 -0.410632654907707 -0.383810926645134 0.0917485136442987
-1 0.0246969994682771 0.0698667406844906 0.383349645259759 0.755432282444475 1.20914197394594 -0.0953837344572112 2.08979217237324 0.447146585782841 1.54527317371341 0.781405389071173
1 -0.447038965297542 0.0782558678908707 -0.375854475668751 0.878173370685396 1.77898764489402 0.182932692012702 0.156452543531670 0.888928576129583 0.142963318165778 0.33045727311046
1 1.74545013517969 2.96377461865477 -0.126907980624053 -0.132435873165716 -0.178261937700897 0.925783121932825 -1.26156386701281 -2.53573097936531 0.302743238350028 -1.55847627557637
-1 0.0434563799794427 0.0116845871790673 0.376545272837850 -0.327375236411356 1.04287767470961 0.585490414887745 -0.812810837364345 -0.139173930539706 2.36873383257683 0.418647043406273
-1 -0.499479899325733 0.77648929227483 0.487341307671098 -0.209321612635472 -1.08888368299618 0.915109076412232 -0.613384691520976 0.401856924831901 0.805903163784606 -1.01733353714926
1 -1.37892040160400 -1.03957362900585 0.550590293594044 -1.23002764296584 -0.0369959894859794 0.248591289892305 0.497413428517 2.51979554955285 0.6892441989584 -0.596008917440725
-1 0.860450439457178 0.487112416403247 1.56831680878471 1.11884125645998 -0.477211517209368 -0.251338668386297 1.52858608480247 0.335494435019177 1.14693163770841 1.92880340009354
1 0.679457375297908 0.506961507207847 -0.00668663851726588 1.78929962645676 1.32077904481531 -0.740467557408725 0.428422685399173 0.576069206904676 -1.61485973005863 0.320659597067122
-1 2.43710135022181 -0.0689968619225017 -0.351766135996844 2.40099027057153 2.14617943013691 -0.178765795546145 -0.171535128530187 0.396653061765565 0.932567141408043 3.39587105856036
1 -0.22265373119096 -1.12289194872072 -0.365022162291849 1.77480312962398 -0.78329998127045 0.834876838979444 -0.649661267161778 -0.795400981823837 -1.00361621293029 0.186620995959092
-1 -0.575394049818449 -1.12284007233489 0.902489228797951 1.60159155462349 -1.20283428197493 1.61273480688880 0.969482433018366 1.68101328135542 -0.497076217420717 0.824041784663582
1 -1.70768945653305 1.02672213136715 -1.23946102247587 0.777307552116313 0.536708990951645 -0.255154304064765 0.111143038956489 1.25207868151847 1.03010911984607 0.533148931325594
-1 1.3858335541214 1.96567414834272 0.587826802843872 0.203659427158382 1.37770761880654 0.797353525092447 -0.858383489481338 -0.248824282703244 1.81348460785125 1.42619930461370
1 -1.55054582578335 0.28215421598728 0.789898970909233 -0.134721399825312 -0.919059182355087 0.261513673166719 -0.885387293851161 -1.01332734671348 0.156458191156957 -0.959240143790937
1 0.210022255299150 0.154793686911748 -2.71270311249301 0.298757220035102 -0.261737881091032 1.07445807854854 1.52155689595037 -0.368831727989146 0.466630568003446 -1.44817301469942
1 0.572873843181848 0.325661840508861 -0.412146988495512 -1.20806944127568 -0.66303845005519 0.00106086664178383 -1.75135198742096 1.27590404472615 -0.470461669701166 -0.0397908689674754
-1 1.75871039223787 0.924436302582969 0.860960794374174 1.17815790637676 0.656740406661593 -0.308889393978182 0.474257370164968 0.971141709352955 0.0424400149337851 0.376736843221294
-1 -0.550565873353733 0.920924949721399 -1.57853880147509 1.85737060840095 0.00385592608456464 -0.814480083202095 0.511517147957623 -0.16915254987436 -0.0173383360531599 -0.544919887465475
1 1.39469352886044 0.93946492397129 1.51477190151549 -0.275465503551583 1.12608142314554 -0.945293447508226 2.14805927573901 -0.287828860428977 1.11638078768903 1.29144514301903
1 0.178929093036635 0.289940315610868 1.19906913749688 0.190642000753432 -0.587899658790285 -0.706150103172722 2.33867897893011 0.436132712137487 -0.726868671961818 -0.0700068013438223
1 1.50180600879315 0.604713116488207 -0.025982036263439 0.305007553357971 -0.634258171605934 -0.0552848207587961 -1.09490842545640 0.901023059002823 1.10861946552150 1.12127529166237
1 1.56494472864576 -1.79917213546663 0.201108042763569 0.421021341876671 -0.178777215814573 0.330858026284297 -0.654613081932956 0.849002804827383 1.41905081857387 -0.482829157427128
-1 1.47415160401324 1.06458967361183 0.57882298490563 -0.42393511623254 0.378722776309635 1.16699462338562 -0.845745535037856 -0.633255302359913 -0.407081046113963 1.53266708194791
1 0.334812237207599 -1.27902190420489 -0.738153456390357 0.0178242939132284 1.25726787051036 1.60537738913793 0.969444145450571 -0.61779255750065 2.15567867086519 -0.0778576402092018
1 0.279435114506922 -2.07418777802833 -0.261132702015416 -0.671290577228033 0.68664688516847 0.768336563955034 -0.398926577678905 -0.784198593412737 1.05063064125155 -0.576303150400619
-1 1.07646654025075 0.352777277954275 -1.25743961584260 0.511857696798244 1.02140716242679 0.503150706393157 -0.114520721394306 1.22903554687847 0.98350828265834 0.816324853080524
1 0.0104261652232645 -1.04567925807325 -0.433384534920466 0.435814543319839 0.935243939802402 -0.288761726164623 -0.223933157808985 -0.0538632800530045 -0.319696408497149 -1.82819559835489
1 1.70000656694936 -2.04223799576695 -1.39195302004571 -0.717193815726128 -0.367661145469629 -2.16825460529401 1.56144094910247 -3.10460461418055 -0.891591178072846 -0.237574830197120
1 1.45393934936930 -0.853490496764251 -0.556391066778026 -0.523263337939472 1.56567848789882 -0.325858150910416 -0.703214663280945 -1.03301495356015 0.0148661403371218 0.0248465483344961
1 -0.502756805999168 0.355012965907007 0.84686528996669 0.243534400849268 -0.820163973302779 0.0235446205101510 -0.80524356904575 -0.933750555057212 -0.265907448126908 -0.0962350446508256
-1 0.617125613850848 -1.22263852542489 1.74655590723193 -0.766238893879399 0.511167214756462 2.09397868093168 -0.277280207350522 1.25589340371758 2.02914040902524 -0.211179527279095
-1 -2.07809627339090 0.316661901170123 0.251346942839139 -0.268746842812961 -0.308187118664676 2.28629378185265 0.0453783295229813 1.27107381216173 0.567724976748052 0.905034135754132
1 -0.51174838344996 -0.263322121961074 -0.554525687146557 0.812845647588423 0.678265143183243 -0.255147768644507 -1.22711787471102 -2.01061801287793 0.00176005826286398 -2.23813302008306
-1 1.41900167723085 2.24238771642234 -0.0913012077812584 -0.77664708245981 -0.411750417185296 0.83999591078698 1.51581299152371 -0.480401186156233 0.6824682188054 0.926252213807392
1 -1.81480061970173 -2.06908581180721 -0.905692241987503 0.934843118322686 -1.14562687964408 0.070125720390325 1.30176102486629 1.75015901624950 -0.193932407271293 0.98978256535561
-1 0.84278086494788 -0.728365565188864 -0.53451925221769 1.26799522500149 1.60932524299602 1.33932945635292 0.995420588283949 0.79575577240733 -0.980962467592828 2.19094221301385
1 0.429951663615029 0.603122363269938 -0.52073029099582 -0.890754553239001 -0.539204106501697 0.187764338638841 -0.112347576134721 -1.12368888883921 -0.142427217809631 -0.219814184942181
-1 0.992303663479966 -0.384427204581361 0.397896152304446 0.407199355292044 0.838020902871685 -0.712522098051354 -0.0592420692462936 0.42810665447111 0.377363342868955 1.54751272100628
1 -1.27449394321673 0.499036519732313 -1.19564814734204 1.46317843790163 -1.34345010128579 -0.704377166712949 0.514361280722128 0.997599460366566 0.727203037740792 2.27646989551120
-1 -1.48141754733152 1.43229426926419 1.68941596581393 -0.563820558582741 2.00395749287926 1.88347049907464 -0.256855961638837 0.48839476716692 -0.665175109702358 0.839326568335665
1 -2.18739421258548 0.514812037164871 1.97986335611226 0.507207743470912 -0.222566821569813 -1.28661883670606 -1.63759395060411 -0.809840689007957 2.58667884962393 -0.637758916363003
1 0.528220487521602 0.163926637564609 0.906077086611188 0.167917563352979 -1.12707040336737 -1.72009508563198 -1.56696527627616 0.39179846909634 -2.15555076055337 0.185782325717266
-1 0.358052791275665 0.72965168016877 1.49588776225552 0.598183235293452 -0.343208003447929 1.42523694913613 3.55633263561516 0.163497187988976 1.68855572133055 1.45191261241251
1 0.257126166602909 0.414893335870765 -1.69781245596193 -1.07591668891676 -2.13885534397453 0.401607549700593 -0.171309415080645 -0.312636536489444 0.602842039428332 0.316143507084583
1 0.94005620573028 -1.08892924276609 -0.539478337463944 0.378968666176182 -0.584561954804687 -0.770701520645463 0.102682856738745 -0.449689207212513 -1.62567959840160 0.287900444706167
1 0.608355876627473 -0.104520835757142 1.08984403548958 -0.116286475944668 -0.211614888204593 -0.109502541006117 0.0113975368080073 -0.771355839247043 -1.31664967510023 -1.05889401855427
1 0.0223624076497735 -0.51738064478093 -0.966320365641688 -0.514252003283316 0.0293388591885895 -0.234119857469557 -3.54538603299186 1.18175012679671 1.81397915898639 0.467929504826083
-1 2.6279651724562 0.273642360424905 -0.0166141149621535 1.91973735508504 1.99433742034021 -0.0442901632700652 0.966970660124684 0.828798824704573 -0.0204642553095189 0.715494945112336
-1 1.10748615915314 1.12602331557192 0.561185688371702 1.12984335415617 1.70181835392166 -0.462443982598619 -0.724502885865247 0.232097785171131 -0.356575866567538 1.06954151411292
1 1.20911452566502 -0.908863769202266 0.568487964211915 -0.468104784077857 1.33906154962847 1.25773090361502 0.0231569653003229 1.74006044280327 0.37147598363931 -1.30060940893466
1 -0.0168208882869519 0.836363283892681 0.269518588989044 0.0444289900471345 1.27143712475926 -0.0224063612339665 0.332571390193056 0.935021315925219 0.766688515159392 0.816766421003674
1 -0.305896110739853 0.435489872799338 -0.408674617511038 -0.967522732701747 0.493161471949034 0.438671406637204 0.329225244283666 0.608800578519681 -0.165282623766259 -0.936143062849097
1 -0.112977840874802 -1.10672727053990 0.569086948516603 -0.425402276386672 -0.12925819545778 -0.433687533456392 0.267269216178379 2.05694441926747 -0.106712849338780 -0.586469194301764
1 -1.05474776264107 0.280306241701449 -1.01427329034099 -1.31888526547151 0.78162037975562 1.14063200621668 -1.56307250421272 0.769352000924006 0.138665671912907 -1.20222920623434
1 -0.200235463805577 -1.42866415339592 0.712667740492305 -0.129365680807253 -1.1891085620578 2.06005287979557 0.104676249942273 0.747272572089668 1.74346023650060 0.0864406947510458
-1 0.660157984712588 1.03113147568339 0.658007837345373 2.50172653509730 0.190677960998231 0.421445385248441 -0.865364746524742 1.93151036169322 1.55751560135439 0.298705221726585
-1 0.782471676424281 1.41308330496778 0.488295528542363 -0.752009324572002 2.58062762310137 1.35878308278761 -0.766028335457587 0.0830347859116306 1.97894448212067 0.409709367916641
1 -0.173944801237132 -0.575075119584106 1.66572424559752 0.622005215100999 0.643452105207741 -0.154141495476488 -1.46698235101721 0.0809837320760977 -1.38075689368445 0.857315682676505
1 0.72524605125607 1.47679928884835 -2.07120448513018 -0.690676584028842 -1.13403309682206 0.983104456952652 2.15983950320133 -0.499880308275523 0.519158312865685 2.61238978338218
-1 -0.232669634941200 1.03061772484662 0.455287467707119 -0.103664856579314 1.86357444861907 -0.932944485009577 0.690516632905051 -0.489514412215924 0.775886911126274 1.07991929847454
1 -1.77592503687662 1.23095556657289 -0.532410016731897 0.62195114978304 1.25284823788413 -0.0879218354261509 -0.448934899642552 -0.711122620053855 0.889199682425049 0.727351299836173
1 1.46117165503300 1.19006627343454 -0.459356200958951 0.163782918825881 -0.51026595018607 -0.943580931541721 -0.187977637289504 1.34981259937376 -0.414228588184333 0.0814474040719582
-1 1.30163631418292 -0.276271838998559 0.839323312189997 0.706946719757634 1.48589547016124 0.319215876112827 0.190978307790594 1.04802951780076 0.894372974915281 0.370906341500842
1 1.33631177766244 -0.657124565310447 0.314894714012086 0.690965091252435 1.04999213764244 0.812086144881791 0.648379986452398 -0.708260783327205 -0.427857546130305 1.12813769472944
-1 1.03042511270537 -0.73437918365448 1.62557715444158 2.08211417083561 -1.00306404753187 1.85247863384946 -0.152353059166115 1.63003441038205 1.25804276427826 1.02132873308896
1 1.3612410176298 -0.390714746677014 0.231704397811385 -1.67601941052012 0.809286811139988 -2.55193402162120 -0.8300208553352 -0.724992424057532 -0.372380114258472 0.606099809479563
1 -0.584339208272157 -1.97195860032678 -1.00682478957702 0.546464515638967 1.02904144338365 -0.860512985106269 0.119244589955134 -0.318414096270435 -0.357949560444075 0.0961696263595169
1 -1.09557744896146 1.19906023682648 1.57098988775413 0.701157558874559 0.425428321228621 1.07803349909636 1.94088045681149 0.983837362755725 0.643268463403506 -0.430412764674208
-1 -1.23703274426485 0.220596175762611 0.329940269051740 0.93026246781623 0.500017319688421 1.25757566169210 -0.239548399317476 1.87183254577131 0.517131117539822 1.97789461923048
-1 1.95653649780878 0.640446396352758 -0.672151417501506 0.461351580136843 0.911977729198943 0.905597475240622 2.39632344912765 -0.301720152948091 0.897053829581733 0.491468961679773
1 0.141806003912413 -0.995097208804386 0.69465882685146 -1.17053196654041 0.564679100603873 -1.30261124934003 0.689565258421787 1.17751889138071 -0.664999079031361 0.641944944300726
1 -1.69229340683032 -0.415848949126783 -0.674984015457114 -0.191218539471546 -0.75573334529381 0.960537014523482 1.07266562181646 1.8485627059005 0.842460622544898 0.423268887186922
1 -0.917759227085796 0.0129967029103121 -1.61026698230216 -1.10682859228776 1.45909311265359 1.69155160539975 -0.463555199038008 -0.421635136314612 -0.475367090227262 0.544023631291474
-1 1.28601709037592 1.17028742564314 1.79219978211307 1.33431345392654 0.986272647153759 0.506436330125291 0.669065769076618 -0.823975253248683 -1.01608375497686 0.302891318527599
1 -0.59353511705589 -0.201160871914553 0.611213178885408 0.460832508048069 0.132618087689413 -0.924976435181984 -1.35699510705919 0.618300976993013 0.655164421785182 -0.316305867607432
-1 1.77493156899044 -0.172772616513561 0.348190364926766 0.215018725933347 0.292342601536020 1.38172073685104 0.572343339030577 0.392316114268238 1.38099442644791 0.846958377970193
1 0.0432137164778656 0.30010622497576 0.498395781401435 -1.07312484109856 0.9568566069916 -0.559978943474281 0.189507733739242 -1.03195404549630 1.84089796076528 0.711917857136393
1 -1.21799508395659 1.45613896016559 0.623943522508253 -0.351924618853042 0.328299673390483 0.652075588645828 -1.27135431152774 0.208058474421347 -0.259224478628678 -0.220172913297146
-1 0.78087130528853 -0.272205339590392 0.385600984249332 0.512471360489806 -0.802419451139653 0.621206114750629 0.425201250428019 0.568678125496312 2.27853382603030 1.46607763599964
-1 0.534562555783836 0.466182578870038 2.32032883849937 1.08126486914573 2.18719542725876 -0.69581838454329 0.72793117555852 1.08706023241240 -0.234143801925458 -0.894811633318786
-1 -1.02891555034547 0.398306895208743 0.99949179122608 -0.639480620821972 0.64444468908533 1.00983354515733 1.00800623389338 -0.11413132085618 0.47797934894605 2.5599415865138
1 -0.156387269920298 -2.62908964103816 0.368349365803218 0.657509721746897 0.415773229072991 -1.01183039765068 0.69412080927437 -1.60510880582543 0.0735428726160048 -0.97847875281532
1 -0.212122038166377 0.445072477159251 -0.00556274684577364 0.572235431702027 -0.472584066664083 0.0758825583056122 -0.0792008224453252 0.229720923809951 0.0187544699289871 1.95145333162304
1 -0.091362376943445 -0.067221318979317 -1.47806872573537 1.01783760751448 0.277463789443116 0.530538127407849 1.9619472151835 0.339530313412387 -0.739819808453887 -0.0417482657903018
-1 0.0159109237596951 0.891655737634235 0.429293887656349 2.13776021758001 0.759734636555064 -0.172515833895763 0.98454642523967 0.67212554677726 0.611444733400019 0.203111497110125
1 -0.616414808829463 1.02776042315522 -0.591937406820292 -0.714325646667491 0.572993199241493 -0.206439829034447 -0.133133017770942 1.37968488615052 -0.610935380339592 -0.998114511108048
-1 -1.06040965456348 -0.761972501495029 0.247562092809755 1.14312857574226 1.98570551955086 -0.131505618659389 -1.74452471765048 1.04050170840382 -0.569147667142818 0.555950823645073
-1 0.781904542326084 0.266398699369062 0.464172376617002 1.77960025941692 -0.678070682186467 2.26988008037555 0.223513834727996 0.763507726257037 1.25551617615741 0.80230339985923
1 0.774353017368071 -0.236836602670554 1.42416095901348 -0.568444366420893 0.121442164963398 -0.257862765224872 1.06660553695363 0.653402672734977 -1.14020963617988 -0.80349176299926
-1 1.31576447393085 -0.327597260076039 1.06312030179047 0.215805135076682 -0.232058263693054 -0.403691167913907 1.12005221483859 -1.50407937970039 -0.671668431295063 1.54363207815089
-1 2.15602573829407 -0.279029151989101 0.57210391391838 0.31489626727466 0.297060454721944 0.40144333435892 0.957962382040627 1.31026512300840 -0.0772478204935733 1.88552037491412
-1 2.14605639523645 0.711296069156707 2.99760988460936 1.22255834430676 -0.170985894009968 1.08972773446412 0.586694948708988 -1.20094367375371 -1.23233210670747 1.30488918838143
1 -0.760038105281071 -1.55145229268009 0.0451385754858912 -1.17877792835031 -0.627603564800122 0.0562786062657588 0.157009042789063 -2.11923036124132 0.724684565294717 -0.424063815093608
1 -0.658284670200184 -0.978919534865369 -0.792832135265737 1.16208983771922 0.544495719795916 -1.45193122278881 2.15301548599194 -0.847940648979732 -0.344965851413165 1.63726425835487
-1 1.17078557778922 -0.563643941164123 1.34752119383365 -0.320505227841799 1.2100734430168 1.46024952878333 -0.141063592242376 -1.25216064969122 1.39179003525682 -0.355588952410997
1 -1.55777793684946 0.348200341384941 -0.00752768021903983 -1.19628892119100 0.259576468491741 0.861141095885692 -0.718630223853346 0.273592414602235 -1.44653644309721 0.472505370238799
1 -0.584874062774549 -0.903460724766002 1.53240315348385 -1.03592059112622 1.90110444837561 2.10364486166092 0.175914978357537 1.38650329133863 0.450282897920127 -0.0516158230653311
-1 0.384631035425582 -1.95098744459700 1.69850058073907 -0.837155656728815 -0.426142171900801 0.240755239289904 1.34996718760169 0.242157225074268 0.316699279513480 -0.400178095016445
1 0.608607424950029 -0.174194994755788 -0.932513692888359 1.14863880293379 0.222745191755559 0.381424766368881 -0.676493958302748 0.118683851487915 -1.14522384674686 -0.301998186153552
-1 1.34372123294132 0.144699525500873 0.591247491241887 1.62305800284769 0.757612189164267 1.69204994704871 -1.34349546927958 2.01106900077315 1.37234962205019 0.701082586131089
-1 0.602935064767779 0.718534896478405 -0.52592084361931 1.31613016806918 1.02947741664996 0.0708926329596286 0.340293824533047 -0.929286378362918 1.04108813328244 -0.260410926716587
-1 1.3130078486344 0.63359695704959 1.2559687749935 1.36933513313400 0.352309185902318 2.22380032603128 0.90321710332658 0.370055748640490 0.6000359058542 0.697505142944195
1 -0.69816818197488 -1.30706066398195 -0.395423816618301 -0.106112948436668 -0.243419194767732 -1.41370357420345 1.57041102723656 -1.10007265543273 -0.591593440833045 -1.38619130003491
1 -0.158026393469289 0.997729942654304 -0.246956519528365 0.0926540799874426 1.33028343622232 0.616242549385422 -3.60200092586238 0.0168851250286022 -0.791981196284478 -1.38630059152984
1 0.095059598122407 -0.848284492231558 -0.734142601101593 -1.12976390404670 -1.74004923114003 -0.939573502937724 -1.20423825932627 0.247657278334571 -0.165366168044076 0.865329216713448
-1 1.36629420539277 -1.68345263118238 0.699736462554298 0.632686037166304 -0.262626155910251 0.679699450084568 0.0320119495058298 1.54978803874619 1.84053816041193 2.08330698613329
-1 0.72907518628028 1.62871119394286 0.57493513924187 0.82575860142146 0.0791995574385727 -2.60094984351712 1.48079904575189 0.798233039357994 2.04495087963655 1.18574583709431
-1 -0.0388511307197379 -0.0438419028623056 0.704686711376547 0.563349553123438 3.1954251432717 1.20643198176712 1.99261284853965 1.47214135996146 1.26305797950223 0.121373046910248
-1 1.80272522982986 1.27656200754228 2.17718868323207 0.130042002828546 0.820656571736721 1.20109691692463 -0.71097693650614 0.182661357128578 0.501231990683347 1.53454544869242
1 -0.641380119615006 0.220939661302116 1.24164517911419 -0.48257855686207 1.94393907507559 -1.23659485113899 1.21498489295098 0.772499892591172 0.252809471719390 -0.453235418918932
-1 1.14345773236283 -0.752896059080009 2.49941177530550 0.38191857845789 -0.252687437054627 -0.0624907049995895 1.24404153098562 1.46705147616579 1.15838134531707 -0.120137412105547
-1 0.136591149169105 0.469779926798437 -0.402060332212849 0.282029539872777 0.12731816693485 -0.0332768976313442 -1.00263841656012 1.3857196938915 1.40247706460492 1.11458465529599
1 0.140235755856332 -0.988313566597246 -1.83176200741384 -0.519053264228732 0.0851644556644163 0.915844139464437 -0.0293446420081289 0.666701440821514 -0.109465661621117 0.520308858954072
-1 1.69983082841649 -1.00562816352121 2.60874120304966 0.390091687401809 1.11065058033207 2.80421346879196 0.734208640660728 1.5352334312698 1.70427568751349 1.51003709603357
-1 0.0331867014725433 0.349093243805854 2.25698856649278 1.56349326910467 -0.131266300986744 -0.636692107662251 -0.552796151998227 -0.496108875467138 1.66064239762708 2.80415746362446
1 -0.215723530651868 -0.0694755381839759 -0.127225415619495 0.0664738875976014 -0.234187618675494 1.58191657234416 0.253578145487222 0.366954309221473 -0.765008861177572 2.13353053225719
1 -1.93956161477702 -0.0236946596933141 0.660734876514377 -1.16568259973170 -1.48590717025472 1.12580779880824 -0.451077739711097 -0.348865096979578 0.146959698759277 1.04145088414183
1 1.25591641082280 -0.0444379568701180 1.64031665666954 1.33386888861574 -0.356028886004426 0.623294658148394 1.78272754206959 -0.879063273312679 -1.49793677611222 0.126522770747331
1 -0.0860790078239732 1.05979196991585 -0.744907395849212 -0.648722813140466 -0.464147005717071 -3.00295057078943 -1.8886815030378 0.632201800305404 -0.272118317135038 0.137300256934097
-1 -0.489345999395054 0.508430732566224 1.26864104482647 1.84716767111864 1.58564916663869 1.43068969805942 -2.83447240392152 1.18179755863415 1.67201511768554 0.251475184969141
-1 1.11643765151398 1.33423484774267 1.80983243106624 -0.289377141672482 2.27123988175918 2.82646594537565 0.415830660782724 -0.271906203539507 1.77361756091472 0.347008078211693
-1 -0.629171772560786 1.45297513371228 2.48104287347100 3.4585851481012 -0.524109010637026 -0.631785774469805 0.135553661797074 -0.506068489177324 0.852542150558249 0.89411807537015
-1 -0.92485135472599 2.64925728667032 2.63943142041009 0.574422398656373 1.39846849980440 0.86027288765305 0.336640297184213 -0.570593837877348 1.68106150813435 -3.2840463027806
1 -1.32385798599882 -0.949175387937828 0.808006396436791 0.137361813853209 1.26805166874364 -1.16236951996011 2.60934773862314 0.046249870653107 -1.51433654035736 0.513951696724463
-1 0.759509711999693 -0.224035145391372 -0.64344552083197 0.0557670246476476 -0.655279659096551 -0.85149385707985 1.1594543780046 -0.0471876143961766 0.589112068441781 -0.291318299187008
-1 1.56301935192963 -0.301474347886919 1.78247422626541 -0.666633569229613 -0.75154727815637 -0.00869168447941338 1.78844941760137 1.38373589445989 1.39069592472910 0.842890790760027
-1 0.619878917346265 -1.15442694623995 2.10990845520776 0.260465262007494 0.155992644659963 0.808125599480184 1.12533345239899 0.659649606411823 0.329642080314572 0.883922879500283
1 0.337468391800892 0.362296027766742 -0.199213488319358 -0.815851703111447 0.936959284688874 -0.730174968574943 0.268135897017993 0.988253679566803 0.318421649636461 -0.164780277535008
1 2.44164216482792 1.00880041140837 -0.52028380478396 -0.559950067820062 0.0777163729100717 -0.235850257043975 0.743252868231825 -1.01205414751121 -0.991445738839904 -2.09817018916781
1 1.05758889650676 1.21540800525726 0.356190955666011 -1.50827050948058 0.194868108866308 -0.897086955849024 0.321065378416016 -0.313133658822105 -0.355283893553691 -1.10564653489583
-1 1.26486681610632 -0.733308033720287 1.66832979228651 2.81737428162550 1.18135379991983 -0.321380056694464 1.81246057374849 2.22433076821294 1.42399212880534 0.3626326212379
1 1.64463961176782 0.416681515006562 0.357511726910262 1.01246803333852 1.22188577610936 -0.0318558873977601 0.443884607578694 -1.60669106921556 1.16018112013484 1.63280256273087
1 0.209926339752486 0.193274603531747 -0.375840001369498 1.30717184106825 1.00669324858390 0.686647944263967 -1.47805156665318 1.49809038344327 0.108108532301267 1.37573148023064
-1 0.274606520152679 -0.866760033986136 0.148539361869556 1.44577259809338 0.0938317798484585 0.0275154490933848 1.24243520315616 -1.06353357530038 0.628048925124731 0.560381025853402
-1 -0.98377203039187 0.734977127813807 1.65153364033617 2.31089884400561 0.375286035054399 1.03441489569179 0.125877561355983 1.52758070090982 0.755630021017822 0.647606381757095
-1 1.83553746217845 1.31041395837867 1.60243111558511 -0.243806446728026 1.71401305457316 0.188084090045165 -1.42983909903603 1.01756929978881 1.73572944455789 1.16311579384207
1 -0.458394972472034 -0.417346186394832 0.393975040867544 -1.96986657942993 -0.330791704493342 0.246302894268244 -0.361771355356572 1.36049529702155 -0.415678058704183 -0.394724600359292
1 1.57818899643256 0.65880276321419 -0.298874054667811 0.698012567261593 -1.59771318289359 0.0749917265130313 0.195152895951705 0.860906136540021 0.392883903030688 -0.740446931968721
-1 0.816616736836884 -0.197785925902362 2.40186122160927 0.643396017287255 -0.0642118092247883 -0.148483652286000 -0.857739738953263 -0.830713899081222 0.293922124630589 1.40277555154010
-1 -0.959572677021303 1.48701225002620 0.763081337144663 0.780236092038493 0.709484977144846 -0.0256468153536904 1.61851782417986 -0.738963666080447 0.835951885977034 -1.23333931111578
1 -0.473583281537135 -0.136037995489270 -0.479883450472183 0.342431337993084 0.563833694021539 -0.722960462647112 0.617491934332217 -1.90691723487820 -1.34886426640058 1.00025274546642
1 0.427728806740254 1.25522546364543 -0.942871783978429 0.0683676780585456 -0.674105229856241 -0.00438583509411133 0.275908814257445 1.44121369428107 1.47837039320954 -0.929549793587565
-1 0.462789382702631 1.20923533223842 2.25546611821410 0.812738746030433 2.27335823695756 0.485308346907724 0.529991517164064 1.06653066158028 -0.990647738546954 -0.206637463721049
1 -0.245924820039972 -0.174946827755987 2.23521421741991 -0.273691709408780 -1.34363942818621 -1.67204786015443 -0.0717010652928014 -1.16067459479023 -1.12596008078443 0.236699594907062
-1 0.350799666719485 1.70336492415056 -0.0414407683299995 2.25724759789588 2.23562346327884 1.43989314229086 1.92002101039604 1.72445379156027 0.55816900710196 1.04587862485327
1 -1.10451106007715 -1.01465169997058 0.887346852819754 -0.388954977609476 0.577510323849308 0.498763733249229 -0.319805251553895 -0.306736858186469 -0.150374432957830 -1.90214396867670
1 1.52170306401961 0.212845647030733 -0.214651430391114 0.58991046566382 1.01101248548466 0.613771134253753 -1.10488622575965 -0.84710431925365 -0.694332473742382 0.397179815877493
1 0.0868014409243643 0.78809285104324 -0.439699608148439 -0.154755462491276 0.129613404981527 0.610699422194881 0.288889552982626 -0.432421126593 1.06305831079222 -0.741074157255347
-1 0.940456086598425 0.378576185693114 0.443250894673464 -1.01132711628516 -0.4469399325477 -1.29105441489232 -0.571581012831897 -0.607180285838779 -1.12660262110878 -0.282228194743752
1 -0.736678296707794 0.256207377485865 1.99786538375760 0.235939553454109 -0.633653738279496 -1.58882353513183 -0.476430520407238 0.718030469338967 2.83828586331993 -0.0207895164166449
-1 2.46926824407238 0.0632313466869041 0.342600477506294 1.16046967838828 0.55291006673941 0.0126883088569244 0.551047617752411 1.9452143230656 1.54286221083638 0.921680688115978
1 0.342995864511290 -0.347214740173014 0.390397809830127 0.857390975801979 2.07410467360922 -0.0423588393466913 0.163798277426105 -1.35950003219931 0.242158615664171 0.0865709450198387
-1 0.285700982213161 0.0266925057871388 0.815353418211172 1.50572482604784 2.16254548641491 -0.629786121661238 0.8363746690725 -0.876509493357044 1.03088757401756 -0.0708825759738884
1 0.453074631200291 0.794498499112305 -1.67264635483128 -2.23871548438129 0.957512870611625 -0.595357360474414 0.68282126646647 0.307204017946263 -0.918512161727658 -0.090226413184142
-1 -0.540556786873594 1.18867074196941 -0.546985617974413 0.410897171493305 0.897597317826715 -0.353188381684563 0.759206231654099 0.145490548428371 -0.392062747256514 -0.526869571610851
1 2.81281290036673 0.127089792662032 -0.702144768422055 0.382811481176946 -0.165170146953190 -1.28568564532507 0.98353799135186 0.69186877232188 -2.14414482636275 1.87045594950644
-1 1.95423086247487 1.57480442725586 1.87713354461008 0.424210426185457 0.874291077375342 -1.50393725189456 0.789366699418066 1.18104130496805 0.420100188857877 1.03319115365103
1 -0.828515767112828 -1.11622363320119 0.827223038851135 -1.40530786123566 -0.617356601685209 1.09251461443997 -0.0886415280102387 -0.823388237462342 -0.0589850175933329 1.72903947608642
-1 -0.668305759057548 1.41573341561031 1.17815246304925 -0.709685290630557 0.440057795447717 0.73524132101383 0.343210880005773 2.01509837294282 0.744278025479802 1.51752379432142
1 1.12250667603505 0.419111280312795 0.23951325813791 1.05124824098569 0.523118639981001 -0.137317798929631 0.66854856832338 -0.73176553735511 -0.102713326738873 -1.11375195059381
-1 -0.255578476823942 1.14526588971793 0.330809383118171 1.48299468428508 -2.25196553545267 -0.416204651631716 0.402839557671109 0.891332865849727 2.06770243332919 1.27404314724346
1 0.522685584598841 -0.090944034125697 -0.328774062537118 1.57576564848453 -1.04933928087012 -2.19912002207162 -1.60885551408032 -1.43699125460755 -0.203409880067034 0.116345138245892
-1 -0.283685547715490 0.955226136830856 0.638429199559343 -0.669121033121944 1.74112207298772 -0.547834112246044 -0.225295452456131 -0.729640700738257 0.0435283581667983 1.02722968493129
1 -18.6035377275943 -13.4467977961391 -17.7143682721267 -1.66381133280348 15.5326171373124 -2.74157674539958 9.43689427215371 -1.92713209570055 5.00256960422008 -5.02765176421768
1 4.96078146612804 3.00120999219628 3.93217049371346 9.18316707083299 20.5335725222822 -5.25948419774309 -5.29337505939345 5.64124453839107 -8.27083226140058 3.54538245562684
1 13.0170826842863 1.93037428439759 -5.25591785658681 3.55836614073159 -0.842414005655217 -10.6795885033116 15.4135321291870 0.376493917993398 22.7825308633305 -6.71025080493266
1 8.76853315435123 -0.85635242161593 15.9443135635850 14.790233372989 0.527650144562667 -12.8971013690523 7.52713959394438 7.20132618447328 16.1231136059613 -5.06912036825146
1 17.7493780305247 -12.5933786010091 -2.96087438319008 -4.06617933332672 -4.77957260424408 -6.91001351410936 10.0026693141782 5.9641488327757 -9.12340769542708 -9.26438473856735
1 1.99162219952226 -6.814591165498 6.55726230223156 3.90561259861237 1.91998385378088 -3.18563416573979 -7.65571461489462 5.45625183265259 6.34861971477142 -6.69536155616593
1 12.3408646997854 3.2425847532478 20.8553406825593 -7.26059709966667 -1.13779949607403 -10.5543785101178 2.13064361385927 -3.04098605334945 10.7882138529138 -11.8088550608874
1 -6.33292838876486 5.77825202003945 4.10759750530499 -2.18718357514871 -2.39944895683323 -13.6269605535070 -6.60308933758827 -0.808221713421698 9.44261900278847 1.02788375789346
1 -20.1908462587772 -16.4104300721591 11.7760168970606 0.615273154844841 5.27421111299613 -0.839432200995243 -7.73448966530417 2.8094637035094 5.42425641432465 2.5328630843614
1 -16.4681135604163 8.60071953094335 14.7675563477195 -11.6754278089438 0.255443702203262 5.19596101425477 5.4501187137759 -12.4733579021665 0.731094570044054 0.956856882969202
-1 -15.5637557974581 -0.459774501826144 -8.18769813045765 2.15484823057939 33.6077780691341 -7.30112490918518 16.5373901180150 -1.20671840322282 -21.8792823213581 -17.2888059370623
-1 5.18230072285539 -7.2962746304863 0.994092705446596 -1.58861303293293 14.8643417044815 -18.8115100005430 4.90115281571234 16.6308866930336 -8.78746271743246 -6.16468058191005
-1 -6.15227053406928 16.4620419581837 -2.25148456217363 -10.9843303647260 -1.33607336398136 -2.2141610466355 1.46441772995088 -0.260523373281437 17.6985305207998 0.76803840794702
-1 4.56217499503135 -9.94834420317401 0.911692999734469 1.71502368152785 1.70954789941659 1.42050191087296 5.91586906523584 -7.60644782853961 -4.65241372794687 -14.2325257391769
-1 -18.1326588899906 12.4799707736613 -8.14950287373126 5.50865743935562 -2.19315411988001 -23.0847951328980 8.64949450318894 9.17822857480821 13.6316251729978 5.65442621022892
-1 -9.0837916619562 -0.00654299307351791 -4.95479597633195 0.84480785806167 5.51305797034696 10.7573146504817 -9.8502205042277 1.55025708225851 -15.1587552729101 18.0399381588416
-1 11.3909766856282 9.91766870536543 -5.29044120099036 7.96457836707171 -6.92794486726248 11.6151891584279 -0.130504554841235 -2.85985183183583 6.57445319123752 6.80648897856994
-1 5.9489839892924 -19.8700636113039 13.3214292521857 -3.31128368838494 -2.52812666050411 -1.32129152562652 -29.9767619344975 -21.525612138165 8.47090614768643 3.5336597522486
-1 -8.6686133311864e-05 2.78062163639014 6.53381643162196 13.8648298043869 4.05217803284306 -9.84589843705618 4.82702982475194 6.72390570667693 -7.47928023750315 4.96767629711297
-1 -8.80308718873059 15.9398412875739 -6.56416136671964 3.01557155136066 3.35906357529919 -3.40462858558392 -8.87902838417312 -5.1863439164057 -10.3865483170325 -5.36591088460984
