200
10
1 -1.00261710534609 -1.27006359223253 -0.34979952861562 1.30888718801505 -0.612143493494642 0.424615394952031 0.805482500643183 -0.304811988810351 0.384215248115566 -0.952997836176803
-1 0.083921917563429 1.37468006565759 0.400619239520864 1.75883482026331 1.69135543759710 0.830158792587074 1.70552307758944 -0.08475645710001 0.118295630421748 3.23086635131389
-1 -0.0898912102949346 -0.0928212683142496 1.24479113112589 -0.183833390371028 2.34947945951805 -0.711036051347704 0.123461712262109 0.782042572173593 0.821510771751412 0.00653562383016726
1 -1.47059295603170 -0.594646501266872 -0.595558619681885 1.05109117585491 0.0247331218801645 0.868325569719765 0.217618688485062 -1.18716448382527 -0.375018558068570 -1.47052730701671
-1 0.0986461505140327 0.263814581470736 0.738284237798887 0.191186898650251 0.383504323514489 0.615595370920339 2.57902819189307 1.41777851465494 0.452163392323389 -1.08805394169536
1 -0.0267757075601543 -0.870411889600977 -1.68342795631954 0.74166014589659 -0.104260232713440 -0.478253215524499 0.273277185676453 0.039462694635928 0.111942272765721 -0.302528710236312
1 0.664765687359252 0.22588370815653 0.0971795550682498 -0.802775528869672 1.18905240543045 2.11568102561498 -0.981315774541373 -0.976588863773864 0.0660175640436973 -0.886784318107543
1 -0.5314314040445 -0.506658826741152 1.98608163182101 2.20429027190824 0.471997721648174 -0.52579021729712 -1.10260375043173 -0.239594001781557 -0.039902131882582 1.31627599242237
-1 1.13231280364196 0.258731162912373 1.31147138505186 2.13947862736534 -0.732600781137133 1.10106892651251 2.15510127520974 0.827112881654799 2.02281202196142 -0.130547804067971
-1 -0.253451264993322 -0.0291643234998571 -1.23714103545599 1.38098225003021 -0.361162366051467 1.02100505759762 -0.343119574883448 1.03555380539769 0.67359206147192 0.506318718645919
1 0.913176283758934 -0.368696217105505 1.14226231705517 -0.297998169581583 0.769273558230176 -0.622765820626295 -1.46922110091960 0.581096233652851 -0.454990919319602 -0.711370943418797
-1 1.56935783719954 0.850649581437907 0.638862295454804 -0.955959417835532 0.518534901171783 0.649271578609107 0.69810158047497 -0.976182804578968 -1.06389326267470 1.62016522751270
1 1.95963388184807 1.93179181555024 0.518922783488234 -0.362052386267851 0.907633827977663 -1.88733735384887 -0.737281353784955 0.0635702152509934 1.03816415068483 1.23303740445459
-1 1.16712421795929 1.05300145730970 0.361891885442349 -0.281500790795689 2.34563894124892 1.44555709009691 -1.33025877843596 -0.108511636342663 0.559630676665371 -0.145809824343891
1 -0.728132235278782 0.710965755085015 0.858110229051269 1.41690910371148 -0.96030558119618 0.355428993402185 0.421168985663773 0.0688564985074684 2.03059774289414 -0.524319722085023
1 0.107457108391796 -0.332599542084657 -0.756326679856603 0.843835503535125 0.53325889216529 -1.14837396873867 0.899101835110423 -0.58576546778904 -0.0700716284988178 -0.626187719049055
1 0.978430944372948 0.258707975455107 -0.321408984807299 -2.54119321856281 0.169293093439083 0.887687352708093 -0.187764814821083 -0.212597808874409 0.140825992847994 0.317704558859793
-1 1.44439314106561 0.121636873163546 -0.255396550558269 -0.532666419423374 0.324755714524276 -0.229361941881470 -0.939982779191779 0.578998761860344 1.12383196925892 0.373420852125633
-1 1.04008466187620 2.51442538059736 1.21703267125135 -0.99836305944734 0.564911203024422 0.156653543481125 2.12242345158728 0.651400666627897 1.45691664177111 1.67873328631543
1 0.0925055568490305 0.928797172676584 1.27079786922597 0.624187595142529 0.689598912405743 -0.0473897239100277 -0.196876767001916 -0.292719298598286 -0.658033903400897 -1.20906479914299
1 -0.333233931939573 -2.04011318850196 -2.3263943527448 -0.102282363102051 -0.10969955848345 -0.656941276238756 -0.596662235937092 -1.70531950989518 -0.077987644242121 0.602208303760886
-1 1.80376272141823 1.32302753831354 0.769292334046253 -0.808723573328303 -1.67914408990273 0.132654817540903 0.0726364987207923 -0.232822577961814 -0.800579766565134 1.60413867218732
-1 1.23065857232165 -0.644463607271891 1.97853740415808 0.136578837914565 0.80225807305081 1.33146159804634 1.39589944612082 -0.596814960133445 2.04380718338681 -0.314031764406979
-1 0.536155714019386 -0.679454425776436 0.997015931599639 0.893926691798036 -0.0311824660766493 1.22958990156161 -0.77506991783924 1.52573241604734 2.22519170623428 2.88288507903796
1 1.13089961549183 0.932906238680723 0.0655526179074521 0.140267932118558 0.826512712691598 -0.331358202498305 0.438377554101122 0.376239313198363 -0.268016387780346 -0.604564990765983
1 0.134470997429105 0.187571375009025 0.803818754393537 -1.22972746363488 1.07960653271987 -1.39394726013521 0.669545503336697 -1.24158195758871 -0.00504805846573065 0.786514763252128
-1 -2.08406826565732 2.49211423246132 -0.253867604732857 0.912729418633124 0.81449056677591 0.720244652506949 -1.02011394976095 -0.315987788487121 -0.907697542169066 0.576294678329291
-1 -0.377511058960477 2.78393180826077 1.98883861261117 -0.0264116499380134 2.23786569408675 1.16876916985880 0.244390371735263 0.431147378693844 0.63010852943782 1.61926721731293
1 1.12843855402057 1.85675485232226 1.3868722480714 -1.21275276984673 -1.50704973969922 -1.19214702830016 0.0224034576745982 0.207127051219377 -0.266641048184797 1.18001090828163
1 0.745927272883856 -0.318783225990276 -1.30207702517222 -0.652993194880103 -0.0718851590194352 0.36067625481428 0.67078087024022 0.455352589376431 0.0818961863043028 -0.634564418496446
1 1.84504828388015 1.11765764202306 0.49829649203809 0.124088241785000 -0.0212311907896016 -0.274366959934831 -0.475928672075173 0.959291946677003 -0.817098316152758 0.236514631785686
-1 -0.299075246144118 1.95312296595622 -0.374931394108875 0.754089051484988 0.58792756622063 2.75366848278534 0.713928442991161 0.443414689318155 -0.0419831814661396 2.02317331400845
-1 1.10785250872604 0.956266595546707 1.64702477069545 -0.178749717176913 1.80327712887233 1.45440200528523 -1.16016655268798 -0.78246635194147 0.539587597689294 -0.696686701941735
1 -0.436008775772702 -0.576859617708016 -1.07041830183249 -0.0499784697845338 0.545758077938402 1.24063713075316 0.609336458481512 -0.487179926049535 -0.207653249741799 0.497164773067834
1 0.955350500037077 -0.972489886420534 -1.36776064891072 0.16528593177946 3.06352293327035 1.8216877567295 -0.657724332905805 -0.894465867225088 -2.19294568342500 -0.720977222573193
-1 2.42814254735171 1.29271228359071 0.866831422309891 0.908865767732565 0.283839697772011 0.840807320197438 3.45965561320909 1.39853770199418 2.53225124462115 0.995688194159016
-1 0.835634083357566 1.55245200387769 -0.507178347787331 -0.716591649066092 1.11649299144954 0.77308924557748 1.28894926339828 1.15935212546287 0.487536736033016 -1.26473947035684
-1 0.848350642653476 -0.094888092818415 3.14179206241777 0.614262521508647 0.290526420522236 0.464520357999451 0.353108935166911 0.555382778727902 0.688006267477364 -1.08062264697424
-1 1.26175018628038 0.250700515600192 -0.173728821787683 0.162221085499919 0.802060516816604 1.70996406527766 1.36112982793985 0.94563003576704 0.803993547176032 0.855411612215954
1 -0.641164325774344 -0.135578901914658 -0.494724670236448 0.269308001688353 -0.582482867680316 1.21712352389936 -0.906513090877807 2.09666989409905 -0.0404360725854566 0.0626699838039322
-1 2.05431598467508 -0.247873925405239 1.44721098379498 0.677183623536344 -0.609001601833901 1.05844156217542 2.93375645878606 0.179757648571421 2.54467074229074 0.949868595484096
1 -0.8639897039197 1.34925546917993 -0.0122876052131606 -0.731962310038594 1.21249628145573 -0.482335848713315 -0.315702391223103 0.253485424390373 -1.64146301065196 -1.58651300178411
-1 1.76704939299284 2.84319877842694 0.743216082910267 1.28227071295813 2.87859398056449 0.602273072525523 0.203559709046667 -0.437903535275576 -0.486924514846313 0.131001071498732
1 -1.86846687980137 -1.15137238871677 -2.53335320140516 -2.94924848040993 -0.972540400210235 3.02140723946912 -1.61683482630184 -1.76277271050253 0.685627178083717 0.659956177715217
1 -1.31051263742891 -0.917656550901052 -0.913392893383639 0.09138606839139 0.551321547331542 0.274355910885540 -0.023828126586371 0.800195663186532 0.43521710537948 -0.861628244217754
1 0.465490142818058 0.334253522080361 -0.72442858905145 -2.41369743484114 -1.09509310480463 -1.3960502477669 0.410732255638446 -0.396495766141267 0.341128566349880 0.0787321538183234
-1 -0.301184057905198 2.48560929940220 1.30513167365475 0.757312491280721 1.08258302124704 0.867499941460177 1.09219427865413 0.869385177935879 -1.14569720308349 -0.46659755275609
1 1.01357638847704 0.552979041988576 -1.09743089266956 -0.730779491093926 -0.283897850754012 0.576989784282406 0.237295747139336 0.0138272898053508 -0.501501537409552 -1.56129596112178
-1 0.318749249852833 1.52945601244066 -0.377113657271584 0.705598194546043 0.438990178291243 1.30204162742981 1.47386332426506 2.82146324852952 0.754965451000042 -0.479808315292284
-1 0.961740112643153 1.91887522704600 -0.897349278837032 1.28160262932599 0.070488779286183 1.43646905982076 1.90932441346515 0.968302873894432 2.53942090716395 0.98341864629535
-1 1.39091122150759 1.12937910018286 -0.285065491223296 0.478622870535853 0.538556039321339 0.282252881190167 -0.455637534377379 -0.357943473831752 -0.681853105768151 0.49303987253966
-1 0.540731680378638 1.08298727315348 0.534023680772011 -0.095826458103108 0.244120327437982 1.27430546920011 -0.698623731075086 1.23375161280745 3.28862162468809 0.254151916440779
-1 -0.845878068704964 0.94023068346704 0.907754572912325 0.240963241084686 -0.563491267788186 2.5834125613955 1.56583381676579 0.109778501920533 1.20908492875819 1.60478706117929
1 0.208456157192041 -0.663188271478016 0.0374501011458291 -0.430684770116407 1.15374071357992 0.505714569829407 -0.931288995175888 -0.0232067785898518 -1.03191448432271 0.539671785399178
1 0.243302907315534 0.736987539207022 -0.0553716662083371 -1.06210177233497 1.24563906913407 0.663557028350228 1.71370026909967 -0.84288038322818 0.796192723969919 -1.26556746260203
-1 -0.294356584479861 -0.725347795960223 -0.19490164216589 2.79353184727718 -0.0956473703946518 -0.116672707687258 2.12218636048398 0.630062740228572 -0.29402146327492 1.00198218324348
-1 -0.343434929483141 -1.13768494518290 -0.114716017492178 -0.316189010713172 2.31478404559477 0.991702741892023 0.0163712877554577 -2.14713597883358 0.0570847722167466 -1.07641086824586
-1 0.515128313789833 3.19944909085824 1.02218217506568 2.49923755107316 1.58858930354084 0.72156735349269 -1.07990244799569 0.480517016250071 1.59713525181849 0.208579684055394
-1 1.86144720432964 1.17801418676585 1.56388634502916 1.74190757963657 1.62354433839905 1.11122405587654 0.349476349400043 0.575596048192736 1.20351933307289 2.50851010208775
-1 0.97685719616333 0.829170288121516 1.24479153984194 1.24287301088160 1.13445010582351 1.65121433170532 1.45360093765010 0.096782499177095 1.43347158085063 1.36916822967752
1 -2.55855022944176 0.0381628447473007 1.62636979322068 -1.31764614790981 1.23968517939715 -2.41906753425751 0.770345852643808 -0.776285307253188 -0.0832718674827923 1.26801093287659
-1 -0.215967103991247 0.301590172128889 -0.0848126653371105 -0.272318821902179 1.49195931486485 0.600143233941363 0.844196903829701 0.996415423041233 -0.352600869368527 -0.487462264013885
-1 2.74944554014067 -2.10361917709959 -1.34553367849411 1.42370686320428 1.32033783402308 -1.21866298649111 0.198674373093193 1.93423774032128 -0.126320766317189 0.995166482944488
1 0.543577423225587 -1.00802730287931 0.868605885772842 0.648909197787586 -0.518889144530011 0.735964208275061 0.0242343612806345 -0.62451855986926 -1.76844975091515 -1.30415800153107
1 -0.368758273403158 -0.547369647682997 1.29345928049980 -0.831734222514466 0.0228027820989847 -1.03015413286926 0.298171988646352 -0.392414816237651 2.19775160397056 -1.19737668333668
-1 1.52902024496262 1.52145216896987 1.15162982911883 -0.692656961413003 0.783146011074907 1.43934600921629 0.486456068174124 0.844014687143788 0.272128343282508 1.79343885772585
-1 -0.611897523226986 0.986770199463232 0.905170733833844 1.72752960484511 0.0411923629722472 -1.23813371202175 -0.80278302566789 -0.384533518633627 1.96642684268811 1.40322262299126
-1 -0.411720527554378 0.985843078355654 1.10471317580829 1.25438519171279 -0.374056928495364 -0.78229485596185 0.441271523396413 1.67768338860707 0.355926411674723 0.332568107743994
-1 1.92576295107582 -0.114860971072846 1.12222160611082 -0.753317006223117 1.11255224550476 0.0244765935001598 2.31275130270892 2.26372728662866 1.22133671868957 0.964185394987995
-1 1.76002111145743 -1.22718770054873 -0.178624834588186 -0.85570327939931 1.65956658745995 0.446550200057444 2.31031191838617 2.93894252973116 -0.228885206400364 0.552378575259301
-1 1.12309610442106 1.56181451957764 0.794371965636215 0.157274282810392 0.0479321268560363 0.408247506447076 3.06637858247176 1.24220508224399 -0.238540470125725 0.437733840197194
1 -1.40949861962526 -0.395063330063584 -0.231601978773399 0.642624284055548 0.564387464453281 1.36621555153986 -0.393092692026555 0.151865579977837 -1.63648986755467 -0.228740796185486
1 0.456924225148363 -1.83941837224400 0.415730226199992 0.255503744018159 0.818672603002767 0.283868388057280 0.00804638406516242 -0.0825821142549685 -0.324571980148025 -0.690347399021681
1 -1.08797378783019 -0.932383590147382 0.945549187735347 0.774478672742707 -0.498514947779076 0.519384660803474 -0.68190761483956 2.30615749024506 -0.278801428309058 2.35441138082414
1 -1.52881688161732 0.084266919486622 0.305291276697144 -0.331028334305250 -0.357061280584872 1.44544633095124 0.514013463582466 -1.57674903923636 -0.695354090001748 -0.820976470245692
-1 -0.829981317449684 0.658767523017424 0.139063202085557 0.849949446581108 0.929406360223412 -0.567335805186401 2.6918033746048 0.337065258182388 0.852394565010006 1.30490360132311
-1 0.569697892673374 -0.554075856085055 1.34295286781737 -0.0899181257941787 1.7788215951049 -1.11611068752556 2.42954281344275 -0.773313473139876 1.70678553308227 0.0521793126245758
1 1.46231586363731 0.139892448750048 0.367254884092613 1.35431768816587 0.364157675917345 1.72752246547478 0.122791644957211 1.72814165164807 1.2131451325316 0.0669904450591438
1 -0.308931356466844 -0.383946552636235 0.221350163177757 -0.125011450456488 0.79673306947622 0.280650058790597 -0.299155565186827 1.22301954558624 -1.47376652029000 0.19595870949234
-1 -0.250447503765875 -1.92660314549467 -0.88495545475849 -0.196839763643397 0.568991847081639 1.42469489771890 1.47963948640642 2.04335505089428 1.88179455573777 -0.199512455323393
1 -1.65504094293144 1.59619187766302 -0.789271393729774 -0.48917044568512 -0.802094290131867 -1.77031272924557 -1.70824526821753 0.288247829361362 1.03729416121008 -0.203099562167824
1 -1.37498030684944 -0.279497838604155 -0.542200134221397 1.45988228526377 0.765584407751686 -0.13933841635801 -0.0854135284271663 0.656592913259341 0.519129179728021 -1.61286310362041
-1 0.776014730297214 1.46088713245045 2.59244099853722 0.484977775578706 0.551405187752261 1.31081328354335 3.05164206479894 -0.108573271681478 0.155142855729266 0.0168817340224838
-1 1.88329953181505 -0.230451421622464 0.293490592175765 1.19110993155154 1.23483632297142 2.20138680066049 0.710601782700959 1.46505629529213 0.587416081614996 1.02963133234769
1 -0.154582799369757 -0.48656502760741 -1.19938207065958 1.47234798483771 0.937579652130328 0.132361556449107 -0.587379964626352 -0.98580187132686 -1.45539174111992 -0.909187329362167
-1 1.46464855300227 2.57778205472776 0.516686743917949 0.206588623963989 0.796562700344894 -0.0758615966026687 1.58369409900922 0.768853198501452 1.38167650635957 1.46206868471076
1 -1.69591615638821 0.2981926162171 -0.579559458185203 -1.74649661589421 0.0583632857337663 1.84332610099706 -1.96449111913775 1.41646238502163 -0.673705746111418 -0.173116853274829
1 -0.0958271073151605 0.959810954681854 -0.439158877915063 -0.215362709807786 -1.21627844964374 0.974157204889007 -1.04420440754285 -2.34821380444922 -1.75837553161341 -0.967019636622505
1 0.521902173085492 -0.854009070051721 0.635945229980759 -1.10194748589159 -0.551132616438973 -0.540428687005668 1.06163772347026 -0.125478753629078 0.801718948552611 -0.297368851415169
1 0.316443675446027 0.623246387239246 0.895140514515177 -0.0391743573949688 0.839443662870561 -1.55025682687651 0.332907714028172 1.13425071775023 0.0224800533984715 -0.531222533976622
1 0.335326907394664 0.956939559950663 -0.763894764312739 -0.328360656045155 -0.209324462781571 0.498749852960651 -0.442466775298692 0.502478369528261 -0.515889601040423 -0.399269825696706
1 0.119016261105885 1.48505919267088 -0.368867111273295 0.151552583079394 -1.6103925410645 -0.188688251777119 0.996361347352381 -0.203398008514578 -0.186469166725933 0.332874944209754
1 -0.539309118118266 1.28139064461758 0.919340415158677 -1.23923744208515 -1.01692092561503 0.334417627287324 -0.303911156795806 -0.672432370079443 -0.0127497020587566 -0.420709675023169
1 0.510204817251526 0.773438631794611 -0.247828105245032 -0.0630611419033957 -1.41812345197655 -1.29926757881831 -1.53461255188855 1.91537499759109 -1.17732859020585 -0.910188596320683
-1 1.00480384245318 0.504830860988758 -0.311133605691564 1.16764021154761 0.539424233266629 -0.668034856481831 0.534942604724982 0.860918443413804 1.21959967705345 -0.331235701284315
1 0.327967993518158 -1.25514685866647 -1.02590890937753 -0.98120075092485 -0.217803915716153 -0.215508305303337 0.142119137220366 0.621809469088348 1.11910734954227 -3.40806705583551
1 0.772379781771762 -0.808535436787875 0.725847268126447 -1.72823405219444 2.64564405946866 1.16392048381277 -0.0234965798997080 -0.523608617788685 -0.701347287337719 2.2781329595255
-1 1.26541073503216 1.35284122209361 -0.006645707680761 0.0843330757465194 0.0300591988984366 1.43876589393510 2.19686372644118 -0.997616518508375 -0.215552515468390 1.76313204660341
1 0.667012694872648 -0.00668401196486747 1.65078831492414 0.365339999424905 -0.909584525024628 1.15095266688995 -0.316799663530867 -0.0360477394829044 -0.251759048118276 0.95587282013626
1 -0.66757702489505 0.407555358402662 0.328578331600068 0.166690073776694 0.129318202734802 -0.993488709053888 1.17229761460310 -1.18649793729083 0.448605308216932 -0.781891463306664
-1 -0.477057069409588 -1.11461730542238 -0.129388412792063 -0.431560218600578 0.154504574878259 0.241149737640335 0.0247353042381537 1.54888702034100 -0.488612842871353 -1.59291616754729
1 0.428632439737823 1.19159583051701 -2.66695091353996 -0.244020702770280 0.315488949952016 -1.2195221602603 0.856096258136721 -0.393780929729359 1.18022161184795 0.875526602605676
-1 2.29533473278424 0.0197258398981929 0.989528038984356 0.165632517609032 0.40312891609959 -0.303585525761901 0.0075644507857583 1.10155611965659 1.21223064505897 -1.08432595900389
1 0.725962275580875 -1.52596899256623 -0.303653209363729 -2.62419593628173 0.562724166545043 2.12846829609015 -1.39500716515613 1.89676524741981 -0.242574241473929 0.90315023635965
-1 0.0895886510597856 0.535094742640673 0.786416835713966 1.32659190537974 0.54434674681367 2.7508909995983 1.82574878420351 2.18747104496132 1.25724230160202 1.54285756542441
1 0.3153995401601 -0.317315552402856 0.350577330318266 0.854321754212901 -1.41773035307914 0.425340251996764 0.342401840695963 0.542974073892482 -0.620128538499111 -1.21796406986027
-1 0.855273285567229 -0.602316702473106 0.115762127654249 0.217363637167945 -0.756804678774511 0.795783822499967 1.50043007559566 -0.616212761056213 -0.600742665616826 1.06506166589757
-1 -0.225773380239797 -0.271545826151236 -0.840602397249376 0.361775834996957 0.970465116188268 1.28776432649247 0.271945960927295 0.98562291584763 0.55225889146237 0.701776804699052
-1 -1.28542647719887 0.613621022725081 0.467686679341522 0.0195723746068233 0.713621131088595 0.661363950881349 0.590508656785299 -0.366630344211782 1.00539708181330 -0.254356096870728
1 -0.742596995710229 0.462147401162045 -0.764487266160314 0.0862169131866887 0.906918412286688 -1.86767869914556 -0.633826074181043 -1.71163426323227 0.306825935712144 1.69021019868731
1 -1.66628995617397 -0.486160587586768 -0.284556782991516 -1.16739830986227 -1.75899190995501 -0.931508186335074 0.325398718621187 0.424090309050739 0.826723976804412 -0.189984495554467
1 -0.133991072874577 -1.35498431154148 -0.666419816278293 0.149875861026504 0.58893658743144 -0.387624565647909 -0.110849763243149 -0.098287188113462 0.639283137789717 0.0909956243903636
-1 0.233824166353627 2.76409831865086 -0.63032696287085 0.145388736192841 0.507899517744756 0.776214805391716 0.228446686318143 2.07356994696977 1.50310134669455 1.45734531000119
-1 0.20150529111886 1.27473932754111 0.723096072300469 0.749195577022805 1.57839179733631 2.10063397811296 -0.117671516938676 -0.91996996790675 1.25794264983675 1.36044204539140
-1 0.00811323574531142 -0.796148156961064 1.33041145706642 1.05351602155533 -0.751623346021397 -0.693400154898297 1.11343684858381 1.06725418784340 0.984282072316377 0.58967971180511
1 -1.51752072274675 -0.134576703429038 -1.08989527632571 -0.568738187908156 -0.152637459572490 0.820224750709515 -1.47504267441658 1.05009485888594 -1.47439018643245 -0.278816347242538
1 -3.48298633462698 -1.09346404590269 0.183107213524080 -0.319088199613840 0.209670236496883 0.479878531757205 0.599229459535894 1.19583834789036 1.60977857627453 -0.526783220582638
1 -0.138609277202979 -0.431454334981671 -0.264316720309626 1.64844388501878 0.0333812721695366 -1.87072094324262 2.35818484662048 1.17017380587528 -2.15444962232108 -0.489442253200252
1 0.75574931049259 1.12113391204466 -1.13227007451321 -0.403887042288842 0.421704603260935 -0.730266007124214 2.23617959385846 -0.341949149667546 -0.869749434234902 0.729818478648399
1 1.99627448253754 1.18069048662177 -1.09629723300996 -1.32925987028368 1.20416012498493 0.853459175172892 -1.17771117536067 0.4680424125458 -1.12517548012532 0.148103821608087
-1 1.31447172231604 2.46883503964018 2.07231966040849 -0.186327557157544 1.0431985475168 -0.642925418123915 -0.565425906164982 0.856677348002769 -2.75298366293785 1.08453237997011
1 -0.464208777947559 1.70638074478000 -0.642149602836738 -1.52776010369938 -0.43433323126688 0.034565936458166 -0.488557669206581 -1.42738500147800 -0.190730794902617 0.0599549178272038
1 0.409122687478895 0.399711982681599 0.543425058582206 1.47382566270010 0.483030141985771 -0.69547519523394 0.661353136593838 0.578058515017806 1.91419697659402 1.03154545456614
1 1.66282797711928 1.40547425944612 0.908803791804916 -1.19184569273895 -1.01683137714914 -2.15636029498199 -0.163056825305183 -1.41301021096059 0.359623569612951 -0.063954021238117
1 -0.612243271808231 1.38246078641435 -0.724560574283337 0.241642903308327 0.197792867611071 0.466200637598166 -1.57819874042847 1.56268154064236 0.295363948327603 0.272982407375574
-1 -0.866613989449912 -0.964033640505922 1.52238970830028 -1.41070335137408 0.406197041009681 1.54234785418093 1.33595422780125 1.98864470354208 1.07232087215098 1.91313028867081
-1 -0.248074564963132 -0.661715542303442 0.143974608393627 1.26218372466234 -0.831821319899617 0.766051169919046 -0.00938961328607246 0.298477286973851 0.372242798536184 0.540684118928713
-1 -0.814245232240119 -0.878710492162873 0.0945411582598892 1.23042593480026 -0.227581563037386 -1.62222085970884 -0.321219168489518 -0.074661285053855 -0.517716095403991 0.719502878568944
-1 1.34778423919946 0.500292022424695 1.07908793796920 0.116507187362450 2.77187913129323 1.01311110922303 2.26625944514823 0.767612438539575 2.77631308515066 1.15422652010087
-1 0.76483960207277 2.83146696835364 0.638013112919243 -1.10482748329774 0.900334644429545 0.207451505113792 1.57962245736827 -0.626630099573928 0.0410143499246001 -0.317806268447124
-1 0.36229351129554 0.096031385015809 0.711395288197897 1.72773797441144 -0.00424195114650183 1.09783399213097 -0.794088751099922 1.83362851433079 0.537704391401307 0.406353685442551
1 0.569360577653418 -1.77016566900018 -0.875307601380692 0.732238403401744 -0.313807506311854 2.05869867695981 -0.455589921745255 0.422877388283438 1.04420485543240 -0.585873986556779
1 -0.897441374744304 0.0350869286201936 -0.448570525535641 -1.17042554189659 1.18832582717297 -0.710996787328832 0.861654160320833 0.388181701716192 0.50273725797812 -0.0333580181805429
-1 1.00929442242977 0.501944312426167 -0.728620705944577 -1.36173628881252 0.440103881252658 0.350409257967002 2.01798466033034 1.31078044680242 -0.943626129138029 0.610686174289662
1 0.119841062161771 -0.735786378575053 0.0428683032227099 0.481813223382263 1.12007040106318 -0.760688596805162 1.20312379726968 -1.21682540429121 0.0377427472345798 -2.09507339265315
-1 -0.213320215604091 0.898378787340713 0.00692824722146912 -1.93825995096983 1.38440055129794 1.06509305635312 1.61123653079500 2.07936183893359 -0.355873141006717 0.655671578704296
-1 -0.815208346614407 1.37838969458405 -0.530445367014713 1.85091463867344 1.39582986839521 -0.134685660589246 1.48766263223032 1.94418558831486 -0.175480516329818 -0.48215479516802
-1 -0.0351113711530602 1.10393961974531 1.16781441084293 0.454242674201216 -1.01027458989765 0.306215203716593 -0.944375043008402 0.319751794036962 -0.592582909382212 0.798259306074283
-1 2.77138561112572 1.61805731979099 0.3316991668221 0.356153960720846 -1.14926019631474 0.6509169927412 0.753436199310275 0.718728675900545 0.542394136301563 -0.0109004720946253
1 -0.802980933476356 -0.70985782802939 -0.00599373962694968 0.673666540583254 -1.19949218809875 0.89051855410384 -0.918329577199675 -0.880682885398391 0.0690686708675123 0.597407244584328
1 0.891091059768896 0.797433426265078 -0.275889740955514 0.116585063926517 0.992589221790325 0.325257405870882 -0.323660088929583 -0.817081527898674 0.891095489627515 -0.242222339211751
1 -1.99710688685970 -0.897503472901863 0.34219820103039 -0.70926330384977 0.510421085478057 -0.0986981066656169 0.351448697664358 -0.48392940918072 0.381496403579386 1.11910305956744
-1 2.00059792483911 1.14530394347490 -0.422669943986096 1.52949270726626 -0.751137152477194 0.475598078065471 0.594584716346081 0.70059051067273 -0.826301457782673 3.02821677669017
-1 1.28467435846855 0.495263937913713 0.659045920562187 1.60005913730273 1.17658678279275 -0.121993882750537 0.128329082959224 1.74270162879332 0.498623354126914 -0.544956413876247
-1 0.260181606687248 0.537602942948281 1.57700358952074 0.74768202739219 0.140639087664972 1.3796991324525 0.0091050450499336 0.320241060356624 0.515605292837685 -0.515535429096056
1 -0.597227713194094 0.607387329950959 0.369543708648982 -0.294627766706222 0.246193078867294 0.00835536604793746 -0.0450274905672387 -0.678232045021966 -0.418223135179602 1.79840233354746
-1 0.67730522393162 0.412630271402363 -0.482590608228369 0.0161331053391127 -0.729241866802487 1.18300244451907 0.193258887661595 -0.603127858305112 2.35835836143525 -0.583806938893624
1 0.467295347057881 -0.839926401560235 1.55348993964881 0.00184329533821065 -2.03799852690752 -0.803470880758106 1.10198856543192 -0.389087084527064 0.922022267208024 -1.03650599472505
1 0.941917192550503 -3.00548205339856 -1.11890953844847 -0.578923155325616 0.100295449573459 -1.23891076580900 0.54923928775091 -0.276287028665587 0.228246000770768 0.226030363645101
-1 0.828393172362083 -0.424125297285968 0.992106166664761 1.16825829868329 0.384564487454908 0.95363711300965 0.162081301920477 0.850277420300806 0.940644851006878 0.959757382114582
1 2.08085182956115 0.595243905801992 0.00958391600539978 -1.30021634294908 -0.00852627637191479 -1.13089984435802 0.149658410141864 0.97238265537207 -1.01496078718465 0.381838383104507
1 0.0435903996072981 -0.959079703314702 1.31543069651928 -0.182178990688043 1.50078384589657 -0.660598667309911 1.23170270456286 -0.953057980168255 -0.524799660472456 0.397748992057762
-1 -0.869866381003364 -0.244434457131847 2.29623556064743 1.19264265880959 0.46990764349949 0.607646590456206 0.862144078618995 0.942469271585313 -1.26517180888006 -1.09140561637429
-1 1.77233872151076 0.20400188470695 1.93048394600285 1.44660417787470 0.817743432168785 1.85676058028176 0.534772631432305 0.719767026185885 -0.631763759797366 0.0471187857751728
1 0.0444554970421068 1.93094298719422 -0.336608757196077 -0.57415505513338 -0.239354536490977 -2.9716603381698 -3.04086424409836 0.96397035304962 0.584442807795173 -0.433750021699967
-1 1.26680873046379 -0.139967601272094 -0.550395914212401 -0.192407931463641 -0.84314335561914 2.70798291850243 1.67045741516031 0.0420454177074805 1.11322359069894 1.16388389638368
1 0.395439226117217 -0.0260094347508274 -0.722344397159475 -0.311499957160974 0.337966172899611 -0.186994380774823 -0.583349945885526 -0.289349130446874 0.499258457182128 1.19929403303135
-1 0.739775596193261 -0.834740135391758 1.88545577537893 2.30486283832502 0.0277118571980627 0.369872793938541 0.97990471844225 0.840361339369129 -0.244258687192573 2.48878607420397
-1 0.0512061156070952 1.14898873289848 0.484605339094827 0.536912643306961 -0.346080270534523 0.842097784669555 1.2501057450731 3.83958402843592 -1.20390470808222 0.414596259225803
-1 0.753551809838923 1.53635145680686 -0.535565269234816 2.13378947623396 1.54679803579928 -1.26102506333972 1.33613362984316 -1.64169305233224 2.03179222412161 0.52235860196712
-1 2.80331586351488 0.962045639460334 1.38411671276301 1.89749086284584 -1.05711107710848 2.28950847016025 0.977406691829447 0.945094544098322 -0.0422977180575177 1.03273475328903
-1 1.35734244533030 2.85866223801706 0.942523213818043 -0.235668633307549 0.0582878481232544 0.396272541998777 0.949743746219988 2.78592884192552 0.125392822693323 0.671718981113698
-1 -0.249142030197785 -0.268126964511258 0.350271656814486 2.20534674748505 1.24286503667723 -0.0188592539295319 -0.203121679067077 1.22752580677161 0.410158908126924 1.92526773322667
1 -2.11380706980523 0.791425656314891 0.303925305353073 1.40195182610211 0.178956548853282 -0.0268029522777569 -0.279363142817421 -0.971325967156847 0.0322699254202467 0.239625573834999
-1 0.384583114854047 1.31350284479093 1.13736495663616 0.349204218757275 1.75221807069798 -0.709410131830375 2.16214761018564 2.49447646428454 0.117701561539953 0.0403054592902903
1 -0.106292522399446 0.896602013321557 -0.281256506271247 -0.714346307475289 0.858345415166842 -2.12544471643276 -0.0870339986615557 1.08746058328544 -0.774265290075137 0.5887661062772
1 0.954881638631912 -0.182525311712096 -0.115710710768328 -0.0155141005733762 -2.3156238007315 0.0935733300525016 0.272824651792056 1.32046700583154 -0.0681688912083608 1.03404918424408
1 0.75853622269492 0.048491718282544 2.17832149856434 0.368654833016280 0.103395833980443 -0.518182846433397 0.645368821461935 -1.62329713881913 0.249788658563657 0.266901578464742
1 0.376819349677045 -0.375286700695195 1.25069613021390 -0.606153203855553 -0.00494278732816083 -1.15391183953029 1.38473206106475 -1.19506463020746 0.287103135206898 0.85563391915839
1 0.174815579051088 0.0810878378160762 0.267245917899836 -0.454592755927657 0.144039203771082 -0.349637627398769 0.91334229631484 -0.786470436477882 0.258239801474373 -0.529064284810188
1 -0.392888345807804 -0.279813505718048 -0.554476096748209 -0.184699878665962 0.0533897666625108 -0.593380505039829 -0.853008535169431 0.302369054276976 0.244667896437380 -0.868391632133096
1 0.370132608488307 1.18739267433428 1.53290784994497 0.104933629798481 -0.579846997604416 -2.14782500245851 -1.29610538781050 -0.209673175874075 0.546464209581427 0.631319778831587
1 1.30105606529071 0.580224444273176 -1.06280484128096 -1.59731333871773 -0.526189255995726 -0.0483985691899392 -0.854731160360828 0.1070995274992 0.22440836075316 -0.137051302517758
-1 1.34077181467223 0.113105219441731 1.09916814578585 0.208252304902714 0.782331830419563 0.03576652272658 1.45555448873325 1.04045066068019 0.704990441705221 1.38952408563914
-1 -0.218348804861179 -0.0405527786846973 1.27206132527885 -0.459266801996516 0.923975018762306 2.18215490070105 0.103160356945113 -0.341419499206249 1.59390548859758 2.08399414921767
1 1.33126667488653 0.0114051463381077 -0.97943033145517 0.477362414855542 0.0918886404749322 0.840629841918963 -0.415218215958257 1.97921584976328 0.464373022017982 1.25153548298305
1 -0.771676158114385 -0.388067457088436 -0.328133974397795 -0.106184424878184 -0.744011541399564 1.36471835370386 -1.69290035482405 0.69375175475476 0.382793356134716 0.0309547169101184
-1 1.22848912894928 0.184738752403462 2.25591602925414 0.646858379818878 3.1501330875758 -1.36231888845092 1.45078561224335 -0.442338383743068 0.774686476552904 0.807589152001355
-1 -0.62812684841278 0.729890265191406 0.298861121007486 2.93444170420236 0.177339335044237 -2.49207088295578 0.316491209012754 0.62235478927756 2.34995854377918 -0.729120736251587
-1 -0.254832147529895 -0.957717734972178 0.158757791241083 -0.501148641494113 0.243523092287276 -0.0995375686771278 2.75680246965109 -0.599203142993482 -0.290690229460714 -1.30101382012559
1 3.0262039051537 3.33523988050381 3.06555799865948 3.15322122341648 3.26265526346782 3.22985912561099 3.32007498681379 3.19421059662518 3.14112777351064 3.00747810979392
1 3.20905280693693 3.23121476644893 3.11285269777988 2.98585863154455 3.10427155182720 3.16495706505078 3.15848818590481 3.31788685821577 3.17955646647542 3.24123525631345
1 3.22598451301396 2.94689971980282 3.15183785094150 3.33975506145131 2.97441592513929 3.10681443543537 3.16523325419466 3.18465347992210 3.25519149036272 3.25882576730995
1 3.07716722145629 3.11596029859048 3.15952550109338 3.08117618179140 3.19401448381189 3.01504243602522 3.22159785854394 3.17931812642409 3.18087307414044 3.21225108687719
1 3.29907555703587 3.09656625475396 3.16960688333686 2.89918901623903 3.01212590300146 3.17341158339429 3.18646944030839 3.12133103426779 3.10398276272529 3.14145232622214
1 3.08236492581154 3.19213585006461 3.16955569295326 3.18040341169743 3.16441344331577 3.29180376707687 3.07138734418679 3.19931056114596 3.25170383509137 3.02315836877001
1 3.13808782469270 3.28406017213237 2.97372484992916 3.21887549950126 3.11157122369617 3.20755478770152 3.30555370791114 3.14122395794339 3.21077659510527 3.14431371261657
1 3.19170944460858 3.39668755740942 3.16629786452205 3.05302545961840 3.1883521959026 3.25059411948212 3.14549251386507 3.14283023763345 3.00883990497902 3.13962053746813
1 3.05581377440404 3.27695232222075 2.97859058447616 3.13842164628281 3.18513353589564 3.03829540059377 3.08035247174846 3.11312068852987 3.13218705199276 3.25801891395312
1 3.22070181543097 3.01083918482003 3.1087622399184 3.21410895604847 3.16168945413379 3.05015310783494 3.11721914760968 3.07865861067721 3.00036274299584 3.13676336794461
1 3.1033154563025 3.17191242144860 3.09627991708084 3.24882129524318 3.18789309378895 3.06472472099513 3.24684309648413 3.21423178598704 3.09789528310533 3.0030191975348
1 3.19383791382182 3.10678193225762 2.96608475662750 3.16377902970066 3.27570450137213 3.10985254623699 3.20293890019134 3.18819414170172 2.99740582901327 3.22787929289151
1 3.16487164946017 3.17009478445606 3.25753268395706 3.09788318642297 3.14155355239445 3.00992950787905 3.12265342533363 3.13015555567426 3.13745372904941 3.13671328960087
1 3.16097096831017 3.09448735430448 3.12829014585255 3.06309841540188 3.19747463471372 3.22361830625201 3.12631803652219 3.0025878389574 3.10429172166877 3.18668636256856
1 3.25781146776535 3.01000811967878 3.2382685487218 3.32981842531987 3.03681303699096 3.05614543760224 3.29991136217912 3.04441939631769 2.95075471416369 3.05431187156748
1 3.10932964050976 3.26909320334956 3.30779792994183 3.12567398132997 3.28949001980292 3.05233340563489 3.01258877247054 2.92785406622356 3.33847019757447 3.30338996893012
1 3.30777603411589 3.28174059740022 3.32619591937242 3.20709138458013 3.24349576128662 3.09615737966583 3.27957220432973 3.14181223944036 3.23239482501717 3.09518308642543
1 3.21586080905115 3.26507403339773 3.07106099721168 3.23414770625799 3.28253773988353 3.28501441471766 3.13094087544437 3.16128083373974 3.18201567206506 3.15948962393341
1 3.17326808392013 3.1875158824415 3.16112993188540 3.26954585949936 3.15219770204004 2.98755308293592 3.16233713054527 3.18245947030648 3.26444880932676 3.25565318552775
1 3.11043985689385 3.25188338603772 3.39683280551142 3.29414211892028 3.13994303151454 3.08643921376697 3.28863826043379 3.17318964427605 3.32202965083161 3.14515534264820
