1 -1.23081067636033 1.65723017265135
1 0.356146808771065 -0.774151063168405
1 1.03304936908337 -0.0765273417670955
1 0.0699740185164451 0.0508821934561082
1 -0.663762032574673 1.26201953119535
-1 2.33128285034654 2.19182932344834
1 -0.644177131483125 0.495295881867767
1 -0.484433225128333 -0.322985852693224
-1 1.00719816061628 1.79785827310927
-1 1.21060780368209 0.197062534764577
-1 0.142160674166642 0.268768703898255
1 -0.97180634625577 -0.778356958207582
1 1.09556055787909 0.00115792426204011
-1 -0.124183613281516 -0.477971030938972
1 -1.22733004791499 2.02494327027022
1 -1.3421362619762 0.834393353678191
-1 0.932656560786737 0.779855716702066
-1 0.822431359445705 0.629217839154272
-1 0.212839786232405 3.67305873060589
1 -0.69511346291943 -1.17324246737171
1 -1.07731333125896 -1.78298225091552
1 -1.48691278484002 -0.080915184245795
1 -0.118362228794923 -0.465018198179547
-1 2.87404731570781 2.38120446332304
1 -0.685136254973787 1.05775301332816
1 0.0231925702170363 -0.414014431988088
-1 3.55700277353713 0.435196030574833
-1 2.14591380135984 0.536272548436470
1 1.50226743089482 -0.0210239986295174
1 -0.121541415897980 1.46460411321636
-1 1.24686365696629 0.661390326340037
1 -1.51162239746843 1.22328166252023
1 -1.07019620682008 -0.659802345647661
-1 0.738448789584353 0.193662596216857
-1 0.806191256536756 1.50536881482931
-1 2.19244111037646 1.29627566107984
-1 0.496587033961008 1.28946230431923
1 0.368562189815181 0.462352816332194
1 -0.515711033465405 -1.32415743273850
1 0.818185323480967 -0.550261668113141
-1 2.20314895155217 0.815747586319987
1 -1.85254241958831 -0.842702024827533
1 -0.227092321430584 -0.70838578384482
-1 -0.179982959449878 0.905197498098656
1 0.663373495840133 -1.18187006264940
-1 2.53018507391963 1.28842469738466
1 0.355126587480379 -1.05245511029950
1 -0.0337611433004337 0.50160917962226
-1 2.48944940193819 1.92517551203599
-1 2.16955436201219 -0.149405735623634
1 -0.256327792958043 -0.713525779826229
-1 1.60776601242698 2.49336802309831
1 -1.50992676123660 1.21056137933695
1 -0.0705075735285475 -0.834860395316531
-1 2.63355015965052 1.75041458011464
1 0.0409058376943013 -0.406153106035376
1 -0.274777309815021 1.25669360429644
-1 2.56405036828403 0.541621427766646
1 -0.756440223695764 -1.07707066323679
-1 2.58855227837831 0.560294154741601
-1 0.83531517843354 2.87892675530503
-1 1.24538200049228 1.19305810868655
1 -0.171398142533388 -0.238406806195790
-1 1.37386517650807 1.69424147696113
-1 2.45750428176221 1.73081323589772
1 -0.686536698091218 -0.664191232859855
1 0.360789604931514 2.17913716344897
1 0.615984496044289 0.108465557241425
1 2.77055027505265 0.138572060117939
-1 1.98484427506312 0.989853969940626
1 0.0682955640981582 0.781280085916959
-1 1.52443442016197 0.261974853550595
1 0.0872286358549738 -0.0157504046488868
-1 3.08190739077115 -1.01086038906066
-1 1.21266842661027 1.35780122296178
-1 2.09740016360238 1.95462174278589
-1 2.07040660458905 2.33424104873154
1 0.53494545957325 -1.23629391740703
-1 -0.109839223148010 0.991388058338867
-1 2.21060694539011 1.02151325084975
-1 1.11902696706468 1.47960288677834
1 -1.19928094007211 -1.43739053912441
-1 1.13194997658862 -0.0239416466567453
-1 2.31687331185834 0.583267183031047
-1 1.27312193788778 1.31012151204537
-1 0.00917834482107827 1.24002383882000
-1 -0.444456531194185 0.651231029904742
-1 -0.780303729562009 1.23239731525918
1 -0.0318592976143077 -0.41014482161139
-1 2.45302844474023 1.11318656980471
1 -0.956088511344682 -0.156269724651475
-1 1.74555974260631 1.86447047059135
1 0.716673857706045 0.766610460977635
-1 2.30072777337456 2.56129098404213
-1 1.38960970872483 1.21328543459627
-1 3.06032478955365 3.58617229556849
1 1.09943285417198 0.898962038210669
1 -0.17838987740895 1.23047966239301
1 0.87319396750001 -0.860756377164428
-1 0.72085379283925 0.962523379829026
1 -2.3314937644007 0.225156804303564
-1 1.13161867658182 2.27649843259749
-1 2.52057595807871 1.55356352510885
-1 4.14908042060356 2.26396840974935
-1 2.16759537449065 0.131006624369475
1 0.763512254569647 0.259106206823224
-1 2.71741834892064 0.0165186688998089
1 -0.972668796960004 -2.27453118325918
1 -0.0202485163323351 -0.684083282054926
1 1.92707597359750 1.22816738607407
1 0.188406536796968 -0.934167473452421
-1 -0.0436536035393178 0.454922200270359
-1 -0.439239481947821 -0.623528770154649
1 -0.139764404995808 0.445476006494905
-1 0.0274897512558121 3.07899975444912
-1 2.20230849306611 2.03922480234942
-1 2.16499447321865 1.7554755756095
1 0.964692697725183 -0.11825323378516
-1 1.48492407516217 0.151197617273920
1 0.994917476057108 -1.12366655681828
1 0.145978244643046 -0.93035287655115
-1 1.52267854633360 1.55030993465445
-1 2.66281431385769 0.376895851950108
1 -0.112577989200634 -0.616850391136456
1 0.137427098587371 0.670940358724233
1 0.0567391993538875 -0.751332414203577
-1 -0.489415007867138 2.40647565415209
-1 0.29235393616654 1.25155369170374
1 1.86337080514405 -0.678214572286766
1 -0.235933856383255 -0.323318287555416
1 0.553301549802913 -1.74635018431118
1 0.624010395909937 -0.294419259184301
-1 2.80145737436766 1.18591016072365
1 -0.817137216565612 -0.192236215492963
1 -0.777084894309363 1.01438674448848
-1 1.95480974579434 -0.139880846263577
-1 0.213073996542774 1.52037541363781
-1 1.72143485436239 0.432071711270786
1 0.30330245321661 -0.795197249577207
1 -0.383839624416721 2.55805947182245
1 0.61371737053831 -0.532069140504996
1 0.206105534513867 1.13547217196811
-1 2.0553023260465 2.71604028432773
-1 0.245886749028301 2.23188639665869
-1 2.46770142038465 1.55830938702231
-1 2.55546785128591 0.551790795351698
1 -0.508488057730441 0.763310681413146
1 1.78529591466647 0.598264602617908
-1 2.27871374831029 0.802161721544242
1 -0.0329137070920005 0.314020211932932
-1 0.244001416860018 3.88454953185017
1 0.199083963553187 0.701804249998914
1 -2.41613275300986 -0.682041115830775
-1 0.352601135478102 -1.79859783177115
1 -1.21189765917189 -1.11997697784867
1 -0.910375698710559 -0.78872102145403
1 1.15483252114499 -0.555335059798895
-1 0.734723423560748 0.390218937203564
-1 2.32582011782527 0.505476761628029
-1 2.42876059788368 2.55094778834681
1 -1.12276337723092 -0.894824260137017
-1 0.849145830265441 1.88887680952068
1 -1.09737501043517 -0.657721181528529
1 -0.93061416463748 1.36944170706962
1 -0.194878228518205 0.105738063979887
-1 -0.336973235498820 2.20298799297995
-1 1.32132441332847 2.34150855360761
1 -1.05504452487069 -0.534033840902231
1 1.02463557118418 1.42625032639140
1 -0.0374581871062049 -0.322673003197222
-1 -0.121380285387440 1.00504150403811
1 0.117074874961748 -0.131916362792474
-1 1.31241665570835 1.13775819398413
1 0.974432200529538 -0.273815991132825
-1 0.452159328977344 2.69910439333546
-1 1.63234138227684 0.861484088561106
1 -1.33663255138689 2.96547926438809
-1 0.639703196322774 1.22786773083679
-1 1.83753005331573 0.990953282873833
-1 1.04002787672395 -0.034285893415793
1 1.27029297251907 -0.180996653511576
-1 1.92203237579323 1.10913145070286
-1 -0.913857325501684 1.02822549952225
-1 0.687862245726031 0.535226310344182
-1 1.72922571754403 0.957606600157488
1 -0.5949466599213 -1.23219205102124
-1 1.42647049263066 1.09035229524526
-1 1.56659733986666 1.58432766775267
-1 3.06932591222015 1.39532988371009
1 0.939218104543992 -0.510684560660118
1 -1.25532754141574 -0.779049147825724
1 2.30787136099836 -0.651546683425232
-1 0.715151001129563 2.76880466122085
-1 0.174860107534475 -0.328428702368149
1 0.249147988343245 1.0238537817598
-1 0.869883547779143 0.642359577678768
-1 2.43942899238147 3.27690309994315
-1 3.07084065024481 0.72765124864722
-1 0.194705122664945 1.96333808410044
-1 2.61478626847516 0.38762218125901
