1 0.532148732798531 -1.52005097635478
-1 2.14226851473504 1.29940202642583
1 1.54605870382622 0.621409733476942
1 0.715296197951918 -0.781944400882566
1 0.54836854296836 0.736767092843533
1 0.251280670615502 -0.498680158214423
1 -0.527887211739062 -1.63527498322271
-1 2.01124190073046 1.38837282216403
1 1.21739986144746 -0.851377324289124
-1 1.02723937225654 1.93636294285191
-1 1.82606823232515 0.971443475621002
-1 2.06520137381451 0.834888526674115
1 0.323774415412444 0.558070000266336
-1 2.36566177401054 2.48299208501476
1 1.35691437922731 0.0911084586399233
-1 1.21892276275146 1.57098628522855
1 -2.74085644690170 -0.732764762612473
1 0.945321929095432 0.585491157654041
-1 0.214255153515 1.21450365746407
-1 0.910158008278229 1.75746962036839
-1 1.80562567904317 2.41076030903233
1 0.103552296596488 0.708475786360623
-1 -0.182082992239707 1.59539252803223
-1 2.19628677952685 -1.42483949448158
1 0.474296747672835 1.3305009213802
-1 1.54664969599920 1.36256693355945
-1 0.825414587995145 -0.5939943884205
-1 2.200585909263 0.252984570947417
-1 1.96889321693791 0.865784391934149
-1 1.07368447181994 2.36280749983011
1 -1.31943015209147 -1.89023244885370
-1 1.06934574780493 0.327312042320721
1 -0.0155380139898868 -0.0573150461788553
-1 3.02156677085036 1.47598013481386
-1 1.92998096716559 1.19180307620561
1 0.889740705503672 -1.65457077004158
1 1.19292139083450 -0.563020597275131
-1 1.49444389498677 1.93785975702374
1 0.994926926182502 -1.25378350918483
-1 1.69237280844109 2.05964554394282
-1 1.66603299802821 1.24353648252558
1 0.0925389141685084 0.554009657944752
-1 0.870115810950815 1.50179030530337
1 -0.278998253840187 0.00706506388003564
1 -1.35915266655604 -0.802271572542777
-1 0.214195606340048 0.752229950167674
1 -0.130016380135164 0.534598634269888
-1 1.84743349370558 1.55180410360360
1 -0.735720021035472 1.74389129197447
1 -0.43573629705541 0.536439457838519
-1 1.27724849699662 1.74057966349144
-1 2.61142318237721 -0.5523962502885
-1 1.12586410885395 1.30256460473094
-1 2.59554360108741 1.11871334125107
-1 2.00233735255533 0.336197341168834
1 -1.73185115841747 0.135067296176800
-1 0.348107852019003 1.79166567028999
-1 1.55551099633873 0.720795054990035
-1 1.71924339960051 0.892729888943277
1 -0.72190112417363 -1.27462801947517
-1 1.91678286407055 1.30316525076247
-1 1.48783394097788 0.940846956653065
1 0.0556061134943674 1.79337424497528
1 -1.25476091296991 -1.26174924745593
1 -1.83217396761183 0.125474396154589
1 0.0753830083599286 -0.303783464889980
1 -0.0948114021421566 -0.186026216870089
1 -0.618320785889973 -0.911077526578666
-1 1.55791970380786 1.78508009016945
-1 2.88776508243693 1.98783519803638
-1 2.20255643646922 1.97603366885511
-1 2.86732680954862 0.650581223492851
1 -1.02354122341304 -0.640418082671176
-1 0.566558985942732 1.76546630532602
-1 1.34475839104451 1.54344281040402
-1 1.49070872556273 2.03028941838885
-1 0.84640289993445 1.39789913323648
-1 2.1752810544136 1.91678633553619
-1 1.80701039168113 2.51939720727133
-1 2.39462953270688 2.33504720398409
1 0.347682776146503 -2.09531603830344
1 -1.38809854619249 -0.113523679914389
-1 0.696516930664137 1.80151777204242
-1 2.88288002646526 2.33637332019912
1 1.45126288268024 0.0300603013086098
-1 1.88993948144308 1.43058717385582
1 0.59944162485602 0.584325836562015
-1 0.414039997751198 2.55043595132686
1 0.65483171459774 0.740908244051266
-1 1.33037036283884 2.91962859075031
1 1.19712552681971 -0.072816504275811
-1 2.28397810154971 1.34500983682478
1 0.146002094420566 -0.978645099503029
1 0.185373628663319 -0.818680835335305
1 1.24201069436788 -1.71706890078621
1 0.317563053871621 -1.14681169067529
1 -0.609409228736666 2.58979678421564
1 0.201476769285249 1.13180159730632
-1 0.724743889684607 0.697735548488444
-1 0.563743534817259 0.544214256889869
1 1.18238316066365 -0.794111606730145
1 0.187914202779218 -0.618900088559822
-1 -0.331859590859093 1.86733616525755
1 2.41499332365097 0.262077245862262
1 -0.894648270944474 0.87219529502654
-1 3.08174946543998 1.54307455195197
-1 2.08868972465975 2.17888178086266
-1 1.15915693775340 2.07635248808896
-1 -0.963109301945602 1.91816173554300
1 0.569330022561697 0.151030846972942
-1 -0.146298691812926 0.369801594820007
-1 0.281496854635537 2.30370896359591
-1 0.521732470729488 2.22378231492252
1 -0.526024838461074 -0.279375050024151
1 -0.0318460093965700 -0.0613436008815984
-1 0.894087657263281 0.909121271065258
-1 2.14012303020058 3.31397106253495
-1 1.03259350197329 0.429569008452566
1 -0.0358322879150786 -0.341355987464595
-1 0.766751392371263 0.656261135264791
1 -0.0677043804156827 0.580169097736629
-1 -0.0465168481289484 2.47097910326596
1 -0.118573726983485 -0.0982646802563851
-1 1.57028485188572 -0.0214088910881747
-1 0.58904684411167 1.82809815374462
1 0.210441725165417 -1.01745091829777
-1 0.980760342675412 0.573221036472992
1 0.72541645070437 1.26226959577695
-1 2.78643771951632 0.671771436524325
1 0.439233582184833 -0.685689736126704
-1 2.50711214978357 1.89581700949974
1 -0.203512471080542 -0.612445576146871
1 -0.370184200406143 0.206421109998762
-1 2.48826961213249 2.96582225425372
1 -1.33870116928660 -2.13875890446292
-1 0.58322199173897 1.37874376940159
1 0.990718942072975 -1.16025815924910
-1 0.606029912086255 0.900246992241351
-1 3.93944110988627 -0.881603754469491
-1 0.699749722773794 0.89527094725612
1 -0.301978543024920 1.22920023746417
-1 1.87409211245723 2.30460459536303
-1 1.83655976523035 2.24314843921940
-1 2.37921680331627 0.945865970620996
-1 2.40751127818024 0.99246913356525
-1 1.19936019386366 0.327068147620206
-1 1.3072889569345 2.90164798853138
1 0.431683906569245 0.461560724274716
1 -0.88928726623743 -2.12472355711077
-1 1.15654736158808 2.29825609113739
-1 0.272826854553817 1.19993930833343
1 -1.53145407780751 1.82494579149766
1 -1.14725311779241 0.382915580526056
1 -0.360533927752659 -1.24127472344030
-1 2.33454977822355 1.78217381426529
1 1.93699476139507 1.29509870113132
-1 1.07240897040188 -0.573717600672272
-1 1.32519857539042 2.30267680395355
1 -0.561670518623169 0.865830932900001
-1 1.60672453057015 0.336192338467222
-1 1.05817802948097 0.135587893580387
-1 -0.0149905177352720 0.875951882070455
1 -0.440983160187488 -0.574040285438471
1 -0.389850592052417 0.894945476149003
-1 1.99052698312796 0.484152151447356
-1 2.41946362142998 0.68043737069456
-1 -0.739860791217765 1.48489524598193
1 1.03573212369799 0.161082977870565
1 0.802504571728184 -0.443077242979869
1 2.07456031984293 0.0299276614783183
1 0.646287405592409 0.053040898227853
-1 2.24087176122286 2.17306946495135
-1 0.490979448222892 -1.18640899595134
-1 1.56492149622642 2.27645208317920
1 -0.878968592836625 -0.111811569631652
-1 0.625200849244159 1.78768692993461
1 -2.81012632537776 -0.242568380920003
-1 0.488531862492821 0.357644337235498
-1 0.161000580100368 1.50075038187324
1 0.612520569415275 -0.674422991203735
-1 -0.424982358354786 2.84591070201513
1 -0.0155172932754639 0.0288898254961674
1 0.138437207851773 1.04048139806476
-1 2.26518890697863 1.30241339507096
1 0.043718749186191 -1.35466505502059
1 1.19304838504318 -0.214962650274451
-1 0.092965792930884 2.53865241514286
1 1.25925629336244 2.29892511988311
-1 1.10716029497515 0.829525083960259
-1 0.868993226317798 -1.47619933640935
1 0.395160191314315 0.809646358048168
1 1.16116078102710 -0.613608542575431
-1 3.01427522111209 2.73874099580742
-1 2.15443768372082 1.28132596340828
1 0.114208068751271 0.80868332180694
-1 3.54719882800174 0.723347847909585
1 -0.202780492421786 0.86239645764824
-1 1.01525483867332 2.2585790529987
1 -0.895940738776627 -0.198569390126410
-1 -0.952660966719291 0.720878442749216
