200
5
-1 0.291491748738690 0.612628539344743 1.60756214085505 1.70686649686149 -0.395590189724704
1 0.948172314120696 0.70319240669184 0.317907837006287 -0.584994326042305 -0.120222405488466
1 0.768509416395015 0.78231069192086 -0.623670694147741 0.155678504305861 0.270530750691395
-1 1.07245961294201 0.721941902987979 2.27659461142658 -1.97440248727161 2.79245943438402
-1 0.19826602809592 1.48558515287486 1.34700220839887 2.92550675503535 2.90262390685181
1 -0.471548916041178 0.645007584536 -0.172171616977503 -0.148086762679153 -0.961344917121824
-1 0.626002756570559 2.15212186400247 2.01258090522240 0.605189152342607 1.44164245360809
1 0.0216402893464913 0.154183037131795 0.0123923235526334 1.15588416201496 2.2875463968034
1 0.0272158787268822 0.416090369078244 -0.0821777939953076 -0.374202544894147 0.857797409313836
-1 0.312056031460473 0.874152436925032 1.05279518273205 0.483506666308025 -0.992163273348987
1 2.29857583551637 0.352384719213388 0.905501939693445 -1.71898495882069 1.26522505413039
1 1.51366843576777 0.703098017775261 0.274805750285124 0.672818705571482 0.352451861303995
1 1.13181690385752 1.26496075280375 0.366509559710584 0.550339658523765 -0.582004141543977
1 -1.68170179537232 -0.120801290049393 0.188946731283691 -0.0572484034761624 0.152199396399416
1 -0.0521358781709624 -0.490848136123056 2.47431131504597 -0.0678398535880495 -0.571255506144728
1 0.79695847526785 -1.25111196760336 -0.514162058772019 -1.56833626549805 0.341507607417805
1 -1.63387380126787 -1.04315653080093 0.567278218879251 -1.57765577577671 -0.228684684317967
-1 1.82160646098509 1.12426159148898 1.16129149922840 0.624613897736765 2.26261383102683
-1 1.17715707376944 1.92715796355288 -1.54336283676837 0.238328368755909 -1.1312289061153
1 0.702085585307158 -0.713964851226908 -0.670643489357193 -0.0183299029159706 0.284753596045998
1 0.237334935911655 -0.281103416819321 1.26630764731286 -1.32231963637721 -0.0504739165177525
1 1.16208082001587 -0.0733402531914401 0.960805971130449 -0.86840398199965 -0.1122450300133
-1 2.6714146976016 -1.32162675265948 0.820358976842604 0.753924410153746 1.34660555767149
1 1.80396476794788 0.123302658886281 -0.954688371268587 -2.67757098617899 1.40861355251030
-1 1.20523241025579 -0.979161234901543 2.41733918668854 -0.655629266017993 -0.130095728643921
1 1.99852942846151 1.55216935586266 1.14759635650527 0.0283020572760123 -0.652223878652179
-1 0.426006247874387 1.87268453192673 -0.174899903240896 2.72812970848388 1.65156011566022
1 1.87307295230979 1.04254079524837 -1.55612285964877 -1.4287014380904 -2.56362252702015
-1 1.64977721561138 0.443402673357844 -0.0894748655986473 0.977478458321154 0.314996013456438
1 1.12384929337174 0.331764647290011 0.178887634715821 -0.308410898814254 -0.130737510077566
-1 1.31360440615266 -0.44065158950162 1.27351904877536 1.84254781296876 -0.485564801889015
-1 0.186964331814523 1.17324373697268 1.16210678289597 -0.440030440161934 0.291031530935512
1 -1.48291693817430 1.72022533555480 -1.34333712613644 -1.96403688670874 0.895194059417448
1 -1.05965108314737 0.416654813221301 -1.67202521943534 -0.244629827632644 1.06722039132382
-1 1.37817441428206 1.98747364710697 0.245209763592994 -0.35974092098961 0.271258453465725
1 -1.81769958105781 0.12254385800767 -0.439634804404749 -0.333203622195184 0.0557574594797797
-1 0.835204615200117 0.480447098808032 1.27080918364972 0.795868828572429 0.605673285884376
-1 -0.239529898763963 0.193847002581896 -0.872957637914587 0.971207028017716 0.999706185985465
-1 0.471283133839926 1.60596721605737 2.80198030640413 0.581749272412476 2.77969419332722
-1 -0.384393915477708 0.863866311539997 0.0541530779414986 1.41238004116473 2.28198018019163
1 0.0497817274308995 0.257709125317078 0.0666424787146714 1.85164576936614 -0.237589516886308
1 -1.74177750812296 -0.846329419044497 1.31913042815393 -1.32382877641882 -0.284987083799152
1 -1.53811926958256 0.303615546922054 -0.712586330862098 1.23324654839162 -0.477851094411701
-1 -1.64623177739379 -0.292057214098898 -1.84664813885174 2.57357678109229 -0.068498828681994
-1 0.800296072329786 2.10618838496629 2.11079349692647 1.41140007071657 -0.70930004860236
-1 1.44615343786977 -0.344702972245215 0.306597071817864 -0.394726190854856 -0.229337986805837
-1 1.00281441244573 1.57924422264906 1.33940968132555 0.350581988479033 0.453909567524041
-1 1.7927132197605 0.376540111564672 2.46679964222229 0.765998695691827 0.884160945421836
1 -0.308421726088121 -0.675900458670366 1.53359283190301 1.23570561448195 -1.0288972237437
1 1.50542775198446 0.686074700811539 0.534900986119788 1.20149166590767 -0.420455927838228
-1 -0.560641905603113 -0.522926311209844 -0.623650138145784 1.17038094583662 1.07286823009779
1 0.124391271260083 -1.57021556582352 -0.309020719452373 0.0461198289306682 2.11368077480990
-1 -0.872949669994035 0.937625040115594 -0.787368222188433 0.848091131978011 0.678138927290493
-1 1.17657754524234 -0.242843376620445 -0.288697387619276 0.96633787594206 3.66936960209066
-1 0.270532082143188 -0.984612307846652 0.877427524796529 0.568104002352162 0.736559244278267
1 0.603049995137152 -0.379754497588953 -0.123912769591438 0.586467530816256 -0.603824642573379
-1 -0.226531411299403 3.09394797815309 2.24780129550775 0.99694308062806 2.68323438265681
1 -1.20871929500872 1.23908832247831 0.755018424629472 1.37933839227259 -0.835343863300175
-1 0.670368461784503 3.38195901883722 3.30717711401279 0.205558862285221 1.8433327674013
-1 0.659974076486919 1.04746972396406 0.220776259142922 0.583744334689133 0.325747382989984
1 1.10377676483678 0.0540363989981489 -0.0325638061121228 0.554556880547202 -1.10399687077546
-1 1.2731223466147 0.616470783737905 1.79881498327877 -0.329473195490137 -0.345802775366226
-1 1.82399236998544 1.47033875633053 -1.13288417196156 1.50072863464175 2.23876133308862
1 -0.562917693982161 0.474483768091616 -1.06469794268458 1.32329310666080 -0.509320866492177
1 -1.05085095653695 -1.43084918757655 -0.0212879885651763 -0.202934688463422 -0.975462470331307
-1 0.55105173914722 0.758532626603874 0.373829597431706 0.423915977322724 1.63758564880476
1 -0.83279872001986 -0.346884826924874 -0.89395252113683 -0.925510873969185 -0.682496710517844
-1 2.4861199635826 1.04201313334306 1.10603140616736 -1.17728620655436 1.30949231184011
1 0.162692550293468 0.661716852542079 -0.307038081734437 -1.13712270201040 -0.109116294448394
1 0.127019289683372 -0.82464875624265 -2.1810762510605 0.327487524461385 0.396744374630678
1 -0.997455140336762 -0.0852904524939735 -0.163660498107689 0.0200780191735633 -1.83058820071585
1 -0.272569185556394 1.94149975765682 0.479208862213776 1.69640081678753 2.29673049874718
-1 1.38614711049950 0.762824745452357 1.74464332999672 1.86224165900677 -0.237712378555132
-1 2.13545915889760 -0.70471430326888 -1.32573818919817 1.22028742448833 0.844863759054086
-1 -1.06172250945895 2.74469331323525 1.9440608736039 2.16200673544811 0.545216964500787
-1 1.39526858331003 0.76518965190522 2.97084636494749 1.39457046792192 2.47307494488276
1 -0.516457973817001 0.397458243080299 1.30103156351606 0.901557488110478 -0.560198647339942
1 -0.792301996115994 0.665778974204112 2.70212359818268 1.87216749339337 -0.0282726078374236
1 -1.30130267413884 -1.07354690339298 -1.47780605473355 0.88131737864467 0.722638568844099
-1 1.18003347791507 0.793523021812625 0.879908586025477 0.908887386405732 1.55828237629265
-1 2.58641755681777 1.99562480267499 1.50787088603403 -0.151916277847577 1.23458469634144
-1 0.765637834634561 0.357804024597503 1.69206207225335 0.210865811053477 2.98525418154773
-1 1.74267841293166 -0.229474609130274 1.98018896750587 -0.955304333290282 0.0455633343854431
1 0.676190746953443 -2.20883317637502 0.211192347357494 -0.25549493965283 -0.955353989279722
-1 0.257714798953604 1.33161034786026 1.16426298501697 -0.764821514242131 1.59893073345869
1 -1.09129968550246 0.161245696322644 3.31938919674523 0.673463039147322 -1.40879201206435
-1 0.000143955041440047 1.92193811413940 -1.48946171952646 0.441723575094743 0.115626788736148
-1 0.665668944733353 0.58996725699344 0.855894191144738 2.02575422939644 2.29680502342452
-1 1.59057518924533 1.12450029516560 0.488574152057176 1.11655095217872 0.0685039008879359
1 1.86471986616211 -2.16323207411009 -0.398561065174454 -1.88201101771307 0.172491830902529
-1 2.40554152333125 -0.00910498676615412 0.213406830526373 -0.598987162984516 0.873430771153943
1 -0.421910418553037 -1.66893215937654 -0.792707884049487 -0.810071266403869 -0.415745959485174
-1 0.744528052575743 0.707306798476138 1.96970905034387 1.87080945234117 1.15205235823620
1 0.710403764918301 -0.236406810253553 0.255359397909087 0.746780459968377 -0.259823130803607
-1 0.997303737756596 -0.463109204923981 1.47853325143831 1.21292553051022 -0.316612269374170
-1 -0.367994194889612 -0.744176354847308 0.421573247933338 3.543811054069 0.813991325582588
-1 1.50211772551344 1.25578219899861 1.22060558178551 1.99912432500913 2.58905062013776
-1 0.275017939889649 1.11665742203561 0.607826423555086 0.739515720642479 1.44374107759069
1 -1.35112666632443 0.951411080383657 1.42263708130208 1.44001031247240 -0.765894442182505
1 -0.542891748924633 1.14626114476067 -0.497905605149237 2.22341335772756 -1.68485674527015
-1 -0.225231575673831 1.60684145293618 1.58331656802266 1.44459669871316 1.16342342660517
1 -0.955883021113108 0.261641954257047 0.567306247234227 -1.05315251951670 0.714234222026365
-1 -0.53302170239923 0.285187318596172 1.73582975002013 0.500805416223551 0.195825744818348
1 0.984303948375024 1.45964678791649 -1.15674693880592 -0.899195898594969 0.94836066626058
1 0.0480695075573581 -0.237358681813263 0.930873746004573 -2.23601543341028 0.0794207634619494
-1 -0.702607919989125 0.256999247082057 2.23604566650295 0.774896196118903 1.40865071501524
1 0.768322249831906 -1.48160938964190 -0.083766349402427 -1.40984652769000 0.0530967547852819
1 -2.22215827166005 -0.408499835247588 0.390533915939347 -2.06839929071223 0.677511312804872
1 0.00700832977766318 -1.42840622375953 -2.28974639006321 1.74373260932125 0.139000015526915
-1 1.55465101619407 0.627213617696129 0.796099630360203 2.26183346074053 2.17974352021252
1 0.83715256950309 -0.0433311263911701 0.594649396200043 -0.0796231468930252 -0.386228771514337
1 0.177418120068518 0.270155793928853 1.04856592019211 -0.255428014801302 -1.6349158867561
-1 0.972075975197743 2.03714856412182 2.92505213534831 0.388199435236492 1.51916028011452
1 1.1907700822112 1.58996554436366 0.415053489403033 0.120682645308895 0.0102955948266163
1 -0.47399556396936 -0.408832430162463 -0.896625931413671 -0.875805658495253 -1.27400686583310
-1 1.45491171042790 0.71236262804938 1.83805542760901 0.0839404710843495 -0.411843771405681
1 0.183368371107117 -1.58002804531102 0.641298378651732 2.41191532099702 -0.500852857880606
-1 1.79669946758472 0.174047898814640 1.76265024253488 0.311734593527701 1.43238610928639
-1 2.25601925619073 0.927948249541134 2.53101503014963 1.58076875549056 0.948410629717463
1 0.349236615697806 0.697304203404984 -1.33906862161402 1.61080072576245 -0.546390372406029
-1 1.10601140272494 0.00688167864145572 0.146028057123964 1.45470463696032 0.571950375157763
1 -2.90597960374954 -0.136651512599003 -0.682625155328091 0.637441352274913 -0.458313200760369
1 0.783305147366213 1.41530519239858 -2.61515174896464 0.49847162473321 2.16044761007257
1 -0.957157588971622 -0.445036665658962 0.195846042075809 -0.785185491388748 1.81970919067401
1 0.195992940899663 -1.19716905744066 0.929318488929284 -0.223679358401166 0.0281799446859703
-1 1.67175251186754 0.440604094800189 1.71290066670218 -0.316999487418776 2.02262038464568
-1 1.8502357835162 -0.588999007305585 1.31334037186249 -0.512640501896504 0.736145337621868
-1 -0.281039782216947 0.796635060613655 -0.445247729259709 2.36131369482420 0.755272527657137
1 -0.352202362289189 0.793066314163932 1.02695407412401 -0.442995460204741 1.17470560621738
-1 1.9294542890672 0.470998783185302 0.207424993468283 1.46718368700728 0.103454094885054
-1 1.33327495257268 1.17306184265378 1.14950992321250 1.39007891972919 1.53345911189809
1 0.00529150449088762 -0.934397064914364 0.0523444985565467 -0.139771655886992 -0.111191885840126
-1 1.66984748322046 1.64790445012092 0.970971197021098 -1.64903542110368 0.217719751204942
1 -1.37376711853648 0.0537668745989641 0.381875500651421 -0.283056813530286 -0.483165716033273
1 -2.93770975262725 0.63235394101368 0.993049831727986 0.690750815855096 -1.03511681696921
-1 0.294267030448404 1.67246961092505 1.75332167364887 2.69303874263319 1.50012552377993
-1 0.306299401969699 0.0214960218533952 1.47241249838957 0.838276617953969 0.0263767920071072
-1 -0.836205724631947 1.24491927195116 2.23395179619474 1.12378210833904 2.33489356949446
1 -1.46675869006415 -0.622683730736531 1.09987032314269 -0.591285760203545 0.383961558895468
1 0.413006950223356 -1.19308495617156 1.05225681677949 1.76998864708714 -0.0726333121726803
1 0.441562819848835 -0.298163102095506 -0.436788341052783 1.31628666369615 -0.0408942554353183
-1 -0.396443871262418 2.46106149439131 1.50033987298599 1.16245379626432 2.1754547362437
1 -0.82537875069654 0.835707813307303 -0.0240657019780339 -0.602254293393739 1.26802115700568
-1 0.702032498061112 1.15941751830572 1.71563651733963 1.73851975579604 0.452306012991859
-1 0.750645746506276 1.81469514045437 1.11242464442445 -0.129553037102864 0.205271459470227
1 -0.605133589701642 -2.52043527031517 0.0806156239894017 -1.44200122395263 -0.45097324718848
1 2.34457071983710 0.185746971676412 2.01019637364317 0.61375306166611 -0.659877780978184
-1 1.05628031389527 -0.686067218046252 -0.273509883697130 2.83691223095352 0.992552349226955
1 1.82284531897179 -2.04111308696429 -1.95166859880322 0.482885635636228 -0.351660952212067
1 -0.752185461927784 0.0512946776827954 -0.731330537185063 1.01181641400919 -0.0280081637688246
1 -0.862704986974283 0.465011589668020 -0.534367732890077 0.624634788067039 -0.569679919151844
1 0.430255414655685 1.57617230707489 -0.355751960695946 0.99524799591715 0.917958909390236
-1 -0.0704272040343595 0.853225330023175 -0.587444791566552 0.187984492208544 -0.363416067521530
1 -0.343980534557197 0.130355923767370 -0.90959328945515 -0.748899738390213 -0.660107621204452
-1 -0.242964882235486 -1.35043480103349 -0.0691586043861966 1.37052870775107 1.11594517380201
1 -0.895266752055988 -0.512407676089168 -0.113285523417519 -1.21167667958160 -0.72885473766521
-1 1.72094231400717 0.382949313615232 0.261577869398929 0.535096259161263 0.78298511125467
1 1.11808628161809 0.702424265573532 -0.559561274283144 1.40270742469422 2.06064778492767
1 -0.246930325155286 -0.246006979997056 1.12605181991229 -1.17111592318533 0.417947249732082
-1 1.71073270855284 0.532367675847697 0.986834418745136 1.07424522282900 0.238143726087285
1 1.77295455334582 -0.414344058137924 -0.566145493767769 1.48511522903745 -0.986590490007279
-1 1.83430714138077 0.810048760569281 0.613538471016957 1.17112546575933 1.7419067257794
1 -0.44086619936847 -0.0784626438128964 -1.20607005237636 0.553601843321053 0.689478267031114
-1 2.12335324779855 3.73388002719279 0.482344987279273 -0.344140104460347 -0.140006598493132
-1 0.811605817082959 1.30549901302379 2.19981150609587 -0.0396804123824968 0.844109782761351
-1 3.70577283988799 0.925774925671443 1.41161550531319 1.43797280125163 0.308451606190066
-1 1.96065466169672 2.05245858905861 2.52982130396993 1.47728190168764 0.256573350632383
1 0.235393450331806 -1.84140687798910 0.128807221081292 -1.51473682607503 0.753614476354615
-1 1.27878032237209 1.02699102656225 -0.622513999425002 0.00265376964518993 1.02056531442499
-1 0.98428918895508 0.797927732611206 -0.192193090490936 2.06521245098765 1.36029856545533
1 1.44675672206126 1.07647425863935 -0.713108934189824 0.521152261369653 0.440108234060179
-1 2.3847207215578 -0.467800490204473 -0.458394207672751 1.03451575943292 0.0820465387471251
1 -0.625168647366417 -0.83545617800971 0.267351299998142 0.0762254867058858 0.548218405677994
-1 1.12353105867283 0.854647869410485 2.22787430625011 0.788061119839634 1.28064207210177
1 -0.0753555429240516 -0.519637971321859 0.640390686454166 0.141455087220026 -1.79754911157639
1 0.0843581307043771 0.144897641402665 0.789992142830435 0.093109473802092 1.12508716649316
1 -0.717269802625397 1.72995126453633 0.0333636767914546 1.15857679143464 0.842971603561393
-1 0.899904067351654 0.439245648864609 -0.0371093575735837 0.6405663506005 1.22272819788641
-1 0.840315508206482 0.640929886983098 1.40951200935905 1.12032585291729 1.64508083032374
1 0.957893538072287 0.158276854136630 1.85226104383316 0.481029236882074 1.19522000596826
1 12.7030091957854 -7.34843153302239 -4.81295302922954 19.2151421753960 0.051983377869544
1 -4.01702057397668 3.56932783650418 0.466007619866613 2.65297239450481 -16.4435121810455
1 19.4564974051 4.96235070555084 5.18003451033252 9.54423310748217 -14.5088314582180
1 -5.13863910321285 -3.24542392401174 -1.70780383395347 -3.57800138399077 5.0350234594447
1 0.624936598875873 -10.3196100465474 -5.49505163569735 4.13218767561024 3.24619345389135
1 1.55124542759710 5.16620893298884 7.14976415284942 -3.35813549048103 -6.93747296334122
1 -1.28086233117717 6.24315038120611 -3.87552167603464 -4.48466068188259 14.4848772010059
1 7.43665641827586 13.8265949975081 -11.5097558534516 -0.0164668928811403 -4.39205341843819
1 2.44712066956450 10.3290130632329 15.4835588656487 -5.38493627493725 -0.329039689996496
1 -0.144772987727445 -16.3894969217532 -14.3879350770269 3.83693565631023 -2.65288183976247
-1 12.6445228780180 0.527513866258506 -5.16885374565894 0.75478554466654 -1.55764920217575
-1 -13.7541075906524 -12.890201593808 5.78465576537935 -14.1769373198265 19.5183543413227
-1 13.2511927528687 2.35763333422090 -3.83558640364888 -1.38812958689261 -3.39933806933194
-1 22.1359633416128 2.42986670123453 9.9046240814665 5.57926654936566 -6.82123640759309
-1 -6.45975131633347 -8.19628156429629 -0.373727677764092 4.20212254788756 9.02716769255177
-1 -7.30575874525008 19.6637832931119 8.37846146929717 -7.78939956055329 -3.23760621266703
-1 -17.6866609061768 1.4886376973718 8.55816585214128 -8.46759974686684 -19.9446829126293
-1 1.90461277289357 -16.7176457932829 30.4936865296408 8.57800309363618 7.82819083107713
-1 -15.3110862105288 -4.78737233577457 20.869020557742 -2.8265646542782 2.2925379300336
-1 -8.68723389633384 -16.4655895593544 -14.0747169297534 11.7873077041340 -4.80458277848376
