200
10
1 -0.454903193433562 -0.592590695702572 -0.242055007732625 -0.631013704437184 -0.660187450018637 1.18401398920005 1.02914118485541 -0.351319000859622 -0.765449184747487 0.65969407201721
1 -0.663205890249019 -0.299633482681313 -0.141290468957151 -1.16559829098284 0.754653398755334 2.69605160764532 0.498352243922082 -0.155807721701163 -0.357779664007926 0.974011477567907
1 1.07120165779426 -0.682245050902484 0.385264961194254 1.66342515905077 -1.78441843437914 0.480167697774029 -0.0413150121550984 0.411552175844157 1.12957437233285 -0.654963006947518
-1 0.489775376468728 1.27701406822642 -0.806905545402114 -0.110377470609424 1.03584011118301 0.173784532158283 1.17384785689263 1.56356147875950 -0.0156917837223630 0.473184139186886
1 -1.28175888766892 0.81491522970041 0.584939890648658 -1.17061430267452 0.188519732737949 1.32347164022540 1.24121889661732 0.468687833711106 1.84836934945307 0.570162218002026
1 -1.11840656554347 -0.752341580542991 -0.540238520229725 0.198235637803031 0.219206546064449 1.44099311486317 -2.61383425142415 1.32169519379082 -0.635015702239439 -1.42282774475431
-1 -0.675206800910488 -1.31343065482707 1.13007100860167 -0.73504658933879 0.0215765889627944 -0.216742965586184 1.78720762270934 0.080892938617528 1.93315273419019 0.95719545638551
1 2.3481704177079 2.11041928014536 -0.239961252395255 1.34178186460969 -0.819544454882331 0.328585893646043 -0.312092056823294 0.0240878275979930 0.960141498886323 2.18691962201715
-1 2.17206872703173 0.986883991631821 0.529723437315105 1.61202529018156 -0.601780749497681 1.89953389073459 0.170902916134734 1.48219893590983 0.290933551110294 -0.0926025069637749
1 -0.260433267852971 -0.081731773171113 0.357751894742639 -0.526681020539145 -0.927239553354836 1.41124428782219 2.31805811366076 -1.04542527572655 -1.20794304861912 -0.94628338848289
1 0.982887077825158 -2.21076167301068 -1.4141859194221 -0.372358959786935 0.0924372827641386 0.764829886895623 -0.214529487542329 0.447757327629715 1.48418848230802 -0.656186640645345
1 -1.10360840896156 0.375170610876682 -0.572891739490324 -1.47231887542426 -1.19472673497185 -0.552380803714221 -1.63973675482864 -0.0507781145980609 -0.235909613526253 -0.521994266002701
-1 1.60830394716086 1.64346171704554 1.43179234483121 1.57351749268801 0.73848767070561 -0.283474058128565 0.40767430433989 0.203855460359090 -0.158028758833933 0.863973776899523
1 0.296414869978242 -0.78167602724504 0.123746300793156 0.266947826846199 -0.456689321558711 0.735800350081957 0.337312960597877 0.031793012902288 0.0641544187299632 -0.848754863878277
1 0.53161520229236 -0.102841774467194 -0.779901167890098 0.956780040859153 0.72947257484602 -0.327211456272035 -1.02289996462666 2.24475460497637 -0.491758903272426 2.66632387946735
-1 1.91767611599249 0.105618640177856 1.83680125782940 1.54924793773908 0.0179150016973307 2.22520696535337 1.61823579955536 0.156344173159877 -0.441687206870787 0.639804553878726
1 0.0423736665311879 -0.837266144130801 -0.367514283203908 0.289072105077875 -0.744780178765845 0.9193001575592 2.10894894349979 0.498262263004086 0.843211837285737 0.96549324406032
1 -0.212799286947428 -0.906761931120112 -0.144245237614579 -0.127798772732203 -0.971760650707512 0.068992971062016 1.36498668766798 -0.768975192363541 -1.42055371516076 -1.04323993973003
-1 2.93817569565506 1.35956155539775 1.83222251176606 0.503766154809186 1.61480843784806 -0.800425926358863 0.758508999809289 1.43521777134869 -0.393249961568434 1.19897636141815
1 -0.666241953891606 -1.79678765054038 0.445748317267832 -0.637365672214415 0.0588902999266648 -1.24973697748042 -2.29922551972433 1.35970123589822 -0.512992672683434 -1.51397089844448
-1 -0.541292875691716 1.77886372113439 1.88583231903278 -0.863970575856332 -0.855177980104457 0.263941532081469 1.29933274166510 1.05706604095059 0.725529840713412 1.73071115965915
1 -0.76673086945316 -0.322167844519626 -2.07755234393122 1.26702658314666 -0.436699483104087 -0.541619225163867 0.558264118295374 1.31012305820898 -0.0157107661375759 1.55523382020252
1 -1.16360715335887 -0.885366470181279 1.77830838034496 -0.244491597447565 1.30625368855276 0.684105316432439 1.97523382367414 1.78666769953142 1.77847321065591 -2.50773923467738
-1 -0.185098592094989 0.964478541713012 0.254535763193948 -0.360230728328305 3.22477232918802 1.77867586423855 1.27628673552915 1.42954900978123 0.740943784005444 0.775654328982985
1 0.475979010239393 -0.642618810910449 1.50331261084058 -0.742107807281857 1.68872885211601 -0.0450566444093616 -0.0900686021278485 0.515674706325830 -0.0410646184367072 0.509107050590567
-1 2.19690517371614 4.6932452474198 -0.392607718366314 -0.497263731837216 0.491393512974158 0.527584741746222 -1.17611166548958 0.97203288330742 1.01385032681198 1.02933996568530
1 -0.610014489695268 1.20886519487954 1.16075599948845 -2.02015133329725 -0.0410253748308057 3.03093063384844 -0.156897662786587 0.0488898973059923 1.25093782492558 0.667703217865801
1 0.432504196711209 1.47134547972376 1.19159372543452 -0.351913774674249 -0.078353039756927 -0.544495838833598 0.261387611525281 -0.955221852125817 -0.616041103556455 0.461041333706881
-1 0.549375462819882 1.26572486754890 0.83764463708116 0.563433903139596 0.738964035111995 0.319080739568051 0.277998354104371 0.298593180918546 -0.516290276373888 1.54764332823391
1 0.0201557750199495 1.48449099292007 -0.23572103688992 -0.303749297038408 0.789237926275627 0.71220960836798 0.37385087866798 -0.372470678725882 0.438110026670858 -2.95302038160761
1 -1.10671198779958 -0.174337240998258 -2.20585760414649 0.893153244402633 -0.162426564692901 -0.850316015945114 0.494854857079227 0.714180241028307 0.521859961819009 -0.0524791726094219
1 1.81769148461484 -0.0773827774153433 0.231460490196668 0.578231026187432 -0.178450816803873 0.705787901521589 0.235555043971773 -1.03428849579588 0.583620502197158 0.133710452097466
-1 1.02153355371554 0.789658338291741 1.44079617375878 1.87913487442044 0.133074227948480 1.41195430145443 3.76456729458331 1.65912237161717 0.309362155795742 0.822573824106753
-1 1.15356521882616 -0.190071992305869 0.462438947836442 1.91418566152381 1.97137386885921 1.46900481107948 -0.54340502690415 0.402643994944001 0.732105261151292 1.30371844741519
1 1.95685453198575 -1.22508166568512 -1.38641393428961 0.301635003464895 -2.41929751136654 0.849075454063232 -0.11572443828603 0.302499402692931 -0.746665747387244 1.40278975963207
1 -0.381520097358713 -2.09018583884477 0.515243853047816 -0.306836546966582 -1.36719740397371 0.460646916537878 -1.74667885825499 -1.60493351402517 1.22094115723448 0.81829182413108
-1 1.11266653567279 -0.112234614422345 2.51663098771034 0.227765482720013 1.22669976431039 0.644023904666451 0.56157346833919 2.27672918774497 1.36816860097021 0.909575035738921
1 -0.848833460625398 0.647885905758575 1.02130953277985 -0.0492321845932154 -0.199738918455411 0.601180561670555 -1.72994197047443 -0.253498531732419 -0.269322436739411 1.13445390390552
1 -0.074300323727825 0.113534738292981 -0.437446074253693 0.94616948999838 0.618220546522651 0.326756769275979 -0.760019945131512 0.680912631432764 1.46071383744570 -1.83675005323119
-1 0.592958847843775 0.253741332897480 -0.188758691448309 0.199626441326348 0.602794161685452 0.629036723677136 1.77022212195716 -0.871026335668852 0.726419947247666 0.573114614989057
-1 0.0221968827393431 0.601299878113149 1.05532202072659 0.92491280575402 2.17053421037385 -0.611567913444582 1.12322404514338 -0.731628054574446 0.782429533296584 2.79672947576261
-1 -0.290395103520909 0.737480859007407 0.635745869411542 2.50801421676206 0.994662075940626 2.33441170177487 1.21835117189477 0.100592531782602 1.03433961572053 2.49329569790384
1 -1.34514475009609 -2.21845937849932 -0.712097490553586 0.467007499673445 0.368288981495016 0.4727677769445 -1.75459578947057 1.12551711794593 -0.335130626929021 -0.521093500971348
-1 -0.7672001191528 0.110258978787751 1.47901035366878 -0.214609824262668 0.746561158557876 1.29242861990787 1.39331171772159 0.131999817614239 -0.285435083697332 -0.140787743524691
1 -1.31321498426323 1.05145034007764 0.28248651016513 -0.672235177811385 -0.78781839733493 -0.745924110069678 -1.87465007399525 -0.0389205547536355 -2.02391274526900 0.705904181939756
1 -0.84348206654232 -0.741530425588174 1.23656874024148 -0.50139159643773 -1.45438774648181 -0.254628188615008 -0.217987562225884 0.776200425614306 0.0184014217108087 -1.24692801662503
1 2.85902782376588 0.752750565833615 0.211855771933393 -0.238132175484117 -0.214935876929416 0.399890918446107 0.934849383734202 1.59286209626619 -0.123886642529842 0.325502203340074
1 -0.398979824413751 -1.25265121944604 0.693086923018782 0.524541758764752 0.778656441547069 -1.82388837901643 0.269016082087554 1.23595669675756 0.419348012427650 -0.844375319512165
-1 0.953995358898654 1.71809097439620 0.0789841416048653 2.88577036256506 1.24005243363608 2.50510838537230 1.11798441191855 1.74848415334653 0.218535850742776 1.73945804951007
1 -0.89379343350094 0.177256458570054 0.335309929447248 0.774969615658225 -0.815091900388663 0.752637405218631 0.162308128530954 -0.926956659629214 2.28149798051761 -1.24388548448859
-1 -0.223696587753908 0.554454746238717 -0.812383038686728 1.00591504943172 0.774243996816956 1.31562585827788 0.848012047950656 1.13073625553681 -0.401535102575782 1.84920223252351
1 -0.203558305860101 -0.098792511196817 -0.59000754375914 -0.122357851239978 -0.192600899905475 0.951043681807744 0.517990212636564 -0.000725466928622442 -0.434315215562638 0.708958488833254
-1 2.29633917819692 -0.755227109099183 -0.00751849865732068 1.68021087035034 0.391331253485234 2.00459429119676 1.97562009145413 2.04423471321157 -1.04069758707297 0.162509633526381
-1 0.286629314719958 1.27733910603251 0.97091892359171 1.01336445357367 0.830365524181245 1.80843865933489 0.125670389800733 1.21980901150980 1.84512212635546 2.25853741437555
1 -1.82297333322023 0.543948466530663 0.116179737416644 1.12702058683528 1.05972890097618 -0.242689095242878 -1.93923969329614 0.592579942133852 -0.423451646555777 0.201147542344215
1 0.230448148102851 0.785012897624012 0.269877724772693 1.29530686661947 -0.443655338289097 -0.516105316128551 -0.116994236833251 -0.791806763627113 0.0459005118656003 0.661591757478865
-1 -1.86528683079339 2.37755642114885 -0.334509293991122 -0.799100273604066 3.08879033791698 -0.673804149557128 0.631589118818482 0.687172058099783 1.36105925660659 2.14925086594154
-1 0.179173076078066 0.718143550867869 0.549583666245058 0.384077833249999 -0.121228527155147 0.882173643555978 -1.10503862709528 2.13251344778842 2.10304333837756 1.17295430548670
1 0.161158053973975 -2.23317134730315 -2.15158481586428 -0.885478570215434 -0.369263055146369 0.361169781396502 0.070072701872715 -0.987776745567827 1.16745687259771 -0.738775091137811
-1 2.33729695898876 0.0718995842544345 1.9467242863163 3.18460251922819 1.13236696472451 0.938651646627836 -0.583848307908067 0.113522875547657 0.777662236148551 0.00711408721250884
1 -0.833258130090054 0.960160899424776 0.200454772647354 2.19808341829977 -1.67058847927459 -1.52584340714574 -0.498825947378198 0.157427086560252 -0.365940161337009 -0.902059235431756
-1 -1.00469032088913 -0.507515542933715 2.05839005015578 2.24198734767116 0.829367291012107 1.88292347717047 -0.160826583596745 0.905721094641426 0.668492064649624 0.483078599966756
-1 0.674055596347027 -1.40899018281222 1.25037659203095 0.898324503444232 2.98492824578179 -0.740546430224734 -0.62531362107681 2.25334413627915 0.0347873661370527 2.92808206718882
1 1.99442342087146 -1.52891867882997 -0.245638357157048 0.194280686698977 1.61062087742181 0.167968742523361 0.695715648830998 0.365900633419346 0.230125456355478 -0.334619993110993
-1 2.45421163122565 0.408191344450288 0.435769422588216 -0.260083206250073 0.216183047360305 0.832149253766628 0.226740141935109 -0.519372509793809 0.0736216067285173 -0.660602995184736
-1 1.18929260438393 1.39193751073701 1.85216711233314 -0.352998746854774 1.68097015178506 0.342848393277524 -0.0971640879416147 0.398068960303464 1.57220851354880 0.745134428697659
1 0.0935570017571588 0.820981237073065 0.292919991276838 0.230204930208701 0.468254231781631 0.754469537704855 1.76617504308013 -0.876783416115823 -0.250448855442498 1.58369004245204
-1 0.840636214760822 2.15335798508428 0.968671848107801 -0.1604802835445 -0.0789013150294166 1.22105669561466 -0.0827362846190587 0.624011119485504 1.34659728484325 -0.496361655887843
-1 2.52811961944265 0.305029525528817 0.595820833888342 1.16720411764622 1.62776007033895 -1.53840576045537 -0.362372333678175 -0.103833622622740 0.098544851388348 0.965992408475121
1 -1.14766827346756 -0.193551087362886 -0.409732742872822 0.73809498318113 1.29716707291869 1.29157616309087 0.793374116842318 -0.908309485716172 0.0289507767037795 0.5885367625332
-1 2.03930586062826 -0.457498226659783 0.452688656223606 -0.792437075028893 1.73406126447979 -0.371620616192034 0.71099898975331 2.63776155632932 -1.42786867031287 -1.80633703307421
-1 0.952492414732536 1.21013863140663 1.66948291869458 0.988736045215427 -0.572802004771375 0.451690503280332 -0.265437990120291 -0.212643223830776 1.30724603598942 0.122042156067835
1 0.4061886380548 0.435659541951287 0.267277761363650 -0.310443432552082 0.183230130309804 -1.29030106978116 -0.901678418740554 -0.936679255607463 0.404834736112328 -2.12062171271171
-1 -0.611901066658823 0.250916581531191 -0.26037850020702 0.280979429048338 0.918589555588311 1.35364167171222 0.213451479092520 0.880234254816394 0.525932627794853 2.22633086628052
1 0.536051545546367 1.26594895332275 1.02381515095922 -0.0906845777397472 -0.359917023001376 2.25063527412618 -1.15770748539307 -1.27258521534652 0.751065008419857 -0.961852012751436
-1 0.392397742839376 1.03789432826747 0.0923652301035305 1.43136063531470 1.82003726665190 0.211602873480038 -0.140281260889521 2.34445770552738 1.40297128159074 -0.354012670330586
-1 -1.17522189857317 0.0184680493921293 -0.169692481847715 -0.139652584476028 2.80818620952279 1.95451872193928 0.762083771722354 2.6705200228407 0.248005666733840 1.86596076527612
-1 0.486711405275993 0.63465611701678 0.196203250280103 -0.554016717156167 -0.42023810668166 -0.341083027704225 -0.312399271571872 0.627314845826076 0.196853024171442 -1.36143525239297
-1 0.199659560353023 0.484642079342868 1.36969644413174 1.73902801658765 -1.14972319470169 -0.0132716171939403 1.14117889660172 0.183509415406978 3.55012108817525 0.640454830145346
-1 -0.61284053350276 0.844048615006343 1.17495342771290 2.05613871295563 0.563512076093258 0.375404837774038 0.0513419653393153 -0.700565795248778 1.29623669509801 1.19167997590658
1 1.91212943283452 -0.262725525637812 -0.895477005700198 1.87114920964193 0.461779332393386 -0.18355980062432 -0.707849857228335 -0.44009087442788 0.34018655323719 0.180171015965091
-1 1.68683562930954 0.107199633032291 2.34770394902226 1.67749207863306 1.83109254595696 0.801149112612241 1.64128819035265 1.32388094602403 1.87006643169349 0.328219172652979
1 0.70173638180833 1.24373930384462 -1.19480313185195 1.07949476186361 -0.921930364271418 0.494549333866719 -0.240425244337754 -0.567142881339648 0.785990458157389 -2.49735428595975
1 -1.57409441566531 -0.281479428178983 0.348511495967416 -1.49852406044896 -0.130860599364712 -0.768633797304438 -0.112268946329293 0.519451923756743 -1.51697397791921 0.837959733913733
1 0.0753656506827175 -0.585785011524516 -0.0729479198557763 -2.11388716073812 -0.715663655737912 -0.637161703108059 -0.89076695879007 0.941169717220407 -1.44996714012519 -1.17822471703189
1 1.05761398831026 2.11200124546719 -0.307629479381109 0.331804515623023 -0.915261156979479 -0.573251345921153 -0.318685918972024 2.05478860541605 1.59381561728392 0.456929085896398
1 -0.97173985847005 -1.28615199183446 -1.25357449973591 1.05676651781934 -0.803816664265761 0.0352114531820107 -0.801254085136321 0.69485063890145 0.379936694928545 0.766877366934696
-1 0.682621637708883 0.750989512139117 -0.811705513553061 -0.201024333901746 -1.20659624599280 0.37192348427682 -1.73331918405264 0.576052313652286 0.865485604961497 0.926578501564962
1 -0.271357227396379 0.0402932529480296 1.02934222914007 -0.0348189016397048 -0.317482371567849 -0.0576292774937843 -0.468475348212417 0.76428034700305 -0.701036242211957 -1.04846827667393
-1 0.536815953964063 1.40652431642806 0.902786647166492 -1.39900753167805 1.35414788222194 -0.136242077280677 -2.76681021910435 -0.906509537402561 0.238866667839860 0.509652379176592
1 1.16923954695780 -0.287558757837673 -0.253442322467026 -2.18262268813759 -0.793715647442684 -0.614879719558002 0.685250676903035 -0.778577727656016 0.055243792923599 2.12163018898303
-1 2.21701688353763 0.417072612363349 0.336440798518012 0.95582076017271 -0.269580455494133 0.732221868825751 1.23759444079466 -0.616847654465217 -0.0568795446606165 1.44340504331723
-1 -1.06854969338499 1.48419744371296 -1.14643462610549 1.07671897445054 1.04589643796926 -1.64589811110569 1.77826812331784 0.990664739133935 -0.0815678841260993 0.721571797934808
1 1.51799060914899 -1.89165308845921 -0.484557439266918 0.204748249919295 0.0298363108852728 0.00134734979172431 0.511268503194705 -0.915602482786416 0.151818245897403 2.15535827447485
1 -1.15199419960195 -0.336791573351215 -0.654228407995353 0.693689897346267 -0.386431869622975 0.176398295214354 0.187359923180578 0.936394029705101 0.187620509685351 -1.53046781459126
1 -0.427118510042078 -0.804659331006643 -0.292512975265308 -1.42779669544219 -0.0282417153341731 -0.375515121424846 -0.161886335872591 -0.115982128792862 0.419219652651954 0.00363365046121706
-1 -0.491118607586615 -0.0359619595804459 1.90802436321484 0.447654906535409 1.07796505147551 1.29880291083037 0.234926988396418 0.505249511499076 -0.655270571968065 0.807449933075247
-1 -0.147232413786609 -0.565931050073879 -0.759572126574825 0.981226268270624 -0.00385902948634353 0.903578173748055 1.20801292900975 0.913502438593272 -1.36603417689416 0.822295180341874
-1 1.58050448045682 1.42909823624205 0.527056201265537 -0.76990164331473 0.913288029228012 2.67150974353079 1.22810750580414 -0.867385933152525 -0.313510357927017 1.45583968851474
1 0.620199084125027 1.18965406612963 1.52407984463710 0.84385974681825 1.18797487399574 -0.491075306668504 1.16901836564423 -0.245833528831863 1.08228423986193 -0.949459249275519
-1 1.56030978855549 -0.597067087164116 0.913215298422345 0.608925009074703 0.0881929598990111 2.02949872043919 -1.00832471465188 0.635187364412652 1.44823616236643 0.892252302010063
1 -1.07765985654291 -1.68041576548404 1.08109750816425 -1.24692174532985 -1.84304277667135 -1.30337400765957 -0.806284194080546 1.37311517459544 -1.35081348299555 -1.32446924073875
1 -0.486464319652695 -2.82720399475801 0.425807155116313 -0.090748998646188 -0.415169926467965 0.460068924150743 -0.602407108126303 -0.719260770673417 0.238000613789466 1.46513337290462
-1 0.353525135422665 -1.01419702916716 -0.584566420854271 1.90129904051315 1.34078154988648 1.62511748819421 0.649545765407996 1.12829600272941 -0.448932049442507 0.222258950395063
-1 0.192624576106647 0.490284593569953 -0.531023719927063 0.791691454382022 1.53862546910795 0.796479169036036 -0.0365501830414939 -1.25723067936885 1.11891361696159 2.77974455953934
-1 1.35168446814884 0.658743048247496 -0.223398336487290 0.722990019621185 -0.052230196485751 1.21105538146084 1.54201754976360 0.994344497733686 1.54004474192442 0.480310187595771
-1 -0.933258940306776 -0.0867762802589264 0.921072097541929 0.333460947737976 0.293620367510209 0.75243400889149 -0.479234702105424 1.78970246051156 -0.881652992153166 -0.099598839253272
1 1.9793376836222 0.848097714663013 1.08268488450783 1.14913908074694 -0.305841111965805 0.517016721882121 -0.0813895710917859 -0.0878787060001792 -0.141522556152649 0.00420662196473262
1 -1.00565500617588 -0.400333393980102 -2.09535122457177 -0.651435681832542 0.419797126775346 -0.183499078863256 0.0439570774001475 -0.355945595470931 0.0281663087361006 1.00679169760323
1 -0.809864316583684 0.31109146361362 -0.176658282751344 -2.29464429704532 -1.80081957073579 0.752378446574621 1.20440199640019 0.980033262740173 -1.45307637998076 0.957647083872432
-1 1.59227499173625 1.55393893691643 -0.318597760872456 -0.509047452648758 0.56238196846416 -0.0382614875820584 -0.21778146814461 1.59826825494042 1.38382837842532 0.752934136989692
1 0.91320316341548 -0.460258599150983 1.18791654579428 -0.550405243337432 -1.73542247877824 -1.25052855004044 2.60495662167216 0.102829643085078 -0.64982120044451 0.360883336425153
-1 -0.0464736409337269 0.148383059866251 1.37339750927127 1.02874616251629 -0.0475646025324712 1.85405804614685 0.565975669427568 -1.56635179564199 0.592309773515219 -0.644396796161762
-1 2.07456801389389 0.304212740948232 1.06409745298526 1.67352354586745 0.777161535423524 0.133771686572044 1.53843029875075 -0.539346931870479 1.15677138853937 1.18722396646911
-1 2.64432507206582 1.52832531787264 2.23922802677009 -0.439461058127752 -0.00843606848023648 0.00934163742047622 0.406410209120448 -0.189696003382771 0.556162345801362 0.243978464197122
-1 0.741371671090548 0.214144081476377 1.28950347046018 0.475536774568485 -0.0353667707903292 0.216661382529672 2.57351998396225 -0.439159574070485 -0.139190127931425 2.18466456236757
1 -1.34436327528619 2.46116429533544 1.32956306970919 -0.012405532050349 -0.614565332798298 -0.701054563134197 0.129936827420719 -1.06991800950528 -0.306478390986886 -0.78705080673941
1 0.229344919214028 1.23140182900760 -0.826419951525297 0.604159236424836 0.386373755008715 0.80648280329664 -0.221579641670203 -1.11941957049218 -1.01935340474077 0.845557711313406
1 0.734383521698857 -1.19066778985364 0.580752890476795 -0.387395696164145 0.511086179649525 0.788666595800376 -1.72828795841922 1.38352743197806 -0.880890308196014 1.13193822899480
1 -0.631097329586818 -0.778664785381596 1.79755419502075 0.995281818788199 0.0977376470110589 -0.662036187919754 0.851788834684873 2.3169866451634 0.471078017145604 -1.83708263388972
1 -1.13652975728469 0.245185773505255 0.149827655582261 -0.132882234694549 0.589501164411946 -0.394360109228002 -0.609589178206846 -0.528281535035055 -0.953470828716672 0.377749628420072
1 0.524902796452091 0.157295164827630 2.71670837207283 -0.668001792090936 1.06732828941195 -0.389124590042126 1.33555082371046 -0.733470425793004 0.473279443474717 0.844362071524566
-1 1.81426323972094 1.33101024480254 0.899469342365283 0.69586812996719 1.62094778504673 -0.427488824815858 -0.149858577126076 -1.08684495335678 2.89682099434319 0.153898840361115
1 -1.87333867372306 0.492458486012578 0.424231835620065 -1.59189590333597 0.406470282081645 -0.556814523155956 0.760124494393874 -1.80721948188466 -1.75013825109175 0.0439790844386298
-1 -0.177335739352388 0.808254394902521 0.182022297797048 -0.170592804199600 -0.062930418926252 0.82083791397279 2.72710834466663 1.85731929762402 -1.92337468447279 0.141421291412837
1 1.11335969614804 1.76515694667864 0.993831323442885 0.279555654698575 0.790082252844843 -0.176445080341922 0.283919669052691 0.173890370698353 -1.36378689696123 -0.927946495012515
-1 1.72416694624341 1.60344462568878 1.10321464816848 -0.672917750219284 0.696265895180699 1.07036742511156 0.248067235092694 0.539184537288899 0.436628290540198 0.564083000204614
-1 1.51371467182688 0.844372515570386 0.843753231354446 1.32668787261373 2.23755564214061 1.09482950894479 -0.108392892950978 -0.60807896867466 1.41262847117169 -0.981594314044768
-1 1.26166627311076 -1.09894958649799 1.59535750713531 1.26081908304215 1.70197949592745 0.40204522712843 2.00810476568818 0.93331054173322 1.95409596692581 -0.295396690195188
1 -0.72870989396202 0.296466435720568 -0.319770911256948 -0.283844626556458 0.133011453771285 -0.818806337794252 0.272156528665531 0.950623927024212 0.216176913037961 1.01750623136482
1 -1.51709820730047 -0.289754147364229 -0.514383228143303 -0.560562062181765 -0.653003605247312 -1.16912998031816 0.272852916042588 1.54387250468505 0.0946476966137843 -0.459559134244201
-1 0.304521468145305 1.54295182285999 2.12329397990665 -0.0754452841721837 0.647184205526144 0.774174860810648 0.563551587332676 0.40877333037607 0.840772871084334 1.81656002531868
-1 1.40656320187151 1.50554185174477 1.20818140025858 1.39703561013858 -0.251627028738787 0.981074084762557 0.766693373993157 -0.0712373517602917 0.730077743031151 0.667522254273269
-1 1.38511027326633 0.737711047981249 1.91029243034199 0.0101249696208623 3.07690760822149 1.97395027300325 0.605613905868756 -1.83864983704382 -1.47850312610241 -0.388103615188569
-1 0.7512962995717 0.498983394482303 1.58146247326413 2.44861011063183 -0.56750149830257 0.59001760157517 -0.222839054656848 0.590308587274017 0.77923803210253 -0.93917412247954
1 -0.123332134320356 1.52318952320629 -1.26439476626098 0.726183254522816 0.0703182956221957 0.312817989884848 -0.0789252780544044 -0.203734437969511 -0.220942869286397 -0.537208039150218
1 -0.0503665204281873 0.174951098039904 0.954317759970728 -1.23901343185944 -0.425454160737227 -1.78337877062061 -3.20519527082959 -0.535257059010018 0.85459889891658 0.211983560327363
1 1.26063624601670 -1.87625609979220 -1.08392772980288 -0.0396737680634286 1.70040386826121 -1.31120615336588 0.159710449746402 2.16293634108339 -0.391858565911590 -0.000176182474631668
-1 -0.555988475915167 0.772094459819949 1.57493855772099 2.8797674771272 1.52653736883426 0.804375025780495 0.68401697866079 1.19122898601508 0.958794581888237 0.171252235565535
-1 0.94536673580216 0.727761698345059 2.20263796903270 -0.299775829229059 0.462153912435708 2.15224575719823 1.08216575107204 1.21966930781393 0.188287486267572 0.0969098615627552
1 0.0230982357884896 -0.125467313826686 -0.17469263398912 1.02965439641455 -0.181687098348931 0.667158698746858 0.84570191111588 -0.49512310461418 1.11999865323410 -0.0639263621192029
1 2.68459665486735 0.442254342450352 -0.780434354503387 -0.245055305750740 0.346885578824443 0.776955973329854 0.429708089298491 0.791478564158292 0.437018791507149 1.24023135637312
1 -0.944814405562865 -1.90252354928050 -0.157694805929745 0.126571668165792 -1.44715761977946 -1.02198343481856 0.504333775984009 2.03167012130271 -0.129270756228955 1.98148244453808
-1 0.0128977909336782 0.529299815923458 1.01112311978307 -0.186387788121851 0.179483866672782 0.310477479832439 1.30269019265531 3.03120281486616 0.290017384062691 0.965645833032498
1 0.662405411923402 -1.14283705890138 -0.583592645054285 -1.03803612678441 -0.991941929009425 1.10154273763158 1.91327489385426 1.86000926749187 -1.13961471257890 -1.50742728258313
1 -1.96714029070908 -1.64399807088427 -2.75033155692523 -0.0933664456797116 0.264770144955068 -1.91344024771777 0.0977934265665405 -1.76092842280266 0.256667924467941 0.814297060974243
-1 0.919134031862782 -1.05145469349534 1.8617557251086 0.156570545346981 0.734446363060635 1.92883572816678 0.282552327853622 0.587060214979855 -0.242416364793076 0.714701647266459
1 -0.0403201583424344 0.319295931926714 -0.461431493748718 -0.811589467381976 -0.0202207560608399 -1.74281152762191 0.554260603443665 -1.31843547937183 0.297812719014894 2.02214894629115
-1 -0.136453496218022 -0.0730926547182336 -0.104209027938750 1.74862268847394 0.812080159548792 2.71357468745992 0.629189636422932 0.490932878148797 0.305634733247094 -0.361040409672523
1 -0.380741346869423 -0.213309236464545 -1.22695277266920 1.12188845249603 -0.958768206402187 -0.866715492532535 1.62123024043493 -1.74031805063726 0.248319279259991 -0.325512833396886
1 0.339913426675254 -0.276571380775905 0.757503897680703 -2.64631755667151 0.101548882297927 0.565358397951698 0.511183537412468 0.224788569085584 0.671763871782308 0.737116253789492
-1 0.484614342159413 -0.230317135399513 -0.0705207629405523 1.26245172700280 0.573465389433093 -0.564989371700681 0.0994475960476238 0.652082947892955 2.20342125779551 -1.10734148014097
1 -0.125911140488436 -0.983440913646262 0.385028399134077 2.02845170810667 -0.569642641199477 0.665974528732027 0.287630893541926 0.147543204872658 -0.098142288601926 -0.144699043330287
1 0.797982902304378 -1.30156247307322 -2.30130620089612 -0.626275106591349 -0.85579121077348 0.798931826348285 0.120515149670858 1.67756291063248 1.30344033551719 -0.267790480370216
-1 2.37769681341946 0.825230576553727 0.963258953343953 1.76528935136347 1.30529712186641 -0.471226420104245 -0.352252622997214 1.36419489178847 -0.128010617801509 0.233007385293396
-1 1.12210379925158 0.6062462739990 1.13339490865997 2.29277707195219 -0.751215080683885 -1.31766780017256 -0.0690196479143887 0.80067851892232 -0.801722096433274 -0.407669119107802
1 0.307755770093413 0.843943208733417 2.02471032469579 -0.495041289920224 -1.34616736358488 0.541743338157408 1.16979262548995 -0.530027808326309 -0.300613213984725 -0.076592709488715
-1 0.463592460279158 0.0456108438943922 -0.310049346155864 -0.260882147992217 0.22015311234879 1.35581528707396 0.670332430620024 0.179864541418538 1.82250278088206 0.518093334287398
-1 -1.22676818956416 0.548398037969621 1.62587693009893 1.84234593906541 -0.0839890390600243 -0.66457059278875 1.28400356717336 0.837198912946434 -0.473746340469253 -0.436780236436916
1 1.21671702740854 -1.41366334131589 1.35564022815519 -0.124138301066226 -3.77922845372948 0.194268200666742 1.42729388061346 -0.832414456800641 1.00384695249279 0.466935545689521
-1 1.20544457608017 1.77791892978561 3.19734637857473 -1.42344699839261 -0.191159117875362 -1.93014980714207 1.33223898029728 -0.480155255867465 2.14506623657907 0.912594981576314
-1 0.619621419961876 -0.172328435997694 1.33664079727461 -0.813352646841447 0.80164451514699 -0.310646679622480 0.525973856102433 0.901964285784608 -1.35061251718914 0.595571484005161
-1 -0.207699443669087 1.71003020471587 1.31214628028179 0.942987370591737 -0.47214569319217 0.482897524517796 0.892393152660722 2.13914515186497 2.40931896485924 1.29179135815883
-1 0.307546169078970 -0.0384415351433011 0.5668517576157 0.327087052887989 0.258418998250155 0.559536830333535 -0.99636758438781 1.22856544436149 -0.165820191530219 2.12061726496185
1 1.06382493029482 0.00753312225853846 1.54042123512853 0.297165997530279 -0.740490000457907 -1.14950723459687 1.09077177347477 -1.59228866434028 2.37248098057361 -0.436837020383871
-1 1.72763387305237 1.40550211717362 1.03062630176153 1.48385468970088 0.371150913562635 0.640253002789342 -0.799732152064932 -0.561738265429229 1.41907484573448 1.61662378093015
1 -1.70922347015624 -0.809632775525041 -1.44228042157214 -0.791211699541234 -0.881369331129946 -1.54720228514836 -0.334069185592261 -0.493921262014308 -0.346457383502052 -0.138750828272691
1 -0.561341588156976 -0.589205250367498 0.177237317582354 0.481734365729497 1.25367699309327 -0.354041653730587 -0.93075475766351 1.85751928667097 0.50634234636091 0.692844248476468
-1 0.262953468546662 2.00618849374908 0.94737741718535 0.632756707885326 0.677003006493576 0.0654888549460961 -0.669773959066889 -1.44872112461711 -0.624073631675546 0.635239319511559
-1 3.15886574253956 -1.13460722333317 -0.109696636055031 0.366539908002736 0.767316473575241 2.20795879901143 0.245141331005044 -0.312413247544343 1.94252539640937 -0.785402391324648
-1 0.857609846505685 -0.0664650555376725 2.11456037232583 0.911817776407934 3.79087845246464 0.124060643022528 1.54686172339575 0.990897291175507 0.569864755582069 0.266874811058492
-1 0.55174139018889 0.730728898848279 2.58051653749285 0.929089598653441 -1.30554482878734 0.518990383996103 1.86616306731914 2.68222173867517 1.09768439923037 2.63637542141165
1 -1.51902566898404 1.71767479502516 -0.59981728693748 0.578685205085843 0.0671373032261262 1.34321111177722 -0.139638231913590 1.27986330142295 -0.372545107912137 -0.208508755165045
1 1.07603634369700 -0.757415516775823 -0.28233314565064 1.21079193487794 1.09256210421694 0.582748727416629 1.61555157643832 -0.838515962935652 -0.100383074285487 -0.879877681183406
-1 -0.702498632240981 1.5248810860865 -0.291022961699406 0.0584462205382994 0.715795519926235 0.543936886866465 0.525589623561640 1.43213217292112 0.321091132755075 -0.939045489999204
1 -1.37939298555097 -1.01830131343846 -0.279848598408209 0.538772343784838 -0.3928796779857 0.938049626452993 0.498756708044315 -1.14959983691250 0.441915948678077 0.129010789485170
1 0.527843532432525 -1.60792409362494 -0.948444154510198 -0.181793194693671 0.956402463064154 -0.0900367312633781 -0.817535182828984 -0.321681940356867 -0.292563350833788 0.492628550198594
-1 1.43766328061118 0.765615954609382 0.393379357173359 1.28867892260822 2.1760017827729 0.0530748092230262 1.58907502568067 1.84240353280879 0.0219677153190824 1.48225282024555
1 0.0134611901875993 1.37747043735920 -0.683731307887428 -0.889847892843562 -0.910863049691969 -0.436395351062787 1.05378556822657 0.629854455956005 -0.801020229405016 -1.99007624684619
-1 1.29935406067314 1.13893956589468 2.67282445508139 0.0924615834652591 1.09379542569353 0.778170150247087 1.93287304053637 0.837546953351935 -0.446633047473864 -0.791815976711649
1 3.16860819254674 3.25476359448104 3.20064975609386 3.32948345431938 3.30930701841596 3.22832895081689 3.27395542709162 3.10966869898775 3.19068820342169 3.16160664450948
1 3.17089159266233 3.10560556945691 3.20575889839590 3.07807161305222 3.14676021921077 3.22596022825585 3.44391763574768 3.03956818618050 3.25389001112883 3.25311175518628
1 3.17534049329341 3.16312276362089 3.00367761289978 3.30428225017719 3.09815932596142 3.08551554646753 3.20660012661588 3.20306171188657 3.31805854203493 3.03559953475249
1 3.13272390234553 3.20316484024572 3.31447613686389 3.16923835708122 3.07287733755911 3.25200719415705 3.24599752040327 3.23827046730670 3.19308775555031 3.14675351514174
1 3.32073373947054 3.46804334274677 3.16279670687986 3.1173193646487 3.28173978512310 3.15833790810541 3.07995818453353 3.20882891277382 3.00090214792556 3.16476790073035
1 3.0472173514398 3.07988483348077 3.25316495253042 3.22019527271752 3.32829128315019 3.32481405214810 3.21667297539612 3.04663511096431 3.23687153504887 3.1292083668449
1 3.19143380096399 3.02212794915758 3.2105339092869 3.21197157265731 3.1595562925702 3.10177294055253 3.14130302586661 3.29522157111695 3.11279203726377 3.16767693275326
1 2.92448588272749 3.22939970851631 3.26838304165496 3.12053718731067 3.03721890054712 3.05394922251051 3.00578144405265 3.22359860540631 3.13366867524066 3.08380773063231
1 3.02395938153733 2.90706201828233 3.12881973649813 2.98767486470772 3.31699124513427 3.09518872115544 3.24908306031764 3.23120860066534 3.06233795778524 3.29866325234844
1 3.07828672368723 3.35089404176675 3.01559826694692 3.39615072205453 3.18234261940278 3.11568822575288 3.28922011071698 3.2220513344239 3.02572811456773 3.19027364109705
1 3.1396086533022 3.11707424790917 3.19703983176532 3.11915402753389 3.2358248535053 3.29238885790504 3.27231420117392 3.06338986019303 3.20200833424266 3.37867187845163
1 3.04564881293210 3.18950244832299 3.18984006260672 3.10757739953030 3.12902420603311 3.15358944898595 3.20191909631894 3.16358481401817 3.37731897265282 3.07841849075118
1 3.10180680750566 3.09123599881081 3.12668249517626 3.2361706533075 3.19800260520368 3.16233412774522 3.11398079273937 3.23543079265925 3.20453601449422 3.11615667730353
1 3.15572968040546 3.14762383174351 3.17232897571840 3.03795358359264 3.0906269998097 3.11430309937978 3.14147514317667 3.1761238390921 3.08442034186055 3.1450176493606
1 3.17765767076988 3.23293543009946 3.21689191731448 3.07032767155699 3.34588615390609 3.04001382443751 3.28939621673093 3.08915586991171 3.16978955673051 3.09149500819046
1 3.31388930153447 3.13540207708995 3.2206129011128 3.03730773208992 3.07670890376037 3.06194590833382 3.35149914090679 3.33443744141604 3.26961675664098 3.27371518901509
1 3.18653655929282 3.2098232936801 3.23860287329195 3.11870092024167 3.25870755754797 3.05257646514140 3.04268197925454 3.10045877892932 3.10041691420989 3.07095608049859
1 3.08235827068836 3.13168419758506 3.12460347963284 3.00762220951689 3.21740910622970 2.94529022832926 3.30951697630345 3.32510727466607 3.21344642191307 3.20193102020442
1 3.18975416928904 3.28793296947244 3.04254393757753 3.17558914149186 3.10406790605516 3.14053192827911 3.23284885921365 3.10251763805148 3.24385574969932 3.09960605097566
1 2.85887683271428 2.97655664415495 3.21330382077609 3.2018039942443 3.00731078315788 3.23237212944586 3.03184110174216 3.19334384531730 3.24323747567072 3.18274740268295
