-1 2.93231156119846 3.69359203114206
-1 1.14850298181955 3.69638237769992
1 -0.793420857558825 1.50825579628631
1 0.0179706188187711 -0.219773921252243
-1 1.78632682563929 1.39757756298856
-1 0.771830393190272 1.21056715084200
-1 1.39144922410345 -1.16350539567559
1 -1.55601510805412 -0.804812873047189
-1 0.528613103616702 1.60179676341032
-1 1.46130794463788 1.42383780455148
1 0.574910612890416 0.975095305723464
1 -1.08095795587745 -2.11878880668162
1 0.23951987946021 0.402024506691085
1 1.44284636252534 -1.03060283885085
-1 1.95674835472071 0.930079087019025
-1 0.93012119269952 1.54238136608284
1 -0.0939372951657323 -0.443437038892161
1 -0.591881900427492 0.82470121906632
1 0.304382446086606 0.98252972313066
-1 -0.751875982259139 2.06282974215211
1 0.55922307191133 0.315867951270275
1 1.00523908623120 0.448784030417687
-1 3.84772636280626 -0.594711182641954
1 -1.60431923895246 -1.23450955921680
-1 0.709706957146991 1.10406372034061
1 1.41268539112056 -1.29348964766133
1 0.563213392761083 1.23280998131444
1 0.147486435708052 0.875105464138009
-1 -0.208427000877614 2.73128082431368
-1 0.875780483048192 1.12696661110635
1 -0.691028322338366 -0.502589298911395
1 -0.109642318603440 0.240526008046436
1 1.77497664067606 0.0838924466632001
1 1.27072967784826 -0.542215124585232
-1 1.83792746423319 3.26629583841983
1 0.465632639410168 -0.597429844770394
-1 -0.434404140203092 0.246397817738885
1 1.02483480153513 1.33286252078336
-1 2.24213911248967 1.46280029823112
-1 1.25209656932160 1.29342560859429
1 0.783861333104314 -0.161656861951984
1 -0.3571871161374 0.134282853161671
-1 1.19227791367706 1.9221233884572
-1 1.04517036423802 0.135773545264083
1 1.95260787703292 -1.63844347200232
1 -0.816981269151692 -0.227774790470925
-1 0.353348286380728 2.00782730826352
1 0.238301382884752 0.965482438002212
1 0.377792487858188 1.12951548859790
1 -0.273273321108122 0.209841580897147
1 -0.246387606039760 0.589947505685148
1 1.42308195536711 1.46417407704697
1 -0.128405305492816 -0.0103595597658036
-1 1.16291473907138 1.88995995009349
-1 -0.0591589381238569 2.0426583653969
1 0.121826230739450 1.01342652277367
-1 1.64567621016873 1.59814745483581
1 -0.60700707264918 -2.54078679597275
-1 0.944670735380861 -0.38584388909186
1 -1.90410438880456 -0.0508094143760113
1 -0.0741288807782702 -1.01715828196049
-1 2.74355611414085 2.66770637226011
1 -1.78573705890601 -0.306613381216336
1 2.45731202876557 0.401139429274174
1 1.46726411081131 -0.791184863025697
1 -0.698452047582582 1.27223274587849
-1 0.0130905100179621 2.31013146986479
-1 2.77632907496870 2.28109011197215
-1 1.40155009457458 0.0400900025463959
1 -0.930964815433434 -0.102513670493311
-1 2.63323144449608 1.29385634065872
1 -1.74593117987644 -0.287855037457607
-1 0.0285652013615649 -0.135493290263224
-1 -1.00973838886988 1.62573353071050
1 -0.599218301358838 -0.689822831250776
-1 2.17534069515883 1.87392206870845
1 -0.77612062979382 0.538176784614101
1 1.11842233938012 -0.853412140544382
1 -0.0940799448816319 2.09722200831626
-1 0.84277017602532 2.95007581307969
1 0.269860291423812 -0.446618665439819
1 0.869894897230988 -0.650401753621426
1 1.40642010558154 0.494011612158006
-1 2.17926441174690 1.10904927554000
-1 2.71164190517524 0.112300344211720
-1 0.670968221257884 0.837553878305352
1 0.830650002048729 1.22894149467526
1 1.74353238856539 0.355609278475482
-1 0.369936979161698 -0.852015068579408
-1 0.563994594596558 2.34409729611055
1 -1.09732808321167 1.30051361953409
-1 0.591109432830608 2.08788771544915
-1 2.49781584956396 1.88933349012021
1 -1.90044160390614 0.958592159836785
1 -0.462596887319949 0.0137422706654927
-1 2.86314177621336 1.35713236234342
-1 1.54211137120143 2.86811071846004
-1 0.263113242281799 2.44321670630845
1 0.568815794521021 0.252266410635094
-1 1.71715385226485 2.35475372737011
-1 -0.248144303675721 2.99660118549467
1 -1.06039324783165 0.132821533431214
-1 -0.120426094963161 1.83068245266939
1 -0.295730555729096 -1.10281095977686
-1 2.56925736054632 0.766684886883597
1 0.117298052022496 1.16080065360272
-1 2.40083459491527 1.50159845221509
-1 1.30625425255872 0.381343384118294
-1 -0.116539798069148 -0.632811020700418
1 -0.280874291953193 2.30606370219481
1 0.78491005967599 -1.68121717193351
-1 1.34203517744004 1.36635234063176
-1 0.277277753877992 2.21363886497759
-1 0.11319883938223 2.36081679444893
1 0.642139776317335 -0.177314749148342
1 0.984259703255668 0.866619102080595
-1 2.55852544205492 1.67486586998641
-1 1.34426918871470 0.355179435185314
1 -1.15106508989938 -0.401096272956778
-1 0.416954884906992 2.18797617338376
1 -0.802456781191881 1.99439859815585
-1 0.706367303153158 2.64060079657318
-1 0.727106796676719 1.78195424850622
-1 1.12246197538710 1.22994336863982
1 -0.810559191521571 0.267478538425255
1 0.464514841966127 -0.356444081230821
-1 0.77058563499473 0.845093290150274
-1 2.45060182977458 1.98159070074818
1 0.0856959513526697 -1.06687256747435
1 -0.253337911388881 0.502822436482893
1 0.433267170717344 -0.713559616545036
1 0.844293374460442 -0.416934688452654
-1 2.25495000052717 -0.546510216960859
-1 1.04859929004464 0.382747643708351
-1 0.419704640055214 0.940769357827458
-1 2.25683498420540 0.126421950183274
-1 0.565640501869946 1.53575876009166
-1 2.32138239835043 1.95035387378386
-1 2.07609714623443 1.49082505948022
-1 1.9941169262846 -0.831458715653685
1 -0.593080521877316 -0.0164916241952285
-1 2.03624868530402 1.39180184186039
1 -2.91824981806917 -0.488189610895388
-1 0.136627050915560 3.19890449736076
-1 2.63405275848037 0.156550863182735
-1 1.80032461236977 3.04759013964515
1 0.123090781587626 -0.992989576114322
-1 1.23646559244722 1.05255738329629
-1 0.982246685875295 2.23035625289173
1 -2.02089001143422 1.52654438796277
-1 0.600078063665562 1.61568895965020
1 -1.03276493669220 -0.100173694477445
1 0.165608401728989 -0.713430250229476
-1 2.16410629255961 1.45682345587549
-1 2.17571006975699 -0.0750755659377047
1 0.683964806609265 -1.98126678988268
-1 2.34948134774764 1.30071317076171
1 0.559024593162308 0.164426222382873
1 -0.16577649697607 -2.86447982342081
1 0.363287472480075 1.27674228534407
-1 1.77866011852016 1.49082288481291
1 0.446979238653042 0.885139529105604
-1 2.1282871432281 1.89957927113905
-1 1.30277995708749 0.381203557016994
-1 0.395481813248464 -0.295180751292983
1 -0.695899147610733 -0.275975289497506
-1 1.7327608044596 1.64435394490285
1 0.203240360435575 0.0028278546456879
1 -1.21410012469857 -1.28069367297209
1 -0.0834914038778341 1.96575381062492
-1 1.92933053323082 2.48955232926733
1 0.4659898934866 -0.343416617498684
1 0.435280212061163 1.10093682121882
-1 1.33994887450032 2.37855936841237
1 -1.36743723354596 -0.846770487104939
-1 -1.21137852322449 1.01323321609193
-1 0.895232363751311 3.25345067868977
1 1.39865669417679 0.670022381138348
-1 1.30633296120562 1.69005676426639
-1 2.88275230190717 1.76392704838998
1 3.37756800391067 -2.26675731937224
1 -0.55215708373067 0.253120903473571
1 -1.75386375703711 -0.341152047498751
1 -1.10099676424892 -0.304488674837342
-1 0.213450660942404 1.65441345938869
1 1.48200604032540 0.228153940009025
-1 1.82146925630778 1.34828807337298
-1 0.279898687506458 2.69777388760419
-1 1.54621933281701 1.68318662869031
1 1.0460707650076 0.824279889254839
-1 0.899864061409975 3.59697852937351
-1 3.3052918627327 1.16281572403746
1 0.40394148475567 -0.70588158759992
1 1.87355895089282 0.763494307386078
1 -0.0313808929867060 -1.56807580555739
-1 1.40475625680779 3.03328427690699
1 -0.489569091133555 -1.52748539639995
1 -0.234259381702366 0.775528336646823
-1 2.40718971224573 1.47955841619309
1 -0.449347816914519 0.232365659723541
