200
10
-1 2.15494631988457 2.78107093729826 -0.260643862082496 0.287406737446393 0.257277562833599 1.01595581864871 1.29775347299192 0.500612943243153 0.649109043926003 1.73240422877483
-1 0.810451838879397 -0.357668075928018 1.38407792851455 0.549202989688975 -0.902852203643163 0.912945101336901 0.149943927114768 2.31793802906745 -0.61258663878313 0.202785906287012
-1 0.246395175470069 0.188682931585496 0.924819134465527 0.0832538417330382 0.799628661156687 -1.83074425365864 0.704609126615772 0.105852770075687 0.313493285720444 -0.379750135079248
-1 0.362996405256015 -0.23339149333296 -0.0670405060166446 1.62799612230296 1.67715488969603 0.0280782749413168 2.11213957136663 0.190884003750902 0.298591529205404 0.916645082148364
1 0.905518800210585 -1.06479247861383 0.0157900830266084 0.79602898023548 -0.229014884916767 -0.202868316752214 -0.701056269971961 2.08295061805329 0.922975133423825 -0.441801133804463
1 -0.839884069462168 -1.38648007802663 0.37612826174109 -0.981004770103956 -0.117946357012410 -1.08986185979711 -0.0571381380238519 0.730985307638894 0.462565269090846 -0.194888479136045
1 -0.772291924478534 -1.87925126492227 -0.351677843532139 1.10903915169087 -0.170253113412429 1.38482275002623 -1.35124150609283 -0.339490636608021 -1.21286759025280 2.15561836787648
1 0.728394650677195 -0.0790171022103487 0.664970283372609 0.102379050264506 0.139662681857377 2.02419235589756 0.000227347127216829 -1.02921117992478 -0.339678827647638 0.837639882082614
1 -1.99600651977103 -1.56528716726308 0.422992515846268 0.305021225036404 -0.235311760149061 0.647622121401655 0.390702924185483 1.78480468680388 -1.47645915277498 -1.25112808652489
1 0.911244780056414 0.856185002722781 -1.26254093688987 -0.00431021470015094 1.75851769120211 0.394345970249157 -0.132667310267644 0.680055727743067 0.41753294348426 1.03182728264722
1 1.13533023550715 0.245715487371232 0.996656049705188 -0.344755772941226 -0.694167691161188 0.0259595958341935 1.02437517699927 -0.395757558772907 -1.08116687573421 0.86399109459933
1 0.22907304209003 0.56713906184798 0.107602097602689 -0.873978133859824 -0.199228165045451 2.21717178284876 1.06526074217758 0.31940016006981 -0.361746309608629 0.290458766422747
1 0.386569499139518 -0.768391956467531 1.07026661571482 -0.572902831842173 0.748889847299784 -0.862505733069916 0.636185496409589 -1.14012391027561 0.423914033611913 0.0869969273712355
1 0.582020429983855 -0.659677112585412 0.345526200119175 1.47837391958715 -0.525221974211937 -1.94182831002056 -0.34487388171871 -0.172368714088810 -0.825228096389343 0.74832799990544
-1 2.6208666102652 -1.38786524625773 0.9658113279647 0.702558316882212 1.16483179105065 1.02047991465675 -0.848063398802655 -0.0681320341378249 -0.733977879677816 0.334401736698403
-1 1.97394180543225 1.51805076210400 1.76745124511427 2.16858259717275 0.82343865306537 0.553219003250676 -0.987940048005095 1.03481015317831 1.31976007079268 1.32020916276257
1 -0.818937126136028 1.33416849340585 0.063249015980897 -0.074088277081858 0.592785456969859 -0.572413331375974 -0.507865357176546 -0.718239655890214 -0.788718122144248 -1.20197843802085
1 0.96878701392032 0.142700669937439 -0.748092463884446 1.90255000297917 0.200887104277855 1.19518662988454 1.65272116151165 -0.599119122061513 -1.03626735958474 0.218413455680886
1 1.07657710915307 2.26175115964106 0.207737066901558 0.308330525052776 -0.655713628380713 1.6465380175367 0.315723473886004 -0.573424277993286 -1.10533504894954 -1.00135561523000
-1 -0.490649274131763 1.14840578491993 1.29878068675466 1.38324672727094 -1.51663735147574 -1.75901153231165 1.31633380229541 1.35433506123132 -0.946630822173062 -0.139919350436751
-1 -0.34952875343944 0.60587856048327 0.470375154388442 0.663198271058234 0.110258364353694 -0.945761498145435 0.639151079657858 0.538602566202394 1.6655962770374 0.746134571697298
-1 -0.6973539856891 -0.300004895187889 1.63226918648043 1.07557823179516 0.751910195719096 0.584571803095057 1.50049172226035 0.431743900099627 -1.26254226108327 0.132612549274524
1 0.0721189521723838 -0.698089982824128 -0.0680057870875432 1.18887318317755 -0.710902814013853 -0.891898198421248 -0.615820002166436 0.13282048233396 0.530774117016336 0.292161910079185
1 -1.03534804839594 1.18552773997589 0.614493732086421 0.862381447410968 0.823207812146827 1.53897602824524 -0.937968784058361 -0.863279866917264 0.336673966643026 -0.475260025165757
-1 2.03371738318281 1.84496735500626 0.300380707553937 -1.4443178016465 2.96333222948811 0.284607661268755 -0.72655520447567 -1.05621962231899 0.818234748420485 0.720555602847825
1 0.634010670328811 1.35735651003116 -0.500908746817617 -0.022641849352674 -0.978212273508667 -0.109778816035090 1.00443759511251 -1.70262182558997 -0.244136001501685 0.725320384840712
1 0.898752430537054 -0.788856966872452 -0.594976054065583 -0.362135540241719 -1.15226581207277 -0.35142594841906 0.224561589952426 -1.76027185589137 -0.89097757600613 1.29806790970215
-1 -0.00451834947370444 -2.32760499703697 0.862009865641919 2.39399693761983 0.0508645917183925 1.64874473633846 0.647136228308752 0.65564990595161 2.21928188036496 1.89626896671284
-1 0.962045709521481 0.648010735218484 -0.174468269874545 0.455527390639474 -0.510765197838447 0.765511997378924 1.09118369361508 0.213535627966172 -0.165584695652877 -0.0532225597556778
1 -0.190215809417432 0.762676460978036 0.0229848076889208 -1.29426744024932 -2.23999842236414 -0.405542363453000 -0.551811921721907 0.158335414133333 -0.190686086865537 0.640662440721931
-1 0.524620064181059 0.865187202956493 -0.302664675134711 2.18995227432259 1.25232794713981 -0.479327687031548 1.81266918936871 1.25236536389317 1.41491996320962 1.169291348511
1 0.113391632292701 2.08787345510872 -0.757031313502125 -0.195888743146776 1.05529804895296 -1.62451338952617 1.03322395417205 -0.556423452498217 -0.470042821189021 -0.271498847206160
1 1.5505105407642 -0.397295295825656 0.345349771705671 0.600919856018159 -1.90822270273780 0.757169287518537 -1.23520298326132 -0.235906452837043 -0.321586641269905 -0.159171479648368
1 -0.803413233920412 1.30937683045110 2.51686740716489 2.04481689125629 -0.130477796663601 1.33197581658986 -0.919018274524714 -0.164603855869828 -0.311148884565796 -0.265470736537818
-1 0.83155345127666 2.22518530919939 0.27636827142514 -0.0548735975186352 -0.47959930875811 -0.792185547369141 0.456896695325008 0.168007683579639 -0.448763174101989 0.505271727029829
1 1.53304548641165 0.166992648854573 1.29529333129001 0.889820602892265 -1.40314996927733 0.107046533503839 -1.30649748557104 1.76382380260323 0.808444848565955 -0.288814306641515
1 -0.674033699767851 0.519395096304568 0.647741457416629 0.481473055754564 -0.780471400435809 0.129860633665341 -0.767827871176525 -0.923284305489337 1.63021068229969 -0.973642441827801
1 -3.93644379538722 0.487100523789289 1.04115464237418 0.362616265363798 0.907284795665807 0.0924955821199036 -0.318382442293333 -0.536408210820855 0.116681667023649 -0.796802918971041
1 -1.03419001363881 -0.685885337316143 0.51598589802946 0.0405560902702703 -1.12299508262701 -0.569726961460056 -0.106625482355818 -2.17805376380774 1.76001864378147 0.934179605367632
-1 0.343133639112204 1.14118837296395 0.0872477909149998 -0.101000575380804 1.60730502717336 -0.107726121941314 -0.855353231493824 2.13565135908912 0.152248655485168 2.2088251122737
-1 -0.045489564516259 0.996142629265887 -0.0623677399529975 0.453050864751326 -1.38550743300566 -0.186270564485174 -1.10864435316858 1.42683083958427 1.02358797971813 0.608977625080325
1 -0.154450549247674 1.59539713573658 0.75622656028876 -0.541689689680111 -0.84331865416225 0.284432124552468 1.12759396400786 1.78162272284343 -0.782221908372637 -0.472055818511264
1 0.097296552223013 -1.7132800809829 1.10219349702912 0.504678890767662 -1.26674614418458 -1.51928671325460 -0.224346333320351 -1.69823743531135 0.191483446542093 -1.63221478467746
1 -1.24035614088785 0.683187614419195 0.867035131531444 -0.254005293548797 1.25179714013009 0.608703821901564 0.512717319839181 0.666292632856424 0.325600281703865 -0.0556045176458727
1 0.371256711135575 0.933935198493717 0.509268407404142 0.645827354695164 1.48830746725513 -0.58651740684451 -0.661887919371186 -1.40356580021645 0.756119728188863 -0.143306689315073
-1 1.92420868118358 -0.35970185508379 -0.693758531630322 -0.467278077293121 0.4593604157352 -1.01144116285714 0.463286703700228 0.796443713730332 -0.695547432095214 1.13038749733910
1 -1.87397216457563 -1.42009879401721 1.84858307664385 0.526028757492196 -1.9840956896422 -0.203027894587151 -0.547239516293684 0.643390064851683 0.899588611316938 0.0406394269932169
1 1.49713757427667 -0.364555461019757 -0.579400639806346 0.845328849785628 0.0972891270561028 -0.825908443861149 0.516964177685975 1.23384463727060 -0.643580509034504 -1.24745273599429
-1 3.15851909855334 0.395780703619519 -1.11519065681408 -0.549770590200234 1.81942271711223 1.65553493845019 0.694489998846741 -1.53564898788256 2.51793589705292 1.00832524297646
-1 2.86038023221707 1.84591862560773 1.35577906136645 0.59315807321622 0.530401564980628 0.480066314982954 -0.223674311464284 0.525961901675784 0.935206810488665 0.0716206715421128
1 -0.0370552681828321 1.20946345690200 0.461977687981547 -0.391836666787050 -0.377341427558592 -1.57092787665133 1.25870764475483 0.367021401234499 -1.03535681059719 0.965027820774157
-1 0.632428143104778 1.99177563804998 1.67248232027860 1.74383571111793 1.05173738650360 2.66441990760859 0.161253035511539 -0.291810832854851 2.1514360695196 0.50959489482377
-1 1.88435452821692 1.93576828891780 1.22955422076272 0.163845547686524 0.559847198292232 0.223978993170079 -0.489527609572426 1.85109004831967 -0.0810550134537569 0.965960987094403
-1 0.0823239274388479 1.70108503684284 -0.215325178595124 1.77406408976312 -0.325200772232638 -0.585352545598619 -0.873993426721677 -0.162232631140496 -0.704067471465302 1.44611760577489
-1 0.535594300179313 1.07578047262083 0.721179690078779 0.627321589537153 1.52829027049147 1.50833383285130 -0.589601274822437 0.685588779653544 -0.0988032115959945 -0.309918189600712
1 0.794442999288057 0.133275570176763 -0.41572954288509 -0.433135979184737 -2.27538153480475 0.447046629191528 1.50219506113874 1.72797477374283 0.67375548361172 0.304083553463127
-1 1.00844114871759 2.31172900552346 -1.59450978215622 -0.620555443936532 1.18342445033577 1.01065950250985 -0.353697315595609 0.233931042597916 2.04810612383118 0.843782626821673
-1 0.827245315000486 0.808146839879939 0.156474555759544 -0.534754568732828 0.893579740086364 0.247088824809515 2.38960116890432 0.157596029016427 2.23092362458720 -0.712191000336118
-1 0.426902843662194 -0.436092756923318 1.23201661787906 1.39990780592997 -0.264138970372825 -1.36065329487716 1.40637204029133 -0.194230656207280 1.36351380592367 2.10446573740997
1 0.0568846555787094 -1.40695374842395 -1.13935771590751 -0.886866787638866 -0.0065196735385047 -1.80825553483211 -0.680817468937763 1.43018599928672 -0.150366538532052 -0.38534951335367
1 0.460733707130055 -1.18347503411467 0.76134648250894 -0.41577676886266 -0.66460335606196 0.645976184658217 0.190670515591827 -0.975269984872727 0.674727917865876 -0.530614750630871
1 0.53361948836358 -1.75284987334338 0.377546600156364 1.41986650157793 0.0141456442606266 0.972424082814957 -0.176771903254076 -0.0324637475317704 -0.00165477981574038 -1.04146421547705
1 -0.268304096988512 -0.274482140672565 -0.556523100383352 1.47215382878156 -0.481171743875168 1.23452808767064 0.341211197524595 -0.69348728858725 0.810022235991548 0.254246263722013
1 -1.74407339596704 0.406742066032467 0.581526380106951 1.31267568618031 0.063672135693451 -0.251241488003061 1.5218827192152 1.37465818085294 -0.845755249272882 0.0678539381773087
1 0.570168581572616 0.145363384896942 -0.657186683905358 -0.916070014584146 -0.752066256927359 -0.349200056327473 0.776058292560659 -0.151654252113694 0.9074178049171 0.598342701075118
1 -0.909952323685018 -2.15945280739102 0.221014655082406 0.128802829210665 -0.105415887738779 0.788453188588776 1.20806214452727 0.704125594268363 -0.107089818071242 -0.0606982346274119
-1 0.0962691247469357 2.28346014763008 0.498128686405239 -1.10191727236831 0.801024926656333 -2.15674132045722 2.02750961487399 1.27945554240833 -0.190954979335543 0.767910872852766
-1 1.5403793622851 -0.632722618568192 0.470670111556557 1.80524277743101 -0.709230433395248 1.52426503114121 0.305965049428438 -0.496596684884203 -0.345083101253506 -0.99487707650545
1 -1.30469896265176 0.62240514667333 -0.823759076264588 1.09208249790163 -1.89361109470322 0.982080067318889 -0.174273511711979 -2.32183469282047 -1.40860770098402 -0.613511742558115
-1 1.05116508616419 -0.312844339621183 1.06359965560899 1.14170321421751 0.195731285000485 1.80093022692744 -1.09021482806520 0.0718353008567649 -0.108554927308575 0.84725852823221
-1 0.764155332103169 -1.04453651915290 0.160123579617156 0.129047890940804 1.43829083142128 0.949791783686056 1.57148233862112 2.81861609575628 -0.956817431355242 -0.108331183148365
1 -1.09745913183767 -0.194704706763567 -0.347285345316509 2.42255531449891 0.26448322492342 1.12847799377084 -1.15580360316271 -0.67757226452912 1.14911492430835 -0.52242376538197
1 1.21360324760429 0.185343964225285 -0.749872959280352 0.264089733501747 0.0851111374310407 -1.47732431831187 1.72648993809214 -2.81897375117968 0.239380886028053 0.121346144910270
1 1.07067212149914 0.439442265590933 2.82181741001957 -0.28193432698871 0.350563409904866 0.778692188510025 -1.28561218477212 0.607044661614248 0.104178433008221 -0.797091848505244
1 1.76798928490261 -1.54381418201642 -0.853894645940099 0.123481424870806 -0.53025949777073 -1.10455336239121 -0.727297766627135 0.384837604180432 0.242226627053229 1.91785447781502
1 1.02775447268347 -1.01805759459474 0.827190193837471 0.218992985660451 1.17480995647367 0.0916286153584848 -1.40541984120885 1.226373461755 -0.23856491165886 -1.61779163829602
1 -1.03436869868432 -0.840846954902077 1.50692643041626 -1.03264156392273 0.101713747036969 0.128149386239382 1.50737675561977 0.193526360326561 -0.0623631533969263 0.534347105291557
1 -1.84896528982456 -0.178008678772093 0.366163996653877 -1.22749542083091 -2.77664762339401 0.60748862205001 1.9625119524601 -2.52515799498871 -0.0840498671563218 1.17860018791908
1 -1.48805689335579 -0.855645984566522 -0.672652032666325 0.363813518748823 1.53390070158656 -0.243180178219780 1.30928222542371 -0.488323297976444 -0.169962474551919 -0.564740254164194
-1 -1.29924252537653 0.590577674099038 0.364684475347844 -0.58256252816889 -0.0573895634914453 0.899555040171725 1.24969705169212 1.14111952622536 -1.06840333807622 0.878734583500656
1 0.752267393390609 0.023803895761409 0.841716299754587 0.11472071318372 0.691678181800272 -1.37490336108289 -1.02056613132965 -0.415854021595508 2.04275484204132 -1.63326227617173
1 0.527599428357404 -0.0703442114132532 0.657647062917514 -0.622432218125962 -0.411452017266188 0.94676977460125 0.749902379017948 1.30205383481024 -1.01068732730744 0.81220662115263
1 -0.351960463556499 0.493190501162015 -0.989936600791493 -0.145068806322213 0.072033663094186 -0.0491715444477736 0.556916770738071 -1.14386534725662 -0.550022850024402 1.44602313708684
-1 0.498201487106632 1.11074522817617 0.38322585965572 0.781318240337702 0.615212230071926 1.41224152454717 1.83955991642637 2.22923753916924 1.67370640114985 1.92833653778507
1 0.237645028433137 0.63388803780256 -0.588881255284197 0.3454414284097 0.503992667051631 -0.65195230905313 -0.715470871967074 -0.0992530768871898 -1.65680314457995 -2.796494311754
1 0.379697784705966 -0.99672348688678 -0.518942602749663 1.89320446546509 -0.255512530875815 0.479495613276987 0.100586939115071 -0.843981957396257 -1.06223643848415 -0.83414988939418
-1 3.40323322162810 1.98545826986406 -0.367720238003357 0.460180505605921 -0.128798810454588 -0.863820437824753 0.0521460023503562 -0.211509040545921 0.47207477789513 0.90724250214068
-1 2.91916944044601 1.48040867357571 0.536303763658319 0.271605245825238 -0.49319248786945 0.453175398944614 1.01255790314793 -0.749714629671932 1.51356511346852 2.0536354272404
1 0.816738058307107 -1.99652558013562 0.386335063073327 -0.477911558839249 -0.0899186393757802 0.930320716916734 2.37994359407307 1.37346990274789 1.6540268928445 1.04596380974574
-1 1.22299136288547 2.09022925430593 1.79683626023521 2.55270359004469 0.943793942651898 -0.637369325108265 0.632156644483107 0.73455668334435 1.43385239393337 1.75806730649218
-1 -0.121214974026530 0.150636839751053 0.212759344118807 0.347378474828585 0.484502110907051 0.298806306688692 0.258191447531787 0.587625263993762 1.25722971846875 -0.357564383771526
1 -1.39922513562458 -1.29970826861956 1.84656136730411 -1.5099013683529 0.0279436058439889 -1.22630200125931 -0.224464081503650 -0.237550036622964 -0.675769209399152 0.72034910107202
1 -1.36858665283248 0.433778989825274 0.260775104150029 0.107362489380684 0.592862373526153 0.293065935240958 2.47935531286999 -0.109163764489952 0.542596404661933 -0.601394018600539
-1 -0.916555513588595 -0.788287664268346 2.07898736538663 2.58017229849668 0.574340919658015 -0.161645841346756 2.25960390129861 -0.271306769971443 0.424732916484214 1.07854159703334
1 0.0402687298220179 1.11649689558432 -0.248239897108169 0.616653300540394 0.826786257191242 0.323541022502909 -1.35684889929453 -1.51943583979366 -0.773777936975301 -0.414087295560764
1 -0.628859473233455 0.484881899257766 0.62108238067566 -0.72631381398945 2.03192713698698 -0.76380025239619 1.70054316640254 0.267461677789774 0.95278763486985 -1.38005800055697
-1 1.70753328998095 -1.11380238265099 -0.0959445969106612 1.44087804122728 -0.07710721950483 0.792854059836998 1.04821944218393 1.03108580938635 0.766919906067509 0.451300948005048
-1 0.579036016300097 0.985351506383451 -0.490342853454827 2.13815001191562 -0.115668029532200 1.73645915773845 -0.832639463694325 -0.0275009601506906 -0.838213350038638 0.631790998405268
-1 -0.108008869206191 -0.147685876621138 -0.0135240973863129 0.521213511290947 1.3559583153007 -0.230414477892598 1.08621651710984 -0.296200598578327 0.783597774755237 0.724537038097303
-1 1.00681893100172 1.3978090060035 -2.06150466230166 1.34664803386213 0.707760948747006 0.140978923636267 -0.011852846065883 1.06155620614966 1.52999935083645 0.790346131573791
-1 0.0526847365725432 0.344271543657054 1.16915553117901 0.776004231703389 1.5924960645075 -0.855931242997387 0.482689924896194 1.53211608828981 0.469692908835341 -0.894097532401967
-1 2.32168462229338 1.42358521710708 1.57618949984316 -0.0141061201192857 -0.241013730113318 0.143190933820059 0.381503401776827 1.16417051774586 1.36062692474219 0.268208148133032
-1 -0.0333090633840406 0.173056951006727 0.0214869526803368 0.856128281126817 0.302928703324799 -1.71594732289666 2.52019691442625 1.47453958421458 0.876955524159289 -0.129322026903784
1 -1.91676820511435 1.38634470701805 0.520113597826203 -0.889877438198278 0.944756057437426 -0.401316948935704 1.27360236192355 -1.10955912061626 0.827872369174569 2.03862644040826
-1 -1.07632961553485 0.537445831340625 0.559101471638095 1.65965642932528 1.56979916166240 0.972990969754893 0.776500150080544 0.356132898720395 0.445787837586037 0.573260961032027
-1 1.22629520189004 1.94009334796895 1.41072163403834 -0.479120561445437 0.256359435428893 1.4302181870458 1.03886309311009 -0.933333674798108 1.60315772757239 -1.32097937342053
-1 -0.683133066447076 -0.017765642883684 -1.09639090269408 1.86893151960003 1.22954556394802 0.744469227047862 0.507593608165012 2.74515878929823 0.400179779431822 2.82201917016941
-1 1.16671659225698 2.60125035871453 -1.0302784772751 0.26576730404186 0.33947206043155 0.00955771463972754 0.445910235803063 3.90021403564177 2.05735410631252 0.316258202463883
-1 0.150489265877803 2.02907391586159 1.11461624670642 -0.354232547248809 -0.335884682915054 -0.173433046319666 2.02454624470034 0.320272812567516 2.08361563588067 -0.56838167636826
-1 0.191464514883143 1.91160026005548 0.298699898981569 1.75837591224418 2.52058154358539 0.282673086006893 0.82571094719689 -2.10554695420545 1.49677752055359 1.30562965349564
1 -1.66208411271667 0.408520817274604 1.13617342800627 1.18136811079238 -1.56327160375070 -1.15725790948217 1.76146305966218 0.854527834750817 -0.316920542249969 0.125346045156912
-1 0.54804226042586 1.54125456421154 1.77669345361873 1.27620426701202 -0.800144255531314 1.43127845319981 0.403868690658599 0.0299625922342048 0.395987959396796 -0.522328888861875
-1 -0.59801671828843 1.24527583609000 1.09473230547354 -0.295203414888195 -1.08078853549030 -1.32115028875425 -0.371062199396106 -0.806297123008161 0.838888389629102 0.7260335049608
1 0.301869075208914 -0.937428597799454 1.93161257042477 1.11325511643971 0.230738229658571 0.773895434976305 -1.22962742537524 -0.404509087230643 1.10445005059908 0.32799157208935
1 0.495892270417019 1.87023639977051 0.301051444565529 -1.84388595202893 1.65994502531951 0.222552241884832 0.073925643342389 -0.45978631267773 0.171681381203419 -0.780230563211129
1 0.502836470776061 1.16669737450883 1.43256900108358 -0.362028249404645 -0.392407042244519 -1.35393613443826 -0.617650619281622 -0.0955615362119168 0.193173130025159 0.546754333341799
1 1.87410119005311 1.50934804489347 -1.01209881450174 0.248640646222294 -0.89344285994148 0.709125704740649 -0.230547538841323 1.22049128608245 -1.43075798832342 -0.76811398737553
-1 1.14404272562344 0.847038950640444 0.292285681211758 -0.663918443588905 0.54194629641383 -0.246569698018916 -0.892607408112153 1.48391153894007 1.18200504409312 0.518129611856726
1 0.543109646066372 0.504806299611919 1.26496053087009 0.346516858266024 -0.519419709201649 -2.15457978117340 -0.239903164828638 -0.442813508717898 1.5875067286793 -0.329269698261255
1 -1.31783993749539 -0.0842858481291127 -0.83452688697597 0.631416423531214 -0.948835799925943 -0.929615960770858 -0.429812179718953 -0.676260585872233 2.19982117997232 -0.804429535053734
-1 1.29503736710187 -0.153273088612522 -0.90158245936465 0.917574642506651 -0.592938932885141 -2.05326113836992 0.564331489777512 0.253203758839491 1.3139996383395 0.443431047647758
-1 0.693043103238885 -1.56086533903574 0.275229717650317 -0.129206091457106 -0.487872611100103 -0.955052346865736 0.965151831304957 1.49773326267105 0.949546196554588 -2.22409956894918
1 -1.61679170276753 0.130939440895587 1.46493833205156 1.17158794818282 -0.0499470605700764 0.12777639984471 1.81312540782392 1.89022642250161 -1.15440660554358 1.76841838111749
-1 0.569796872290147 1.53860165200387 1.19935039378481 0.237230387782914 2.30996728300241 2.43724092037728 -0.236749524586744 -1.18406802393933 0.398504897842517 0.253561863961038
-1 0.0843124783436253 0.83289774224034 0.358935232989211 -0.48827471853347 1.56525829019937 0.524621724853107 -0.822165414465626 1.14672258372448 -0.229655139413227 2.52500558394727
-1 1.92621479280976 1.1460560854628 -0.0721128737397886 1.71563035891488 0.713213057132561 1.76927508889807 0.883629316218098 1.75890199452360 -0.00446329739777962 2.13575032579347
1 -0.817701216183986 1.11994734249303 -0.190366323740453 -1.06448022239389 0.864521030166328 1.25790996979835 0.288962166292030 -0.633271192962068 0.106031348511332 0.784455288503924
-1 1.09339632697961 0.425942476160536 1.62397551953077 0.287912470400916 2.80072537943649 2.96285260833709 -0.313823010403767 0.641701520150775 0.107658841926774 -1.34066726989335
-1 -0.80799185424363 -0.56067677117999 0.197130980540370 1.46609915844208 -1.08032692372857 -1.77042451707844 -1.01380500914835 1.88466511107301 1.59045078437980 0.42926986557383
-1 0.965001114808001 0.453316988775035 1.80954770567023 -0.617304852437942 1.65183894806998 1.66275216305386 -1.84421612130253 0.910205349330196 1.07598195624971 1.75468750152178
1 0.229360416256367 -0.309473118034335 0.614880051754812 0.866242410939194 -0.064599380661673 0.264893386728328 0.0294376468904323 -0.00930719570780347 -0.0178121465064863 0.322139611496339
1 1.74669432038735 2.49699497402427 1.49943352162318 -0.490927415340756 -0.384543632906627 -0.98820242658283 -0.138220833967149 1.29576831813788 -0.0358461699921018 0.54360691910289
-1 -0.637419846851272 2.25005005735775 -1.30200821042727 0.598964827154221 1.26613248048438 1.34158623649020 1.91914081025767 -0.238260690537823 1.48128310861364 0.169624904561455
1 -1.05689664912038 0.372153321818291 0.560690629513087 -0.84887978839108 -0.137496570404586 -0.882906333806739 -0.0164542016846199 0.152204195587288 -0.113503007970889 -0.310125822269991
-1 0.49272931128475 0.407420483235165 0.264354766246394 0.136302582642251 0.402306414490045 -0.388195360644819 -0.721324654404585 -2.27013860753993 2.95532684677732 1.21493545547780
-1 -1.51734186237431 -0.307940316373149 0.950380885045742 0.957101255457232 2.36036458939483 1.95774437068879 0.902697459131647 -0.0614791580562373 0.351353830787548 -0.502215803283018
-1 0.175720942991701 -1.12985817423201 0.878548734870166 0.729169116545058 0.000743892650140743 2.36977942051028 0.936299356833637 0.386575857158335 0.164606951268071 -0.436594962075824
-1 0.895049826459214 -0.203446399902911 2.20815255450982 0.921141764564558 2.97641231523425 -0.421144156683033 -1.38897576291282 1.43097313608119 2.13221276637222 -0.258580451824670
-1 0.789590093435467 -0.21495873782591 -0.396685763303988 -0.436597370622614 -0.159505553723484 1.43968550633697 0.369778271395859 1.36030460353654 0.0566813509915083 -0.415176274380551
1 0.0699945567258026 -1.20591888669964 -0.892776184503664 1.09671453675232 -0.100860022483524 0.931452123536026 -1.11267162853207 0.620230368313085 0.96848605782936 0.344421310312499
1 -0.93858768784928 -1.35409455219420 1.09874791870487 0.0406770729691595 -0.35129617307642 0.305155403773619 -0.471764956757941 0.929642616667904 1.21259855326046 -1.33796216755823
1 -1.2161926393412 -1.57207770126791 1.77931776501808 -0.0580120920217731 1.28998849344302 -0.551918322520679 0.534907734071117 -0.189880679212150 -1.35546668021744 0.438610772871454
-1 -0.436629805615446 0.876190501972588 1.77494821503212 1.31979940517001 -1.33929799808231 1.57231588986506 -0.0102852562922859 -0.90891836117579 0.229444023447312 -0.61644659273282
-1 -0.497722056581607 -1.52879593521551 0.944905130413005 0.777894467428318 0.859985076413033 0.703651007108973 0.0242835624496434 1.03565067969683 1.26998257784039 1.57590315476020
1 -1.77861911622859 0.160991271554341 -1.63207177548881 -0.88536863667319 0.481063311694814 -0.487433570245575 0.310126633991571 -1.29968288305956 -0.0281930980752460 2.09491999915485
-1 1.47795249788449 1.18165691233924 -0.668767379064168 2.19657071019737 1.17968972120466 1.44387034449670 0.80060275848383 0.639527228330902 1.29447996054933 1.25715394486163
1 -0.643992545430441 0.315170397499843 1.05414674990853 0.229388382863828 0.209807207424004 -0.457806760394854 -0.0210852028532157 1.40734358073364 -0.00498189287575218 -0.851150925182814
-1 1.7664845788075 -0.606254388433423 0.990590129899638 -0.135124086704496 1.94150696995607 -0.246925457752088 -0.0794328161280724 0.62648020856551 0.6024156757699 1.52875265460358
-1 1.49601318287833 0.280662099635420 1.15474794093893 0.121436806948442 1.25716830921649 -0.336112646668336 0.408454891458178 0.988582855738894 0.938388341508623 1.06451657517227
-1 1.18820392418432 1.93020462990462 -0.911836603658554 0.331703796840562 0.947216000273844 1.28933402814577 2.34754326889426 1.11211909739406 0.884262637458662 1.64314702497839
1 -0.357536922652298 0.498904214742622 -0.814414435399629 0.462634244865442 1.94582284406506 0.341963366706182 -0.193464988554367 -0.247982504408835 -0.0909727515847837 0.106594066538503
-1 0.0342054927971222 -0.452914304787088 0.555260840752043 0.199455255159044 0.132444905169589 1.22560540043162 0.721877834363576 -0.676087814838468 1.34220280706434 3.36524935543332
1 -0.750492967992512 -1.12023155115213 -1.76100534991753 1.51193546576955 -1.43691524960239 0.308252373163932 -0.286529235419881 -1.60735435267312 -0.457841505758215 0.32154124562586
1 0.355905479342623 1.02908768796054 -0.730313084383484 -0.0480703998713675 1.23461698294651 -0.972393693498644 -0.923350737985501 1.02635802226723 0.647024653613391 -0.628012666699469
-1 -0.421683839798893 0.263848024665985 0.600723762282167 0.82241024053477 0.342538600785901 0.0429151475637077 0.705886224575063 -0.185798717634679 1.31780910723556 0.56192790924468
-1 0.863418391382091 2.06903968331364 0.441747018891422 1.61900812724295 -1.03345655831704 -0.277613354934498 -0.0649825232941252 1.80319821002106 -0.150590679222731 1.40714969063883
-1 -0.0721390135717249 0.576960468128824 0.253341543764617 -1.10033416701407 0.619968568753628 0.480918251873591 0.91009645416449 0.458252377671707 0.870155372689777 0.425891995620591
1 -0.263168121396023 -0.61900134975705 -0.598873614301675 -0.570512756430837 0.445250775360819 -0.306939217582493 -1.00414226771153 -0.0125349954365297 -0.155608782225784 -0.586396465500053
1 -0.735940425923826 1.21649567262450 -0.187040340589831 0.315054326874094 -0.609063647576467 -0.252126162338456 -1.35733715711215 0.691741507322571 0.17491111777176 0.759847110552286
-1 2.10688611776245 -0.0816172744892961 1.23064516968237 -0.166827196096373 0.527004099204828 -0.825015179897203 0.737206675929526 -0.521771982220165 0.168228699738083 2.22013991566008
-1 -0.180681125595811 0.397165462681041 -0.377020187794373 -0.206840890322690 -1.12360967549570 0.286720300950239 0.135615167104265 -0.124025130652141 0.497251215141021 -1.37585144142549
-1 0.175828953793719 0.531922001588228 -1.16894049984553 0.683784875738896 -1.03128940609958 2.67102665068649 -0.549301485596629 0.744995612737357 2.49111933475556 -0.38594734063546
1 0.271957888499929 1.4494884193713 -1.27592134053230 0.189450441126186 -2.11696424316088 -1.32808303221743 -0.0135633944678629 -0.269857942570546 -0.721722916603832 0.895963163059842
-1 1.54582136624578 -0.351383849603247 -0.354193908094537 2.98359090458909 0.76627865398728 0.354590840828763 -0.0736930843771454 1.1787799536998 -0.486575359062855 0.579061079194774
-1 0.598955990884308 1.29191897902754 1.42538732753474 0.956314277589115 -0.277867463590195 1.65250578834457 0.472317786829666 0.770510216961398 2.08294925188803 1.34974975542349
1 0.0187316391454373 -0.0512597027620823 0.637430217462185 -0.726290427463269 -0.406308745220317 1.79598499776624 -1.11056575346444 -0.995402773784043 -0.900278684948558 1.18281314024972
1 -0.187182003477925 0.416634865340886 -0.251562503126624 -0.241348204280861 -0.474311048170866 -0.446423498978319 0.636290366160134 0.205144712880159 2.33216513499007 1.35935116334055
-1 -0.372511232793411 -0.19419073016037 0.760912289716468 0.643908173007027 -0.579186546833194 -0.741067877519123 1.23864891813339 0.351082126617042 -0.273526810433211 1.94277029480694
1 0.32497164110268 -2.01546865279711 -0.39264755827949 -2.29228948371402 -0.986188166151838 0.933065552406299 1.14222529869244 0.121442620763623 0.277001518522756 -0.397925827331031
1 0.181663198391367 1.23825725567649 -0.386813320606094 -0.951169473293084 -0.807444274961052 -1.15190168568943 0.553531930871979 -0.682561502087448 -0.0188028076748268 1.49134291813183
1 -0.0774307819118076 -0.0922739330872318 -0.659839155875086 0.240954196159475 -0.977648809922913 -0.34405236640059 0.678771839828915 1.22368100007129 -0.894225369221212 -0.37460046978715
1 1.41384980413204 -0.336256775043139 2.35991720431568 1.22671621838761 0.650186872579149 -0.777528497084509 0.459975920084151 -0.526251661965675 0.0552243242825455 -2.08167696874485
1 0.878029549901703 0.53121615327525 -0.661960610121409 -1.29078884979713 0.900818193775586 1.07737658970590 1.78353970362697 0.146463159542743 2.06925557649543 1.71263496049452
1 0.74772783806301 1.92807311090867 1.26564625547827 -0.615930712466214 0.327360295718472 0.183491346895252 -0.457302657082404 -0.126475635864083 -2.44843877458082 -0.519548805267524
-1 0.353570926666167 0.86511066430093 0.416999889836621 1.84977175224972 2.91805646731305 0.317402558907205 0.9863116193634 2.34418075727587 0.159353379363066 0.56843649285392
1 0.284404954705425 1.32523517944688 0.249372497402285 -0.461746669399169 -0.0178611066128816 0.823312530344701 0.484252094938652 -1.00763028474629 0.0631604664150462 -0.256935804852798
-1 1.44496360324516 1.20857593691431 0.569807244881903 1.87584391091216 1.62559866596420 0.697948996878612 0.353325427713977 1.19881879145646 0.0655953050967132 0.746961441303732
-1 -0.362402340656005 0.00144871536647251 1.24577765941020 1.85058708469149 1.68952593898929 1.71030825325478 1.04355706685651 -0.137057498948752 0.119940077441006 0.335652811258111
-1 -0.372756997504548 0.845134515218013 1.68352889309717 0.068203051940754 1.38096385505675 1.90823215691899 1.30354328452865 1.76869422684633 0.408858755032404 0.91334355933244
-1 0.464356706786292 -0.334230023530121 1.02289278368939 1.42437505042781 -0.098508279328013 0.850837691822991 0.516394096790779 -0.0159234312452888 -1.40848372283833 -0.636535170547227
1 3.03138392060552 3.11469411638235 3.24832253835661 3.39581206882553 3.24498404743711 3.10291412570815 3.16412884012147 3.16689525002522 3.28682570795884 3.10249512216892
1 2.96310555291356 3.30280693449521 3.03005291972781 3.14345544757041 3.22428558581597 3.0394912552173 3.08037729423856 3.09028110528122 3.06390696835077 3.20284303470855
1 3.08783314271004 3.27762238404944 3.29743177613235 3.19232011632176 3.01557817571547 3.0371337357668 3.22264860844975 3.07579657577206 3.20821499207659 2.9289517960358
1 3.23122928589469 3.06668668229795 3.1109353966658 3.43115702070052 3.14397715026138 3.25618831856779 2.87816050312526 3.17228793168544 3.14887650434499 3.35541790990175
1 3.14129187462012 3.08636624815501 3.10736054924834 3.23681538151134 3.12722684654184 3.22223662638823 3.14403343378317 3.35357314773443 3.05127442370502 3.25298464324133
1 3.22862558908251 3.23539508058603 3.26025778946961 3.1145798579179 3.13765514438295 3.22861470129205 3.16900948700746 3.18514015300676 3.2122936494248 3.17367575278535
1 3.11632837115637 3.21905411391228 3.26232505063198 3.18140466224468 3.27198939219973 3.18801984847839 3.19163712426831 3.15447959285727 3.0494098021505 3.13468660084804
1 2.96993922145982 3.12325866164145 2.91578083108803 3.13189651955011 3.14939965746439 3.24630169915 3.30004304110384 3.09836315051396 3.17961742448021 3.23297979026570
1 3.17966854107578 3.34311665857563 3.33481299495251 3.26527484403858 3.21362997534996 3.16189266974648 3.03926470303834 3.21047583338113 3.08456266643213 3.34957580214216
1 3.27907554259953 3.22397087446599 3.08555246032563 3.25475585402936 3.09795687661581 3.06251309180439 3.12219221107610 2.94960297419102 3.24510510618054 2.98359671787429
1 3.15922579903921 3.08693037549860 3.22666496024372 3.17297756268326 3.19593106705818 3.21864217219678 3.04168119811627 2.98636998449299 3.18805493687562 3.03465106925927
1 3.07117398763576 3.09370168278987 2.99995406342865 3.12871491929068 3.15912574390913 3.12669773376349 3.12878106720102 3.16331160995279 3.30064679236156 3.11207903658808
1 3.00969458389721 3.31041825413231 3.21415993137011 3.26432017597756 3.28598670731028 3.25448151313815 3.02655231540593 3.17819333739611 3.16286522796913 3.17153751454087
1 3.18642488040126 3.0057951240374 3.19257094895396 3.27960035889836 3.23334042265445 3.17362606948779 2.97080848776358 3.16579576554345 2.97368682147553 3.06285794503763
1 3.21975071953165 3.22149670154945 3.26871100349318 3.27098645748931 3.07971605342328 3.31933414475001 3.16355105676641 3.06550695410271 3.29770663978653 3.12468315666046
1 2.97992581670607 3.07350276340819 3.11965028655216 3.23308064346001 3.36090903041728 3.13124770989773 3.14105786782221 3.11854684411436 3.23179067238038 2.88172377739716
1 3.10731903914877 3.08078065180131 3.13646388621222 3.20092863656236 3.03806904252016 3.21273190302305 3.22279079110173 3.34288227360237 3.26440059801380 3.19770256658292
1 3.24921027528705 3.2302217016222 3.27285927081499 3.15264546346108 3.15581688367347 3.32242601400273 3.16933383901411 3.13078897576932 3.16668812512420 3.08622380966937
1 3.18990813151852 3.06605791541612 2.96190420339643 3.21191982060166 3.188086921053 2.94695425499642 3.08774408138092 3.15680697007038 3.17567564108751 3.04608268078266
1 3.16842630071039 3.20880069596943 3.21948129237617 3.01311970685991 3.15670540274802 3.25734111820629 3.23681990674177 2.95208793812005 3.03671071606022 3.14560385938806
