1 0.709915174818374 1.05603152786083
-1 0.590320660331419 1.34790569081222
1 -0.703894290273043 0.999548850700654
1 0.875524356699909 -0.33032406022535
-1 1.85578019239188 1.19851916631098
-1 1.3902528367585 -0.155376512778295
-1 0.797590705517655 1.84280160658663
-1 1.74944500002504 1.69792414405693
1 0.260929890168689 -0.20892673815708
-1 2.20621693050145 0.547523050598637
1 0.30150863533069 -0.211860939689060
1 -0.469969840980911 1.09740845290271
1 -0.692880268736857 0.809164299699073
1 -1.21278834054711 -0.168461217774126
1 0.96698977932662 0.887133581648986
1 1.41132815385811 1.21292129911540
1 0.544539314600484 0.239384881101181
-1 2.20873716355410 0.328496092432211
1 1.11486033571198 -1.46277975771950
1 -0.163900473498478 -0.65318939480122
-1 0.483224046236849 0.488717891888318
-1 1.07491427330606 0.224944176642113
1 0.102498439506538 -0.0711952763091532
-1 1.44034203670115 1.43940014403368
1 -0.564615887798913 -0.780738283673777
1 1.24992624153058 -0.907025246708102
-1 1.40474151513085 1.15772662712418
-1 2.55688589712257 3.10500437015733
1 0.196309217584125 -0.160545295163918
1 0.585680557832749 0.578442847432059
1 1.12037171135480 0.874571527473533
-1 1.23678383698097 1.62844250241940
-1 1.21668795676108 -0.70363369660159
1 -1.38699804402071 1.62852192840687
1 -1.59074086735872 -0.454979996228281
-1 1.14247608454600 0.881634314457672
1 2.09609623761251 -0.927198942494803
-1 0.479695331449123 1.86834912948785
1 -1.29376135452704 0.671433415425879
1 -1.28533926902431 0.461866472019034
-1 -0.0659894164797201 1.30060792247724
-1 0.521288508914069 0.693337343189557
1 0.226397930742883 2.52283908426656
1 -0.467417102109013 -1.49395668295030
1 -0.427491684967725 -0.497096611523278
1 -0.200954127706821 -0.556988607295939
-1 1.07375174750109 0.320263745478819
-1 0.862571144567941 0.762721031061022
-1 2.10560833462232 0.153866790473868
1 -1.74072471457203 -0.95599885669968
-1 1.73962875568923 3.08948991115227
-1 1.80921385223075 -0.0925641294009478
1 0.159883331466691 -2.29797601048944
1 -1.74358049857842 -0.301564465551503
-1 0.851335404425411 1.39512023682174
-1 2.15478501731636 0.496290700266827
-1 1.91260703039736 3.04395449085715
1 -0.190204385003972 0.133663129046675
-1 0.879713809618413 1.36140523916794
-1 0.516050455607379 0.976478865221538
1 -0.715826232422263 1.21140510874989
1 1.01724535122756 -0.612568566107384
-1 1.77356568781543 3.16861577798005
-1 2.03038900064002 2.63491703330466
1 -0.249799867374495 1.44839853109493
-1 2.41053023843084 1.93895951170161
1 1.12057501744338 0.703510941238936
-1 2.6290288921583 2.40778125828294
-1 2.05764307733305 1.59072463783765
1 1.30934815623455 -0.791502317343041
-1 1.32300173806317 0.198601400453900
-1 1.03551395931685 1.76744999458213
1 0.351736406487481 -0.667924953396859
1 0.564725524245338 0.638238865196758
-1 1.79245889441126 0.926023266566285
1 -0.341494988738228 0.0657455771789393
1 -2.42942745267357 -0.307681677508781
-1 1.68186432438927 1.97407760250413
-1 1.18404961372604 0.909322274574051
-1 0.0776559255958593 0.959331462779131
-1 3.69452953214596 -0.224750300106256
-1 1.9422318759196 2.62404647519812
1 -0.638439021951814 -0.415896130746072
-1 1.57954445589287 1.96792806668903
1 1.84901266563742 0.738352656497792
-1 0.859027537046686 -0.331140215324974
-1 2.12800536924383 3.17836099347554
-1 4.11799712864824 2.81616050767831
1 0.480330395351791 0.0473955540988576
-1 1.53309251559553 1.86774224369315
-1 1.86048463541982 0.877310009426717
-1 2.62526762550839 1.71749619548696
-1 2.12331895115119 1.41588155754260
-1 2.10247415257506 2.19858374336278
1 1.81317119208707 -0.600201896308105
-1 2.25649304811068 1.28910503709865
-1 2.52839800646458 2.24808306298860
1 -0.954307223659155 -0.439277388603259
1 -1.56723623702505 -1.87287409748572
-1 0.983379342737671 2.17424983682823
-1 2.26251317678955 0.577175275220396
1 0.635129740227035 -0.303053997512321
-1 2.33969716270573 3.5887011768299
-1 1.3272497715558 1.53063977042878
1 0.49056829785752 -0.597129388787533
-1 2.13531786833243 -0.157675862063855
-1 1.96962251045785 2.00947199815835
-1 1.51361515461963 2.06682708339166
1 -0.275057922034529 -0.423108260405021
1 -0.448812933235002 0.314050596415359
1 0.591696453382831 0.156940651269566
1 -0.583824744455907 -2.15055529271114
1 0.4921921350737 -0.427061746378628
-1 3.27923338542988 0.384340191823036
-1 3.29222578746254 0.760393269932793
-1 -0.0406164826908466 2.56906718432073
1 -0.502895455524284 -0.61972853044981
1 -0.347869842748165 1.91086255689311
-1 0.203769850289372 1.74486552688783
1 -0.790279149768825 0.0671261319737096
-1 0.923606688016468 -0.49842964617402
-1 2.15509832429583 3.1522861946809
1 -0.338976339194009 -0.322623333615546
1 1.08760292453330 -1.73571886732234
1 0.30059638899131 0.59025774860954
1 0.462834466295028 0.370812846546391
-1 2.63883427853407 1.044317856701
-1 2.49827710631629 -0.69197360120861
1 0.578172048428507 0.224938634609762
1 2.15745420960794 -0.639183332731773
-1 0.19946026875429 1.52761168060449
-1 1.12818353863537 1.42740803606843
1 -0.935038027472471 0.46577715741861
1 -0.384417840152678 -0.694602079495629
1 -0.537015632203616 0.630624698095962
1 0.479373230015575 -0.0111157282940806
1 0.235131614943018 0.0585990668149135
1 -0.195003635551066 -0.201630583268561
1 0.499777296984966 0.182575530630961
-1 2.89504643526040 0.5203552110908
-1 0.770470637288839 2.68763640445320
-1 2.00076970674831 -0.261765646757983
-1 2.21121614593338 2.2043315849519
1 -0.140776233381678 1.96975974222095
1 -0.128525033562362 1.85263318988480
1 0.298552584202432 -0.673594848395748
-1 1.23379593922931 0.0785699580572174
-1 1.43319240402862 0.819364535009329
-1 1.39093177305060 0.0920697026071566
1 -1.74501007655010 0.511963818963499
1 0.13311701321124 -1.23550368144988
-1 1.13889980589604 1.79321074697767
1 0.766495479494707 0.290184178900101
-1 1.60312337346478 0.984223786197968
1 0.0185503313150868 0.439855113156588
-1 0.63751583414782 1.89814122197032
-1 1.62438075160135 2.48104828027296
-1 2.58769532081222 1.16179636157545
1 1.44871741636793 0.90248514248522
-1 0.610073735404337 1.51787212196993
1 0.404570458444256 -0.671559830190454
1 0.06807231672424 -0.93327771198719
-1 0.344546419400365 2.29430849182709
-1 1.18487964559331 1.13176872857078
1 0.460468658693144 -1.56062897592886
1 -1.21552057208026 -0.236663519082941
-1 1.94224436864301 2.44672257460324
1 0.304348288948883 -1.43202031397892
-1 1.41852063317711 2.76851298305529
1 -0.521645442495308 -0.751959783483363
1 -1.00328003842766 -0.0913752248391466
-1 1.6176794578067 0.466501331819513
1 -0.0124858898766312 2.17595889861988
1 0.592095398276411 -0.145076360082049
-1 0.886975125892453 2.48932060836203
-1 2.94337383128642 0.393048657786009
1 -0.400539234769786 0.749769754337899
1 -0.810251093680186 0.354000518695743
-1 1.29105242615324 1.28050705662180
-1 1.44759309011824 0.528169448241748
1 2.6712067186183 0.857982226871783
1 -1.00575149495582 -1.15814361507001
-1 2.62773309686788 2.66180528001265
-1 0.383480771236851 0.582745758051247
-1 2.02102615480538 0.113932699219334
-1 3.6416320819258 2.5175191759322
1 0.452877779762283 -1.22082381045983
1 2.19537938399939 0.988522336396914
1 0.0235125852140249 0.691715454584818
-1 1.21380065884338 1.40312726828180
1 1.07413525999672 0.909306991191046
-1 2.04097618938827 1.54366992803725
1 -1.69154975769005 1.33994837891511
1 -1.31871326751295 -0.914727268680484
-1 -0.660967945414348 1.97791978387154
-1 0.598328120944702 2.31844253685503
1 -1.31724618182733 1.21338601402109
-1 -0.166217369749725 1.77431873842703
1 -0.41910435566739 0.111527203251874
-1 0.509645320098321 0.660240558727065
