200
2
-1 0.429822096639614 2.10178500457343
1 -0.0842564770914642 -0.0961967929667676
1 -0.407252166055329 0.748543696089919
-1 1.68782814293219 -0.0303735424242357
1 0.262351147345685 -1.83638872574708
-1 -0.724826298335725 2.9281855008575
1 0.351868681717341 0.608648196926
1 -0.246955148040320 0.96634398064886
-1 0.855897583535429 1.32921375166367
-1 1.21850070003690 2.06402733176643
1 -0.108286319184314 -0.000335410112973594
1 0.450449505797437 -0.153268179835695
1 0.690728075230392 -0.554976898613738
1 0.55143221427709 0.113870707402955
-1 0.923230837374486 2.37264272199795
1 -0.0731131591466477 0.687521029156677
1 -0.942504504699935 0.308142534637622
-1 -0.568144472189297 1.79137350696427
-1 2.11905277732623 1.93321624310822
-1 0.995686019666527 -0.0325469650719272
1 0.729336879392123 0.678467643831253
1 0.908934075970536 -1.35791741088218
1 -2.19482035478133 0.809444238795295
-1 0.56525322691143 1.87571835127988
-1 0.7267533638052 -1.7121533358579
1 -0.779128621161159 -0.425645451397302
1 -0.192659605471746 1.04609496315222
-1 1.90594544687814 1.28932544158861
1 -0.205379831957619 -0.469345881530978
-1 -0.0997819354374003 1.51277742039489
-1 0.977127994588609 0.529652072735271
-1 0.566735261648397 0.663266209102632
-1 2.93052095650452 1.01030781934066
1 1.07155722480977 -0.55543775594566
-1 2.17171882412308 2.07891735849076
1 0.249406027893649 1.26205897707124
-1 1.24951579438963 1.94656833708112
-1 2.08729457595754 0.57257796355166
1 -0.615033746158715 -0.799854616864657
1 -0.987888477098504 -1.20458630669949
-1 2.36457207599164 1.88424564258917
1 -0.22132107987485 1.10363050205777
1 -1.13379063864143 0.844199139395154
1 -0.224000409146814 1.09016373865123
-1 1.02199385926660 -0.191077632402603
1 0.984937961691394 -0.63286506733564
-1 0.774984342895034 0.927284068583228
-1 1.08324099751201 2.59667322161402
1 -0.304681554396209 -1.50446425570484
1 -0.740367827533997 0.60037534114441
1 -0.0286757534314169 -0.103064009722315
-1 2.41636223441990 0.828644501755564
1 0.198918546903307 -0.639149108663504
-1 1.46525933405131 1.21961822074403
1 -0.133153537833143 -1.90813930777705
-1 0.942349996946187 0.372942499635041
-1 2.1311759978684 1.67598585972485
1 0.301075446585 -0.0478103157096896
-1 2.00171212518477 1.35096545403106
-1 2.23837940951165 1.61245539563987
1 -0.528738488593258 -1.26473735267355
1 -1.16911951476086 0.00631160298790367
-1 0.678589690629273 0.252721261136154
1 -0.660753606065135 1.41616457486189
-1 1.27614521056955 2.16853646511632
1 -1.90307552699645 0.133564781010446
-1 2.77698936522869 1.52661248013427
-1 1.04568477279999 -0.359279100149934
1 0.947893791440317 0.459472053793911
1 2.36176046040181 -1.80171001114182
1 0.103276702619067 0.491899422745254
-1 2.96882299567400 0.784246887337993
-1 2.86416112852339 2.03883496224960
-1 0.41926163213232 1.27133515863128
1 -0.177915375091692 -0.285810060958826
-1 1.90881182805710 2.19781533212783
1 0.334455002789291 0.512245168567793
-1 1.46033198734990 3.04781602387102
-1 0.0400228776663016 2.28149275253847
1 -0.505273681507942 0.809193770703733
-1 -1.38400873108141 2.48073572472361
-1 0.111214545237256 1.35066934468048
-1 0.619187149338448 1.67281133808415
-1 1.75645911808756 0.491459718415458
1 -0.499353915088413 0.924134950699536
-1 -0.882988703825436 1.62119760126295
1 -2.16603754601664 0.415598600101964
1 -0.322598358108629 0.845165562993548
-1 1.10798401318276 1.59680203771778
-1 3.17048445564403 1.06331724364278
1 0.381784476768274 1.70645282591428
-1 2.78009834500673 -0.0783397970507449
1 -1.28780567291208 0.299365358920519
1 -0.98767460812523 -1.20745552810258
-1 1.43299043277103 -0.111325978334014
1 0.64698277878218 0.704769180348766
1 0.644075986321744 -0.626229078121863
1 0.997426890129515 1.72896767299738
1 -1.05187830461175 0.141230400976895
1 0.657661164485002 0.699158565140924
1 1.22673868824509 1.03211940054321
-1 -1.08339458343343 0.496153824709684
1 -0.220879692166174 -0.0421199482840561
1 -0.875208752135337 -1.09837201398512
-1 0.420696818772982 -0.804394481122173
1 0.494300726389242 0.586965304350748
-1 0.580285111025203 0.913250495536871
1 -0.144612314534122 1.41568215707767
-1 1.19801970480903 2.93330167098058
1 -0.441961677968647 1.64524948531337
-1 1.74109958413961 1.15142811611336
1 0.0767855022519377 -0.0599196261154966
1 1.1993056326704 0.653843656202092
1 0.747097792411886 0.364646461189844
1 1.21430450595402 -0.678525533804984
-1 -0.458852969359767 1.87401092759603
1 -1.60787653105424 0.221206033382648
-1 0.264359786874728 0.483502199352138
-1 0.93882572933255 2.51867556571544
-1 1.39256038883253 0.59822801554591
-1 -1.41459031072297 1.66403254425725
-1 2.09005432606674 1.04403271827519
-1 0.559972515589482 2.20135750725431
-1 0.572678362065058 0.644836767701503
1 -1.25358424887829 -0.770369737170571
1 0.153132732896892 -0.899481609519791
1 0.795463311098491 0.467503411264374
1 0.97561010916738 2.21725227449411
-1 0.713096901357046 1.28021329504164
1 -1.72004656509724 0.366899253403705
1 0.484794431121356 -0.618118609080501
-1 0.650283770441078 1.44874493262336
-1 2.13419372306154 0.883100050940661
1 0.776316457693538 -0.0164713742358831
-1 1.61351986007198 1.65117787900904
1 0.057130898102303 0.184063248497135
1 0.587365343808529 -1.82709825139789
1 -0.569915648223111 -0.776431968588823
-1 1.05329330282894 -0.84637438163049
1 -1.57814715833352 0.5556500894141
-1 1.65859428415577 0.65758856780226
-1 3.82150228921507 2.13192669266964
1 -0.722781188703615 -0.73255786256039
1 0.781349766014921 1.51009563345604
-1 1.55280953324479 1.14245103083255
-1 0.625689177195135 1.59433544797225
1 -0.685767374749618 -0.178493350581082
1 -1.00889028185622 -1.40335565978974
-1 1.23211273030653 1.14116145493779
1 0.935864169176621 -0.975391929157871
-1 2.86294386034934 -0.347495134623638
1 0.95053649423779 -1.78555278333597
1 1.89091906046796 0.615310828046346
1 0.172288759288291 1.59081450277449
-1 1.86923855140676 0.40324182170077
1 -0.0728811443305053 1.96340554396850
1 -0.227238667750591 -0.782887493314946
1 -0.260783793521461 1.22816114459870
1 -0.893763364526503 -1.08702316296930
-1 2.52400531115203 1.55438295849325
1 2.35010365902564 -0.173546715366821
1 0.82407343461284 0.633090089230945
-1 -1.00554776508713 1.72236243250641
-1 0.77576146936275 0.546295216750872
1 -0.743015258405989 1.11293892119891
-1 1.9819906567652 0.406901710623177
1 -1.65680159664040 -1.10253905404821
-1 1.23015404182278 -0.71096324896201
-1 1.64743073408073 2.04940528156311
1 -1.34915309483514 2.00366943072647
-1 0.898786502996659 2.62716570062381
-1 3.28838139303697 0.853442719868075
-1 2.38875306707641 2.40245215671645
-1 0.730870585968044 1.98191041215913
-1 2.18767498176852 2.01243834845168
-1 1.49338917176639 1.57147942562895
-1 1.60457828159117 0.0154625801893993
-1 2.21655356786925 2.14836093281571
1 0.441444707987028 0.597295754252185
-1 2.87080830890897 1.53268154328702
1 7.0499969412245 6.98308352039423
1 6.9764707736398 6.97825491330403
1 7.15294683774878 7.09618259309047
1 6.91979203145881 6.9252544371493
1 7.00931184119996 7.35176958291706
1 6.9896928151933 7.15453813487112
1 6.92437846474142 7.1001387533314
1 7.10217014563228 7.08664695139766
1 7.09345413031681 7.15152215051217
1 7.26281749101494 7.205927185494
1 7.05012501471805 7.07077320337833
1 7.19323756590312 7.03773127463836
1 6.95865467467232 7.06295351908695
1 7.12209807908524 7.15494476409134
1 7.1544770203264 7.18592022162311
1 7.22809751360456 6.92628377242363
1 6.99850906289664 6.98622990712022
1 7.12325119288668 7.23587471085046
1 7.11939117925135 7.16914514339832
1 7.18475611154157 7.18118538066839
