200
5
-1 0.0457172184639267 1.31029834265547 -0.667510203766354 0.230911919420043 1.03753725982666
1 -0.138329159925387 1.33238153367855 1.20338309391262 1.19756611367890 0.234476165866119
1 -1.13816182852101 1.31475106125140 -1.71367701324937 -1.4594940568161 -2.00012118658363
1 -1.25807131410397 0.791344382530809 0.408571595376101 1.12010374618402 -1.84114722470813
1 -0.599669600638336 0.81751646185561 0.337376441724453 -0.153228602357476 -1.69836168598052
-1 -1.52126603786216 1.26946527616512 -0.448512748681969 0.187880293440714 0.582291206855227
-1 1.92606471329613 2.47033060230806 1.34612511561389 1.79665468528272 2.13699792530905
-1 0.842254847954901 0.525257894484916 0.277560635197469 1.20248104256824 2.03260591793479
1 0.92161533517937 0.901012516149364 0.87589986811319 -0.24864990903373 -0.317670379451532
1 -0.558841553674422 1.28322042390211 -0.0821558007501427 -0.459595069758987 2.74751699066094
-1 -1.12588343243354 1.24845880242066 0.73395296979608 0.96132298556258 0.130387177986995
1 0.0579876518835577 1.78244229319065 -0.220361437175628 -0.803313320076046 -0.687498687714174
-1 0.814567860319479 0.128779209606447 2.26503995263752 1.19397079382718 -0.034851067180209
-1 2.62144836503635 0.808807949409618 -0.320743583032615 1.52932675621113 1.92893243201747
1 1.85777255653401 -0.312121184823225 -1.44397315275800 -0.0813511920871213 1.31166686699820
1 0.0593288831570527 -0.467205011133935 -1.02609646121407 -0.802464976612677 -0.221811873202986
-1 2.61270042025978 1.56232508627603 0.90858257848551 0.609891956329038 -0.349792922323038
-1 -0.399397463125855 2.56578497126405 1.11992823506085 1.88840161504516 -0.74573349776567
-1 1.41066600427266 1.54501194514193 2.76555142741563 0.673610166261749 2.02459726083938
-1 0.96647507010271 0.969187673052802 -0.262078959055488 1.47238721484467 1.30981610138352
1 0.600449355405126 -0.361991888817426 -1.58546933017278 -0.215949416303948 -0.88598833222517
1 0.472861356298679 -2.17401564263606 -0.128829570629817 -0.0356869222618631 -0.298573414751166
-1 1.30147171507441 2.41400303185044 2.07070109130876 0.380174246730145 0.830707911447909
1 0.661982905132768 -0.685222668870911 1.02065834151608 0.686436180251045 0.134743715424046
-1 1.11614885559733 1.19212153138362 -0.140736560797277 1.19937853513716 0.411758147630008
-1 1.37451936400759 0.781314942074661 0.829951381068349 0.169271660119361 0.628622459250874
-1 1.50707870142856 2.43527066754461 0.77356486324821 0.295826314960578 1.9239331524487
1 -0.144006335483939 1.65372992394139 0.328221266449289 -0.857686293037179 0.654753428664124
1 1.00977394474949 0.397644332756267 0.535038425725382 0.98575326932094 1.75597036074227
1 0.694514276905599 -0.130642468338889 0.126214029199850 -0.253325708707979 1.37926349534146
-1 -0.454277803419352 1.79557170973044 2.08870470745785 1.16623102905514 1.53100966094592
1 -0.410070358491131 -0.706082974059786 1.53021280758174 -0.230752423175505 1.14274854797738
1 0.458073281656053 -2.19299902412037 0.110116225176817 -0.664691086547399 -0.137931504097864
-1 0.79480054913424 1.38027256982065 0.63997134930695 2.18414004409337 0.823360442125477
-1 2.84299362733152 1.03461310361281 1.11445793585187 2.08710081157755 -1.47390796249514
-1 1.68262782157468 1.90007425428463 0.937094428264382 0.653842536354885 -1.07084283424014
-1 1.95070178402428 1.33824818337967 -0.0407733569340213 2.23247025790448 -0.00135530595546662
1 -0.821387440237479 -0.395918333195313 -1.20136927007282 0.399298580716035 1.12724723527124
1 1.05067158809014 -0.938953611454076 -1.30482143732188 0.276157639381312 0.543876136621905
-1 -0.174813740255976 1.44504874464180 0.6425990010476 1.73321990330785 0.699762800308412
1 -0.85625648329712 1.03176369923785 -2.55247979393923 -0.46149829251751 0.250225749492714
1 1.3812390593725 1.21153531470356 0.203015165375088 0.882841944751277 -0.312070127439384
1 0.657928712301686 0.405485961128142 -1.24088234213477 0.566183252676253 -0.167494813328459
1 0.882091141579054 0.514647398328278 0.717372411085775 -1.66337364457971 -0.146739927091519
-1 0.420102407775406 2.06843645821415 -0.50529326508783 0.524657544458066 0.063661244505862
-1 1.29450721464541 0.0855866431175817 1.07607265134000 -0.298918732644758 0.56968319271843
-1 1.86609757725334 0.840460773416766 1.19170729814341 1.86914224163789 2.07911394581460
1 -0.283382398289669 -0.192036265422927 0.593451445628452 0.422663926377089 -0.0854858992041445
1 0.0200973964913221 0.70674478472184 -1.32236418789473 -0.651841521540344 0.466123333947155
-1 1.56095244206897 0.764242235521741 -0.0387669305681125 1.96667338257962 0.594223587567532
-1 2.59353215126866 2.33312832751333 1.26009943807563 1.12640433040973 2.28645694147915
-1 2.35068747539604 1.17423197966181 -1.36981071722346 -1.11657661392963 0.0607155457908641
-1 -0.615133220447574 0.531967928977616 0.852456754892095 1.15193883470430 1.34508974701858
1 2.33618775235924 -0.158472280973763 -0.83363732730187 0.583858379499937 0.566741295570893
-1 0.855204609886187 -0.507883137089636 1.93605676440825 1.69820280540801 0.256525894055827
1 -1.27466821226959 -0.505664357044857 -0.709437416389248 -1.81902897155598 -0.61594520064365
-1 -0.749584982105404 2.10464223673783 0.861310928276699 -0.626552213160663 0.164311768074913
-1 2.63898048324394 1.32352357674806 2.06163535495782 0.68108455056872 -0.514590144166732
-1 -0.258946406746689 -0.077881999409691 1.07365875912497 2.35060657117777 0.965315984199932
1 0.0706552159963822 -1.01106759449580 -0.386381413577566 -1.09972812235995 0.434644061092123
-1 1.82523127767694 1.12402379613340 2.33399541146088 -0.28455777499277 -0.394085667787256
-1 1.34071082357372 0.499050593628856 1.36957063781348 1.56272256047047 1.01160191522283
-1 1.23581851938979 1.55473824118611 0.0509032982969594 1.02299282734026 1.49981989741588
1 -0.693500786012152 0.420785236579444 0.173488939684478 -0.304209241290271 1.03695532236498
-1 0.495518289007088 0.407060817582332 0.160156494098953 0.815133630877427 -0.250197433590514
1 0.631506716865815 1.97274838769157 0.49132727055321 -0.963258677657283 0.396733114883432
1 0.98169057343706 -0.924908431472167 0.832002710501659 0.404568398224081 -0.779739186347067
1 -1.44818008094816 0.0565640100301021 0.334821717578897 -0.326311533327518 -0.0328653303615331
1 0.650648744704273 1.40310605695304 -0.575314243925542 0.830025820052633 2.07609256223437
-1 -0.131953835936271 -0.0958744162487177 -0.0435716022637298 0.305147891227272 1.55109667909883
1 -0.94921993306861 -0.72635036718032 -0.0560202231243465 -0.827576981834578 -0.980504742787782
1 1.18570680062457 1.99143334913668 0.0694893609661041 0.119230728700852 1.58796455376336
1 0.207519814527591 -0.288970831526039 -1.6327477383426 0.547203115234712 -1.16293206842724
-1 -0.9579064570757 1.04249090729105 1.58693063628103 -0.00760955809382002 -0.89498150122157
-1 1.01451727420804 0.767791105047834 1.15810984810780 1.48260435118060 1.74193628070561
1 1.67514916590728 1.05318139863449 0.783697141237819 -0.900046831449077 0.569330228765637
-1 2.11625786690987 0.579020766939637 1.14472097044598 2.06731201488855 0.127014763902523
1 0.33674458481121 -0.269318683731409 0.959838215323683 -0.465573404597181 -0.72996771816651
1 -0.868080681576075 -1.25827645609034 -0.592664965048142 -0.104737424571246 -0.547878645321286
1 -0.901217739055021 -1.53829497407654 1.03849905404686 0.906878040066336 0.985313397010916
1 -1.10163126053369 -0.25298176460561 -0.94882681006853 -0.96635625211957 -1.52682076983945
-1 -0.0757425369730943 1.23981571462772 0.332084717261575 2.34810118138904 1.19182642801015
-1 1.97214845314956 0.71886394289736 0.90900759668694 1.83486869274716 0.809122805938983
1 -0.304693775177203 0.374123141053012 -1.15277565437289 0.693903381397297 0.433970799331492
1 -0.117639653682321 0.115936965419063 -0.151639585783306 -0.559246465520233 -1.04552762178112
1 0.507368436047498 -0.217554799961538 -0.264128292405856 1.84592495746875 -0.411096237950734
1 -0.892236821722159 -1.00551091711868 -0.0317124613408285 0.0514249228003969 0.121171652782712
-1 0.395080632621182 -0.450466567486741 2.11144628809328 -0.295456278961651 3.01008286311581
1 2.08023514807218 -0.140981012575701 -1.85339732596826 -0.400346054841344 1.09099931381665
1 0.443267010938245 -1.47048404656231 -1.04818165511360 -0.52403132429543 0.53473815376078
-1 -0.203317077266195 1.00237200712152 0.0993989392584081 -0.589518845289243 1.4912191516337
1 0.706454143500888 1.52265701341603 -0.370765050826661 0.322461232094818 -0.741974201505774
1 0.750487699130972 -2.30345418360205 0.768357697921423 -0.0152868920586806 1.52938116729804
1 -0.108156305787034 -1.30838154239665 1.46470489326541 -0.446330680142206 0.12728102364249
-1 0.127810408715035 -0.527400320491687 1.26941129831131 1.66590384897552 0.535146429974149
1 -0.407009909558432 1.00547640359599 -0.0551482790384824 0.0435973765304267 2.16243257218761
1 -0.295819789144364 -0.585066404033717 -0.167015604139600 -0.812474057897861 -0.0951760574728364
1 0.698933155231721 -1.05823883776771 0.973440552784505 -1.04065606695527 0.490285467016914
-1 2.05573985015805 -0.0869214319048869 -0.267447213346109 2.62954429155686 2.05652337014747
1 -0.153834477924845 -0.275502848148423 -2.59275434448063 -0.247345321421368 0.841723899397685
-1 -0.877768992634162 0.739873888777782 1.05872516304958 1.06607034348183 2.04107165358121
-1 1.32553104296185 2.53944284900535 -0.0299276397882413 2.05280238612242 2.28831975718095
1 -0.676810341445398 -1.12866217670410 -0.136006095105774 -0.937787976192196 -1.2261931982879
1 -0.289830914302389 -0.550409374915401 0.732522381291862 0.251833956213409 2.31080439097248
1 1.68837724216227 -1.52053475796182 -0.660812972810895 -0.739286726947731 -0.102851501639004
1 -1.74121027779477 -0.940890765639353 0.172607927889050 1.95995144336588 1.85451463398786
-1 2.18846431222203 2.21016102900148 2.20210199855933 4.5251179595678 0.899172405156867
1 1.7190614296909 0.691546158106672 -0.289612556800404 -0.988127280338886 -0.808500828889374
-1 2.75299568390403 2.44892418796668 0.925839972691188 -0.540689390366973 0.0687292214756977
-1 0.544142177445361 0.136912674402101 1.35781069359906 0.084528430618136 0.520473560898058
1 0.173979134672790 0.33824242365792 -0.366909428107993 -0.518412755795903 -0.144631894275668
-1 0.93810796289477 0.525928207059308 0.592396344867714 -0.452488811598576 -1.2739818936669
-1 1.21005989733175 0.00786981851901969 1.11077557639494 3.58334561807445 3.26452104700685
-1 0.122385765324293 -0.897957825189453 2.41728569889963 -0.316544935330106 2.10991829471144
-1 1.81864789801570 0.73909503430065 2.11171906601546 0.38479657902453 -0.113493953939992
1 0.769601127383577 1.81678097553608 0.233405704329697 -1.00440536863111 0.290894543609460
1 0.712316328313638 0.294524279424581 -0.777537878829642 -0.0794273393631503 -0.73437328056891
1 0.838177441329979 0.105112807110648 -0.133756353241251 0.106852892766696 -0.616060957132734
1 0.135240841199239 -1.19924348372505 0.248595688807046 0.850781852709741 0.116579592162545
-1 1.46846203678316 1.41743405992954 1.42772534227251 0.370011324957408 -0.731156509597514
1 -1.48354620783750 -0.275863210776472 0.822358543740977 0.0938430621918531 0.101994402173523
1 0.962367836313587 0.206061188338749 1.93988648182565 -0.0459412200071566 -0.0548496268857524
1 -0.303048030595742 1.78797289446710 -0.520836673691912 -2.47874574217815 0.848283370329792
-1 2.1822989089969 0.71922735024951 -0.758473349668577 0.217797889221818 1.68126477257209
-1 0.443981081933123 0.98003001121975 1.15684550781593 0.54706657797069 1.73510237467396
1 -1.03460732923806 0.741216198636407 -0.789612133628637 -0.375556533940676 -0.74563245752877
1 -1.16743552974447 -0.355473595673547 1.24914982332304 -1.89866413311451 0.66117386854118
-1 0.653534919323885 0.773669540895059 0.124824349288242 0.491849891649111 2.21952729265535
-1 1.60375809673388 1.43745777368906 0.0740292205634192 0.910796550888486 1.16188245410856
-1 0.586472632979341 0.535646313534528 2.50040998143895 0.839430310604102 0.672958839209434
1 -1.19920113984865 0.212105577202327 -1.39326130109657 -0.514831319476774 0.737188622186412
1 -0.187372572960832 -0.980577517971784 -0.556434683199577 -0.224775694751547 0.910662868133363
1 -0.606683760388599 0.000582799169322401 -0.05690714942117 0.663212240259369 0.908951026508446
-1 -1.11580025968080 0.579102393668448 0.245296343061478 0.109369196399897 1.68858256759813
1 -1.22446083640713 -0.78063358336237 0.151563845488744 0.943708239234202 1.02072986849882
-1 -0.258916578643529 2.05117197405597 2.37368788037403 0.247941478145832 0.3934154448172
-1 1.12095397780020 0.808728762563304 0.874773674846987 0.393397622448475 1.58352234842051
-1 -0.266033072698857 0.0193379316570635 2.96354663788089 0.417703613566396 0.0235483196859314
1 -0.0910373758611792 0.821196268875144 -0.303099135965304 0.136373370930537 -1.64986928053548
-1 -0.741693958251493 2.36613332620068 1.26345405875805 1.08312368345189 2.07230377358762
1 -0.998800953208724 -0.230644546029206 -0.308002358443065 -0.497449789437722 0.539396942833343
-1 1.35126181117340 2.00545232891480 1.21132028245797 2.03250271838010 1.65666286047635
-1 1.2431517470443 -0.569527778644339 0.532353791926723 3.21692497166150 -0.580150002166056
-1 -0.616147322087341 -0.373380799908777 -1.34251701840950 3.27838050219030 3.75130327203774
-1 1.58537943336418 0.971603414189284 1.40982647309329 0.776377970612525 -0.225262627816685
1 0.0557843262185903 -0.158180685218636 1.01509647663857 0.265675430279259 1.83144497199568
-1 -0.55907512222925 0.53631420860189 2.40163421525324 1.94282641352647 0.310602014979015
-1 0.775248403233307 0.792023579266082 0.657274050825103 1.10098974290519 1.51702602118867
-1 1.45302809472069 1.42775985478910 1.39819908066929 1.38595827882562 2.00991209434977
1 -0.283995657316167 0.410324817349715 -1.45789650717024 0.8730911572555 -0.630571996715267
1 0.380994792644808 -0.763095076877449 -1.28267093621946 1.15208399121902 1.36546410061089
1 0.078799352960097 -0.992184888527211 0.718539461298549 -0.245085612943159 0.585921592272217
1 -1.57069251890851 -0.0593927934943023 1.70017541827883 0.690577820587768 0.588770609994676
1 0.300462864498515 0.0802703435150028 0.871027264604897 -1.25672970050327 -0.734893947909611
1 -0.80189818134279 0.538377833811455 -0.509845174270227 0.965251747620826 0.510741409932171
1 2.3904530687099 1.02443003654038 -1.97023625084853 0.971428039810162 -0.00183609177143912
-1 -0.325038225261208 0.701321436393887 0.685141182641887 0.645172620697343 2.86232680067208
-1 1.51354747584713 2.32647985094409 0.617087948301899 0.948503711443259 1.48314370101134
1 -0.345469883993916 1.18091685837366 -0.176425132479007 -1.78372258267632 -0.105939191174214
-1 -0.487040472627727 0.741071039566138 2.64298521154986 0.081567809479616 -1.37311454325256
1 -0.408468367322558 -0.32695532207366 -0.127068632710755 -1.89343496032038 -1.86530151286631
-1 1.28883887919507 1.07192846902644 1.47463540573848 -0.145003378378874 -1.11358529778069
1 0.873909272238544 -0.126256924251843 -0.530749583547945 -1.16143334346922 0.102086226872896
-1 0.0991411265698698 1.14209579679927 1.61933297160184 1.84293079981818 0.837900160410565
1 0.96789387124967 -0.044457294511659 -0.332146176550123 -1.69995834665214 -0.134174006054295
1 -0.0929492819546507 0.474033483937638 -1.84308014127432 0.272282305606543 -0.0725783440987956
-1 2.14647980371271 2.55227752247978 1.13067506833861 0.734705885711991 1.85993300199192
1 -1.04808924689327 0.129567159272095 -0.499835432730322 -0.0531101151665444 0.173840384716956
1 -1.30837383011918 0.422620301037838 0.859549754284127 0.820357003539032 -0.0392994942562564
-1 -0.80328428597357 -0.611107480067141 1.92377998772183 1.61417456387641 1.14617332654852
-1 1.97047946015472 0.121278227946484 0.471207167418776 1.92355005474651 0.599469814812677
-1 0.372835236524615 2.23058992427821 1.97444774394740 1.20686190807040 -0.641171359593133
1 1.42661937395764 0.92710201017316 -0.454712386223796 1.33195157979167 0.563410859285175
-1 1.52423312574745 -0.26379620999976 1.44769349389231 1.97892033047649 0.645054638791072
1 -0.220996177332083 1.44959776037226 -0.2856020370159 2.61242546693992 -0.883855409832522
-1 -0.0916091673239868 -0.522909776416116 1.66647587545125 1.64786854532880 1.22029882759704
1 1.26283069758612 -0.736251070107903 -1.06537227328204 1.20923872131379 -0.587694788247423
1 -2.1492515599647 0.286419492305498 0.195485481947709 -0.367128670854811 0.894048722740018
-1 0.801748573767555 1.29388826997025 1.26473998085936 0.840738919206135 2.14468733703076
-1 1.62300894665395 1.09007211210067 0.419555214241534 1.05663877053787 2.23345408711300
1 6.67347746740368 -6.65724464674162 6.84237204845464 4.07550580704912 6.68387278739735
1 -2.60628461474367 -0.971680088521144 5.11369610088835 9.5353210036369 -8.13156817313657
1 -9.1796733973075 -14.0653178234742 -16.0824510795743 17.0213351076924 -19.2864416234937
1 7.80489809831722 19.6238754910423 -3.8495933645637 9.78620087285194 2.67860959412448
1 -17.1065120033554 -8.57960572454965 -10.706854089721 -11.8108570877773 -1.90640806155899
1 -3.30505338789396 3.37644812116945 7.23963882175683 -12.2318247158124 16.5943441207171
1 7.75213395232662 10.0958756435561 9.03633078494374 0.0592502416890436 -24.4720198133595
1 -5.97491892259181 11.8745508144022 -13.4996426579201 0.195291103316128 -4.12238286658778
1 -15.2122333935837 0.595673855864123 6.75682332822886 -16.3093596682429 9.60947587407406
1 14.1439763929748 13.7884670101715 -6.4504256851936 -3.15920370409823 10.8560118947720
-1 4.02489037345275 -12.7934055744829 -14.3772988286548 7.78024817955875 -0.196637378839545
-1 5.56970896844798 15.7480351661329 20.5227975260072 12.1259491268195 9.33002314315935
-1 -4.68867535396393 2.35298350635766 -3.14786889740943 -14.4842226867718 -3.0928148332355
-1 -1.72822717108317 7.41386803961791 4.44403761197387 3.86468130593444 1.07878217092481
-1 -6.16608315304128 1.13462488607497 20.5406411124051 2.09887673663582 -9.19719604334119
-1 13.2558968714748 12.8518343576664 3.40469950519412 14.3378536805271 -21.4779309493562
-1 0.680040170988635 2.78340178410168 7.99383589651894 19.7749251807637 6.78596250208516
-1 14.3433487574476 -9.28660650209262 0.209291246038175 -6.5224427432122 13.2505461535212
-1 2.28672133934938 11.5258627586539 -2.07549902526759 13.3479968479152 0.572405201071454
-1 3.76799987010373 6.84466533069918 1.28607552175450 -6.98677537426691 8.30855983076277
