200
5
-1 -0.794349346235547 0.325690926763515 0.221498662039011 2.30942577170885 2.46092671375196
-1 -1.69986046346716 0.794101709209931 1.23702558000930 -1.18929923612615 -0.1420317880902
1 -0.86512101692408 0.0719222182880099 -0.934733967568058 0.293032545997736 0.274344803949657
-1 0.804828086347295 1.13134602692950 2.28244508169373 -0.100315118925609 -0.0356850964703921
1 2.22403580330095 -0.696409870802805 -1.35994485462581 0.233169483197575 0.775453870817652
-1 -0.225346068625723 2.23232896647651 -0.35280415416648 0.541218231346889 1.21189015073197
-1 0.822531418213008 0.828564224101469 0.387590106440201 -0.0450243653598388 -0.810322310522305
1 -0.724963793029326 -0.483413796122276 0.157211330795696 0.0798591008128224 -0.832393166435221
1 -1.64903000405208 -1.88565869341146 0.359387353148664 -0.177644675572226 1.11856341414525
-1 3.18260043299830 -0.113549531504767 0.969484057235958 0.701505072846749 1.87061016834167
1 0.866773727062451 1.21620995489802 -1.33670144720692 -0.83621477084898 -0.72893934289826
1 -0.330003979983607 1.28989774057714 -0.243421912822876 -0.288925065811303 -0.862705143450029
-1 -0.242260080178418 -0.235355074917781 0.813055457142612 0.717641090411215 0.357517813085147
1 -0.45224572718633 -0.234765623849956 -1.38277974825681 -0.933426767148285 1.07602787766704
-1 0.351227594417455 -0.807549005302802 -0.824475417691117 1.04228779664103 1.14058794406432
-1 3.27861423348831 2.21055949697011 1.11422994542472 -0.934157808454524 0.456619432981382
-1 0.266358695904391 0.33280914022286 2.14251326374669 0.485697629681403 -0.581311252470453
1 -0.341817539773949 -0.297188200801501 -0.175458264908591 -0.675113526291145 -0.94276709521399
1 0.321386479708673 -0.7306124774851 -0.638467422764596 -0.935406640605367 -1.09118478856499
1 1.22530195251587 -0.288986940671321 -1.39214212331359 0.520121333527657 0.746132781026444
1 -0.7561107313205 0.068803526700016 1.09538726934752 -1.08386243137333 -1.30755222309547
-1 0.944316351162552 0.206692008759341 1.51389555208713 -1.23643903991593 -0.211067641686915
-1 -0.72337290644387 0.102067024809537 0.00999154750399833 0.0707161661360293 0.551970680323377
1 -0.0241281741090828 0.609814529532621 -0.810237254239766 -1.16721935525278 0.95714583605734
-1 -0.107361859166376 0.896128719470943 1.47849635969997 0.342904175933403 1.07081803205614
-1 0.659504236147337 1.99814572732278 2.54721447057732 -0.3500218992084 1.34852230735305
1 -0.877555296080893 -1.60612003333960 -2.43026209399221 0.400122586990196 0.284226992117738
1 -1.05987202209807 0.0174637550175837 -1.57917313082678 0.351411701571061 1.12076984301114
1 0.764773808608984 1.60866698466223 -0.306681868781386 0.317351571980971 1.4942218251322
-1 0.485100369034846 -0.96044966735430 1.84013250897586 0.245226090803696 2.38784113231594
1 0.628380531664471 0.140163677299130 0.629070163658894 0.329207916695267 -0.308547540725953
-1 0.645482711614826 1.54364112356651 0.970320063399617 -0.414045418783064 1.25034787037504
1 -1.33265849458297 -0.384747127289774 -0.658217293859147 -0.221177346084775 2.79266495801554
-1 2.19795553668618 1.78414108836634 0.974326498944566 0.856562494728956 0.505933297615965
-1 2.64399916232543 0.0127469267056872 -0.192679109262083 0.185111991870794 0.717535115120269
-1 0.279235584869098 1.69878309418898 0.366149011758792 1.33369308440408 0.85875111995831
-1 2.05692607534610 0.574850085383549 2.45901506690165 -0.472742386721255 1.49334019983489
-1 1.29761565188739 -1.73812553740865 -0.105982868906339 1.07365396988734 0.718867519589793
-1 0.190808158512214 1.21781835342819 0.500606194020563 1.91578970965932 1.04989431120553
-1 -0.864800084829959 0.434416623462978 2.80718335967214 -0.406038830974089 1.37057438741902
1 -1.04441477879277 0.104323869726879 0.739899534588226 -2.91492975324640 1.26373223572943
1 0.863564017758225 0.523412753997417 -0.350962069749648 -0.0319152722384421 0.452688875762059
-1 0.33713123964489 1.52038403475119 1.96862678008178 2.33099280322249 -0.210481732829864
-1 2.02830532124271 1.72322303782438 1.39860116703404 0.120089034821965 0.783493040829844
1 -0.299326714720154 0.601195797402973 -0.0118566253181072 1.16380461670381 0.994531661738074
1 -0.574519525888317 0.399667147427328 -0.832545231984865 1.35237285549630 -0.879958008487241
1 2.95359126305565 -0.142765299827944 1.00861312394856 1.45133230895402 0.657272494104461
-1 1.30641568363181 0.686467816814277 1.14479324804123 0.123910637730447 0.383718170330125
1 1.05936360202638 -1.43616945769444 -0.993018502256047 0.746975207568665 1.16071588050439
1 1.05488914649106 -0.651600519507574 0.245468286880939 -0.251228399648571 -0.128749371929790
-1 -0.431011358953827 1.87853533729243 1.75586448924396 1.34676690870598 0.371736623017901
-1 1.71861885584000 1.26847717084944 1.98447114454922 -0.817880508224401 1.38498783332434
1 1.25832383056110 0.761705534691143 0.61078196892606 -0.320045621674823 -2.25956248182352
1 2.09341744619718 1.65056279825662 0.599100778529866 -1.94793957455402 0.394134946597602
-1 -0.270180885716677 0.261618789725571 1.62420018141668 0.669806058718468 0.497040610433381
1 1.13703579281900 1.59500857902416 -1.75442252539448 0.253382889083449 2.23998721062159
1 0.463912209103684 0.771972457306496 -0.147772857880814 -1.52867999087889 1.29842728812912
1 1.12703437554163 1.19620957992435 0.179816628830357 -1.61766673562575 0.361273353294760
-1 -0.592053074955874 1.37028799707743 1.08809388244201 1.42760475946356 1.30532263834888
1 -0.89216038310746 0.32136867221991 -1.36479513741936 -1.20885096784506 0.337797532789847
-1 -0.375378768808217 -0.0621201142364646 1.78266294746575 -0.463469218921258 1.14965859818629
-1 0.240339854649076 2.82704662572488 1.36407242920446 0.505895801606417 0.186412848634803
-1 1.84092760907757 1.31822020339517 0.406484436437802 2.28610568074584 1.08565963891522
1 0.186781497275045 0.8726490041339 0.167057020032691 -0.354154610040852 -0.283455023588469
1 0.397899410718736 -2.10047225021232 -0.186372207105217 -1.75077357979908 -0.33664472609389
1 -0.36544611499842 -0.325750444962072 -1.08430989378477 0.9167325146573 -1.09223931807545
1 1.09159276858664 -0.652167577544139 -1.18492667333318 0.416670789509288 0.134135726752402
1 0.707966485199289 -0.200265761715918 -0.770132151697896 2.50774755616949 -1.3813548871571
-1 0.403832321577205 0.174561374816255 0.707496984365318 1.09268267144008 0.821486108339073
1 -1.5832721815753 -1.68453081250358 -0.047876048926121 -1.61503835016115 -0.0484053603481371
-1 0.0246227481364633 -0.49472486494341 0.331267264467089 0.326231734417929 0.46476970777486
-1 0.0854668769066822 1.76580425947014 0.856009019657046 3.36453294575105 1.35748614088680
-1 0.556863226540557 -0.0058658202660169 -1.01849125185286 1.66709100749920 -0.252940201053636
-1 1.30843548973948 -1.32879145553371 -0.341536432925384 0.060455834533867 -0.310032884444068
-1 1.58487175919368 1.50822948571770 1.21263219229903 1.22042768909168 2.17246864735568
-1 1.87576587287493 -0.108586878459605 1.58229144871417 1.20418871271563 -0.0483723042868986
1 0.845982592414803 -0.478173297609396 0.126980747363284 0.462280737715432 -0.563649689807092
1 0.369753295955668 -0.672100798229907 -0.114547442080022 0.346485481793838 -0.0215658290324911
-1 -0.180819576710689 0.373341568732377 0.778253463111177 1.01893277255695 0.466344807817824
1 -0.475935785812081 0.845213193013487 -1.97480797386856 2.43421924247395 0.823195121150261
-1 0.685451277524995 -0.146139821085145 1.92222569623237 2.58140041269616 1.92102224199794
-1 2.56141752802352 -0.110012006108647 0.659022655379759 -0.356836163548255 0.168863512593241
-1 0.86548310012331 1.59202679934283 1.09884954316796 1.58082328753688 -0.88709550241921
1 -0.0704835540995917 2.60398920426879 -0.176034804724777 -0.999711707518267 0.28281343387188
-1 1.11291898271741 1.23033876721580 1.72751945742858 1.95660973007969 1.07379940446916
-1 -0.157970882907573 0.941325472711804 1.63430867110306 0.616603399049547 1.65948098536030
1 1.57709928386641 1.03604686406622 1.18991463156569 1.33743504094673 0.0484978676676717
1 0.210005652392119 -0.106482074382845 0.310063690797022 0.263118701239135 -1.02190270642475
1 -1.93446387554082 -1.96254175299551 0.385085342362069 -2.42154318404782 -1.27203009581966
1 -1.44781172555928 1.07341417140410 0.78498824665592 0.188103217027381 -0.749181954456813
-1 2.46708456725130 0.151570151749642 0.601689139420239 0.771218507629036 0.618373600654828
1 -2.17563316049608 -0.288745682579746 0.929527647523049 -0.0704438636089444 -0.0838487877667597
1 0.0640387694873922 0.187037022679121 3.04082379801748 -0.715886574784807 -0.0903342680515948
-1 2.08792429764015 0.958458629241602 1.85036110383788 0.65048874356393 0.075248391736823
-1 1.06759622400117 1.42830463789192 -0.602635278408122 0.812585652016662 2.08748236728369
1 1.63409481846828 -0.957014565979627 -0.147026209636520 -0.100164765043659 -1.48294191425077
-1 0.406932220722744 0.708336603601729 1.33642472335923 -0.068263814987006 1.48143237917507
-1 -0.862835825484411 -0.0269178782860134 1.47254802016314 1.49914517692983 2.18035929500855
1 -0.199314719635734 -2.32323560808282 1.30896505468346 -0.417565190450919 0.00167516916107492
1 -0.426576584596971 -0.787450469557778 0.569264677108112 1.62644658874455 -1.23660562746925
-1 2.87008105460733 1.79067268217025 0.161926410069749 0.303735587800618 -0.344694986995918
-1 0.566019808107507 1.75512609112009 0.766308000523066 0.60244522793485 0.550683055487574
1 -0.645800234940397 -1.12733928462950 0.533440676842968 0.043380568923856 2.05448711330902
-1 0.856125806237626 0.123017787714543 -0.277035607761457 -0.184016727613992 1.16064580952750
1 2.30666203198439 -1.82473021494562 -0.909276869832892 -1.41053614716143 0.186277596443588
1 0.436714902190971 -0.462589019172473 -0.500872251834394 -0.710108642527405 0.0113244339801388
-1 0.0184400294719046 0.833644686000065 1.89346385234074 0.473487415910696 0.222934131149006
-1 0.36611706118407 -0.720139603907386 2.70250728690038 -1.14820111797018 0.635106325109992
1 -0.861311933773339 0.176797492779164 1.15491231604048 0.256467649287565 1.63578914008267
-1 0.852211905595708 -0.235778081945928 0.944248981130467 0.523343938129517 1.34067348520319
1 0.918219050765522 -0.259830877330581 -1.41058261543346 -1.01518445908199 0.980154398959718
1 -0.621233620892665 1.20531357502619 0.239103466614726 1.08881132197230 0.122643136255407
-1 -0.271257461023606 2.92699573540994 2.07351561975466 1.05553434908179 0.0717947319790693
1 0.994689366168174 0.283547625490974 -1.54705344472208 -1.07840745294219 1.02776162059436
-1 0.67857725872878 1.45123304422371 0.46214026541966 0.333713884666834 -0.406693641512293
-1 1.08763979891687 0.64556419210754 0.0201954627387793 0.936115864736011 -0.273154491497905
-1 0.386132129917571 2.22581846145824 1.1736069985717 1.64604074847942 -0.26076971782806
-1 1.38428898070231 -0.97566972610152 0.733981931283504 0.311198101503362 0.60653811378295
-1 1.27346343449145 -0.724966618031114 2.08277501232121 2.09655080589867 0.111163195911064
-1 0.442528416151198 1.11196252152921 -0.103534357888421 0.733664570713358 1.80204710435438
-1 -0.117779093742559 0.71648586619185 2.28596132546035 1.03332022844863 1.73831684740349
1 0.0544376850743718 -1.35012293671062 -0.704786611652352 -0.494860814630613 1.39875209984498
-1 2.49676031741131 3.29154280647566 2.93666355723069 -0.99966108006241 0.903219272252447
1 0.427024813734329 1.51118978351106 -1.20865529920136 -0.46222214657228 -0.2794962242263
-1 1.25641389253210 1.49810342280565 -0.54430133038806 0.490210117049193 1.92628909338798
1 -1.75090588383897 1.02637774849803 -0.136259861332674 -1.17073147659066 0.891926076077202
1 -1.06566338917019 -0.180104059513454 1.48513836328182 -0.463123059291996 1.33269366345105
-1 1.93371297316814 0.338327199539492 -0.329536432765349 3.15027197192803 2.94866215236189
1 -1.12209873858937 -0.361161005932752 0.153353169246584 0.460556415460001 0.0870828195417058
1 -1.77295970316470 2.48412570463635 -0.0907787870798246 0.266464376441065 0.211669444361433
-1 0.0230606081688927 0.481394980388144 1.39400423429482 0.0997379199882363 0.335115506709915
1 -0.0814226726487703 -0.708419989346148 0.6035893344212 1.48052094067453 0.926566923442689
-1 1.95875608517912 0.99439018501436 2.06574552464296 0.429265002702017 2.56594269908698
-1 0.554551891404792 0.872291431437436 1.27603355982559 0.721090958620291 2.73402213093231
-1 0.94409055033043 1.79821006616178 0.341232399740174 2.69028264165194 1.17491831898568
1 -0.985144589013186 -0.279289026059838 -0.128305549004446 0.421449133013766 -0.684345228673805
-1 0.982488112734655 2.43412042177840 1.82087514914297 0.462981009179305 0.840722964035784
1 -0.132886264657837 -0.0162554403042798 0.529843746129174 0.64910643862707 0.00834618259011442
-1 0.193555391494080 0.974532724946666 -0.362066913389553 0.361706098995821 1.76954169915783
-1 -0.645592687243284 0.99902692329557 1.16622717235408 1.19847312109483 1.55121313398824
1 0.0193024711860878 0.573557281749652 -0.235559462718606 -1.35149967522232 -0.130393624836347
-1 -0.00193133419203317 -0.337847110576193 1.95696075197099 1.15678093907500 2.36439755741186
-1 0.777985513536751 1.14883440149767 1.10105847284582 0.936482693903145 1.36864733625099
-1 -1.12783871163451 0.327458921955905 2.83010748489601 -0.915609808187475 0.77299045228392
-1 1.85494412680100 1.51168259695722 1.22313611157047 1.96221319229271 0.329341155995132
1 0.567912859057329 0.0328934403993189 -0.310441295119591 0.123275580352823 -0.746162152891238
-1 1.82029426958064 -0.614181776725199 1.40001234391409 1.31341689973388 2.29120432277400
1 -1.47878324138905 -0.629997865040154 -0.407056905167981 -0.459652270876999 1.01084150404168
-1 1.77652213616795 0.292292370393599 -0.308518044787134 1.28338378985048 1.45217908328633
-1 1.58341161780910 -0.267127499992323 2.44091895760547 0.625556307677205 0.678368284051073
-1 -0.00101874639859001 0.479757530696016 -0.924252937992369 0.99243229549487 1.28766970382601
-1 1.32986108707284 1.49740031431911 0.126975896561007 1.27806498980771 2.15048965389433
-1 0.539562402122907 1.39152960758926 -1.19503642308121 1.27982909007711 0.538027955796075
-1 0.697093886880103 -0.858023073669767 1.47534668971606 -0.267485914369946 1.47438287644023
1 1.00298304896319 -1.38614977678882 -0.226608734497884 0.101840755279675 -0.760764860334707
1 -0.31886688813549 -0.0619523661216798 -1.0244453302471 -0.158983803489331 0.794858420520592
-1 -0.189951866266116 -0.349945162656942 0.966771690170792 -0.804714892157964 0.284350979542912
-1 0.629219128128746 1.93113345683133 0.315448057866892 1.32787988021595 1.74241725775089
1 -0.832180478217913 -0.483112663624043 -0.608005004084924 -1.21780371498725 0.370492082601056
-1 2.31896414801598 2.01996154089026 2.19377824181222 2.90222767067461 0.922798832336364
-1 0.477684660624799 0.384947365669179 1.34156591203923 0.512629750704759 0.273937956342151
1 -1.17645409206714 0.396416050894979 0.292586291129658 -0.686065534156091 0.617068143787915
-1 0.943345842019167 -0.836947070049526 0.801636172703364 0.502829758783204 1.02276258675177
-1 1.64698264471210 1.01110221269993 1.55282122134225 0.833395263441313 0.817767964824925
-1 -1.61407504458722 0.678362447934492 0.518992321561975 0.0476675041886674 -0.184609084576793
1 0.214725459551968 -0.869207528073959 0.418581478866165 0.0932430676135436 0.117035837213371
1 1.30942107418251 -2.087032861918 -0.145708355031232 -0.0502336126878808 -0.69227460027564
-1 1.77104840170918 -0.0564391229431743 0.55702280319271 0.0522668037407575 -0.0336052438289774
-1 2.00452691198633 0.952951833992147 1.25162869603242 0.966942652965863 0.683599609808123
1 0.502510959125801 -1.22396713908131 0.187987819032213 0.900078475078735 -0.0439949861274995
1 1.34296558972712 -0.0540787335980547 -0.779112811621222 0.212647190397724 0.391188302828894
-1 -0.171454002363155 1.50564607731090 2.82929732565302 0.680275883431898 1.46585126157474
1 -0.808693618556148 -0.236642122165433 0.301955645124150 2.33073234221835 -0.522307554394457
-1 2.18322934069727 0.499640357303308 1.71354586277921 2.21547964569138 -0.855141132153404
-1 1.38179338993389 -0.0936160691610122 0.58889535172184 1.37151071396491 0.68898781443425
-1 0.0182079015384932 1.46818989087430 0.574999783522836 0.0688291105735525 0.65049982141542
-1 2.95623102642124 1.48948642867221 0.119232372308900 -0.36089259890561 1.40880028913587
-1 0.850406413418562 1.66742391453273 -0.279288366406016 2.30087742219668 1.32347798543207
-1 0.763516166389585 -0.479394980977893 0.740257077044156 2.17981820682897 1.87137524728924
1 0.317534285981956 -1.63060279843835 1.71387358999353 -0.756904384119984 -0.740862631817014
1 4.57002008887298 4.41606321484649 4.25295428908855 4.40701210809431 4.55121088881108
1 4.40627564940211 4.39373636806849 4.46253056253541 4.47901534987078 4.53438214479158
1 4.43054781576317 4.33023649357054 4.51349031172307 4.51397311612861 4.50953434060114
1 4.46772515283924 4.32801612258694 4.33224741174992 4.62292102748533 4.50754192179626
1 4.51637407438223 4.46909710656614 4.36609703032462 4.49782009884729 4.55339951259001
1 4.3301460102104 4.42201867532434 4.45205583975881 4.53411752121794 4.41106171110306
1 4.65974282409752 4.36858123598322 4.52264832918535 4.47213920410978 4.49664342732475
1 4.44680779320321 4.37018573763819 4.55712983846482 4.33043831324148 4.52855571530933
1 4.41612098177768 4.4256098326529 4.43587578680944 4.50635328124885 4.56206662020325
1 4.52060499375691 4.50525082885592 4.47663729772506 4.58029307335298 4.46949322084213
1 4.53487848316185 4.46225098473109 4.32698442822119 4.59475734239627 4.47253792750366
1 4.42280681326047 4.52708751927864 4.41721454730035 4.53795941530511 4.37894453560264
1 4.50425969354536 4.40649348685202 4.33850537392414 4.21812694848871 4.34379305242097
1 4.62904060497496 4.4106030492388 4.56697874633186 4.52568535412740 4.46726191359023
1 4.39025020315319 4.36039219219055 4.5150638403018 4.52898894067717 4.53043083410275
1 4.49904840038933 4.4807681359574 4.61888724648213 4.5733119893348 4.58628404888422
1 4.37244568773445 4.36953519905869 4.39984244752375 4.47671375447183 4.77959950913536
1 4.39589382272189 4.4065165757397 4.55288091587161 4.4409673568775 4.42866397484449
1 4.58613366112905 4.32203735869738 4.47487806773453 4.30991865903581 4.44901883943903
1 4.43270026949742 4.52725610868949 4.635824648789 4.51002362212424 4.69185573032886
