1 -1.51143172611593 0.295510528524882 -0.518618867900134 -0.521043422464548 0.655507405877824
1 -0.779232734754528 -2.18300679648431 0.000412204689875499 -0.59536426098316 -0.107406392344700
1 -0.870517209494168 1.13023431993443 -0.485960265634994 1.82290563840093 0.0291487261013756
-1 1.4710297184234 1.47694987222997 1.33711422800702 -0.135252424312777 -0.986385917376041
-1 0.863189933887735 0.367917316615962 0.0928811053893515 -0.663615469845605 -1.39720618419573
1 -2.31143729109860 0.122738012658203 0.429150744897621 -1.62286928567461 -1.57189455518601
-1 1.67618069060819 2.25089586227249 0.156762974991522 0.354330663083951 -0.203910785420646
1 -0.399542311130479 0.295674102285520 -0.459119329590509 0.0489328137272375 2.23407778495942
1 0.502183696064408 -0.522330202113543 0.67895252863181 -1.09148133291954 -0.235961931171864
1 -1.05071763650341 0.656653824479472 -1.16075365363468 0.959934614037242 0.688296984694372
-1 -0.233742878483691 0.284793164619771 1.20541949251982 1.8314805870937 0.884335382281722
-1 -0.193605403672578 -0.00800411276114199 0.987509682510975 1.64083791635237 0.66984627980532
-1 1.81138482617821 1.68878218036560 1.27772054380809 1.07654265032879 -0.0215812551960535
-1 0.495840449271025 1.37013822971984 1.07606083867800 0.00375960457125735 0.219347170908787
1 1.49670287799258 0.442954586393841 0.058823049724366 -1.25722359825166 0.0179266800514619
1 -0.97743161214297 -0.141015661107151 -1.89830553928886 -0.482172268608587 0.708395138034003
-1 0.693942493020802 1.94355659913232 0.310445735812324 0.0160533569951452 2.37908043772985
1 1.75149922817325 1.50433782013305 -0.987352167762535 0.771890532063992 0.422878607098205
1 -0.291627229668291 0.970145280953823 -0.623116060668335 1.27528259294502 -0.945387781517472
-1 0.656797495398769 1.80538137540382 -0.346688282562258 3.1212111254346 1.56809249815882
-1 0.638663334001351 1.21327010727621 1.50892076797868 1.33469972731101 0.747481315111275
-1 1.37044000638924 0.485725246121398 -0.407485144502488 1.3715142104316 -0.242126411664034
1 -1.14093008170020 -1.27522807504034 0.45248496210378 0.530282488925853 1.66132383379640
1 0.0108679967014965 0.334153859962251 0.751421002641577 0.771317282013064 1.31640522157126
1 -1.16437287458548 1.82874015886680 0.674934494090474 -0.410435437321313 0.519928675509068
1 0.401195763671336 -0.390665209880108 -0.610729678172679 0.483174439682647 -0.941436838199603
1 2.13450814406274 0.239369134945900 2.1772763725638 0.169381258680406 -0.0554512504178966
-1 0.389847005911936 -0.105754557247100 1.05586099667856 -0.106361604334640 1.51602849700498
-1 0.79167019994136 1.21692793778175 1.06678421844568 1.40134529162966 0.341707970836885
1 -0.0250904305712945 0.308721742778919 0.133381455493645 0.948246945044357 1.66989922369447
-1 1.40925695638090 0.370816950983712 -0.277005038890286 -0.621088710851158 -0.414721641359978
-1 -1.27757374274925 -0.28006933175206 2.07278360169615 0.842730100977344 1.40727729420909
1 1.00817610161597 0.350073180629709 -0.88032619020594 -0.359039552814594 0.363318596581298
-1 0.857503757594177 0.306415403229951 2.05017519881569 1.38467698159287 3.13138969937465
1 0.156297216274581 0.094577542814197 -0.426189618265035 0.103093028334218 -0.687300873502948
-1 0.807120725172364 0.478444990743045 1.66855580773004 0.917013565151291 0.604697624245889
1 -0.544682119966811 -1.33446846621055 -0.44349254830883 -0.760979156696638 0.639621711709881
-1 -0.168980539441321 -0.758154337235245 1.85723745119955 1.49660500381456 -1.63368096442674
-1 0.821195749678339 0.738350051006503 0.947869313711727 0.499307724928303 0.896220093523404
1 0.73543613429918 -0.251392883209178 -0.0591377860868737 2.16739246004082 -0.0216159005634184
1 0.137616450601166 -0.609505935912669 -0.173409714962687 -0.904582607369482 -1.30106478392761
1 -0.659515268887 1.27458917218860 0.304682531406806 0.644081237770103 -0.984104911785224
1 0.643572565662735 -0.407181725020796 0.366486563074567 0.150668325315810 0.699037258459844
1 -0.199174382792162 0.523471568576873 -0.451304906987368 1.32132254618995 0.180990492883835
1 1.34454784515658 -0.295237370620066 1.15638278397888 1.24379229123625 0.152392459030165
-1 -1.62426765305472 0.286687181496361 0.84650510359201 0.83254030724928 0.254070363366739
-1 2.39783445759098 -1.32988167810131 -0.137609990131767 2.57490883641926 2.79286206888786
-1 1.22028563817436 1.62955497122125 -0.275810314668360 0.50791990404422 1.85428584640804
1 0.789238995082167 -1.32195686688919 -0.831615605385085 0.630608015117877 0.427342715449717
-1 -0.293034961070802 1.74556322144618 0.673916165244017 0.908107842946528 1.14526513025783
1 0.503340544506918 -0.0147593516070067 -1.87229648955755 -0.641482308540895 -1.27887593036440
1 -0.811945049160986 -0.818947881525606 -0.402391962924101 1.51528060202332 1.27746152378534
-1 1.80626416947453 1.21640036366769 0.284249319577334 0.89359524815645 0.762830314305937
1 -0.269987556349204 0.662971229798674 0.582485004840328 0.299598128386742 -0.04427249354902
1 2.15423403002582 0.273423528124957 0.459136502461809 -0.421818783217280 0.332126997023142
-1 1.44906513656193 1.58229736762173 -0.597244622174061 0.867603865501523 0.510729988171206
1 -0.141790573086293 0.454504028080339 0.0038339763227489 1.61600962659224 1.42484269114688
-1 0.0854881656870288 0.920491101376438 1.23478766366317 1.17424349290221 2.53792058892729
-1 0.119653019388802 0.99054817148672 1.59109719422274 1.35781216724367 0.576729491837281
-1 0.395701307973974 0.945619231102544 0.956619010610717 3.92709733979534 2.40025123381081
1 -1.04253993178092 -0.39842305944972 -0.255143882039543 0.34709656680268 0.380063503698875
1 0.516304646112476 -0.706706748614528 -1.02304394448618 -0.626497795933365 -0.547042481582412
1 0.477072533739724 0.213529790074064 -0.463057404036488 0.307655469098993 0.947690281816948
1 0.306425913389111 0.567019153149876 0.356817291397567 -1.97876670850617 -0.610588874829596
-1 1.86009018369059 1.65091741678286 -0.0689772776851546 3.04482560211902 0.859487756360644
-1 -0.17274475906719 0.902781361982208 1.72586325019316 1.25057657230353 0.159174057441903
1 -1.90680423335241 -2.03391772019855 -1.97724133131941 -1.81128459936509 -0.962225476299915
-1 0.678303594956571 1.12602826704611 -0.0242579183795967 0.240232976030575 0.424366656361802
1 -0.809655904474361 -1.55145892683229 -0.401233896073297 0.830419742178399 -1.02023704678331
1 1.03429399236150 0.799629911153433 0.414006308653726 1.09943735769434 -0.112376036376310
1 -0.590985262149239 -1.29151160928578 -1.38220673862430 -1.81491423745832 0.72496718461006
1 0.280920039692931 -1.31237807375454 0.447910435431964 0.182465852594560 2.12092495143585
-1 0.531080880409383 -0.266018223269072 1.9972020407393 1.77433279972272 0.632005620587455
1 -0.461223092711474 0.279358058975235 1.11211512401913 0.0138400197100643 -0.987488229084908
1 0.665886466168606 0.0241120268933058 0.0852468121657337 0.624039843562281 -0.103799976420871
-1 -1.05600081757142 2.09885272744321 1.38811258178425 2.01770427666415 0.359445742299047
1 -2.14997035707092 -0.796782443394074 -1.72669383954826 0.964615449618504 0.55436581536684
1 -0.0240659968853523 -0.155736248581885 3.16994587562898 -1.7342646777073 -0.427754632805543
-1 0.098045891784106 0.798250445837545 3.70028507488366 2.35799935448298 -0.571886043396881
1 -0.77783981677354 1.26862233497870 1.81671039198288 1.45966223911456 -1.19343655678575
1 1.89064332128798 -1.32479948047593 -0.926923126630173 -1.57049475399674 -1.60598081349481
1 0.691905648459243 -1.78257294476076 -0.556442244271272 -0.720092959887897 -0.542887065635695
1 0.317330736167519 1.43245999688423 -1.15794746913326 -0.403429410115047 0.570756796443664
1 0.503025708939597 0.530166611802857 0.612384776581418 0.132224872180138 1.96882651938654
-1 1.22095077126025 -0.774315310338045 0.915614935362962 1.06386254865080 3.07524664916054
1 -0.570568167666499 0.0983284793786749 0.426441305835266 0.107570168281409 0.287168815293403
-1 0.813232284296748 2.86845727485235 1.85153318766488 1.84904079294565 1.9836700856078
-1 1.64769488345509 1.10817334359848 0.892372700545912 0.537747046484128 2.1898603732569
1 0.711050144952826 -1.19248756429787 1.01073768838429 -0.321204226215187 -0.350197802213723
1 1.4161770527424 -0.743094452839215 -1.19777113869915 -1.04295606793923 0.267645929062899
1 1.95791184782781 -1.54481279800652 -1.17680330938942 0.273139453822482 -0.53068211496283
-1 1.65877570953191 -0.58809739589123 -0.67481550150538 -0.225059675302756 0.285369331597101
1 0.661826381018735 -1.03162492821934 0.424794212483931 -0.528413004788407 1.00046682596284
1 -0.604417642848076 0.785907135700319 -0.866783309256165 0.788038366137324 -1.90225927139212
1 -0.747948416379553 -0.594107375630294 0.240754891091522 1.39988764465106 -0.0972060864083593
-1 1.99675649361456 -0.295992276894595 -0.760807501089724 3.55539804914967 0.283211253817970
-1 -0.690461815015877 2.20712453201027 0.0388026776733448 -0.052457094727586 1.24437502305043
1 -0.146252111171530 -0.194483806455440 -0.0333863107657325 0.560234590454381 -0.0930389926192618
-1 2.06302782280919 0.915423117511672 1.37080023623713 -0.351928261002206 1.25888996606573
-1 3.03181284036995 1.08667835203992 0.907132731288691 0.854744594799896 1.07418665872935
-1 1.56618304673574 0.398453310599892 -0.770556032672829 0.658831895842888 1.27188244842063
-1 -0.756866980280348 -0.915473787018318 1.64790370493336 1.63210315805063 0.927637693175638
-1 0.872420385561126 -0.639836039905581 0.0116369674886798 -0.108909268806359 2.33825627511593
-1 1.29043287889481 -1.60790061625396 -0.0940262723387756 1.20015867296682 0.61900458601911
-1 2.02808372136802 3.19816904603807 1.57040068951736 0.487937242222105 0.282581683226834
-1 0.128057234906652 1.09887369158711 1.75684896208257 0.242841492075032 1.99657516108785
1 0.733225210780931 0.82975823934043 0.878956306516113 0.0557330000557609 -0.44040476276311
1 1.33619508275633 0.191957260815883 0.555674366357102 -1.27478381296042 0.860661587180741
1 1.22829997183731 0.020973083922459 0.304061544783403 1.01567352820716 -0.776230481703835
-1 1.90219827194481 1.2439328564175 2.33726313764579 0.0116967451271993 1.70717323427678
1 -0.261081517037828 0.690805385726643 -0.639247995869985 -0.74636629553496 0.392058494030058
1 0.189069859983575 -0.687455922545156 -1.09328363896230 0.739688026239373 1.04281395760798
-1 0.521394351725433 1.08734062915322 1.15051772500081 -0.0295106738837462 2.03989584161171
1 0.808011900893287 1.64290276657106 1.44863637153516 -1.69724876557446 0.0651554915450005
-1 1.17466334845937 1.08358785390798 -1.43426707924560 -0.283422777936827 -0.133084651698173
-1 1.02216143300463 0.411042225042071 -0.482028311306646 -0.220753579199450 1.46317650943352
-1 1.77081598364032 1.08086183488284 1.43177763900261 0.357864281714043 2.48453086590166
1 0.413441326286426 -0.644199046595929 -2.27834890337657 -0.113878697771079 1.89237249668867
1 0.71795395350536 0.332893632276023 1.68424398335990 -1.45482316483583 -0.505753358550466
1 -1.26803621077473 -0.794144124386766 0.413014987223468 -0.282736732139802 -1.17419480318853
-1 -0.377210184461803 0.215072125444849 0.173390585203614 0.0620753798288384 -0.221985752501423
-1 2.12143432480552 0.936062772783994 0.348712529419622 0.941929497204178 -0.175731137967057
-1 -0.420379830027087 -1.38691277079055 -0.106991351271864 -0.231037675207440 -0.708263653875226
-1 0.918026418554429 0.504756987268911 1.21924781622603 1.17930039335933 3.24575807706554
1 0.80499616374929 -0.241253519673076 -2.06262550575354 0.949788290717915 -0.166261912775740
-1 0.483283908484389 1.27842068779713 1.29050392975202 2.75924029309922 2.04114621510234
1 -0.325926975886554 0.0742932035442924 0.181461196088204 2.72201566229660 -0.694338776694711
1 -1.01295473850970 0.889703200364429 -1.21555639902869 0.595889898336443 -1.86622883688676
-1 -0.176637695080113 2.03614835570321 -0.233302618089996 0.159360705420528 2.86327192557958
-1 1.18692362656166 0.119500687027437 -0.26415371250581 0.555568101300513 -0.427859279278227
-1 0.852796762420806 0.798264385817218 0.956447264252213 0.829318521130566 2.85246108513532
-1 2.60574866141824 -0.0830963041472847 -0.44138364667948 1.52616840734301 1.24481993625672
-1 -0.762807091566731 -1.30842484816964 1.03057820441716 -0.0979616062059059 0.0419658330877848
1 0.550912095648168 1.10453757990606 0.348818735877349 1.28592634639992 0.105718286153317
1 -1.10175016280733 2.16090200726746 -1.31858135436897 0.922475587636045 0.185636636753471
-1 0.83970215959799 0.858512595292215 0.55903742725745 1.87939831492557 1.63415188730467
1 0.218586819247421 -0.366306495364218 0.128238253792430 0.72549790622785 -0.552304178582227
-1 0.631048559125514 3.21598032312423 -0.304097085100467 0.841516656395833 1.07354509046981
-1 1.27566738497637 0.870929672456853 1.37116239749565 0.435767600699658 -0.157436763425415
-1 0.735306191152981 0.840075503951292 0.944426325174126 2.79554764451044 0.957665809158151
1 0.737296530606683 -0.0412157169671623 -1.20897939089808 -0.125093133861287 0.169270275564015
-1 2.33702964601028 1.48929049303592 0.312046780618233 2.02943835977173 0.259828658265745
-1 -0.450193441097649 1.63458442548637 0.340300740090621 1.25365592279506 2.78762624466331
1 -0.113213044140490 -2.61424224573013 0.50303458777961 -2.62089907419236 -0.63746701450192
-1 -0.566106209621431 -0.0476750772597938 -0.121046555933182 0.572814536019454 -0.760908038538919
1 -1.42840982465989 0.162449045499403 0.459808634525261 -0.148873503318864 -1.09871871353693
-1 0.89787554990901 1.49647046695872 1.32780000315593 -1.23815657297859 0.361498264110799
1 -0.451407061945292 1.61468335067767 -0.500381107052794 -1.44199058978456 0.933329070067583
-1 2.45440500764131 0.791424923162528 0.590313909693017 1.02643677074311 1.03346852355252
-1 2.37974979491359 1.76615295585217 1.81591272965261 0.311723995015137 -0.0456991298480538
-1 1.69502621132899 0.567661950033463 0.145895183973844 -1.57995369789961 0.675047814463188
-1 0.462606092004217 0.262568800142645 1.21265146532927 2.04040869974276 0.457879979255728
1 0.00898200835702878 -0.799079144658467 1.00629099479319 0.840993912250867 -1.20074280596317
1 0.11848304498077 2.3069918499139 0.850749867886699 1.23095887045047 0.0151557991366909
1 -0.407385006760325 -0.282217518669046 -1.15727295177810 0.7451256729702 -1.28043261990545
-1 -0.155193634460541 0.450813394920823 1.55085221142079 0.94356700885144 1.84465519371918
1 -0.292750635748539 1.80768935477145 -1.80211314643176 -0.270882211206040 -2.18178438585688
-1 1.90569672238617 0.743382044355543 -0.0103421522572263 0.542626555451351 -1.01544315566560
-1 -0.0480805609818412 -0.139598821410701 2.07886442242878 1.89218097092117 1.72032686053321
1 0.0460393365429486 0.361141412203095 -0.889746055375578 -0.683691323138277 -0.725212315046593
1 -0.442698300462860 0.0659024480788179 -0.00498930401398828 -0.901565813303656 -0.67601399277115
1 1.30967618383688 2.33019348903780 -1.04095203438988 -0.718571805591825 0.245680854090492
1 -0.127403729906674 1.79928970606238 -0.626036755754397 -0.537560159373211 -1.40017700906957
-1 -0.658114554069273 -1.37472600195697 0.300750590625506 0.83588627167967 0.994750435561387
-1 1.31259343745127 1.22211974685750 1.01572459998957 0.617284278085432 1.03984423949583
-1 1.59788495134090 0.29232880365317 1.45690136509805 1.77200263609544 2.09514237155038
-1 -0.709888215180529 0.757840914498784 1.14579570049558 1.23376270869848 -0.145963193010413
1 -0.538141095642665 -1.54986144101510 0.366514605714171 -1.06061825135182 -0.155975235657808
-1 0.451361830740758 0.420869347289240 -1.50534346928733 1.83562073167316 1.41465637827193
-1 -0.0550425506437985 0.691062554154079 1.61639272959690 1.06070818461696 0.659866934502686
-1 1.06176316624285 1.74838919068068 1.82786818179721 0.611948659046987 -1.00933334562515
1 1.22516675413336 1.68000702053321 1.01632509872606 0.443674087533385 -0.309667044541531
1 1.30291319178878 1.07355893854204 0.120724316439347 0.0215555915165241 -1.66175769273370
1 -0.467508054737413 0.723613062659071 0.200835861041139 1.67519776832976 0.782428736539866
1 -0.894270004405363 -2.14605634484453 -2.08646659841171 -0.313073133506638 0.662829280807797
1 -1.13476331542243 -1.18427938973867 -0.161871815627455 -0.803625810846473 -1.4354821129419
-1 2.22958041406838 0.966317823146157 -0.757166075070902 0.805695377756032 -2.12667215604042
1 0.828502992690799 -0.57010019259475 1.55425528277702 -0.880884694609682 0.597195157064904
-1 1.61146094598536 0.0672443116970984 0.632241526937176 1.78309813784077 0.998538171294019
-1 -1.60699417292414 1.23732454933964 1.96673004182996 1.35283051266576 2.59642338963575
1 1.08666443484927 0.663389794416013 -0.261114385591315 -0.598287642279659 -0.885515216543295
-1 2.06920384602099 -0.55174167315245 1.72590424794873 0.115863813515776 2.00356263405781
1 1.31859690062016 1.16286770377316 -1.77448189795587 -0.58678412213526 -0.325373757763694
1 -1.04562913381704 -0.73521552789137 -0.113626727029033 0.84472453473332 -0.0796419555159983
1 0.725054182635172 0.549364378942723 -0.97622130954747 -1.33231140468501 -0.828313645419866
1 -0.265884070620055 0.420474306960405 0.0810736466454963 -0.464914919070589 -0.0728849495648982
1 0.767172011659224 0.288538768555243 1.45221177465039 -0.0202442739947571 -0.546726174033732
-1 1.76505674214566 0.866138220061941 0.185181242691637 0.192855161521752 2.83791155262267
1 -0.780840860853497 -0.941307306219924 -0.293161521661091 -1.09695202205207 -0.387544909213628
1 3.38978291437351 -1.35755477637381 -1.77694589737750 -0.95778955159131 -2.18447414211669
1 0.645692411690493 0.949207824540359 0.444511459619323 0.0129036029776545 -0.815101017648713
1 1.75020927483254 0.986373152493455 -0.958106448245214 -0.00399594737809896 0.531792306174304
-1 -0.218019283142321 0.318064777545066 1.09788486876663 0.881453020273047 2.20905201806950
1 0.929138208404369 1.22274037541198 0.425357430834295 0.105381750315072 2.14166238760262
1 0.326901916010331 -1.91664774585987 -0.727275751705603 -0.461334953278818 0.151757165553976
1 -0.516362096755688 -0.0240809237524471 0.86168431157255 0.83730144513975 0.571200016983075
1 0.881788769333717 -1.69600290471601 1.82995482914384 1.37685347857281 0.826701465046302
-1 1.8370745073165 1.84849354463531 0.812247002494724 1.79210536350651 0.547079393144842
-1 1.65823458215512 -0.237795006480727 -1.30258733561692 2.38935167086346 1.09631844356782
-1 2.1848418220227 -0.142244266980819 1.78561748354591 3.48036779638053 0.227579853790308
