-1 0.748642982127017 1.57210727878811 3.38775846395113 -0.190100462270957 0.322991952511981
1 0.172708600567077 -0.652361164025562 0.204150275037322 0.752875697684225 0.700187450553502
-1 0.857553876628996 1.61307173111517 0.913029847432054 0.443694325511291 0.534480618496447
1 -0.0186206525651443 -0.118014865722963 0.923440303732134 -0.476278275445315 -1.35121318786806
1 -1.36514599426033 0.718431424254224 -0.166104849784197 -0.404440483683568 -1.62564690122406
1 -0.224130103313879 -1.38806263267969 0.310793205363741 -0.419846226404852 0.0742718819419584
-1 0.820539255727188 1.15985416252906 1.26442054783128 0.281393013171851 0.790224657470704
1 -1.14635841120095 1.59775465865727 -1.48515872505884 0.99443446656179 -0.0436793589792867
-1 -2.83508688884499 2.33637749996512 1.84903942785696 0.95563058176923 -0.0684332471519182
1 0.468866336136596 -0.709271368471145 -0.699736346330552 -0.594295565678266 3.2452199170787
-1 -0.098078364937277 1.47337330478763 1.09106424889510 0.096120829035483 2.44999971978280
-1 1.43410406068657 -0.402608285495757 0.99670960241512 0.729800901929133 1.57664822020677
1 0.0767862190478737 0.192291616541747 0.321551659716084 0.449016173340677 -1.96943190670757
1 -0.207762459718543 -1.00417735506839 2.00932664378293 0.488752865119359 0.984437680814754
1 0.16172063382616 0.95911327401632 -0.264195487375868 1.12191343267367 -1.40262264165589
1 0.54227860886697 -0.568126796465961 -0.279299462977563 0.430682216213322 0.39179319376765
1 0.897433817943832 -0.480777424706597 1.57398665654585 0.183992331546133 0.304739947094706
1 -0.762629074297511 0.171486826606275 -0.580543545480516 1.2529353517221 -0.641810355003433
-1 0.802294384258668 0.756163661245502 1.58271427486762 2.51991076463389 -0.0930772992642454
1 1.24818673821408 -0.0856035225363591 0.9936040855993 0.0154347450225406 -0.571308994986308
1 0.554714498307839 0.767048482672321 1.42829897061414 -0.720726674957128 0.78785332825509
1 -0.0578507419164289 1.51198188180925 0.0420594035052763 -0.206956293308054 0.265147887544702
-1 1.69937378407172 2.21454580043774 2.5537549865184 0.434240078700553 1.66776728860032
-1 2.18447815155644 1.53122246065661 2.19798344644716 0.530613620481306 0.219590432534945
1 -0.899101729511263 -0.508235215166526 -0.0730665371047609 0.077014173215922 -0.541075826699309
1 -0.726603444618207 0.094545630810841 -1.33673398706657 -0.983557602285555 0.537602369099364
-1 -0.43438741992832 1.16914798286286 3.7633047155327 0.877784054788621 -0.670056800736821
-1 1.23138344595204 -0.247161580174149 1.12675266481123 -0.528612802747536 0.82658357067365
-1 0.0297771117788653 1.30360468432682 1.83756853471669 0.705696073382783 -0.876973596833616
-1 1.39220558374349 2.30512273045493 -1.13252043785714 0.788628138381464 -0.177446852038531
1 1.20388191253257 0.701894908441025 1.07101691022219 -1.13809046662971 -1.09291403748840
1 0.65667155575563 1.47496847526973 0.0036243768814809 0.465812903871743 -0.156285917674958
-1 1.65120912500991 0.445797299133597 -0.649930346829511 1.57285295594285 0.927262140627989
-1 0.0301302579446915 1.95159035446368 0.954588362133126 1.81662733596521 -0.161281027068230
1 -0.948847597426204 -1.56686193391574 0.349125096100145 -0.413422626477383 -1.35952272372666
-1 -0.039879384098202 1.85439091471686 1.95858027293099 0.987839122226343 -1.24005101553809
1 -0.706563402261325 -0.641530455692205 1.84260140711889 0.941882295398044 -0.666147892488745
1 -0.396922379506916 0.0575154071428405 -0.916464492745561 0.403203824222585 1.67149350590203
-1 2.04929338303576 1.40759735109986 -0.351356772827701 -0.939568426776362 1.01626654119806
-1 1.72148578604979 -0.708784173804835 1.73149783333255 1.39871584370944 1.15423188862534
-1 2.55036096278144 0.888264971921132 0.432490726982748 -0.373194393993794 0.385517039568409
1 0.999836809129923 -0.852236938735931 -0.233437811510814 -0.588190628765441 1.05422605652524
-1 2.59497199859763 -0.0984315583514468 0.443459930773455 0.82601955953345 0.304397563758798
1 0.137279400980865 1.40553386143456 -0.642079936816887 0.465637398945272 -1.06285335189661
-1 1.51507364194720 0.836734815036908 2.98689826938406 0.0868032167182818 0.163748206139960
1 -0.670077529356633 0.849667645451662 0.69222531366589 -0.208814197680942 -1.25635479594051
1 0.0839502538098572 -1.60347238115636 0.0716525278431958 -0.647969522466296 1.07256777263595
1 2.06227656023547 -0.249204128518206 -0.750106792385184 -0.0944395860396785 0.270672514986250
1 0.462007371063757 -2.29653671954582 0.839565760902119 -0.815096828358296 -0.229470821242524
-1 -0.368750460638032 1.94390265517016 -0.466368723772199 -0.706950099667463 1.97725435116443
1 -0.346837981938532 -0.444992686869472 -0.89439593191739 -0.987443387156364 -0.658636653215189
-1 0.683415666282534 -0.0773732988831745 2.25447097622872 -0.974591570757625 -0.394691872144466
1 0.773013677847172 -0.158764894559864 0.115232107339813 0.228202707828905 -0.560577897043422
1 0.59967043522896 0.665123582121513 -1.39068479893426 -0.33050561151505 0.365075869745716
-1 2.40436090314732 1.94963235253178 0.995876301101204 2.10872644003410 0.207134770423093
-1 0.844451220100802 1.22115146643579 2.19258407658474 1.00413134040030 0.536014599223176
-1 0.624088339504721 1.79461832289888 0.611274666415223 -0.440212988770749 1.84781536551874
-1 0.37984562770225 1.11008202027856 -0.198696037732939 0.999317489134148 -0.180464439360375
-1 0.550142382580281 0.0861451555812626 1.03595378193323 1.01115113811975 1.57888783092262
-1 1.67196869109335 1.711003450096 0.218823646168014 1.63293628995332 0.0762507323229236
1 -0.138661593121387 1.87833689026258 1.2523066071884 0.599724774123683 0.37759807381221
1 -0.0238645006606603 -0.119612209880496 0.51090625586293 0.862639013309305 -0.0760422505727973
-1 2.41581954638704 -1.38141625555335 1.43970363536856 -0.0514761792282613 1.25024858978191
1 0.850810750530456 -0.355232590928594 0.0437081605128616 0.929254581988179 -0.795984586909954
-1 1.79986350652797 -0.868543335716801 0.0692688223121959 1.90043207037028 0.386098599670677
1 -0.934605670532392 -0.846989154926972 0.0605920314861309 0.528113267845497 -0.510685872877045
-1 -0.542136813419004 0.368031395813191 0.267353500735837 0.581530015301733 0.423389625753085
-1 1.31727892272221 -0.263223431341977 0.267426210061715 -0.933042831212042 1.43728325055668
-1 0.189564160400255 1.79429817856975 0.523298213600652 0.16772632197403 0.889299172159617
-1 -0.0280388129220319 1.05959510307268 1.16994105554827 1.26519364295531 1.27913182619131
-1 1.53111798021363 -0.940219916115955 1.42608414386566 0.0361441444202224 1.63765894078194
-1 -0.109778482990375 1.86402390345366 -0.749808295800249 1.47592966094321 1.89470047798719
1 1.99561805362016 -1.22913381195435 0.934305122724206 0.783241980850483 1.18408656524529
1 -1.13573387334086 0.265734104997114 0.775595209262916 1.50314567749117 -0.597825018423019
1 0.311532165511258 0.0585192903315645 -0.222282047776375 0.109144728811921 0.25938577906913
1 0.689213199880796 0.475958295677295 0.767113463674468 0.121142616790659 -0.691059967477424
-1 -0.449500714769391 1.67548822128542 1.74365999647486 0.058033688073251 0.544572246888174
1 -0.372836683211879 -0.486534066605747 1.39116486593285 0.963153895313406 -0.293397342785062
-1 2.21723474866762 1.00582371804267 0.769195037038416 1.24328215474336 0.362417988507759
1 -0.403090297885745 -0.883792362099054 -0.772759550433677 -0.695386276724939 0.694570283619933
1 0.923044272099378 -0.306486200056365 -0.181910409641272 -0.839188295591777 0.656640296284558
-1 0.61608444597405 1.68683571485119 0.370265839163205 -0.199952133553628 -0.265717869356826
-1 1.11081762264476 0.74875158471995 0.541524180347159 -0.776960865391885 1.33319589827394
1 0.535230427435111 0.789619871218722 0.850048802702127 0.845221072710013 0.786831052665042
-1 -0.170754513710430 3.23194134562491 0.666934071636126 -0.0758090117629638 0.417350181867028
1 -1.12553102900060 -0.185529852659190 1.47166762631374 -0.87336267864141 0.293885340886925
-1 0.54472024784164 -0.375137720053638 0.318123533648284 0.384809710939851 0.73566670756113
-1 0.296468369113531 0.228999492138218 -0.717953597671973 -0.345898098482359 2.535294279647
-1 2.86569551915632 -0.876500594836034 2.13323559044099 1.27078017110117 0.302548674566811
-1 -1.01675913095424 0.711282011373202 1.07922198009129 2.33145566152573 2.22592559366975
1 0.350539890303617 0.840422493083218 -0.175687120218881 -0.164467152181941 -0.100922525150268
-1 0.289168513620286 1.57728131668361 1.22010873936156 -0.0773216868168971 1.22494388809251
-1 1.49041849457343 2.02195246211673 -0.193620348930424 0.388526328473137 1.54051880173781
1 -2.32635401918628 0.657144910732527 1.01240968150559 1.42557280600199 -0.217995893947137
1 -0.725314347510956 0.308854491958822 0.638883136994606 0.0829000565120193 0.913724034284381
1 -0.223132407689228 -0.157468035214865 -1.45845028993993 -1.9774465841337 -0.758075417048908
-1 -0.0097968010075612 0.892867892399775 0.490146810855443 2.87124770201924 2.14243220618031
-1 3.03858325672766 1.16846902714726 1.12032418119260 0.56715174218618 0.597201880517936
-1 0.493056054950282 1.36208354124560 0.365692147811463 0.688258703989524 0.359180832566146
1 1.70075430470356 0.478472692198198 0.342667547132514 0.238304812417727 -0.774417265584804
-1 1.47234020874227 0.751310767679877 2.16944310124610 -0.285187299414237 -0.423460654916697
-1 0.628425327101799 3.72114144882013 1.17496047436219 0.853483932470407 1.42713136718241
1 2.39159563013323 0.601119799565923 0.368823984512866 -1.25060858127869 1.3240305649176
-1 1.12523671331372 1.25992827555088 0.87382181552773 1.01162738693468 1.79602562085994
-1 2.94149447425804 0.128138133619966 0.320515135187077 -0.695929783269922 0.47503430230808
-1 -1.02635725746517 -0.903193425749222 1.42398776143537 0.58179809710931 0.86519193830372
1 1.37652469746398 0.842755057811443 -0.989483188397341 -1.04471432248111 0.827571441503533
1 0.698496599066029 1.13649249031966 0.210029533007115 -1.36449046069591 1.22157119233566
-1 1.05963364726683 1.63321880075282 -0.391042253034485 0.784589082394624 1.47608251214576
-1 1.9085851026262 -1.58588130062768 1.58598976914956 0.916947221608241 -0.205904321663297
-1 0.59045155280076 -0.374086232068104 2.07765381736227 -0.144576829972710 -0.283587562194472
-1 -0.334702896186214 2.36479654635369 2.47911548935487 1.64694985382038 1.00546342076771
1 -0.478237975387312 0.850240502200866 -1.71742323850446 1.97924117307426 0.0169690268823419
1 -0.383271545994998 -2.37317957830559 1.72446357403076 -0.0368056941616814 0.465557997238774
1 0.54762382210266 -1.53579400672091 0.0903946054988719 2.41899443133983 1.36826802779047
1 0.114123338003315 0.172039401024852 0.211711396255163 -1.70147146887899 0.625824731652315
1 -0.409015873077504 -0.181302944108406 -0.0467513665279788 -0.199241581207944 1.95812100172866
-1 0.0503460615860140 1.10424937396528 1.36173327674179 1.34502844573137 2.10962168990651
1 0.330575230351048 0.65292084514998 -0.844354730101529 -0.61687685302532 -0.30484915327827
1 2.30604875226146 -2.22949825227593 -0.756638186083821 0.426938981907416 0.0357507159810125
1 1.8514651101267 -1.12730100928320 -0.406253940059947 1.29323358421793 0.597745337241636
-1 2.18823450937626 -0.145004431766805 0.501010836674637 -0.875552602366379 1.72309193504196
-1 1.44310293843773 1.18156271633434 0.785440336746695 1.85669351432256 0.367649888637691
1 -0.146593978152521 0.456250329596131 0.690626321105577 -0.567274983875936 0.0474342053784177
-1 0.790780920004653 0.105568768270372 0.554086536721365 0.465960852824801 2.20620256683251
-1 1.21127285652505 0.168954105696171 1.08017585433250 1.49727889912583 -1.19939170932471
1 0.693948794673713 -0.93546530438551 0.47135004665223 -0.644975618804232 0.15319697606413
1 -0.748652625567066 -0.09197678801557 -0.311970804301248 -0.18123235225223 -0.816683866719163
1 -1.20239223172233 1.07150330744233 -1.22039573068191 -1.22245275881594 0.800362341533455
-1 1.16090800494439 1.46215666315210 -1.01786250969850 -0.780490976134284 1.33912138797782
-1 1.91519524039879 1.16933475071605 1.28813193453249 0.978411123470203 1.29075622168746
1 0.00199915159187090 1.04297427543547 0.126605882462021 0.378091749979316 1.12773333369515
1 -0.0343272037075225 -0.223495618395868 -0.471277051787088 0.872846497028335 -0.491988734688098
-1 2.17751515668381 1.64035661266953 0.371896354851711 -0.146810537490345 0.520906223704791
1 -0.748980014247641 0.210554142693234 -0.591873749172451 -0.368907256639709 -0.322360686068371
1 0.688712160999971 0.739049721560286 0.304939290153927 -0.94971794574498 -0.663449199017623
1 0.261675433196635 -1.81028524873341 -0.0958883133973124 -1.14065144921686 0.367539449183306
1 -0.143970665960925 -0.803265651395432 -0.871714532743152 -0.573023514825504 -0.647408820932284
-1 2.62763297248019 2.18750121861223 0.0917083052258928 -1.91241143688571 0.639603486519763
-1 3.44698713759066 -0.414252462219051 0.0504378527950491 -1.09024894068775 1.58936073919759
-1 0.671224655675038 -0.0842789352765289 -1.63166352422313 1.78317994456533 1.46628978669897
-1 -1.21862638271092 0.402514694778562 2.87636667725508 1.97823260793440 2.26926273365313
1 0.654061391226501 -0.083673884403963 -1.19055453626314 -1.06284560408089 -0.795792001057478
1 2.56235084345764 0.144315340677816 1.12944341533358 -1.75243017525449 -1.17365917099626
1 -0.322033847276338 0.977367133066231 -1.61284009207544 1.29897111470215 1.52448677657742
1 1.36893770972789 0.681472592904624 -0.879630162857958 -0.24591090138113 0.944070991174014
-1 -0.73244529248514 0.250449391482597 1.07068374745252 -0.991628715141316 1.9713834570083
-1 0.182702717829271 0.562588053858288 0.54027846227453 2.32057074302126 1.17707304985741
1 0.89803697322197 -0.651361161455664 0.321043291709942 -1.63603769285849 1.49404897267452
-1 1.48595385433400 1.25959724918944 0.436920803796981 2.55415663188698 0.825864489271285
1 0.187908278292405 1.37852016861909 -1.92284315263536 0.642519928028777 2.20643823460185
1 -0.327209001355608 -0.405701856812274 1.77646592589391 -0.211574781993716 -0.120182568812096
1 -0.5277876385748 0.857147866875619 -1.92270318864126 -0.482262486411404 0.212172788155891
-1 0.889921357294721 1.29751288993702 1.31539017649539 -0.861042449915795 2.17856225411249
-1 1.01270589873689 0.215740788622091 1.34990528745567 2.31352925876219 0.899104202516803
-1 1.77229005066306 1.37007026169244 2.88941734773728 0.804844475231843 0.172151671113470
1 0.801022204110578 0.509545172512833 0.354761905635889 0.0348401189288365 0.190147440560988
-1 1.91746264529007 1.14530743119097 0.870321735634875 0.551118738638284 2.8430867385883
1 0.240281505520956 -0.0245145965473233 1.62463520074682 0.137462634507692 0.55235954329172
-1 1.12087069368361 2.43196615715334 -1.44719528971047 -0.425937164728735 2.88347390711451
1 0.348514499937474 -1.82637896475216 -0.248095759667113 -0.657316217028162 -0.212518152117006
1 0.179839523426401 0.619430883112901 -0.654644828846275 -0.426335227551321 -1.42495296871162
1 0.18443687335003 -0.651158444775233 1.83417460345538 0.193586783640706 1.76527981275801
1 0.472853477945548 1.25102975740238 0.40744107945655 -0.252993560453858 -0.791638032144746
1 0.978082907528599 -0.960528033435296 0.466532340888788 -0.648575433538864 -1.61181741654220
1 1.71152362524893 0.180942263772056 -0.849204142302828 -0.363603302666102 0.074087081512948
1 -1.18775493411934 -0.0336565358842428 -2.04007688050802 0.345357723659336 -1.54749461973375
1 -1.99275709778265 -0.941380174007875 0.106987236853938 -1.49657400083587 -0.0109745295244474
-1 0.566285176473115 -2.54268155567992 -0.325329815658711 0.0281903962385293 0.32091728402
-1 0.45067739996982 0.332268728890769 0.921865858888852 -0.403046036037552 2.17019086370563
1 0.167159495571387 0.895068457832733 -0.923670924229714 0.925627082288158 -1.23406103556973
1 1.79207833760150 0.216096999924772 -0.129720896741714 -1.91030998816633 -0.520753472739635
-1 1.57178092638914 0.609578368242021 1.34034265563892 4.19635370332029 0.645811508855147
1 1.86447339704523 -0.781024038928412 1.27331578048722 -1.27977140095159 0.396090921684994
1 -0.098095666405413 1.58180743774606 0.288555155147355 0.746659904238914 1.13700208649885
-1 1.29379088664143 1.27956996181667 0.165029411576335 -0.419411289610922 2.41464683951804
1 -0.305577668630103 1.26804732302028 0.153291887198121 1.53496320442697 -0.241379335591329
-1 1.8909341010808 3.45609617526596 1.06868277398752 0.470936757552821 -0.122075786644271
-1 0.232587534303248 1.28323626679536 0.428644610887193 1.21345831422064 3.05507921652414
-1 0.189704885762987 1.53576391213948 0.834907345757868 0.632326510314053 1.86674159536427
-1 -0.769366845525633 1.54303536521078 -0.298462183524968 0.189244877733688 1.65930783270281
-1 0.0968194260718979 0.112681041998285 0.25374572700845 1.88860624441408 1.93133296856598
1 0.615897343040521 -1.05206148823601 1.30414908401847 1.73499031028289 -0.785488012192647
-1 -1.10057374011645 1.10718570172635 0.781735438173949 1.04746462268682 1.21878255072216
1 -1.93273510995012 1.23660664114441 -0.388870184837947 0.396392263533986 1.22425111774154
-1 0.381202946810413 1.77151547227911 -0.0528945706872659 0.100669219749405 0.742477526824179
-1 0.491032938346515 1.41251778031813 1.51355520371265 0.67915262242236 2.43670698808261
1 -0.137422977690013 -0.130966445523348 0.0971981977923055 1.83147260274910 -0.202382963275562
1 0.380882013088029 -0.899508015686238 -1.13236079068514 0.675843630354348 -0.4571908448213
-1 0.433499472999907 1.11376179366562 0.615283928376897 2.75257909821382 0.49678798826844
-1 1.90974294510813 -0.127701041098754 0.944404580142134 1.19092440262714 1.97356990316309
-1 1.52955357666577 2.60199220568574 1.12020850169083 -0.595289414145214 0.520845207561374
1 -0.473134036862442 -0.123822388141983 0.993118170573328 1.75526715594959 -0.208372930215906
1 -0.149429341279731 0.116420812364915 -0.99031163633872 0.592306253048815 0.944105160410522
1 -0.934122917630407 0.867409491646406 -2.56549704293329 -0.0607750494327005 -0.0995855219332136
-1 1.68121969671224 0.646243812815053 1.9880017835138 0.0826384442319634 0.431898298822917
-1 0.518781804166549 0.827625970739617 -0.167029049954972 1.28672663745062 -0.943568011219366
-1 1.44440819304253 0.0228521461178776 0.615243394102178 1.27932274939826 -0.187794268755556
1 -0.608284079619767 0.435785227795302 -0.364924354466393 1.22539026805318 -0.147774421122223
-1 0.598127997185041 1.04117675006125 0.647658489074907 0.276233554850124 1.95638144653171
