-1 -0.774479712049574 0.544178419857344 -0.745245955255339 1.10529948924748 1.52946037699942 2.6501830460152 0.717354226428276 2.86183566140627 1.64127532584706 1.25112552868307
1 -1.02397391139944 -0.158843563224618 0.183733632663576 0.141458685065369 -1.28928810689153 -0.915677992066188 -0.323376641871841 -0.160487413523205 0.0187727250773167 2.04894283528594
1 0.609493693183993 -1.37847694340658 1.20246568183841 0.791050684136702 0.8670025214712 -0.151460878449153 -0.966093348297678 -0.490658731456536 -0.256074874536811 0.933312645060476
-1 1.52775060050460 0.76853444048448 0.631049895947008 0.513055584628469 0.341401652913952 1.30347595681645 0.90539493844299 0.443873635635464 0.572895051505507 1.99461827709900
1 -0.349426285479795 -1.69834366569058 -1.16311868547025 -0.556923978162322 1.02632867512284 1.01244789756486 0.272088002546748 0.111011181757164 -0.673116536673067 -1.18406254260483
-1 0.855349035631808 -1.05221411787859 1.96805317264316 1.55420305999109 0.651585093153494 0.559572232774949 -0.126022070319742 -1.13324542653885 -0.212039776070340 0.767506326131097
1 1.77613537143016 1.92061829786716 -0.513816678330287 0.351289035137278 0.0107940696675503 0.891678256693691 -0.438495079621054 -0.891159420417848 -1.22184195361579 -0.271418359973513
1 -0.077557843899108 -0.502369819892573 -2.49511655759418 0.392276394313114 -0.534158165328819 0.705558387613476 1.17939411300152 -0.00880337984199118 -0.106862101909511 -0.591094832172884
1 0.825059879674749 -2.42711699591674 -1.50325154158160 -0.720248664372823 0.665538548119663 1.14527671835718 0.554440195131675 -1.031006655609 -0.591477847803619 2.80162856415786
1 -0.583365373317634 -1.39621841393467 0.47423937228152 0.910487529375028 0.026673143002676 0.558868882070594 -0.200958727449545 0.0419892177969243 -0.055733606556973 -0.519615513555204
-1 0.131442677224606 0.294595693290704 1.00379209849939 0.045719221383107 1.44525129832312 1.16163636814048 -0.657151395084246 -0.122708628458642 0.30589981191783 1.65007440307658
-1 -0.70040960514926 1.01880853631597 1.78614085911978 1.39701913058575 1.43363253039676 1.91487552763110 0.242520999477039 -0.400511937341148 0.740545829207698 0.489609258063530
1 0.47645447633064 0.336366529585583 -1.10227613919746 0.671509588624232 -1.58329095266651 -3.57671279689704 1.5592646030796 -1.15146096012250 -1.37175588851190 1.61403426063794
1 0.56173838909157 -0.210575302255943 1.50173873392370 -0.159015335541156 1.06819774901726 0.755191688582981 0.219686291368060 0.641968911268764 0.165766253575568 -1.02165326037045
-1 0.193966432240404 3.22004474833083 1.24758861540342 0.15869627799197 -0.893758354971358 2.49689280067938 0.272918475730646 1.96870356532525 0.302693563737576 1.54780614576669
-1 -0.753920240460762 1.34788689301166 0.929295401306214 2.64249149860205 -0.163700293976370 0.620272892665891 0.423039293472432 0.0162868048118734 1.90645432143247 0.836918479301232
1 1.70536806681421 -0.0131118099223166 -0.661633057240478 0.440373594628245 -1.22279632442752 0.446764586945770 -3.10967094245864 0.510084952842705 -0.61868461963662 0.638273388945947
1 -0.78607735459966 -0.0429887139255676 1.53137363894393 0.249089925695982 -0.942844157616983 1.93182404584137 -1.13426413063334 2.90318920055129 1.04074165148958 0.54543849080193
1 -0.591473181195774 0.231802142796126 0.742293452832431 1.65735316806277 -1.45011596216248 -2.07074087668852 0.551685080949531 -1.25374155645609 0.185473933260311 -2.25990647343469
-1 0.38874848048382 0.584896916476585 0.222609327079662 1.11448819835353 1.12478672263328 1.19147671005277 1.45964587135037 0.302686003474355 1.04731854467230 0.440179816676463
-1 -0.199659555381560 1.57504230893332 0.527874482349224 1.68085476055250 -0.604357446439442 -0.131633431865970 0.581261335057355 0.616567365667206 0.087099254058156 0.88222418506172
1 -0.652217303767216 0.280248608604135 -1.67113697897326 -1.27422096194764 0.766642926531274 -0.0448211772048888 0.797893212146044 1.2943056622246 1.53358858432011 1.83615136052592
1 -0.290390530773289 0.757933196015884 -0.492468275337385 -0.218645631643085 -0.499965133841972 0.240334002883528 -0.780222555004908 -1.26260711307648 -1.03321144007234 0.266675585716843
-1 -0.558086523392317 2.17600672525902 0.859874934768812 1.69959280022358 -0.752651848899034 0.874613818828956 1.50205473143824 1.43208463404512 -0.281015555274715 -0.849620894214457
-1 1.32693649155522 0.129481248010319 0.424772272440404 0.918989139544719 -0.416217674307533 0.0545048327945759 1.94218681799986 1.08391799151277 1.00542372473455 0.453962998098867
1 1.11670556821337 -0.309989291847272 1.07514794780747 0.0409517483094115 -0.292835089180296 -0.0368742262506036 0.0826156267967441 0.834022502184183 -0.452086736507326 0.918994802876366
1 -1.22766607933314 -0.699039944669801 -1.52103572474460 0.622740437381912 -1.39171830323368 -1.32297713414285 0.904117408485926 -1.00882819194206 0.686078102046892 0.706660573293407
-1 1.85959722806342 -0.378646640255207 1.08816640596730 1.08422195036085 0.850635077560494 0.671306578775028 1.79258736254735 -1.21982912821613 0.000473266170366471 0.33813802432699
1 -0.438234521435956 -0.564228081772832 -0.441154894856959 2.53795557601093 -1.06582926325702 -0.628929891870015 -0.58597110929238 0.181513442009766 -0.105216182474334 0.967316999418783
1 2.76418539286927 0.510985540971686 -1.37306668008812 -1.52185184762890 -1.39901731839946 0.0749276546280994 -0.432676139380525 1.88956795834672 -0.970156327560876 1.39733252751419
-1 1.65983952082113 -0.786629954222865 1.32076562620055 2.04734712691309 -0.442347761062796 -0.620501548386104 -0.610198988592363 1.74637093089869 1.19450090631892 2.24439274397423
-1 -0.129740692495406 1.26760498847359 -0.0252336637486755 -1.02268074329 1.97835002675617 0.219414882511978 -0.319593561033603 0.254460297952966 1.20940365096041 1.71410881752181
-1 0.343673868187179 -0.0539997800689259 0.61555800776381 1.55028116757591 0.256667166611616 -0.338784358562051 1.93885605880115 -0.571641286361192 1.13272972356476 0.0267142328800766
1 -2.03142223520724 -0.653047951793478 -1.29602131953688 0.693772528159931 0.382021385239709 -1.02827162989833 -0.241009792992694 -1.13213340584624 1.44895797314259 -0.54303068700697
-1 0.049280318070254 -0.0089057619691757 0.552304592904634 -0.106849154432381 1.55820285244465 -0.44774003270142 0.46989822574308 0.495404305721255 -0.471019798491735 0.847159316244083
1 -0.201279265152491 1.10922405951828 0.37456035839232 1.17648153131681 0.455045818360019 -0.748500506972633 -0.30363772324823 0.666662358063386 -0.902369007512442 -0.98208944876079
1 -0.208775271150672 -0.620586103813038 -0.815825542030525 -0.309486728073567 -1.01111409347840 0.48340303573131 -0.833337689967494 -1.67797427688741 0.758997026964085 1.16468746459009
-1 1.58248382746416 -0.130485080812142 -1.56955265983218 0.912567858166392 0.87969868032607 1.16294685359190 0.93950122208426 1.78888870312948 -0.0535077541326431 1.11216610170587
-1 1.11881203962085 0.362108837770461 -0.449385446408733 1.54244474110814 0.284837416024451 1.54174498002608 1.65915190980945 1.90539925550458 3.19219930019309 0.346981704197117
-1 0.802399753067797 0.141204500479168 0.687831882044696 1.40809630409903 0.617680778496483 0.710899735181829 1.16199357640678 0.96255564723727 0.191479777819631 -0.131374787172552
-1 2.23295831902224 1.45988337920050 -0.955076495964528 2.23447298842442 -0.228229372746842 1.62405653098265 1.31146325681073 -0.105574416235664 1.06831880455356 -0.055292786811847
-1 2.02686891675298 0.924906593390293 0.994545019164274 -1.74860599118777 0.205138459418601 1.03578613011107 -0.259035227527716 0.668330686860273 1.35260021693304 -0.0117315512810442
-1 0.459435528810437 -0.0513850589252126 -0.432871282518159 -0.301104521383403 0.520941982296312 0.722263882379008 1.94158420317435 -0.103103264183327 -0.830213057372991 0.83489972134364
-1 1.42076172789017 1.24224481040442 -0.46881031248983 0.0363782368512108 0.122407675874421 -0.710972969110813 0.0696099563244196 1.93565228481781 1.48765379488499 -0.52454177266529
-1 3.20496650397629 -1.88976739560846 1.00179195197393 0.50909866892209 2.03181139603162 -0.197085157993377 0.516061027935082 1.60304716728114 1.64428461637448 0.370744721285440
1 0.192375248418079 -0.189258809540721 0.0975880455681134 0.999685916765408 -1.16187385637070 -0.455709983406503 -1.10513533005057 0.286732274268375 0.511518546991333 0.259401424206808
1 0.185446159369641 -1.11210225282031 -0.248874717466851 -0.796286611533178 0.855960242377108 -0.119974468423709 0.527031299358271 1.30364921221914 0.345708386891550 1.83918328123021
1 -0.815700470108176 -2.5838953850118 0.174426109473005 -0.247267198258843 -0.915386659562258 -1.74939669227997 -0.326963658399051 0.0216552833273230 0.0303048424451791 0.482846784125968
1 0.493838440582406 1.43516288387365 -0.387889241613632 -0.473184060132898 0.0150859002564748 0.56608570625314 0.222504088020794 1.31329924771548 -0.973131748342348 -1.80646124255431
1 0.486872652958773 -0.626068479822636 1.40252563594526 -1.53308229681614 -0.913771332210195 -0.369012558395367 -1.72488344497315 1.73468357891767 -0.215732684414716 -0.225676680819312
-1 1.36360557506372 1.28114823154056 -1.09531288049113 -0.293496621489175 0.0545901318424765 2.03135416544247 1.19586349467502 1.14465902922744 1.88674298362004 0.153282290190955
-1 1.29390047398064 2.80337847504986 0.088892229207061 2.43535297811423 0.881668816199737 0.197093556752256 1.17754755373013 1.34779195868924 0.415193248525544 -1.54204743089305
-1 0.719824807504945 1.74041748376663 1.12243999679548 -0.439372392757607 2.40844679056621 2.14282854139702 0.190651456373209 1.12122350653799 0.779763503514449 -1.62566778793390
-1 0.790508173398239 0.892705712919635 0.94940603790374 1.82105840405502 1.13798256583931 0.914674003532143 -0.0411070766209751 -0.605564671506757 0.703386890192473 0.676838205561412
1 -1.37519104326405 -0.974853286576066 0.695460841709925 0.116234656362185 -1.19320496136744 0.569166619267167 1.02734228991792 1.30163074321028 0.276334560720573 0.506824290188631
1 -0.0137360284748751 0.556229194297235 1.33984780323349 -0.467941521704122 -0.879774572995678 -0.0482152880457021 -0.152078946337487 0.672314922254884 -0.73900153615127 0.0191186717911336
1 -0.256800259032320 0.529923897469567 -0.371666271655233 -1.12580710629572 -0.493681571023863 -1.53358117648798 -0.329223910003084 0.820913026394099 0.932134965914808 1.35214029938352
1 -1.23235518783593 0.157831978238436 1.44757068082577 0.559378295167726 1.7241133539091 -1.29719750662480 -0.881587683207127 -0.698341685906637 1.08741933347258 0.225711333892354
-1 1.02442744154559 -1.17543879131170 -0.639290863638584 2.10340005772484 0.566716658315462 0.858396430389144 0.557132965361088 3.26923744027103 1.59149629789674 0.166439629094892
-1 -1.29919894610348 0.880381065977773 0.866119552020673 1.36776491349612 0.870434361102144 1.84678591641326 1.78116336470344 0.145597583951723 0.270308958414237 -0.156362491042885
1 0.136244120996098 0.148376377010691 -0.212697026931101 -1.55388762078066 -1.36819934529380 -1.74516657976049 -0.0510610799272514 0.296236469776907 -0.0283317976773328 0.364260177211948
1 1.00864333683918 1.54952084321564 0.0365221488116013 -0.250032870084859 0.951284556223754 0.634484980017321 -0.359678107351301 0.15349539767767 0.929718579312123 0.762182697146162
1 0.789945108491784 -1.06656212865240 -0.0615776634691643 -0.872038404752959 0.0976275897869589 0.0340171918301026 -1.23293966975105 -0.255860970541603 0.0137152310007430 -0.692962274688728
-1 -0.562507061559724 -1.41358684741405 0.38480062141817 -0.387647262805968 1.31157488572759 1.71398976747996 2.80465743366533 0.570663709268903 -0.0402519135108502 1.61731544920355
-1 0.802831257262933 1.31851959267628 0.205364885290962 1.10187372624689 1.08040973779896 2.03010712499673 2.86174874813626 0.179227746290492 0.776410610557593 0.76121569511927
-1 1.58460762893769 1.57599265457854 1.86768481187636 -0.0140095200300905 0.0803880600616632 0.721274219530077 1.35156160500155 1.10567158363914 1.06313427115046 0.809290861350516
1 -1.42686855556884 0.74208724775894 0.842985597638656 -0.531592622731652 0.0305446589785324 -0.377138151024825 -0.306564277846515 0.0462851518989962 -1.82560278395251 0.967770058661985
-1 1.54014739371119 0.69774533985269 -0.535072451793896 0.530377100735152 2.17227015868329 1.01670770036868 1.59960331674206 0.908383450636803 0.803514670344055 1.97026268144777
1 -1.56511406940114 -0.75314268896102 0.72936343848144 -0.736495841599017 1.27851927421633 1.47434941090080 0.360984812976425 1.11369974802669 1.00923295163338 -0.693099988531131
-1 2.69066122365276 2.25042676012061 -0.561145683159138 0.206477025654489 -0.260974902288508 0.463791017509775 0.81948853122539 -0.448522363788216 -0.177404536295021 0.731811314529117
-1 0.209775386636261 0.991874355694463 0.0779972714122678 0.924997102134971 1.21583935691521 1.60647572525506 -0.77702281177714 1.45307382861119 0.824617829614428 0.901339212277427
1 -1.25520523600270 -0.0494719901482202 1.22570310532980 -2.55246380246549 -0.00422521486551517 4.01293563944554 -0.105560757708289 -0.480749783063874 0.629478877864005 -1.77808905750118
1 -0.139639347720727 -0.0623355953329313 1.27783676792571 0.895283939473067 -1.19914728812945 -1.65179193886388 0.566369156641721 -0.350746667193866 -0.657724404072185 0.971104372236553
1 0.395230497919106 -0.273410124842619 -0.323088604206698 -0.111681714168563 1.79791054209012 -1.25197981347304 -0.972923931999545 -0.0153137502897183 1.25075273606092 0.439942650252456
-1 1.02920886033270 0.919249371229946 0.156119116377229 0.411717778562935 -0.50966101299976 1.76766130918845 1.11620766885985 0.740345090730002 0.271115073766737 1.93350491042574
-1 -0.190893920089219 -0.320053535949807 0.761000866453774 1.04871471139511 -0.438415019309582 -0.395962998495328 0.219194449441169 1.26626685607225 -1.41611846120222 2.00840907171132
1 -1.31976415674297 0.402849788509554 -0.98922752060205 0.81630936275951 1.88019135644829 -1.20861760778962 -1.31633440648553 -0.715444837709262 0.172855393122960 -0.741577973456703
1 0.0340610864434219 0.24570339916174 0.949660795476517 -0.211588341063008 0.0789731716024544 -0.185987897643349 0.093707632059366 1.24787488012744 0.176763245052199 -0.852637665303296
1 0.735512451098464 1.02978248434835 -0.0342736461284434 -0.638481526205636 0.852998149548893 -0.160091959723300 0.346705634313684 -0.210292997795058 0.652337766536089 0.842849662999492
1 -0.490970121415067 0.499993617143615 -0.0391982700072715 -1.91902370656231 -1.41827355362496 0.4106443257516 -1.96008420545432 -0.933956843167417 0.793060086355235 0.727817918198731
-1 0.737912493793093 0.676518104034225 1.52147966957892 0.383887314363479 -0.72170850481311 1.08834672584948 1.47368548346341 0.264630751937343 -0.556901833291342 -0.412655551444149
-1 -0.309515099290590 -0.748775667265177 0.109818918727289 1.71816172864278 0.872026251541737 0.249795886209127 0.0773750272729239 0.77658182338133 -0.96849087096188 0.324929814124
1 0.691260566974777 -1.01423596778245 1.80563872979286 0.303228418001665 1.52490411715014 -1.13651067954619 -0.577751126473364 0.763549019550107 -0.726541937910283 0.71190714975238
1 0.389874420286078 0.188860177538266 1.39709136641263 -0.212504645439260 0.461268058883448 -0.351302667018672 0.434178748261894 -0.535210968463776 0.82181817859929 -0.796242328112567
1 -0.306612260574599 -0.918339110621958 0.144365736033368 -1.31803878352374 1.75655790196598 -1.23162580616227 -0.796824782855076 1.32820663186501 1.25151030908909 0.489943793468897
1 0.517457777302006 -0.173281792168072 0.552982071235325 -0.797123928843465 -0.125365051810484 1.55646271669377 -0.399607322436945 -0.902018612300305 -2.01117260924835 0.449997677392946
-1 0.246731771796355 0.725275760905123 0.220187878607967 -0.114471159150488 0.0395894971525484 1.61546399188458 0.113467470338388 -1.58197057644331 2.58933856272204 -0.142381680604455
1 0.91942500068689 -0.579042726380468 0.754910854960932 0.63345523980682 1.30504310881826 -0.856421755489839 0.447047102996022 -1.13490309015829 1.21545451823974 0.0174952521214335
1 -0.104047114641830 -0.0609884700884271 -0.349832296038612 0.906532827127456 -0.764552582317796 -0.0413448700912843 -1.13591053707460 0.0256618774855774 1.10399894854271 0.663061634486797
-1 0.478819758639942 1.66415299862757 0.259170156588119 1.22911387873882 1.2677742206462 0.236781137303412 -0.639354857845225 -0.466817026749867 0.590965820702385 1.38962190037141
1 -2.46869231713278 0.0345574398340256 -0.0434896331890681 1.10770174896673 0.448496729983932 1.30797173083305 1.93643992336055 0.940300598643712 -0.156249327677054 -0.497489371432348
-1 1.30045520948460 1.20399119792390 1.35523300635050 0.443138480190379 0.662254609070879 0.54376507355994 0.972062727230249 1.09537789749884 0.959334089217942 1.48611847030367
1 0.106992224244397 -0.194158575619375 -1.06969072183981 1.55745936589220 0.406889164058931 0.719949645468968 0.731388655016517 -0.33783709493384 -0.854287974348666 1.50947961266894
1 -0.968482948013972 1.17713243000747 0.0419757109304237 -1.13080351242868 0.295374697273172 -1.46334476458968 -0.903932444301659 1.07093328382496 0.62009281638135 -1.26017320371084
1 0.985644363454509 -1.65958230242819 1.25680783803628 -1.68246630557257 -0.159217014055897 1.99894303942282 -0.509746658589348 0.655787253118239 -1.40581239497647 -0.669468673186227
1 1.59123835188660 -1.47371645271708 -1.55401834556779 0.748852222759276 0.691837780877614 1.33289466711213 -0.183071946047438 0.417772758982531 0.551884548531227 0.41049533516498
-1 0.427605485014034 -0.832772878401649 0.379683280477076 0.147368779689759 -1.53801248403564 1.26659140214051 0.393607585597677 1.7177622726791 1.99362388675710 2.44144949902719
-1 2.3070036798533 0.238944814744764 0.133316768109464 0.171139820237836 1.55710428979098 -0.945808190688218 -0.639982457784036 -1.30864522244622 0.969876470714402 -0.361716923696734
1 -0.420201913635472 -0.757559213275121 -1.46432408870751 -0.103955692695509 0.145801727353102 -1.12763176143380 0.483362716653305 -0.784405896188897 -0.690355669074893 0.25590523977622
1 1.29870541728924 0.674245076646605 0.44330754826408 0.0383632346168603 -0.655882501198734 0.573172046411483 0.918868477287647 -1.71767387031284 0.797420380159621 -0.110987312921286
1 -1.51844401983727 -0.740669646290513 -0.899668344656415 1.64999878753704 -0.194739693975571 -0.182611149624755 -1.59802943217917 0.712058122554179 1.30177960604908 -1.91801884545051
1 -1.05530547122792 -1.19547644642365 -0.67981906101921 -0.337095454932396 -0.748763210486454 -0.0604512604972512 -0.174325136891653 0.297634250084946 1.27905457360123 -0.964091990212408
-1 1.23462095077507 2.00908397800275 0.708592816598756 3.02939844336799 -1.06088173359823 1.38376623730021 2.79576156979165 -0.779427775839757 1.37591090561851 0.626992224114692
-1 -1.05533399125327 2.54742320270431 -0.270097302678897 0.663368934649426 0.521957895257269 1.41281726741606 0.0768362718834074 0.653953481376715 -0.0951793197336708 0.63932008081798
1 0.245317141993781 -1.09842541475230 0.0378600509560878 0.956787859095786 0.392255907684578 0.94487248410483 0.714077034742489 1.15146157613710 0.618226393628288 1.43290898597589
1 0.549830841968573 0.711044851143223 0.823357250086001 -0.459741739809834 -0.262548369728061 -0.707882326793384 0.343827399843552 -0.278896420687061 1.49858434080611 0.663439012818744
1 -0.146304279203456 -0.77567631441347 0.320908556907076 -0.0171892253535244 -0.111112190975562 0.140500907581383 -1.59198377230837 0.0419833592945711 0.949234817322406 2.2533210669543
1 -2.50633218018822 -0.512351021196966 -1.85722165854237 -0.476947384008277 1.37179144522836 -0.796506262141544 0.759248165722278 0.595128202170821 -0.247200978406458 1.13455749877591
1 0.852494491625449 -1.4142183951427 0.226530297954873 1.84061740596125 0.209269964293119 -0.261404933440243 -0.562080576895137 -0.201605280244538 -1.10778020425388 1.07490507802462
-1 1.30023117887344 0.66292531868919 0.606978321762795 0.562122068613839 0.826250347141456 -0.368100323227078 1.45353260397181 2.40015383258379 0.880384731814275 0.0384800179569602
-1 1.2995050125909 -0.263806158909483 0.870606168888566 0.528377579068733 0.732464142456838 0.224221781791305 0.800322782579649 1.44483476042955 -0.950843553302274 -1.32679662935236
-1 -0.0475272323663599 0.366504430422327 0.340788084675996 0.871216438901125 1.22237258798573 2.06889244763590 1.09153977095588 -0.378030820788407 0.839316054737229 1.22504492382260
-1 1.67215348561542 -0.60428648229978 1.31603200675362 0.161732906578014 1.13317609376143 0.129986107385172 -0.677733066458523 -0.30160801990189 1.25422348428577 1.10079605948209
1 -0.459862939791582 -1.68562846112231 1.19125508947006 -1.50730002210214 -0.36110439535461 -1.12515658024514 0.262625159059681 0.657520521289791 1.24670281839813 0.356737503730263
-1 1.16043973382599 -0.110586865838233 -0.339882282797768 0.914093967067818 -0.533497865374186 0.689344926485419 -1.23830934564421 -0.510607869513998 -1.12141198555569 0.698037081771482
1 -0.506199479441459 -1.26291220366098 -0.492650463047883 1.00599180200193 -0.289202857961658 -1.47745447895186 -1.36961124681663 -0.756347784328215 0.647217961140783 1.54746034561713
-1 1.08160196900003 2.1592429424834 0.815735520582762 1.79605407178979 1.07322308566941 0.294136141564202 0.55977017544541 1.05610551007559 -0.471244934130964 0.384855416266852
-1 1.88201096668885 1.90014032420866 0.441387161894681 1.52393878477128 1.43163161855508 -0.587986123528416 0.366831304165375 0.876056717331899 1.56443025125397 0.496339417157322
-1 -0.314469947184844 -0.418596228442458 1.98556948740901 0.159261283141761 1.44586680478791 -0.86928025110466 0.122459889643721 1.59332262657926 1.32623280020229 1.76455089649325
-1 -0.0914491099186148 -0.366951981426886 0.62421313555169 -0.733728971790489 1.33994776195084 0.845938914057191 0.311651928613021 1.41953683849386 -1.01855822386571 1.29355356099956
-1 1.12118852282364 0.898990113163629 0.364357473363823 0.775374247974256 2.22287208704924 1.19632999129982 -0.0184599188544979 0.820568393346372 2.59466433649838 -0.293306954642064
1 -1.21061532712268 1.51017142201146 0.97228976378669 -1.28049129181984 0.225655448194277 -1.43882420565727 1.28188570843052 -0.451570436711371 1.08219909036102 0.0396151469185679
-1 1.07388173212529 0.650068592770895 1.95138967390120 -0.967697202345423 -0.281013500160078 0.636457061949943 0.961136793083976 -1.02336055986793 2.4452443263246 -1.07657599562551
-1 0.303370299347212 0.0476464538200962 -0.897815640418254 2.42636544846855 -0.154456715144629 1.29908613367154 0.693740317908895 -0.151289458426514 -0.0928150870973512 0.916566207812831
-1 0.583151775051078 1.56169238093383 0.0727696661243455 0.883443378844813 1.17458015007824 1.06405226017128 1.92235497517717 -0.569175484688564 -0.27364129240222 1.20786918308213
-1 0.0380897499772349 0.524795772502792 1.49738533408352 -0.311953918974461 -0.419700413791883 -0.363620204545786 -0.114547993212531 0.21507755831148 0.211996545742923 0.180275585490746
1 -0.00857548378427065 -0.480444873633618 -1.14257372617341 0.185169256011930 0.561986647401975 0.629347246189494 0.80861372083964 0.913869572321358 -0.108589475243500 -0.320416028478563
-1 1.70883663497657 0.41542290230621 -0.764506412040128 0.160530894777090 -0.259444176175068 1.76154897082257 0.824734720070313 2.12429557045402 0.648412327924746 1.51087520752819
-1 0.347632331317435 0.410477227294769 0.375283331536385 1.63789158559623 1.50121466909593 0.983652669406294 1.34883537978195 0.533642603413109 -0.84136726362784 -0.544713894705916
-1 -0.145958677421925 1.08341982944591 0.41085876826995 -0.144765325583109 0.382147255599159 1.97120089993207 -0.399458710491569 0.170959809975344 0.0856993832729038 -0.619829275547987
-1 2.52611252546349 1.10643835241033 -0.469861248047131 -0.687252253964301 0.915951486593045 2.54510736276241 -0.570566089713799 2.84551294900762 0.323939425467829 -2.30630425124526
-1 2.66339471963840 1.74668563827029 1.17424223846150 0.803118808717675 0.40474495033708 1.38073009253934 -0.493397223413306 -0.503284077561009 -0.161417800924186 0.455362384873123
-1 -0.382298686662597 -0.033613490552415 -0.602443133747031 -0.392085807241827 1.97579466643478 0.241009089300842 1.08903655229361 0.753209130186635 2.03354579363324 1.43442463390103
1 -1.38941780423414 -1.61032823518712 -1.55269245164728 0.172008741744199 0.142788127081702 1.28232599212016 -0.919099968769101 0.888136736973641 -0.304967199171147 1.26160980160885
-1 2.09735285797651 0.297873708872893 -0.912487492720431 1.10738254037075 2.22762822489665 -0.0399037123896065 -0.157753272436547 0.53665682664482 2.14952749045039 -2.35544932578784
-1 0.774155423294263 1.53621593977512 0.548890444271504 2.79696896488815 2.24294229720184 0.912512287589116 1.61416113367512 -1.11487090420721 0.0049713737522018 0.0698173237046791
1 0.0437237514207078 -0.354622338446328 0.898696731551482 -0.194416495889552 1.62929743678644 0.88755999124436 1.46714604741495 0.808003599059038 -0.924066822477369 1.03240145643958
-1 2.07413625608153 0.807201996187293 0.0367561067826924 2.46460282208631 -1.50625523746027 1.08564154356764 0.331436951176188 -0.120096441891447 0.656916420620037 0.879359936980538
1 -1.05537389282742 -0.981595786038277 -1.55203642508999 0.395388676407976 -0.194270643873793 -0.316759237702071 -0.976925177592398 0.0754802616386371 -1.25667653381153 0.0823083969093732
1 -0.957368138223441 1.93101607050900 -0.586863963176765 0.0278614854355088 1.80802204219722 -0.687080816401552 -0.816358340685107 0.0771060744450665 1.22640651829527 1.72083695041342
-1 0.906622327098083 0.306821920426582 0.273214711945028 1.34094228523341 0.404198720428309 0.537971372089599 -0.68243884429259 2.26426933200438 1.44424842409915 2.29663100101943
1 1.08261551773264 -0.58868362419589 1.04338739675073 -0.966747917383688 -0.755737456378785 -0.310517373795275 0.217862782767713 -0.536675231010032 -1.50819997359236 0.432983653130826
1 -1.08704086417072 0.0220770962216390 1.07937857823663 1.93751848616092 0.143526780466530 0.771616553471175 1.80279861413471 -0.151805345088584 0.295995701432903 -1.27569587596853
1 0.107519580061411 0.417915960516079 0.137974019145828 0.428026243184496 -1.50962640799722 0.703741907981622 1.05520865592582 0.755266471449106 -0.374498168441368 -0.562951269292087
1 -0.449084467118746 1.42340917714949 0.182906288446978 -0.338335247441348 0.667668494484438 -1.42072847487068 -1.39434986556957 -0.93207025249615 -0.6261292895766 -1.26538750913544
1 2.02353111961669 -1.01134315462379 -2.13999544203331 1.09473206789263 -0.798779927526809 -1.9091896348714 -0.815641747327683 -0.674473251503666 -0.605228739998927 -1.27042129072077
-1 1.42374353808884 0.731894588815748 1.46846461621374 0.768673448115987 0.0783428903883737 1.42794391749483 -0.360560698364595 0.7544755973833 -0.178415589603968 1.43555821813108
1 1.87044236624616 -0.905797856509729 -2.411765825288 0.881921709434794 1.32615003511874 0.0549271575323068 0.0676779730767581 1.35702050743050 1.17106268771183 0.303890047037224
-1 0.529461271712919 1.45840984622776 0.583400797439275 0.261262252801543 0.537609200695212 1.86205187422406 -0.284769367075433 1.59692049569554 2.09860720121307 0.483115911994568
-1 0.368295315928851 1.17737877775653 3.65331579430377 0.410093945589821 0.908710078975984 0.363782682868241 0.413780461432002 1.44325910661843 0.416511748983780 0.0579714440675658
-1 -0.00493409456341931 0.181244270361587 0.748793569857035 1.58021847515127 0.903210338792809 0.890402995556147 1.14920253323212 0.776226356128014 0.0087414852294343 -0.5169560398704
1 1.15787108174039 -0.643363738529344 0.990797134854704 0.0885783254254834 0.718340061991334 -0.220515027373267 -0.199382629174912 0.261295110495519 0.935429750711436 1.22345322106816
-1 2.10239599012511 -0.23509820223552 0.516720059287717 -0.0921593522406279 -0.305518789682143 0.268372529226007 -0.527710061157114 0.83479651194314 1.9176280580228 0.200620837601969
1 -1.29293758468267 -0.711364458978396 -0.730575133914857 0.844706894958759 1.18276284906144 -0.226803299747690 0.899920845809826 0.577871418908117 -0.507991408588282 1.04719375750731
1 -0.495368292694074 0.0810151930415616 0.785519509193563 1.05957158064266 0.787864221458288 1.29274034058799 0.298492358643365 -0.501155881296711 0.0985202498132665 0.704882369033412
1 -0.253535567341730 -1.16501370433217 -0.533532807498511 -0.46667524453727 1.90950127487871 1.59973970304075 -0.294769162587388 1.42812140059717 1.59910233294622 -0.928338977666987
1 -0.363544856044904 0.19350243004633 0.177447990054011 -0.663769050333412 0.34288371224414 -1.06519759193936 -0.970959987820878 -0.342878866995397 1.61596824236015 -0.337262206067662
-1 2.21532178310987 1.24987913778800 3.09556768632191 0.394768468784042 1.01320271871089 0.142471362573689 -0.352896011773382 2.00500177829102 -0.390543152196153 -0.355922557055852
1 0.0523905173349054 0.204717615157815 -0.647273692099401 0.583484069344726 -0.82184418266249 0.856780840240929 -1.34047351472562 0.630191098526867 0.794418964241872 0.0875787355741675
1 -0.689430725040289 0.588450417425924 0.215147649037864 -0.08744199878459 -3.03674909593056 0.673331171774046 -0.300275685401268 -1.41645443204663 -0.203831159413085 -0.87438112035268
1 0.564508093696718 0.600492337560715 1.56313039021728 0.939962551721408 -0.129979967991705 -0.958667789436888 1.66059426991651 1.28666519749726 2.54171887277131 0.701866653009411
-1 0.242122815912772 0.442942742939753 0.84714518821235 2.49848252493933 1.90403157656327 0.119439352220238 -1.23310971418231 0.368526873204438 0.301700796374437 1.01355013326634
1 -0.522151494940592 -1.18472343133551 -1.04399166217756 -1.12680270679507 -0.723400692165139 0.253072114218262 -1.43198664949089 -1.18774781643576 2.13358886951097 0.233755994728351
-1 1.10106254990745 1.16141010771828 3.09394859375342 0.591470818128954 -0.162363442366138 1.89233210305692 1.23783270460365 1.16869446264139 1.9731667859538 3.09304510111084
-1 1.51685826689338 1.45336563887187 0.357934692838036 1.47749533607908 -0.424193808780684 0.924783586810754 0.520577960117141 1.53996187905790 -0.0254071758429415 1.81266600256680
-1 0.363972600220403 -0.623431573191597 1.10752860053743 0.205202283394279 -0.0652704390945431 3.20794999653853 2.43573617303728 1.33138496629318 0.311475815497341 -1.04766698807821
-1 1.31870717891357 -0.725444805073772 0.437554525910696 2.22629735182745 1.55335500792689 -0.0308289568107006 1.23466366263802 -0.208996072871319 -0.581295407697044 0.826892125322324
1 0.417280296211111 -1.54855458246281 0.126494016430094 -0.130715995128551 0.0546741316011688 -1.08786066499061 -0.284907033556187 -0.832699870054416 -0.0358064445213147 -0.0648989061822355
-1 1.10899646612799 1.32767353021412 -0.0818884539018098 -1.10527551295591 0.955786010033751 2.65891349911468 1.15717327206145 0.109376932368347 0.493963915744379 1.63603931850964
1 0.640144279036114 -0.615800515280517 -0.373092081487158 0.150584210620201 0.218574652275682 1.08023129686926 -2.26220801521702 -1.09157898562986 -0.716591612929484 0.827964415815177
-1 0.452516511380108 1.03161792359016 2.70452374723022 3.12237057292261 1.82522364090902 0.681837971113504 -0.206754094429374 -1.44208810832332 1.05198087844780 2.21646387111845
1 -0.21759514176908 -1.52422723875234 2.30356470611079 0.872819943733474 -1.63324945806079 1.28058299474217 -1.04934529476351 0.821638096431138 -1.56856330784435 0.786472599557166
1 1.75078671566993 0.356212130744361 0.33129049701582 1.91437415985904 0.243185250035113 -1.02805342043216 -0.200111477935392 1.31670222248043 -0.208052390087184 -0.208151080570372
1 -0.0535180203482961 -1.02927396475256 0.922424631079621 -1.12845060266408 -0.470950811950449 1.08667574584252 0.111355018147280 0.018512016937633 0.726990864154437 -0.701903061639729
1 -0.269787122947788 0.328604236205512 0.20182563414441 -0.405711965252889 0.0183192256241807 -0.501022060679843 -1.05559933057136 0.216563722028589 0.80737209337761 2.30565845887281
1 -1.90302412081135 -0.86104593931755 -0.382929369289253 -0.32210837747096 1.41320362591781 -0.44497752774508 0.28152867781339 0.97602758779528 2.77828317202238 -0.0466434179120657
1 -0.676854418522917 -0.953433411338397 0.247712341820381 -0.64332176099527 0.728886201440729 0.300042806237092 0.586179162730559 0.287303229646755 -0.132527777985827 0.306674824186840
-1 1.07336019964546 2.746939561896 0.90324570475174 -0.815256486011202 1.52230682343768 -0.382556525797586 -0.572255166875126 -1.01678212913703 0.56865515750855 0.905861185142299
-1 1.48965927778456 2.23120808573476 1.45086944462137 0.515781482683538 -0.632334079049105 1.15488888747294 0.446434557224284 2.50721611323197 -0.176520728021695 2.39935662744449
-1 0.076272519699695 1.15393083110594 0.848815594442245 0.578657721378676 1.95609233610863 2.25895253092827 0.96683609004691 0.986884575711384 1.43261921707916 1.28716362456142
1 1.66977562043833 -0.423727416517239 0.217562489568667 1.16778595691515 0.089896610334677 0.530081101782471 1.12576923688142 0.546413637335673 -0.78734206503122 1.54967933644211
-1 0.556834248243919 1.98572538756760 1.77565030675095 0.961041323884667 -0.189404446420953 0.950084877119994 -0.593772319277603 0.571231581992887 -0.922836861858343 3.3636982827722
1 0.0527240720443581 1.30615353002836 -1.55984025518490 0.762452245588821 -0.212039314153784 -0.147297604224031 0.416786110410929 0.582721634140572 0.184059858394909 1.54039608874532
-1 -1.15622319908693 -0.253769897673107 1.20359470860518 0.372929948268471 0.519307299044385 0.415075211759772 -0.402497321751489 1.28940180070516 0.445908898095824 -0.102909921150701
1 0.435387134504654 0.601777995323032 1.11851235472681 -1.37265285258257 -0.113138751669282 1.97765513340112 0.141914681010212 -1.38861148371195 -1.12909067551495 -0.298309271694560
1 -2.136309077204 -0.0498048346293623 1.86860821197993 -0.568366315986494 1.16924510242844 0.199677815402986 -1.2224171302455 -0.46077924608968 -0.62126173057068 1.43004995362243
1 1.46482591681299 1.35558900581093 -1.39751520616158 -2.23379784887942 -0.0687228986470497 0.0123429323220221 0.739005932334923 -1.46311493749348 0.112305931345871 -1.13749963982500
1 0.82646478787785 -1.56322463525979 -0.228291546434588 1.34720086580287 -1.59233944074384 0.415816622545979 -0.636399591683371 0.266324404009579 -0.489997029166216 0.397317550534189
1 1.14742644043723 -1.61720888704357 0.542942243738387 1.03647004763279 0.815189663641627 0.758772394013037 0.397889021231078 -0.355213685528269 0.600209874701654 2.49934328344997
1 0.568569217461362 0.656607118462366 0.338841122363298 -0.967975724709882 0.676811256284203 1.46902383654935 0.92687350227337 -1.36561403506253 -0.340519725955922 0.08897914522482
1 -0.212906720617252 -0.397999445981969 -0.524485178859137 1.42504980040476 -1.90072184259138 -0.0586953376578359 1.20097513307620 0.231465292685032 -1.36619390801504 0.579578248318605
-1 1.58449151829910 -0.367948390781627 -0.47010996562166 1.11267622729413 0.255091830574196 0.551799922033737 1.88605950355774 0.731199820473228 1.10993120790609 0.416210522022006
1 0.749741348428627 0.980235937469633 -0.636705544632903 -0.184290696872504 2.00314588452499 1.31767115125435 -0.916016588642342 0.817804264418966 0.53918225385543 0.97504511521016
-1 1.13770973350919 0.992699004747917 0.73808833826102 -0.224797237880057 0.0400517298581954 1.19671335564725 1.21870047943061 1.15426607765724 0.501429212017153 -1.28490621915114
1 0.734774489425118 1.89774808994638 0.476559115554737 1.92678175169058 -0.88145725485071 -3.01915304647638 -0.748509981553817 -0.598009542255135 -1.48410143279495 -1.02560183502447
-1 0.594393223000412 0.239971992335408 0.252545280716617 0.673514819908167 0.408513528201335 1.18302546113199 -0.156546938295733 1.47180451450330 -0.226137343940629 0.754307552436361
-1 1.84295967678626 1.01401228598776 2.70364700950629 2.10388776737469 1.31930442517491 0.756457815743812 0.564459983124936 1.47527814807422 1.18244291848025 0.373253864694713
1 -0.731152747781717 -0.109543093752482 -0.866659859583281 -0.241371412545662 -0.760864153544423 -1.19609835953354 1.15636250726156 0.284464426332859 0.211495047052976 -0.279295605098347
-1 -0.760944989712259 -0.066395066417325 1.31581074607272 1.24352088206897 1.37863801922065 -1.88813849144457 -0.748245207298778 0.146831650342192 -0.409793559969269 1.26068442882074
-1 1.63999974986937 2.28401760616466 0.433370463073355 0.12250125920249 0.966463011702343 1.57136250867937 0.3452523242987 0.528930868509617 0.999726323022319 0.335686204339826
