200
5
1 0.684828669272386 -0.442129919065826 -0.463748536551238 -0.849783162975794 -0.208413615610426
1 0.642528775829478 -1.72691077962973 -0.904408279995084 -3.49657277598185 1.45424260129598
-1 1.54683692179939 0.250289945814817 1.11230199876695 1.23882266444891 1.33607690342927
1 -0.764922561162136 0.182997108653341 -0.782523793024078 -1.10110605906745 -0.0330907029981641
1 0.347503681930786 -1.65571579312609 1.51671541397716 -0.230906156317889 0.775666708090703
-1 0.557516547711137 -1.15576498754928 0.681982676562634 0.859285774586098 1.66623682857717
1 0.519788866650978 0.849770050945253 0.278949478710014 0.0932082822998236 -0.42076405986248
-1 0.577327874828913 1.97885838871896 1.40869424679161 2.59630341909506 2.09963452452451
1 1.47644264354528 -0.736117138248603 1.81031271597978 0.124502322680716 -0.851970648865314
1 0.479249209285228 0.406244649093438 0.476081989478336 -1.50256670305260 -0.766636556740792
-1 0.435877229671457 0.582341575036982 0.901792348117345 0.472699844276375 -0.238559748447877
1 0.57285556807057 -1.25073420680326 1.52105927943799 0.0151092878153088 1.93855925534486
-1 1.59529348433327 1.03948210275597 0.396074038420377 0.952584854776754 0.24103877610472
-1 0.173858096589920 1.64992215422095 0.0231626998588089 2.67845854324912 -0.0118548686019894
1 0.940043465364056 0.187249281921230 -0.182772741444927 -0.00861736005982788 1.13951641390707
1 1.94945315948258 -1.06951996898661 -1.82763715021817 -0.215984738149012 -1.52746242665466
1 0.568480656740397 0.881516039996405 0.823039211911608 0.442850502669936 0.61686734088779
1 -1.36745516973953 -0.217832154113226 -1.68458713672659 0.230208082745184 0.081753381179167
-1 1.07779734324564 1.63856976701940 1.11065814715301 8.31335645974374e-05 0.727062103920092
1 -2.77039159596418 -0.873334679567362 0.437649111343849 -0.793141499361883 1.81535461273349
1 -0.825298764567705 0.997037087916269 0.81494954794316 -1.44289802153007 0.536798867669396
-1 -0.00921951936446452 1.51432318248721 -0.0322727126256274 0.867957023804899 0.224492621061633
1 1.67161292823739 1.24965263261421 0.0214937683892583 -0.456968788075734 -1.20136427683033
-1 1.20294292457712 1.34522751368354 2.13645693493634 0.113530440649466 1.83722986105406
1 1.79312313411453 -0.167258994181249 -1.99170827433840 -1.40841496465544 0.865722662768111
-1 0.978059010148084 1.60378816557128 1.17458809628923 -0.439719943063938 0.59178251269337
1 -0.499922918677802 -1.96389114071933 0.243406654119249 0.280209269593125 0.452606526477529
-1 1.53208908539793 1.76975389333456 1.29685851197053 1.26367210200081 1.14475046065929
1 -1.12911581799760 1.35644935827877 -0.772831364881663 0.866539759211179 -1.16263627323808
-1 0.418152302159397 0.578538104035863 -0.469005087240695 1.04925534505829 1.71433746814473
-1 1.89897914785319 0.289989466229142 1.60636430928559 -0.323859525601332 2.16383693401484
-1 0.820152950680123 -0.551076870437289 0.962974332490176 1.69608257359802 0.566161944214242
-1 0.828178511785342 3.03065254178072 0.600246491821909 2.81374742122176 -0.629466402767484
1 0.453303214710564 -0.350475381345086 0.372652852706564 -0.706064172026197 0.987494468177492
1 0.79774897353587 -0.79854237945619 1.043937278754 -0.366691252578669 -0.323891798599526
-1 -0.0291166197254217 1.68861891035071 -0.418735912155446 0.0522402532325158 -0.246713619033650
1 -1.82401961487863 0.101044416287516 0.75753194746871 -1.35403748857816 0.971343356134782
1 3.27008630614489 -0.539691117001166 -0.677934926218498 -0.543937931722166 1.47744983754648
-1 1.52004002915331 -0.999412171503289 1.27905011223876 0.061376108524119 -0.109123745776026
-1 1.29381897160812 2.22098818854528 0.0639173919663677 0.648723060312607 1.07035855659077
1 0.392492358850112 0.72685029368142 -2.19818547117328 -0.263881732182841 0.183165506488787
1 -1.76463353021838 0.260996039894641 1.57864546663769 -1.13722709742187 0.46851348762805
1 -1.03899800081976 0.689490824992816 1.06041419555117 -1.07872639390979 0.320648720455748
-1 0.688877707303718 0.282803087493119 0.684039242373289 0.407744962080557 -0.23920283503563
-1 2.03920873031584 0.91989976126191 0.435096534413404 -0.133480237706751 0.194378533282552
1 0.0912461596930444 -1.06559038241861 -0.306639191354569 -0.325896478452588 -0.119463306230718
-1 1.51718919833010 -1.89035351065253 0.753280483025685 0.510548054549697 1.57290015791160
-1 -0.245890397938513 -1.18395503396046 1.06862675664755 1.57166311780981 0.370745884734847
1 -0.77872706596719 1.24105934750158 -0.774371476786585 1.85216239740283 -0.142424810880868
-1 2.7484740150119 0.533258517149294 0.388141689269624 1.58667968870634 0.000754486263460974
1 -0.466703158374393 -0.118599088501708 0.264254537815674 -0.828932458519842 -0.0912384265230254
1 2.06885913394214 1.33253974386667 -1.40772203133429 1.09102026265119 -0.26172440211455
1 1.26481213238073 1.19508843430666 -1.76346124041417 0.570940385239931 -1.68781998611129
1 -0.572492510760088 0.969825232326792 -0.78957121468364 0.295160216742583 -0.340535248552775
1 1.27424246474542 -0.685513540655968 0.997117138378333 0.184807509560097 0.0572380652398193
1 -1.29716279745612 0.477922821477639 -0.987225038243116 0.586059322904899 0.102723029156135
1 -0.734054501719967 0.623407033319193 0.382593652912797 0.781253777814144 -1.12780272245563
1 0.143839619604991 0.422589204432805 1.18010686368115 -0.884958166099255 -0.538218517328862
1 -0.0778314853744421 -0.632999973696136 0.87632720751826 1.64636222536593 0.0784470760656342
-1 -0.914021069949653 1.23122532363636 1.72607492742335 1.22976170655451 0.835842011782944
1 0.292236893045479 0.585058543493561 -1.90921718654822 1.35403622591452 0.0363391971564556
-1 1.20174946168999 0.563739142059375 0.75793942712653 1.18546338422679 0.247875999192812
1 -0.997484146327356 0.6400606963945 0.220451763615876 0.322864161237818 -0.931626160759087
1 0.699104862212417 -0.0900819777234365 0.325929324825977 -0.0442400553242645 -0.195517580433374
1 -2.24640539610264 0.246145339978777 -0.242191105690923 2.21508797172794 1.21261153000706
-1 1.68069744581388 -0.120137087934039 1.98327898063319 1.40929030581777 -0.161456583358843
-1 0.818204184816169 1.41099345319467 0.88259784111554 1.70231075804865 0.34342060137434
-1 1.66021273936457 1.47016183443706 0.989822692853026 1.91943696384399 -1.02433046078881
-1 0.676796576377994 1.75690958358569 0.417018885723704 2.99020138461699 0.715309064505394
-1 1.91196239080461 3.3579578504255 2.18619512089892 0.873214696941392 -0.00290076627624791
-1 1.94687896721646 -1.52078341025052 2.14065867910387 -0.256397615766163 1.18648153946469
-1 0.913383030517737 1.37052175816396 0.62443831116544 -0.582274358345013 0.281311314265287
1 -0.718283953082295 1.01831715078225 0.630110212628222 -1.16390063832233 -0.0173101449872245
1 -1.42533804255493 -0.722576472697702 -0.062761991228467 -0.454972017968351 -1.56295787590408
1 -1.74902344694563 0.536501926689552 0.0977250221550997 -0.490984038821275 0.251103008946283
-1 0.723588678616145 0.0735476358321082 2.53233359489605 -0.543759612146294 1.27220435447409
-1 2.55727928225269 0.111667545069127 0.832251440652332 0.247686487985685 1.02518819459764
-1 0.467286373548625 1.51789650024462 0.549823942153899 1.07165289726805 0.7249263095665
1 -0.0340739151276514 -0.709885787279786 0.698497350837502 1.85546772836495 -0.0445806541743008
1 -1.03813895097664 -0.744064342698845 -0.78066379489584 -0.226354504996743 -0.487531840999121
-1 0.0476542229100968 1.45871094840531 1.47433253091144 -1.96350104512896 1.99667193804395
-1 3.12590908718721 0.145822045114314 1.01320387089971 0.291282320822532 0.477997484478845
-1 0.628989081216736 0.688394673996449 0.359132038247857 -0.703765879293508 1.19353523092236
1 0.826327194075536 -0.196779057971298 0.295826638673197 0.180946772655961 -0.35634353791597
1 -0.142390754275983 -0.207331824017747 -0.314495555925234 -0.196541818611749 -0.788012285750673
1 1.49096609609373 -0.579967077534921 -0.278867738223229 0.655570452119257 1.24341840455273
1 0.0126938103286115 0.315263609119218 -1.7876276573121 -0.641833637448595 0.349588049740721
1 1.91585726211052 0.0617981505596972 0.0107650082251347 -0.151871213815664 0.501975914744383
1 0.288925457827158 -0.954572565792772 -0.223213812129313 -1.31889149894388 -1.67461386074203
1 -0.771101218485851 1.26169015086307 0.720309043141398 -0.592565104865241 0.545594594719607
1 -1.16902332240106 -0.94674246691495 0.967527744925828 -0.921531803944204 -0.583806158321166
1 0.799508434792984 -0.485441411383827 -0.104209236688822 -0.831397533915065 -0.614505494206498
-1 1.34942796423208 0.925604670608473 -0.774383027208954 0.738413293324644 -0.459612229022662
1 -0.983398815518502 0.591916005732403 0.478924356578306 0.139327653750371 1.42591521184741
-1 1.40903972991270 0.90605281057955 -0.407820612967396 0.820479051186317 0.228134152038318
-1 -0.0678232820232623 1.90392931559468 -0.0890786205959726 3.05826918133374 -0.127942439470807
1 -0.184247569171847 0.0737657035894492 0.0235833891014091 1.79114912096537 -0.0722044710491316
-1 0.448137063252438 1.00248275698473 0.230165797757438 0.685202948550976 1.04840929991778
-1 1.45190692832819 2.38056843429229 1.60839942873657 -1.7036121442403 0.575690450664143
1 1.19134493943642 -1.74917796891994 -0.348728543661409 -1.46389022955790 -0.428401376253895
-1 -0.340978375216097 0.45672469666562 0.999989893517248 3.39385070387873 0.519441906328371
1 0.462144021265349 0.186100883966221 0.909363423084124 -0.344601574085439 -1.38117495614811
1 1.84918226745105 -1.81972342924375 -0.650556182329869 -0.810214489305152 0.171122243293913
1 -0.810512509647327 -1.90891290648617 -0.40352518202346 0.801351102228057 0.583214501658896
1 -1.33847954078072 -0.456455078230751 1.41341073401201 0.575381337804603 0.952093453815653
-1 1.62335385401038 1.64358188971672 -0.322047996208822 1.64526731935829 1.66352980573703
-1 0.692654952141231 1.96082457363201 1.56038820951346 -1.03927579365806 -0.887923399105024
-1 -0.914543634149959 1.13535060306610 0.770829026106233 -0.0309336991572567 -0.18713227580765
1 0.0344037550193701 -0.345629656393493 -0.82527141440421 0.822271948594087 -0.283643131279897
1 0.089298932851915 0.320227755641601 -1.07845759264585 -0.573758800997529 -0.871856112148455
1 -1.67101017208581 -1.20539873544035 1.17586537363710 0.671383783748301 -1.46221556680428
1 -0.107530998261537 0.389186201418413 -0.886431356878075 -0.458459723098758 -0.547069936248922
1 0.875191429214132 -0.601047231681305 0.237534553352643 -0.0854266681271255 0.568746955011814
1 -0.786049028733493 -0.890562362053772 1.38653466380801 -1.82664592337575 0.242298337782599
-1 0.787155126356057 -0.562475888228645 -0.170567017899619 0.214514102747682 1.28476983518938
1 0.377529216548117 -1.73999613194918 1.31959284317460 -1.44825878719663 0.498533495948006
-1 0.729060955253235 -0.697890726321518 1.62205314305609 0.849204467504872 1.44534255643639
-1 -0.804613932312967 2.52241253716789 1.96182050126046 1.70750398926751 1.52010004708953
-1 1.11568482466696 1.77711508086371 1.23535712280106 -1.01533667958724 0.979084935994
1 -0.801732233110188 -1.65205140020549 -0.65344887611905 0.035109621002501 -1.75098929647177
1 -0.252042272847866 -1.22975730717277 0.545354667534371 -2.51816029705180 -1.14260382606622
-1 0.767039786954945 -1.09126699173502 -0.374852245793311 1.68387291579451 1.79270518200470
-1 1.62821720672166 -0.376551395323553 0.438611173139571 0.529518281718997 0.829331938047059
1 -2.79800727009044 -0.520318772162922 0.793060081840927 -0.524901208561801 -0.399257391958186
1 0.895411131630216 0.571315880326181 1.49013881663831 0.404874647667682 -0.553269590125963
1 0.0396463479048444 -0.282929383722805 0.887741763486022 0.459322360216122 -0.682028554686225
1 0.174760565673199 -0.427219394786654 1.34893748922800 -2.73881218764358 -0.650264355935495
1 -0.651633089420232 -2.09435600286794 0.490047875462373 -0.192386376397650 0.359614819685888
-1 2.61314010434114 0.492019850635485 1.26982347151197 2.33606814928111 1.59890873888075
1 -1.32417244067514 -2.01762781425496 -0.256222667427209 1.86525856643078 0.857843881911785
-1 1.24560035065082 1.77468408960166 0.919374446175037 1.32811880769247 0.523025705934617
1 -0.0154509948079870 0.660895113932727 -0.480564921451245 0.288218218736161 0.913939027180573
-1 1.26969337919613 -1.45598892638362 1.10212144537750 0.146249492715481 0.0129444506540488
-1 2.04727535591986 1.60418046826322 0.820691405466652 -0.946423737996877 0.939273764447119
-1 1.5122443039069 2.08590693610587 0.311774424214394 2.06470439725143 0.336728647510123
-1 1.68504250370056 0.826483582063603 1.40183913883879 1.46363414293403 1.06123011406600
1 -0.725997763110951 -0.988671458656598 -0.0579554258859008 -0.664690537144946 -1.72582932546800
1 -0.338261740810793 1.36630861312213 0.989407459067357 0.0725745146780469 -0.0321767237772646
1 -0.268694192692303 0.585547384321377 -1.00032210082273 0.210871877552416 -1.72459877075581
1 0.675161673213239 -0.926264728923763 2.06245679943005 -0.986804770245673 0.154282289691299
-1 1.47041287514661 -0.730218662498736 -0.0440079916861711 -0.975244010729622 2.24283315256433
1 0.561443505891334 1.14147037179887 -0.200123543566958 1.04782643796161 0.536292122196167
-1 -0.196417576412843 0.772799532793696 -0.502516548001695 0.592710657094843 -0.0330755177667492
-1 0.939748736257294 1.75774881896760 1.03803807213026 0.432100093234227 0.65917454662648
1 -1.80237293719285 1.60886670400006 -0.341074403087107 -0.483745957629626 0.254331186284248
1 1.1532467830556 -1.05217515158837 1.07748405526305 0.0207138067313352 0.587585783677657
1 -1.72592725289480 0.208840790973256 -0.515877763499837 -0.096761488229027 0.350454049698675
1 -1.14293020131209 -0.373944841489334 -2.49375617003687 -2.01508890439643 0.936321526425013
1 -0.940149594362494 -1.84458268548969 -0.570643085183368 0.517387636998893 -0.280582593596717
1 -0.709627917655928 -1.87877024711738 0.825566416807504 1.99485450984344 -1.73540908558692
-1 3.14356930385590 0.0869228303295329 0.0625493488811698 2.07066155260367 1.26067389271695
1 -0.0320110369541237 0.916849403968755 0.664000311768048 1.47862227894906 -1.20213360704514
-1 2.01365920031565 1.56054510766246 2.92348579310457 1.7153423089219 0.852604915112427
1 1.85548185694497 0.429807643786092 1.92412326567744 -1.33187518498604 1.25017322474701
-1 1.62169872582004 1.05723184442939 1.94379367443867 1.28335990176824 -0.176942791663877
-1 3.34160525577116 1.18969077889923 2.75654842967978 -0.351285173761352 2.31426470623016
-1 -1.27143130319062 0.869364244974272 2.03214709891150 1.08027276874713 1.36610439418673
1 -0.557742567110958 0.484116960327396 -1.70317902060619 3.08355060057896 2.25501039330289
-1 2.12911376229781 -0.688287498312985 -1.07494145402841 -0.0322185954917401 3.04133382848268
-1 -0.99512040106038 0.415829639035734 -0.723950729732909 0.993848962820812 -0.380684548405441
1 0.242271477743209 0.419063547835140 -1.89535302859797 0.684581854498692 0.388254157122803
1 -0.810461025170462 0.105079780434309 0.09685409274848 0.700455263310191 0.685689626655424
-1 2.13275333266315 0.733780175257833 0.200909943950216 2.04785807705336 1.71388948213159
-1 0.143524808107907 -0.18413564463617 1.97272492419403 -0.260821445074209 2.15465036207924
1 -1.38006351583928 0.16454380165118 1.76804694606401 -0.538882529303672 -0.464360938740513
-1 -0.35873738536175 3.37973782634306 1.55293856000728 -0.863928871407582 -0.952961017866556
1 -0.228391049678226 0.421266449370029 0.660635049796654 -0.578928248421308 -1.33961549761789
-1 2.44834696716265 1.29819719709581 1.37133192500336 -0.146253200414062 -0.0198294542470679
1 0.764893952480223 -0.16683602147288 -0.633812530058649 -0.061362760515732 0.107098759487658
-1 1.32148253859686 1.27560148485782 1.23481763388101 1.45952722463501 0.642864951618858
1 -0.572708234735405 -0.203008325838040 -0.794709431222227 -0.200923833055598 -1.12599063905006
1 0.569550429893298 -0.233242620195877 -1.35797155358426 -0.176425364764095 -0.612788969880984
1 -0.987351328409569 0.572239537417615 0.305688521111769 -0.0598401834878656 1.41997921919520
-1 -0.676478552542907 0.750607147165982 1.76732273388553 2.7814399679661 1.29501332735348
1 1.01469910421116 -0.885161540891604 -2.05430729728518 -0.364273121555662 -1.88750864860682
-1 1.00828711863127 1.23257787348672 -0.158381782792343 0.195586558196324 2.44582754285333
-1 1.98880233404974 1.30026182390389 0.0598942191531423 1.32698981109690 -1.16069334738172
1 0.386596729051011 -0.540233779884878 -0.901063328919277 1.16423646398514 -1.51185444275506
1 0.100188395879419 -1.22794859491099 3.16679623132035 -0.183516834511602 0.70340805126977
-1 1.62900166820153 0.556970419918106 1.58647094923198 2.81307078732538 1.73995421363043
1 4.50456997480451 4.34750653737405 4.30189890161743 4.65085403065702 4.44844740223509
1 4.60863453572598 4.58655655594423 4.33406969137947 4.55500889760195 4.33850792963623
1 4.36812489904062 4.3609095812371 4.535001326455 4.60569406651653 4.53054851687779
1 4.69389694978768 4.44662844491372 4.57405645015152 4.70486128379263 4.28254996270858
1 4.42072035577088 4.59582233370936 4.62509072749119 4.41222866276657 4.34741107232777
1 4.42691943903074 4.47981484695272 4.53382274701936 4.44034152980214 4.35143000242643
1 4.50225900759018 4.56535316170632 4.43143064762642 4.27361655337426 4.45563769345151
1 4.34169339332728 4.66929265561564 4.60597691158058 4.61949704019680 4.61112908295801
1 4.40392357661954 4.60131164493938 4.42502319234619 4.43617615454515 4.61040552025834
1 4.48972818573295 4.50311930419717 4.44086563754447 4.49402076784256 4.4728037709006
1 4.44890977985940 4.45952524424942 4.60712853849872 4.39333530317718 4.44819537878268
1 4.59109128646411 4.52811287621865 4.36454975491602 4.41809568879527 4.48831421578096
1 4.42701369475552 4.53991317439867 4.58028412010205 4.39166971152887 4.47840400692955
1 4.61849093501858 4.60429279157901 4.48456983555002 4.29957466679206 4.4831374384568
1 4.49960552345695 4.42352262257666 4.53611208327247 4.52691730028705 4.58114345032954
1 4.5318056161011 4.48777427872672 4.560156869516 4.4606186111681 4.58500390584201
1 4.44385752322164 4.58465850855857 4.50759072622304 4.56400694514906 4.31621438856245
1 4.46966680258274 4.50501973583735 4.43243453409191 4.49978201926354 4.53947677383437
1 4.46156381829814 4.4123794900727 4.58139677961518 4.25492628564723 4.33145308338246
1 4.56817757999016 4.5559925796228 4.24071576712024 4.52895737918703 4.58261776851202
