-1 0.409321633670787 0.786521855912511 -1.01474923832765 1.07200481185181 0.287198430763145 -2.47132248341973 0.246649415352708 -0.53281638133013 -0.375013799129976 0.254048962556127
1 0.150124888665474 -0.42677104763983 -0.149336230368575 -0.18767553885207 0.238709138029932 -0.601760465960024 -0.114235555186977 2.07407882040881 0.805747198422695 -1.03360632880969
1 0.9988271771527 1.56801835346560 0.875561377400335 1.10002978974624 0.526537265149561 -0.262388683691716 1.38908717636413 0.0856105687170333 1.27374102516644 1.27412877527294
-1 0.00931417071488716 -1.65354795528954 -0.150660943534534 0.759719278172189 -0.332470985636463 0.48711096684446 0.326562446632767 0.713780125816365 0.617346467252993 2.56447264135350
-1 0.0691781901815482 1.80815229035903 1.04217137341020 2.20793924978233 0.977882994627073 1.55454073749939 1.21627570019128 1.02141043612147 0.93851829427291 -0.140242348379097
1 1.85420180934962 -1.36934538726333 -0.395558269897659 0.532065305205086 -0.522498597306199 -0.557139513591591 -1.49934586515346 0.459731041769545 0.389740252956772 0.101036679656337
1 0.342137128876828 0.586271400129714 0.158459683948559 -2.50814674406487 -1.70391047506015 -0.310684379390903 -0.720834511518288 0.339978341610646 1.02461533133736 0.472591364521841
-1 -1.58316059769664 2.39500237985788 0.412987226232201 1.25886963971258 1.21021552901317 -0.373853688324809 -1.42169613360455 -0.421290646025888 1.26659756414917 2.03353171799621
-1 -0.102044686441859 -0.536300257291702 0.346463779086159 -0.921348418835475 0.705461817124211 0.9983526568564 1.63601953865084 0.700499285701328 0.115522228418294 -0.701795755065476
-1 -2.47705918711633 2.13471785876504 0.612580526140128 0.534312889146812 -0.508872663487106 -0.0949317827950116 0.0142355413685351 0.127005822971244 0.94876283388506 2.65290049261024
1 1.58002457914817 -2.22032059057073 0.232442529158937 0.695540372805505 -0.447482974291365 -0.418375390790549 -0.789049905588279 0.63776734025753 -0.109269178460625 0.614908391695422
-1 0.065492934793158 -2.78294670735838 -0.476404654286448 -0.594139997333791 -0.866953846552286 -0.977446404578714 1.72812469743190 -0.458096020969922 -2.22212085273388 -1.69191439369097
1 0.623066025511529 -0.313236307531549 1.42102186401952 -0.8116196659845 -0.098842140897711 -0.227380027307393 0.58211048960656 1.64451541985617 -0.301266156493822 -0.147645495224654
-1 1.08723523638755 -0.137383662554552 -0.993670840919644 -0.0448410373635346 1.20241164336314 -1.89941018311458 0.953102058783976 0.382486780079576 0.645527333686171 -0.208732572956941
-1 0.0781228236187225 0.948344803302199 0.814986005331955 1.85745920310571 -0.174684078832985 1.36215895835169 1.69829808310113 1.5531375018686 1.44339274336783 2.53263642830401
1 -0.224074919992571 1.30183936645093 0.238333411155737 0.816936444824973 -0.783168910239728 1.23270459823103 -1.33965453936429 0.0723460588134252 -1.55079733240409 0.349365853415726
-1 2.0401567661852 2.55373238374932 0.742857425062123 1.27450533424226 3.03523328766440 -1.56096058760581 -0.19665691760382 0.517815874261947 0.364290451618554 -0.060911318240096
1 -0.184704970328884 0.183754094994188 -1.87961403872911 0.723066984800084 -0.383690584999212 1.36252114615401 0.784756075578692 0.399648788660706 1.26240876594578 1.13027507686185
1 0.22626067140912 0.773453125401216 1.10566089043990 0.306546230053512 0.0812731757357367 0.575490102636414 0.477564845789616 -0.0670579359524828 -1.19848017054271 -1.29704114342913
1 1.18289455139405 -0.114831023082752 1.47141655421167 0.0435366551545534 -0.206020955045295 1.02891824042483 0.333691759766387 -0.490843504503511 -0.0501854685197841 2.05513026053235
-1 -0.155778141944984 1.30240226448165 1.36683232236902 -0.0860220614387087 -0.966601164488532 1.01215348347727 1.22889883241454 0.213620793493390 1.6788930199032 -0.873924912050563
-1 0.5442357523396 -0.831317102793703 2.08744594635447 0.945179805376922 -0.121969497254858 0.0952959471837294 0.717442194568583 0.9252528087364 0.518397046342401 1.39909143220101
1 1.15577050638836 -0.239479602998111 0.194520482669014 -0.0756307654347737 -1.00738477459918 0.541135701181117 1.69106035709043 0.537468790698701 1.02821245143420 1.15460041193536
-1 1.02246537951635 1.83118818993147 -0.259588080033613 -1.29298067959237 1.59439178426855 1.14191861821663 2.37977001501776 -1.55614534471117 1.16557922173133 1.04117115328628
1 0.977011368469332 -1.91489921044057 -0.689321293065501 0.140725827810659 -0.267307956950738 1.52023800261675 0.292944679604514 0.256261664340448 -1.09757143456047 1.25544383727596
1 -0.673084399707359 -1.64954685592155 0.718931242537534 1.31469400935844 -0.479481113389072 0.644563918101824 1.08454125893794 -1.15093036610776 1.23744300719472 0.601746816014466
-1 0.747796571148454 -0.171857930844359 -0.207515674469256 1.28397723817970 2.05534540067879 -0.537675340309891 1.28044581063223 -0.276129888886592 0.946441526128866 1.54669075425663
-1 0.248097752549375 0.184379884935069 1.38504233365262 -1.20182712342880 1.79778395709175 1.28475245743391 -1.04578461386075 0.344707493229794 2.03945890072248 0.864367400866875
-1 -0.564341237400488 0.959613418095624 -0.634709741457994 1.52565095180645 0.153235960365506 -0.156234365914116 0.593582599278859 0.174271436034138 0.414750967513927 1.16151201096747
1 1.15177929118530 -0.797944447330117 1.14482686151753 -0.477212782701527 -0.754652450853912 -0.747721889864468 -2.10027551311102 0.569581822124143 -0.360842803927605 0.540356229622313
1 -0.41896851095313 -0.813506299519402 0.297263882225295 -0.940925941246032 -0.96444910521361 -0.571338419666356 -1.71860650909385 0.730060911897958 0.0420879145181922 2.2299421333071
-1 0.856243637499697 2.35612736051503 -0.737572335383754 -0.511299804176153 -0.316912276406889 -1.51105317095989 0.597257894908325 -0.00471105073322542 2.07867481057190 1.10638704492688
1 0.694394199095819 -0.0787130484879612 -0.859816190678329 -0.00287119240542758 1.36368247725398 0.418449763926442 -0.628653424239784 0.110919174126888 -0.542025809888292 -2.02784142525966
1 -1.40348030387035 -0.652356952854913 0.349573415489206 -2.52326807005712 1.12722660164540 -0.50913443211067 -0.115262567396667 -0.902031758643936 0.806250915111945 1.01012274289771
-1 0.855582234054851 1.05344972779329 0.675746930983712 0.179755026775673 0.624784410637103 0.532318967059687 -0.0143867683828397 1.66290095785382 2.12088372748083 -0.170297317830809
1 -0.308958623013865 -0.326985019165511 0.524891217490138 -0.689298569868017 -0.444692096430789 -0.822463126585718 -0.250406089399753 0.226356790677204 0.984347250415908 0.45409984789113
-1 2.01267004745300 0.057473705502523 0.998971497530488 -0.406538240065521 0.838944567505742 1.10172245443095 -0.0152038491976576 0.379126260760685 0.719006399581831 -0.726109114950527
1 -0.201544077165677 -0.887155240863748 -0.991815199773417 -1.54852055919754 -0.751537238345266 0.197708836164398 -0.196959098395827 0.0206643988454989 0.342308527404860 -0.885937033898395
-1 0.113392976911030 0.529174612027788 1.42135455780708 -0.70470256587176 1.78298703824911 1.50386383976656 1.88170816717683 1.04655704192929 1.72264511691531 1.69886134901814
-1 3.63892909623893 -1.47880527902138 3.01704142957487 1.57115490505618 -0.489915658387396 0.354188497321178 0.777862967668153 3.05259080068850 0.403824734233664 0.662729787778533
-1 0.716750141984797 2.03426226544907 -0.309162474359802 0.454326988210290 1.00686151517482 1.14211992781983 0.993209367750122 -0.922275709178811 -0.300031318095814 0.692370263165542
-1 -0.886291205256691 1.37673332719838 0.139549891539303 0.595776772792092 -0.189940071458238 0.0295140303550745 -0.226885195771248 2.40328474366778 0.873440463007974 2.17311932725803
-1 1.48888014485248 1.07876234671489 0.271428588254832 -0.94096278685528 0.840293073878112 0.541971231444735 1.18326682169932 0.88117739351824 1.23457405402563 1.48726892400734
-1 0.389454958448963 -0.381986511537492 -0.58600744826005 0.626981575959656 0.68539502614235 0.514323377924824 0.890350426658063 0.241848721915653 -0.614022937754738 1.11054549332710
1 -2.89220526161027 -1.0949220201305 0.743895907484452 0.452470559026996 1.36074996305536 -0.0555364573789879 -1.24630234979878 -0.162569364019464 -0.770360919398525 -1.54156473226601
-1 1.44764873488378 1.87992809889292 0.113008904429892 1.39064374914135 0.216703317048805 -0.372346416880232 2.16239786258305 0.162972102742362 0.515749153120102 0.940172062040335
1 0.828049922337474 0.830735328064605 0.965683545338374 0.934370431520691 -0.839420905354115 -0.383391205720276 -0.727581363901238 0.500666759794176 -0.0796638633306756 1.49181536077065
-1 0.147687771143073 0.912564786273524 0.704273278798448 1.63719452462728 0.339525934871649 0.407985744281512 -0.73417225811481 1.73148810477013 0.143591897996778 1.36059328568796
-1 -0.0093864404308367 0.079708084540716 0.643863645716315 0.926290261949207 3.06033891193920 0.575235361481098 -1.72922928569842 0.148084785060852 0.324065824775851 -0.607102684450567
1 2.05870865524244 1.55486852381904 -0.222679455845469 2.33872833458945 1.81203523002283 1.17085652540549 -0.425986897517498 -0.215848882796148 0.603910779645043 1.52416435704940
-1 1.05588212722583 -0.193524733310512 -0.249952770250963 1.48317841682340 -0.0291201440680697 0.951466609485466 1.24488228113775 -0.675893004236619 -0.0832475951587558 2.69360440265587
1 0.478078361113174 0.246449866923146 -2.03456783324294 -1.55034575743532 -0.0794784335516114 -0.380756237894491 -2.80292037048761 -0.570589996717891 1.32764794699678 0.699750183338724
1 -0.0758350548774265 -0.662391684920333 -0.905552444290276 0.350774713919331 1.19193937996546 -0.0592137705705059 2.04181605550296 0.580522657268855 0.860690891810946 0.0839488925041461
-1 0.968111371471758 -0.227830469333769 -0.103775818252103 0.67074723917257 0.463136259787314 1.75541301677180 0.450755062529682 0.822141070201042 2.21752979421189 -1.55867822221413
1 0.0507791874924709 -0.150666345955359 -1.02841227495822 0.802169164654765 0.9086510049002 0.189253379883298 -0.655284326369232 0.0138352220343298 -0.653826061362576 -1.62277354078795
1 0.635081041995647 0.402224518897588 0.640753100087396 1.3571218362458 0.858552989530845 -0.361241361094886 0.211463822842049 -0.55017484660659 0.999723375356977 0.539681857958499
-1 0.695997573635085 -0.0818853670623366 0.8156543683215 1.83076270165962 0.145109379619576 2.02886621614027 -0.492496649342659 0.616626140968582 1.29743135828007 0.212648410287832
-1 0.716270730091838 2.66714413236116 -0.174562964742613 1.06193376395775 0.965764664630273 1.56393443452024 3.19186545028778 1.53210530088217 0.811322061064355 -0.736748887223165
-1 -0.155097739617789 1.23015352022648 -1.55070474557766 0.322613069203804 -0.617911729317066 0.616516128583 2.01157553219305 0.154685425010684 1.68579030794895 -1.17289832133139
1 -2.05220321200823 -0.99346979501614 -0.0167488208338591 0.097295781648439 -0.98699357228855 -1.02777504490449 0.148931589494445 1.33652000308927 -0.0721189208304611 -0.197667464017607
-1 1.96327093876453 0.658388170808154 0.285441753341806 2.09736802473599 0.421719840611836 -0.678766379529658 0.247517413874044 -0.0366944982338001 1.04757629202305 0.731012767578548
-1 0.872698967931032 3.21197819541266 1.90944385572373 0.71865902170752 0.0979926367297422 1.56745695231466 0.893122238885388 0.802053986691928 2.23226970403996 0.72113966724157
-1 0.575127784095841 -0.319672014234996 1.49843205101615 0.861453214868897 0.49037517546593 -0.578025133493238 0.451884943818964 0.125993753560479 1.92709664284650 0.612718591803153
-1 0.790278422195612 0.706348592274642 0.177363270581309 2.40179193046715 0.992158500452826 0.807189007086175 -0.484556105035390 0.524208013897425 1.04727797844422 1.70440371674825
1 0.431135732224329 -0.575480892967691 0.816380709407407 0.285115261787096 0.0388779272859728 -0.962057501797064 0.581800093369586 -1.87732829591951 -2.46888366180663 0.437737586156984
1 -0.322184838572634 0.120156397921249 -1.17669917678763 0.444015294543922 -0.255495466422344 1.94717041650695 -1.21041321725439 1.43638778511154 -0.631195538867572 -1.32008774525011
-1 -0.846911178112554 -0.3978658735593 -0.261006002148243 1.51374440500331 1.09296412553857 0.61936997007295 1.55679470264880 1.19904070102652 1.79198375099855 1.74391620451712
-1 0.739914062261582 -0.00625832077765609 0.89999083064439 -0.743166872589841 0.165203163125515 -0.0418688692248325 0.157076222062440 -0.741371018640407 -0.0457180362751951 0.957957139665185
-1 -1.03444543756786 1.03195903832887 1.23642795100428 -0.52309217051925 0.0374073160015191 0.842003610508485 1.09668858933393 1.45315858887086 2.26817761693111 0.111422694638515
1 -1.46779539536327 0.98006139571447 -0.486129452876575 -0.59039689267122 0.202712070294521 0.349456184154183 2.13408396248696 0.220214170976746 0.0411504048277009 0.892117224733736
1 0.442409498469325 -0.199221086609977 -1.03312221842060 0.416086934038264 0.628330507591757 0.607906878051848 0.255632689204469 0.127692851758439 -1.31723478516708 -0.0354126254458809
1 1.19476911066175 -0.19649350968993 1.79449852382563 1.35044996771686 -0.450935166082451 0.0196721991965565 0.152159714493297 -0.0405764932247157 -0.256718923328693 -1.97778874051926
-1 0.607507156635087 0.0524499150310543 0.411330691649744 -0.107948755915846 -0.116171372845071 -1.53460501211901 0.989759137735758 -0.0932032370864718 0.62588717574907 0.205826917532273
1 -0.702295626914804 0.767803189924639 -0.534401590712277 -0.67688226601633 -0.166087807449265 0.0978987241645324 0.402789840815967 -0.394402910467901 -0.764775983710826 0.466446691075995
1 1.94820210233573 -0.586198768745763 0.99928657254803 1.85360604803291 -0.581611310505797 0.63962666315679 -0.158048839599746 -0.289913244143041 -0.661596443854253 -1.00518601286297
1 0.562400554347985 -0.182128605922144 -0.148787559059182 0.0868585213127889 0.62770442842133 0.951380182542105 0.211096767612126 0.428902747306471 -0.694360347312287 -1.01359991537509
-1 -0.264119862989214 -0.0190758858590437 -0.0785909639236537 1.52287258945703 -1.09525624201802 1.09448981723032 0.919530209770836 1.35761403786266 2.5162553458224 -0.48607809114493
1 -0.826528785151348 -0.196742140769396 -1.03550361046477 -0.486571296049317 -0.739808397723909 -0.516425583001172 1.12860387825222 0.659741412189821 -0.100125181549757 0.4373239453247
-1 0.392347667056901 0.0450721545689107 1.14756799035339 1.13411147087660 1.02850426317668 0.645664245813039 0.834487217054536 -0.168290870392348 -0.0441191907019098 0.431398818484377
1 -0.0845363639935577 -0.847941493942492 0.871446107847569 -0.908293807612235 0.875827712447569 0.00527493760026015 -0.502809495346871 -0.583164465143245 -1.29248441677946 0.120946449307846
-1 -0.343816379193435 -0.326747855383405 -0.100384209251161 0.151198164117142 1.42735919246992 1.25079075932986 2.56544711498177 0.50615321912517 0.584382155894985 -0.354996528834811
1 -0.824841001499028 0.0547152259120692 0.624595045165943 0.585803487531354 -0.759839600555172 -0.766297477058221 -1.41035690135371 0.776253147502373 0.723756568117799 -0.516125776642194
1 0.0378715029892934 -0.889896375880452 0.62531729508211 0.00849273921052551 0.20145734822228 0.955863431412945 -0.834308916892802 -1.12013645189388 1.05658395757826 0.114031738375411
1 -1.03119882051529 -1.43047383889819 0.940454575529266 1.10860527318573 -0.959636901921781 -1.29052074619146 -2.02273695860067 -1.70650687633901 -2.41314364923496 0.323763776444946
-1 3.13532679446391 -0.405892587973555 2.22016278199034 1.44797758768859 -0.0628093310472364 0.246994160416675 -0.719596024772128 -1.42088472299162 0.29077084482291 -0.654547486051819
1 0.362239741548216 -0.51110002024211 2.11693034826858 -1.02703147319823 1.09419998758227 -0.307301938088935 -0.0952085519353282 0.234072614029881 0.369920784718412 -0.958424161498376
1 0.0178492151848793 -0.698933045939949 -1.57707653338729 -0.177184579719596 -0.588840224342768 1.18201721167041 1.46663142094852 0.537282374874162 1.45550235629468 0.576500452729313
-1 0.555029096057953 0.757601802917871 0.741648990555802 0.444126882973127 0.796376231387133 0.302276377499874 0.218308173526838 0.712678642540992 0.200507615114220 1.09180674848249
1 -0.147245131627148 -1.42078855276440 0.288014956890307 0.741965809822746 1.13244065699568 0.370650193933062 0.121753290399862 1.27557565645217 1.25417247944935 0.212831669937027
1 0.123053925865690 0.0796407433940288 -1.52039312777164 0.0886933900475469 1.17609503708316 -1.26911945012210 0.670863139126741 -1.21696790756840 -0.0697603640236536 -1.36766514450424
1 -0.894658217297304 -1.60916979266851 -0.0353882436118266 -0.271948630801642 0.87453335254069 -1.39729695566243 -1.03776315432362 0.659921131769959 0.449352396169018 -0.110251946213212
1 -0.566520952317643 -0.386133069274172 -0.376245745587092 -0.268772691386235 -0.524529036573186 1.05305960173861 0.97787072819657 0.143728306573275 1.22466565360878 0.918043956899029
1 0.180261529267856 -1.10932825175410 -1.58359171160909 0.634067669864921 -1.89357716260715 -1.28821346499732 -0.909282505427943 0.526992482126085 0.224509866587854 -0.862567835130672
-1 -1.38089309059869 0.466724078234355 1.09389668458401 1.03840550938590 1.54781536568461 -0.852029202698512 0.920025417643978 0.309563646271631 1.51130188398087 -0.34418620111604
-1 -0.137417939740748 1.30100916829467 -1.04516786196342 1.23298110433487 0.487550656610712 -0.696752699251696 1.20742401298979 1.93886346939749 0.948014821476259 0.11837434238643
-1 0.946283114910051 0.344941337600084 0.538223017427704 2.2812913695482 0.810551926035134 0.145427287288609 0.417558906829655 1.20502588046033 -0.157328007352778 0.851897808293306
1 -1.25162578370881 -0.640077400187314 0.923017502798273 0.679242618964907 -0.859160840799596 -0.15745963263466 -1.51708854465381 -0.614580508001459 0.672871269631655 -0.290325261848553
1 0.0427827045333 0.993333892725219 0.90156357900725 -1.20623665691530 -0.205544480433854 0.188273088697900 -1.37264210178779 0.714338639455904 0.114926550331818 -0.102480597884180
-1 1.00319266188617 0.394786021887427 0.719229404906263 1.74841406446510 1.29132352986496 0.986149911564543 -0.436347641777329 0.963162004319295 0.229195573791153 0.156834326766391
1 -0.29636208548803 -1.13411846032345 -1.16786223410851 -0.648055708253469 -0.353154645955717 1.27970812344649 -1.51837563333818 0.643043843675433 -1.53813744189974 1.43687578461568
-1 0.643488560581304 0.102425359860342 2.04955371154498 1.26886741288904 0.75073908467924 1.24339693908773 0.898421949093432 -0.794524827300984 -0.270850974654537 0.195500158686915
1 -1.05350756189902 -1.90373396093594 0.38938532927826 1.83002751713833 0.0460561029985809 -1.02912823606853 1.13710851943230 2.34567234598488 -0.692987721683114 -1.43462063484950
1 -0.334917110631066 0.287520437952388 1.38556023929789 0.0625474938967817 -0.33904115578618 0.534444760153494 0.216154037092821 -0.401880878248167 -0.822786108155679 0.644018342146527
1 1.34079303015007 -0.37769714587843 1.15324573741401 0.603059804880618 -0.0055817325089555 -0.184589509510653 0.158174728640842 -0.174333151967418 1.15924440949426 0.0496506164740053
1 0.368245189758278 -1.11733710934503 0.321852213637715 0.356990183611714 -0.268355138521008 1.20054503677163 -0.488818565446676 -1.10930786134344 -0.959647338405682 -0.419206504121473
-1 -0.823886184460819 1.58659375492829 -2.27099402215978 -1.10735055298122 0.354638753624072 1.41338534831310 -0.372524633981114 0.799162639953242 0.264322453413511 0.0588866545713436
-1 -0.898772931855682 -1.20015077179794 1.59374818938350 0.908851766934945 -0.478480354724482 0.499835102961303 -0.0747512521083181 1.90960666317276 1.50370069561597 -1.31024499043835
1 -0.882433042137196 0.170898715207438 -0.376397906213294 -1.21906942013980 -0.863680787939853 0.296832524182034 0.597985160353558 -2.091558911751 0.914058437846426 2.23293538535377
1 0.864850616476514 -0.573888519127634 0.281262561764255 1.41702638933993 0.0693342322439605 -0.457473659041898 0.132221982527806 -1.34153032376873 1.42372173280925 0.87068637960886
-1 -0.409878616707014 1.15803655409685 -0.368107976637226 0.406083418883701 1.46009353028193 -1.00691034961002 -1.18550594493369 0.142772331339913 0.289992262038519 1.23420573518872
-1 0.576679522833024 0.150379487275308 1.79337519464199 0.49649001946083 1.87092670174491 0.373334768720986 0.181322496151412 0.713517795669402 1.47612679472079 0.821881670187281
1 0.815154484125014 1.76880154164019 -0.89662324750722 1.52939386650346 -0.231244383265125 0.282225426864953 -0.818670423285113 -0.0568015064823956 -0.96568787550519 1.37263891734589
-1 0.342416284461305 0.743211660865191 1.18729292573117 0.949567965397929 -0.0245281543146834 -1.15725187047149 0.371658220947964 0.561612841698058 0.300151924097768 0.277934888333856
-1 -0.0338510770737643 1.32214566829213 0.665317330706303 2.20316208263268 0.946663176317289 0.838426744365718 0.174105111604544 1.07386363838193 0.300715528001115 1.27998341750229
1 -1.66861012714859 -0.278349216327381 0.655505833862624 0.248811926435625 1.19628152742264 -0.381720673835153 0.662512071317552 -0.877094102424996 -1.52463285706933 -1.26542513923825
-1 3.82337034441869 0.544340661093783 0.788505184035315 1.39764606127814 1.21081212338191 0.367491554388799 0.61201454122403 0.951641962380422 0.545811321194526 0.313851253845605
1 -0.534888299196599 -2.13489103925625 -0.524427820700767 1.31980452543150 0.534849002101801 -1.06389100572889 0.861058282743556 1.43402553596348 0.90322152792027 -0.92379278857805
1 0.618100794926127 -0.0853315317993287 -0.48728518698559 -0.555078305972917 1.64971551118338 -1.25405472667428 -0.733350995590633 0.298970204277165 -1.10417322574675 0.653924648656293
-1 0.675196576231725 0.34485642365567 -1.9813519718686 0.102477984491173 1.74450550072547 2.06579495675222 -2.39213484163073 0.789755397861598 0.632111240106511 0.76815244180214
1 0.264508809852778 -0.87941512523404 -0.534407016835574 1.47434345355366 0.747893645469657 -1.29828375774709 -0.101581136834605 0.771802877081736 0.832140435373992 0.549713194254685
-1 -0.63204958574612 -0.273108880239039 0.942464340842239 1.51798217925103 1.74869602501854 0.459417048057586 0.625174340794403 0.963971670353309 -0.534438646602799 2.33366265888966
1 0.753956679063236 1.12443307095954 0.76595886474005 -0.327839417497243 -0.146769594121154 0.551399070073473 0.0637381987060021 0.493535082166081 0.777346472408124 -0.513723336333676
-1 2.3496886614531 0.448067761340505 0.97440495213043 -1.41464105930070 0.616314918733158 0.626283150431643 0.770720173422845 0.971153702374378 1.37701846696354 2.03873060204732
1 1.21583770937891 -1.41534118964705 -0.89236301845602 -0.162227468784268 0.177493810559788 -0.99056441702325 -0.324013365378104 -2.16648354072353 2.14826426671705 -1.90495569547249
-1 1.13258522851775 0.664104411100042 -0.0823668547699772 -0.173889251377882 1.31158188496767 -0.889185413288169 -0.388811156410537 -1.59225906577473 1.67810117889555 -1.93399120945721
-1 -1.75457705177061 0.914778513022175 0.957565810057508 3.08829467873057 1.52966660708214 0.735537643665767 0.0165227675184244 1.50438999333423 0.74278312189918 1.37928980255153
-1 -0.539823564831325 0.101278789336269 0.841990061044086 1.03579165770714 1.3666927841027 0.53655554648444 0.156500980124405 0.328154693185602 -0.959588174449129 2.15752743601450
-1 0.95953087387189 1.53210221667978 0.495800346914104 1.43593394898145 0.800116121424924 0.760115654925382 2.47719685930672 1.09397896718817 1.52518804849555 2.39803106201762
1 0.0788229930457285 0.0647018757294837 -1.74379458146347 -1.94912624150333 -1.30291439232422 -0.359129559389221 0.250891056695335 0.887587350066345 -0.595868735795141 -0.785765713424873
1 -0.369790791697193 0.0380955901165915 1.42837172376211 -0.977004943014805 -0.669760035066138 -0.347541381453552 0.134216414489835 -0.0451194049805667 -0.769855562345927 1.14869114232264
-1 0.343667478144186 -1.358948413422 1.80422466281734 -0.328783822965008 1.23061990612116 -0.140578898052992 -0.627654809461556 -0.543528406038391 0.180064281892356 1.60024563840802
1 0.107326755551616 -0.945324364439308 -2.06210470467572 -0.209019436636862 -0.120452441889424 0.75764089402955 0.204074125477795 -1.16238973238659 0.997488034802391 0.462204528218127
1 -0.267049460391771 0.284404281906544 -0.624694316837725 1.20172879169646 0.6337008419555 0.346541288823305 -1.88947647855542 0.596683099550547 0.937352811478129 -0.230303996833866
1 -0.785270706217495 0.507899713879761 -1.16768958708112 0.00862300235655162 2.24864684696756 -0.0985575744847145 -0.32829294067492 1.01213986323034 -0.205178733192417 -0.497289078455314
1 -0.179939293528047 1.67707262376426 0.701307425413984 -0.373118961994485 -0.451264486964965 -0.615591769794651 -0.654799370061488 -0.869993325035456 -0.352382575220764 0.597623102393281
-1 0.619067457195961 0.635815564483614 2.36843665383729 -0.61661057086576 -0.897765282768792 -0.0548749286703575 -0.158766398256534 0.740907512036046 1.55649514384397 0.319168465277395
1 0.097491108138 0.110428351142578 0.583702961010854 -0.00827558546345212 0.76532401118112 -0.0382309589738231 0.618305928704232 0.114717443785656 -0.514473075750891 -0.508665282470734
1 0.77554716145097 0.625180500668433 0.9239619371044 -0.239636269461183 -0.280750046148771 -1.02539053565006 -0.241300018363479 -0.644589778018162 0.92164336798019 -1.90498352767436
1 0.356165483133243 -0.248117026688848 1.75104919338831 0.822607850158932 0.57182127163631 0.580034009085235 0.449063610746869 -0.648451886428157 -0.80296189678551 1.47033180987568
-1 -1.48308396667626 1.95054984694387 -0.0194410293540027 -0.341294148627041 0.901516966930027 -0.0929296406764064 1.16708173065692 2.71682751890470 0.0733432678753442 1.89727036105067
-1 3.29156674476180 0.967718473911812 -0.172076722270363 -0.692305814421868 0.0505924317433147 -0.447507555803548 1.02898733555613 2.36386215120031 0.923442250290264 1.04021530155358
1 -0.0361628921634621 -0.259049424186584 0.0935301185576028 0.931986649678344 1.91360898418343 -0.0930171698364349 0.433365345642586 -0.939667587409528 -0.125870199196480 1.50543324844517
-1 0.0942770922695972 1.13378260307477 1.74703812604257 -0.0162799547119025 0.0214429082087912 1.68070537464003 1.27746763238566 -0.262801752528026 1.5686781577064 1.83380875990293
1 1.39997541125299 -0.145367266052781 0.0282138560924769 -1.01959484681488 -0.812404903878534 -2.77931880791407 2.15989436198581 0.127180843845589 1.40394873139236 0.0713892236769565
-1 0.69817642564806 -0.254792216542491 -0.160279047508438 0.179142317570637 -1.68118956944656 0.650006858239365 -2.12956238688264 1.53239110698352 0.616142615153283 -0.739268254959209
-1 1.32959826603043 -0.151407126576273 1.83300108842351 0.534706846742904 -1.27037212107647 0.625827283065262 1.19698110636011 0.809261151014045 -0.547086987245809 1.01128361781114
1 -0.130796078429977 -2.48909567247295 0.741325083514506 0.401786334269941 -0.833708057353697 0.640565357448697 0.568407408774420 -1.18593262900678 -1.50997823552468 -0.349051577534697
-1 0.464450391646838 1.12003171477563 0.742611662390857 0.181828302635802 -1.80534854325555 0.660343376825454 0.00440316810861907 1.83995133668025 -0.486864864316812 -0.73957873205373
1 -0.774463148617645 0.944887482124552 -2.13113724302588 1.75217992465673 0.664680912717834 -0.000292938494406766 -2.30809882376192 0.591116193111202 0.26328611212002 -0.0941753029914222
-1 0.703083660810306 -0.222858170109217 1.29693972935507 0.0822997235559698 1.68361936441977 -1.34031666258787 0.929216165118948 0.177022495438877 0.261718079422779 0.0308200680426046
-1 2.04544383145988 1.18663665358233 0.460557966264986 -0.981305952858769 1.84382707381260 1.63419351963254 1.78789908369805 0.143914498167071 -0.556505170757656 1.56324857410653
1 -0.676963423881081 1.63979668984995 -0.25814521707064 -0.54764240734141 0.444466448092169 -1.19505104876600 -0.130322902336020 0.113406799716056 0.347525957406617 -1.17763844037975
1 0.240061203355229 -0.0645481119030767 -0.468426310795675 -0.213582350636018 -0.983899997226878 -1.91815788739326 0.71978908802421 1.73705769112988 0.402561675240521 0.254209527960396
-1 1.67090126445406 0.514384110860656 1.45089810006798 0.778028667766204 0.990259794997965 -0.362870971141087 0.119514284116783 2.16388672372142 1.32633319482685 -0.169249558914911
-1 -0.0679048944593131 0.509664995297115 0.363819845886555 0.0404610153867485 0.680410946683282 -0.0286667603263147 1.99446258802920 -0.37681743466994 -1.03970777965420 0.732106364746803
1 1.18966248329588 -1.18203956659667 -0.905941128647165 0.107531026106718 0.801764003978343 -0.629591577441965 1.03860529292617 1.76531950448434 -1.55759583486787 2.06709092454597
1 0.169928415680338 -1.19741764525556 -0.218041146811723 0.567315153429787 1.45441293473307 -0.951334332501233 0.147121294380820 -0.172363574897175 1.66339016376973 -1.17204361550381
-1 1.93726271664201 0.212602739691012 -0.0865511461701186 0.198273660507761 0.343970033209078 0.905757154486642 2.04274469515692 2.53537003791384 1.23712569686712 1.34592858935273
-1 -0.386866615504330 0.537605750332146 2.53690892698263 1.18294713364425 0.26628858728889 1.62346233135027 0.0478979806030423 -0.727858308127612 -0.224938224079259 0.50231586533343
-1 0.76327200066973 0.0431561754269176 0.526819931440986 -1.00088772315263 0.241714280786020 1.59993044244987 0.931243351086877 0.572437707043798 0.139789955507132 0.126841837213357
1 0.827814074844435 -1.60894469255522 -0.786428781600323 -0.528919741942198 0.338702617103873 1.13751118845543 1.45313089426444 1.18348988500868 0.214662410989259 0.772077315947876
1 -0.0723798712878334 0.511956788851697 1.17344029222670 0.301877293253272 1.48149653938089 -0.866375010113898 -1.15741837126194 -0.487787655228725 -0.103944165969159 -0.471625320500756
1 0.213210612528839 -1.00117861597721 0.57587494997448 -1.46001180833662 0.96350513344949 -0.615585495235071 0.583426901889975 1.2363899206455 -0.0378494925912496 1.5528033622643
1 -0.615460578903660 -0.713539011851693 -0.378019591017980 0.705845566084966 0.356305722444784 1.64375767855367 0.267948213197963 -0.600532180230319 0.102339717272953 -0.181598408563735
-1 0.006852574626803 -1.11141346679249 2.32685591209529 -0.71459724322051 1.12007685260052 0.711594330855695 -1.12732983841124 0.923463719894705 0.299882636657622 0.886822858205383
-1 2.24669469236357 1.12934907260905 1.80377986512132 1.87098614506423 1.01934615066864 1.94327815677239 1.50295362524336 -0.309359577019243 0.111642624776633 0.888101474624859
-1 1.82193228392202 0.0114697565915226 -1.29173619638916 -0.378670580716377 0.0783162587766193 -0.137183427980463 -1.15114109488141 0.977957004028329 0.859531059376096 -0.0533296407592707
1 -0.427094824650302 0.852462116333525 1.16525180416885 0.417238204810406 1.75987096658882 -1.59422783264282 -1.42627511717130 0.283167667803681 0.231685417427291 -0.169931961702692
-1 -0.399599193572237 1.91703572488573 0.451243121960576 0.725787790126415 -0.630460192716716 0.980697203352855 -0.289724362760751 0.215128553807379 0.431384499400714 -0.147147995796203
-1 2.17712992584638 -0.871127320228097 1.05562208742657 -0.0610596929152214 1.09430407412433 -1.16838624102613 0.986319518733809 -0.581290774781973 -0.400158826988066 0.982041939524788
-1 1.56023868375006 0.552862833405387 0.825830279174161 1.47986534370047 2.23575657733006 -0.221393477999031 0.672809670534707 0.234428649299813 0.208798858536198 1.66163908940156
-1 1.23760533415338 1.06430480269670 0.761895018183354 2.11564802672232 0.582000894657091 1.42953569846801 1.06849264507431 0.678753670970187 1.79036453592208 -0.526272612832562
1 1.79564320540611 -0.466416967227101 1.88558056032423 1.48595501705216 0.180389533897300 0.554653990668773 0.846609299998843 -0.376272815601618 1.07174310938101 1.79985126767728
-1 -0.888477563862109 1.33903805607287 2.31025584135379 1.57256915294276 -0.00372534485462839 -0.699465454546968 1.03606128517283 1.53925548383558 0.137879943878590 -0.388818463323977
-1 1.97902615457547 0.511564383256401 0.450773235937151 0.133101168138261 -0.660659230583401 2.0128278420097 1.61215054297715 -1.84992160176057 -1.29428937441027 0.638891344411054
1 0.823373373227765 0.10135872634303 0.00136835929962300 0.539145018005401 -0.913332422023216 0.763240811458742 -0.539225537927562 -0.920807754790704 0.0448415667542037 -0.742108135755125
-1 1.56543430059917 0.242626650281777 -0.043237878974993 1.72152242850977 -0.117523990144907 0.362277125231133 -0.397985106614529 0.480813714957043 0.914284315828061 0.433476377655061
1 -0.486334626199812 0.613439880781597 -0.151564893614244 0.923528978431179 0.303274442737793 -0.699685399127537 0.0966741378788464 1.01293608143242 0.070433093046263 -0.854872498776743
1 -0.458727050980861 0.942776507251592 0.114843493806444 1.15438970024798 0.918782941204706 2.33652991610980 -1.32829209579262 0.459862755775096 1.19368644641543 -0.952085371834964
1 1.84202430862104 0.328062108999947 -0.66875046234472 -0.670743266271577 -0.603739449191961 1.67980811091684 -0.681783026552119 0.471296027090239 -0.776765239578626 -1.18566265788763
1 -1.57147449661867 -0.0182580110493611 0.759110667878547 -0.446163302320919 -0.762228603387273 1.18465382008033 1.25459557105639 -0.130660496977720 -0.295083620821664 -0.755595053851178
-1 0.530992028029974 1.85221305187516 -0.445623032845549 0.0985381523016129 0.822737804345896 0.071497160999927 0.514207619848149 1.57745739945903 -0.0567067080964019 1.26575281921409
1 0.379851729096396 1.05155191117211 0.0535029356026373 1.71506152338504 0.221494236295398 0.106601596386328 0.253641099373636 -0.19777102736627 -0.887959942142974 -0.186107497803199
1 -0.0476901823009644 -0.667711600859103 -0.587866363101805 0.388524974586675 0.593390869870801 -0.546371454399853 -0.550242334865373 -0.905980937293718 -0.639792812073255 0.00440729784977988
1 -0.668954236239686 0.886067623713774 0.666313498891859 -1.27131421285771 -0.830166065648702 -1.42904582983959 0.0533251289522554 0.818754085636476 -0.902561551655722 -1.75211871676980
-1 -0.38253616672644 0.467262547374062 2.07955761728356 0.107140841634669 1.25822495096839 -0.146783647285130 -0.686831701221935 -0.150555185746967 -0.171623269653373 0.624419747936869
1 -1.50762488378508 -0.522148976209188 -1.03788996991879 -0.961161213942261 0.861466773878482 -0.813229760161091 -1.01737097983292 -0.63145054725998 -0.98711394926356 0.153351918295585
-1 1.70457335927547 0.270010650162179 -0.692344183496117 -0.977188854942873 0.305594642228469 -0.589923795706579 -0.786278312371562 0.963399088550836 0.575008995221004 1.10972155451373
-1 -1.73418677601565 0.875907865645568 1.66222697723675 1.99022695639265 -0.583030933036564 1.70589753169798 -0.144694284683997 3.53739608397755 1.26711243261276 1.17782198478044
1 0.0257186965204251 -0.582271380734701 0.332774682112429 1.12670829673396 1.11418319005310 -0.292054066051661 -0.0760239069906412 0.3411263868248 1.92383860299587 0.287946144237495
1 -0.404878224648319 0.424345281825224 -0.0174962138337421 0.573498870777189 -2.03132557827444 1.12811474393851 -1.48129553130031 -1.56763503898044 -0.0484354595396589 -1.22386863635792
-1 -0.320619107868586 -0.491573075537629 1.43496132529851 -0.439340038061751 1.59852460761774 -0.215349025215158 2.18151954884362 0.469507048664661 1.86357359330302 1.6014521259187
1 -0.52190513469712 -0.45624184892523 0.598553433140628 0.545820735019814 1.29503837864145 0.208487710593014 0.0319106058176419 0.21425931210327 0.714732850938392 0.356383971583537
-1 -0.296359265980816 0.0653271134872694 1.89857045350955 2.02658384105069 0.158551915178104 0.203347206399820 1.02344814007709 1.55960319809896 -1.13765099244690 0.520122047735111
1 1.37081346174303 -0.157023780838307 0.212179512032301 0.758261330247764 -0.269883799751478 -1.03874725924611 -1.57832018603486 -0.866233144313195 0.0677240639298058 0.374893481711381
-1 1.63793877863490 -0.0253918669790655 0.806346675932856 -0.834817638851606 -0.449994944154248 -0.379482817971733 0.442081224413864 0.91176732373703 0.399222565983307 1.36630094779134
1 1.33268354132957 -0.576763553133377 0.41640299743249 2.70753894461889 0.180486651660566 0.174281283771789 -1.52418950427267 0.532076562374998 1.32037110196257 1.16475576048632
-1 1.86669483549037 0.72242698276127 1.40228610305806 1.24045626926937 1.62259403752341 0.427098440348709 0.645097906229098 1.32484668985614 0.539416114501698 3.16909788687484
1 0.933131752876377 1.64726183565110 -1.17428749986272 1.46612831953309 0.727689205960091 0.623925464088644 -0.66521357471495 1.57723757680936 -0.367736066973096 0.0557560914660862
1 -0.423096235509012 1.16781469858482 -0.606906304614429 -1.30212393882295 -0.8957276014849 -0.365100373337306 0.783655184951155 0.252521221094673 0.97847167505198 -0.228425181429913
