200
2
-1 1.22809413129871 0.682246601897911
-1 2.65228253974896 2.02104863059686
1 0.509628306415069 -1.53431780628784
-1 1.43233366930341 0.57649503125607
1 -0.929071699034313 0.285936220468696
-1 0.878284588441573 1.02141998182402
1 0.737483868679201 -0.124594700423509
-1 1.29824904838051 0.809973993030019
-1 0.929458531253595 0.499614458081043
1 -0.473765333203609 -0.400037623691284
-1 0.642509188993507 0.897470986256829
-1 -0.306749033670496 0.835236657117053
-1 1.25309273576218 2.80917613987102
-1 1.26208732420337 2.42464925240221
-1 1.44210357849596 0.957863764318817
1 -0.62511049490194 -1.22361699898111
1 1.21980620341455 -0.0161400049083059
-1 1.23078933772124 -0.0371767436485486
1 -0.90400926883894 0.8164658397972
1 -0.238758687395516 -0.619350461116953
-1 0.593796436585374 -0.904808193366684
1 -0.766895472185032 -0.60472136021623
-1 2.6120504657484 2.33904080896630
-1 0.309145504926474 1.16304970664962
-1 0.567580676770451 -0.00675459754316243
1 -0.105688656696471 1.52611156147917
1 3.24532887226341 1.06438408856781
1 -1.46724903263126 -0.269466511595000
-1 1.32689475689678 2.41835228462326
1 0.0846835051624124 -0.168462260469976
1 -0.724298765859025 -0.948746541372664
1 -1.13901881744266 -0.632789260821582
-1 1.64767173893805 3.90516463379065
-1 -0.171616053458587 2.12269814493128
1 -1.24992509082752 0.352286736234288
1 -1.21468249666363 0.572314924223734
-1 1.09356574856323 -0.0109906478863784
1 0.750614165715385 -0.415565861794921
-1 3.27471536615059 2.68947303095183
-1 0.127543303022138 -0.363380501975577
-1 2.61397497090738 1.07504209185621
1 -1.32524456748991 1.23204259450552
-1 2.95846558550496 1.25890988669624
1 -1.61035110547883 0.481630016017325
1 0.210175592909127 0.656444314386092
1 -0.599014649414934 2.30131906606506
-1 -0.176722901932558 3.0491699192921
1 -1.30159720889899 -2.06713582558252
1 -0.85031285928331 0.921103325200949
1 0.346913590047763 0.17101133200229
-1 2.59597514119356 -0.80833056770688
1 -0.464177703385999 -1.29246886001090
-1 2.18731446122384 0.223017762687136
-1 2.16469394389581 -0.0265174372315717
-1 2.37698844977827 2.15554642334314
1 -0.390094757392478 -0.709119136364233
-1 1.22003464163979 2.05687546712489
1 1.24959217550829 -0.465368063938987
1 0.0706064713816545 -0.411847861186356
-1 1.73594347179705 1.39733876799946
1 -0.0505158800390901 0.0620950532326379
-1 1.54451025671324 2.79903834696947
-1 0.988196357851238 1.48027235158415
-1 2.1968726804149 1.90483557444823
-1 1.80318791786984 0.184468602657612
-1 2.54767587719954 1.97611190807217
-1 1.80483637568145 1.62209324103942
-1 3.45724556327951 2.04241883662293
-1 1.56319865197759 -0.772093967334987
1 1.82862603418410 -2.11662529948593
-1 0.409022061528551 0.602491603133798
1 -1.7510022461438 0.356223621833245
1 1.36384817192251 -1.08162623414628
-1 0.90137020364342 1.78888883092642
-1 -0.561415696213959 0.76679988132313
1 -0.0141926084350182 0.183877091188648
-1 0.507168064586084 0.663817445086942
1 -0.452725879772157 0.317707750809134
1 0.0950271250463309 0.179547174792044
1 0.0101963372335415 -0.343223127995313
-1 0.742053652563525 0.634697951299884
-1 1.88031896093351 -0.123047138522535
-1 0.532372404483937 1.99353479613202
-1 0.422238351950919 2.58329779040625
-1 1.76749913607061 -0.66183359802071
-1 0.919493703340491 3.46839019292881
-1 1.60830081400282 1.85278601507490
1 0.515635898495646 -0.347938923129615
-1 1.35990901554359 2.10039157740461
1 1.55628272507083 1.00805043910963
-1 0.779916040101489 1.73464882914409
1 -0.804986872398775 1.24077718861071
-1 1.63197620301003 2.50513649349793
-1 1.35517687644759 1.98168579957243
-1 -0.81141430104575 -1.11083092404618
-1 1.80459719296060 0.314471761051238
-1 1.10737244074271 1.80459067469254
-1 1.53492676841134 2.53556429786721
1 0.197952898560619 0.209689179867448
-1 1.14976756691382 -0.0164029609106169
-1 1.32333448729615 0.495147681499873
-1 2.39852538894903 0.89275676133627
1 -0.376574728872018 1.31093755120983
1 0.479456369841778 -1.06360707201929
-1 2.42849987204984 0.175209678007764
-1 1.03715691356284 0.48959986593579
-1 -0.650229915084741 2.83167181386613
1 0.524870292551822 -0.0796284323981303
1 -0.481107078669625 0.433473734273337
1 0.65967146281972 0.893049961148834
1 2.21404045721411 1.16352772918305
-1 2.07915187451340 0.602835552680602
1 -0.205960253982352 0.515924509339767
-1 2.75747025335624 0.816831419846376
1 -0.0894770121138219 2.61771803800421
1 -0.365318210900268 0.285883797728028
-1 2.14642817174514 2.17231005423087
1 -2.10404561603472 1.01612704692207
1 1.42892007927940 0.142506263315170
1 -0.261638225633772 0.210139808657611
-1 1.24792417233406 0.259046304216479
-1 2.49498563703862 2.57050392208655
-1 2.64554570847728 2.58041853801308
-1 0.933830001057562 1.53786191854549
1 0.175471272924972 -1.12354480355502
-1 0.78347397516132 -0.981803170258726
1 -1.26061106732025 -1.20689249570712
-1 0.624379253032708 1.8678554238898
1 -1.26650313240103 -0.495797666405539
-1 -0.451601692951571 1.88814522511214
1 0.00202197612544593 -0.0180141611277607
-1 1.57570453531166 0.355974471802938
1 -0.0149520687803092 -1.37075064034754
1 0.970561307556992 -1.19761513957752
1 0.903854121383311 -1.2388820599161
1 -0.586972416638729 -0.612586411476673
-1 2.8774510562706 0.397749053062365
1 1.41500477233002 -0.99393542666495
1 -0.438144512439976 0.644728938658456
-1 2.09185877689848 0.396117572473925
-1 2.07488173039204 2.28883499232277
1 -0.862519273870932 -0.266478504083758
-1 -0.221888513845435 1.92555060691801
-1 3.92719452125462 2.02719359448083
1 -0.494691512511036 -0.599449496646548
1 0.655128877198404 -1.69253993457136
1 2.52269129055148 -2.80038255268243
-1 2.15543747037516 3.00701225438278
1 -1.43257263358651 -0.621199435392508
-1 3.43022369502790 -0.197024999358056
1 0.614992254657522 -0.441200902744753
-1 0.934619083396063 -0.568111137159633
1 -1.04012530347305 -1.94790264113672
-1 1.13248448712646 0.22138841715028
1 1.04190223738247 0.82400065502505
-1 -0.117244277798322 1.8597696755592
-1 0.5416718749759 0.692274197621158
-1 -0.0125346981529726 2.19990809577584
1 -0.286039289889244 0.144703275650497
-1 0.94872917557421 1.38768072345601
1 1.90914715668529 -0.285253152205470
1 1.30324786859888 -1.00424622179321
-1 2.34026379709106 1.63041227219623
-1 0.456621630153781 0.808110487058993
-1 1.40685042813202 1.82772994515303
1 -0.0604673298161013 1.53875389785840
-1 -0.799437094222748 0.723133730605815
1 -0.459336605791908 0.331946603816237
-1 1.44424376298334 1.97956701195748
-1 -0.140344625000964 1.60693371526673
1 -0.129679985884998 0.577203923500044
1 0.528374534098786 -0.522606279958227
-1 1.63467676720838 -0.469468203715511
1 -0.225728723944869 0.0956841612096883
-1 1.02771214117006 1.38729532019813
1 -0.547309984842322 1.02111782693941
-1 -0.733820034637004 2.08331711118437
1 0.99191494453113 0.390572041176503
1 -1.99053195621079 0.372093949228386
1 -0.371079904165472 -0.583705126882736
1 -3.14313207697973 22.1123088098663
1 11.4282833552831 8.85000263066509
1 0.954968000363944 15.5673628673532
1 -0.140890863572530 -9.4563658122751
1 7.46905932824852 8.5197083365425
1 -10.2917244519168 19.7012672416892
1 10.5660198458859 -4.34640910423228
1 1.14856308690254 6.11586722848812
1 -16.0203168840430 14.2396692204154
1 5.4379986660963 9.2898879513213
-1 -24.7467742765966 10.2448867155378
-1 6.56664419677451 11.4908225224451
-1 0.539070843230924 12.3352269643730
-1 0.0997533698582544 -2.70365755350817
-1 -0.313862721838377 2.96181972898194
-1 -7.91824662874232 10.5250518922463
-1 18.9032844699605 2.77203524341521
-1 3.05980652675858 2.02449823896656
-1 14.2289745444466 9.72495767015576
-1 -8.88027020086126 -3.90725753773261
