1 -0.245242884628885 -0.256229010542241 1.67779733372947 -0.185706400422093 1.40431772070785
-1 -0.320455389558116 0.79806434268909 0.695827120684097 0.637450886480664 -0.464362595853357
1 1.85487708093363 -0.588077130886659 0.0109907026778401 -1.36541786347042 0.445151113550881
-1 0.744930952788826 0.0716318611166505 1.63942657056809 -1.08738297712363 0.880505600744873
-1 1.53542707158458 0.865503948041852 0.161044389291974 3.01835071448582 0.494821932457551
-1 0.718545641476045 1.38371043992030 -0.172796280432696 0.384028251223743 3.25967081200722
1 -0.692974370576238 -0.0181864139517866 0.186395534491553 -2.13912730644984 -1.48854418689100
-1 1.44423860461575 0.109493875164320 -0.0875559635264429 -0.217573390903227 1.42595279525595
-1 1.02238099849724 1.65461132111136 -1.16698542447535 -0.132487054305156 2.23476302518378
1 0.0852089184065658 0.114346628561673 0.0665877937773742 -0.711455789697571 -0.65885871037515
1 -0.806299549314367 1.40933676679238 0.03558586681581 -0.297181901147294 0.919102481873589
-1 0.800800181174067 0.582933832466342 0.00309216573784543 0.71175924394244 0.503108084018534
1 0.0815595864799357 1.83866545365145 1.36038413458162 -0.950791592486903 0.383762564813653
1 0.213550791668227 -0.721466506136091 1.38399750512061 1.21816376197469 1.44284369951846
1 -1.19263417427006 0.843083323827714 1.62636118890530 -1.05177427094146 -1.92807086701926
1 -0.0119351660587396 -0.822525467651794 -2.08028640618698 1.26055750909559 0.815341221103687
1 -0.992163027971354 -1.36533821995146 0.601503848764323 -2.06986692784408 -0.0433909942980809
1 -1.49947829993721 1.01560118452637 0.544423245379757 1.17327808036306 -0.183258550926289
1 0.457838616696338 1.54304978303272 0.47326684733143 -1.21912085029616 -0.325198999655192
1 -0.0345906294122464 -1.10406682779457 0.606600901306802 0.696647208473488 -0.0982264661698598
-1 -0.214299865045323 0.136314021954955 0.942258099454725 2.62607190001964 1.65554558610829
-1 1.14617723895914 0.266545600315834 2.62186625321763 0.230021579582297 0.177082137711699
1 1.76454778892996 0.533189441283686 -1.25276474112236 0.403662209786865 -2.06558256934289
-1 1.31217381559563 1.60148314047637 0.646870400538548 0.185898370870364 2.35898405722628
-1 0.502985854968008 0.090883991043996 -0.560329179025342 0.927996702222908 1.37834445538772
1 -0.479141585618693 0.717969226822144 0.903068360881463 -1.01224303045553 -1.57105645749677
1 -0.535038223437714 0.401858600503075 -0.282337044525089 -0.388164634326897 0.618255814408697
1 0.225488434330488 -0.929849205361923 -0.148073219812134 0.797702373931334 -0.705435230386363
-1 1.31195051118519 0.587600115821409 1.35107756104855 0.165926333522217 0.904158507554029
1 1.67037263651550 -0.732760609017198 0.491736404780483 0.866420242525418 -0.575198811049166
-1 -0.803991835415195 0.88763645135058 2.50416254787574 1.42626959294576 1.70351537858673
-1 0.387180556805919 2.12515480408105 -2.63665336228696 1.77509546760591 -0.407270441923613
1 -0.423462496172021 0.467456052691437 0.167680647400341 -1.36085600900606 0.465569955156429
-1 0.477681311760973 1.78262996404729 -0.391698174539795 0.59863985501962 1.36283308928647
-1 -0.544423763209364 -0.290735311464165 0.486808596257001 1.83098475086905 -1.21218574098595
1 -0.0477713203777085 -0.86452120101677 -1.46372041712680 -0.200435603548837 2.30945386311649
1 0.789639946117799 -0.32534046238382 0.127409093767806 -1.71734526917602 1.50843129690609
1 -2.04679969507260 -1.16948009527218 -0.543704982011677 0.208194147165438 0.174017929403714
-1 2.42229038807667 1.81645466741291 0.792850493317018 -0.74195224312269 0.538371266593919
-1 0.613276151027589 0.984378077960225 0.463823305707905 1.54946171664590 0.0864048218257417
1 -0.884623432058869 0.556037683445024 0.269073434777485 -1.58852085184288 0.366699711662561
1 -0.799423093455958 -1.53077007760512 2.35385173496340 0.079906370564248 -0.113029128898184
1 2.11436949613562 -1.49193293077819 0.622966475876803 -1.22991113952052 -0.761228248535834
-1 0.322229930931145 0.202050294618905 0.449315997980491 1.36445685425078 1.69185202962041
-1 -0.0447580843658563 0.451938738090019 2.10092619983873 1.86626430890924 0.209777371553393
1 -0.363427623549299 1.20855323017259 -0.210304457232329 0.910474183244695 0.816114985921037
-1 1.05326713735701 2.07759212203995 1.73542953448583 1.74315952016091 2.56006454511178
-1 1.92875120781994 0.106257637731197 1.10344903185592 0.630127122798478 1.06391079474877
1 -0.0962167688037438 1.32445254218258 1.09932322956450 -2.49985953436192 -0.233836697663960
-1 0.919087213668978 -0.519040149205643 0.528128718891027 0.534084918226215 1.36949671015901
-1 0.671471407453016 0.966555020925444 0.240399752068562 1.38565891444409 0.767106091763506
1 1.37878345522997 -0.2588634157443 -0.891243902803936 0.268219096198440 -0.957458388088372
-1 -0.0516350410998937 0.800668929320342 0.384169515794028 1.23502275586665 0.159363955604925
-1 1.46887991278030 1.34288903236943 1.87735524024153 0.817800710086649 1.12139623151689
1 1.55447437176668 -1.15478964431482 -1.06406493716326 0.656585787462991 -0.362505600310946
-1 -0.293441670073654 0.530994788372115 2.30293946157341 1.60885358156162 -0.920338343991837
1 0.307410214752383 -0.368188401390175 -0.222010955758933 0.791081818294653 -0.437920909139374
-1 0.186312284116599 1.73847717378617 -1.46421639615308 1.95004196027614 -0.664111541085386
1 -1.72477443804842 0.307856591754521 0.36042097636881 -0.659935040778314 -0.845078008110216
-1 0.58014814427961 1.22215966443751 2.13295484680659 0.49470312309472 0.339085823938170
-1 2.35097520359152 1.70804603295840 0.598259841384059 -0.384615670856232 0.592606213915724
-1 0.788691775260547 0.39950688164595 -1.08781916315550 1.70646685761335 0.379870220539048
-1 0.968040500404685 1.04985103169545 0.638983189427639 1.36336729342288 -0.198079961685798
1 0.458793943688044 -0.413420458741988 -0.272845929764379 0.180438038756412 0.722364451702473
1 -0.130883955509639 -0.907541397703078 -0.26599147210562 -0.230406595424575 0.517332299611346
-1 1.53380102363399 1.01017968995013 1.69045661960412 -0.549861451229812 -0.0582058462460082
-1 0.67505926342698 -0.0732067441384203 1.59788518617794 0.749877903675851 0.443831116107806
-1 -0.662766396156509 0.468402694074325 0.289312774377789 0.0391221983042991 1.42583237053536
-1 1.60660533403186 1.84676137769602 -0.919275460753767 1.21939846936184 2.02253074826289
1 -0.474869971964282 -0.843732333414966 -1.30071039638340 0.274686849129863 -0.390983156188049
1 -0.100917191751366 -0.0308063192748967 -1.24526020733135 -0.223536392034492 -0.374206773513263
1 0.724000158507075 0.616216944648113 0.759251695221983 -0.295663625544208 -2.12406782508541
1 2.31860459358652 -1.06530392533507 0.0473912382846905 0.779974477790708 1.87908735289535
1 1.87182198492432 0.608835411486713 -0.477108543109563 -0.719155600904476 0.90069931992843
-1 2.36301371106721 2.09292430941232 0.568873233217945 1.33455278163490 -0.250319583154868
1 1.33627823288663 0.135140437348126 -1.19897301473049 -1.11983824199242 1.11647767043856
-1 2.54296133136809 0.468490149316095 1.86050876717162 1.69236540556455 -0.821368223454778
1 -0.207293612151455 -0.601174811872515 -0.347055618798001 -0.805125204505572 0.0799739999975026
-1 3.21113992418825 2.74182549588979 0.996699891934553 0.547034668139638 0.905972702089186
-1 0.246123249687287 1.40837388062421 0.142098190622739 0.239922297426854 0.4392519357417
-1 1.63443407865579 1.93567720601711 1.31018663171017 0.85171730132941 0.213206811995867
-1 1.30247527709197 -0.440805205930198 0.626756122569718 0.5384887795813 1.06115109005784
-1 1.97386507147442 2.96490107805016 -0.105104013372485 0.467795156449273 -1.23281815865430
1 -1.55927068199068 -1.66244497794425 0.461030208453738 1.24858087488583 1.51450963000554
-1 1.11917361913192 1.61043454743606 1.19678734168095 1.35052170261567 -0.571135368139311
1 0.26811579579731 -1.24270674863508 0.988470062520614 -0.232588584350179 1.46385784377138
1 0.743802303784417 -0.62648462050541 1.66947374486484 -0.159808789006986 -1.25135073052673
1 -1.01270777158949 1.73942460288055 -0.429154747710262 0.275135000922211 0.833707519274855
-1 2.31046033794186 0.616861469651605 1.19233379432655 0.118931378567796 0.939154610685965
-1 2.02629463687383 0.0380575360891554 0.455308685466876 1.24235521837305 -0.578509298354582
1 0.663657911165914 0.374795184029801 -0.196033304290978 -0.06969573014177 2.1034733209818
-1 1.07690743020152 0.549318825198738 0.533787608757108 0.852222164789101 -0.170936046467831
-1 1.93659740345413 1.0723514255252 2.30474187229046 -0.0969299157377255 -0.416036009096064
1 0.821556556155525 0.355981339188618 0.829417503257081 -2.4479933535043 -0.997026631020907
1 1.85079989840716 0.760191053391754 -0.471441908137176 0.695338060836127 0.818023414750863
1 0.277399705926504 0.636666566990674 -0.373900412299626 -0.380260184178414 1.46856834334976
-1 1.43032153564793 1.75134652957866 -0.250662877515905 1.93794477145050 1.50571107823297
1 -1.86452558854471 1.33150215579109 -0.812372597606083 0.0359846932241349 -0.178971286671845
1 0.767209143769475 -2.07896119247774 -0.201422126415436 -1.27430535991398 2.08965198726167
-1 1.05692807562498 0.431644893717034 -0.235759138878460 3.4297129825597 0.492907629374034
1 1.22246858845047 -1.20214815392227 -0.616351151929807 -1.24595971672362 0.43794603411917
1 0.117364413986999 0.0899261226456684 0.974143014740487 0.388423993789008 -0.311078587816320
1 0.272316018300789 0.776425705164157 -3.30709056797303 -0.517706982094608 -0.0399636052225597
-1 1.30734186430672 3.52913434094824 1.13729879203914 1.30200226194897 1.18295901310546
-1 -0.848204408568287 1.14155261988349 1.51192645027260 0.917688287438801 1.29506601613849
-1 2.90152336649078 1.37910911525159 2.91063457107468 0.0894149384197818 0.820740644354436
1 1.66419066847267 0.190971351758102 0.488133349128375 -0.612970484383325 -1.18231221693519
1 1.08411339520999 -1.15404304359765 -0.181553475255602 1.13715688316107 -0.178069378773495
-1 1.75684960252975 0.6532770042131 0.733383967308266 1.40384206229845 2.08350235474979
-1 -0.857926436165077 -0.546149420258128 2.25390872973751 1.47773001548067 -0.78560468009407
-1 1.79893663626414 0.077896563162299 0.694346113732236 0.274960489574689 1.12018223089278
-1 0.792717441550688 2.84029831451207 2.14800735773916 2.86854358443522 1.31171034383386
1 0.701830142693432 -1.55210900912648 1.63982145620207 1.04579362843099 -0.365136214869641
-1 3.55291051077119 1.47882813410657 -0.772336708329242 1.58259480312197 0.891975990447844
-1 2.01170870193187 1.78797530697631 -1.13615063957521 0.77032264599861 0.17046982122582
-1 0.61308945251468 0.812865558367046 -0.200455261914447 -1.47976400452745 0.803457000803853
-1 0.830414038024819 0.640844621369039 0.387849137573091 0.524578346495831 -0.464258777409903
1 0.782606336298198 1.50329792414387 0.369351157177684 0.79822804637883 -0.755835500282327
1 1.07351822027710 -0.856913879350387 -0.142716069382364 -0.122580471241826 -1.13327726540278
1 1.28279268913706 1.6743459452668 0.77539179089426 0.282896435691490 -0.666542288714725
-1 2.00590215729194 -0.212194291482625 2.29688111267622 2.13865645569363 1.73357318599465
-1 0.468124937662685 0.575130255981714 1.30297440855909 -1.19441795566781 0.371388943360216
-1 0.0971528779457317 -0.808840623538676 2.06225182892171 0.609228550744262 1.91270900440757
-1 0.475080591486736 1.38624760315970 0.451448940961194 0.00733848764621858 2.28403692322293
-1 -1.06657743544429 -1.88013373056798 1.00234049600029 0.936533106338966 -0.239255084789793
-1 0.269974815520157 1.45960807276113 1.57808142779019 1.30740919029241 0.323078445718759
1 -0.654034252273343 -0.305512197745636 -0.0746777996485752 -1.09618825137205 -1.70155074101579
1 -2.19020001901753 -0.202144919341909 2.25486652033013 0.158602755588602 0.343685675912908
1 0.444163982664672 -1.75659812318174 1.75079030077390 -1.37490909969452 -0.279300807975333
1 0.0219886529506634 0.336082101006661 0.140992612602802 -0.107108522433104 -0.171193283610431
1 0.709541066090654 -0.294708192597442 0.681288996426184 0.86097680087493 1.26293138120922
-1 0.892641358797153 0.915343038285558 -0.299471445658167 2.63538968023189 -0.718754289712388
1 -0.779468763803573 -1.05685392432478 -0.655275017128202 -2.08192037302477 -0.487082112463116
1 1.01982222433773 -1.06657467955152 -2.22037804311619 0.690366934525373 0.374735907259188
1 -1.59234259299980 0.62406744812302 0.621178116616513 0.573209088701208 -2.69801614931876
1 -0.83712723662019 0.682829757502527 -0.268720840052601 0.562498932774494 0.755510897628973
-1 1.09836744826225 1.75088230525598 0.782435971798919 1.00052247865756 0.854272520798063
1 -1.01013263996005 0.317752487335631 0.650626611863558 -1.31722154356653 -0.202084992416593
-1 0.511378377794051 -0.494178287080093 0.233351049793836 0.48716385432752 -0.137062057247493
-1 0.394072817917189 -0.336508544622929 1.79572768073843 3.05167979448458 1.92793844271793
-1 -0.144217395333613 2.86355381705053 0.0259257856345906 0.527732812145823 1.75132748805079
1 -1.05222432486786 -1.41944907196315 -0.674881567876455 -0.453157831990189 -1.45844648830729
1 -0.178413177358886 -0.296056008173742 -1.14684620005109 0.489767001357738 -1.52279006047569
-1 -0.0178320939606763 1.39105360371556 -0.675934531007306 -0.165544638701767 0.943263715314868
1 1.49198743318103 0.407430729778705 0.325692864458254 -0.628959352528925 -0.377162598195733
1 0.572011763134473 -0.936049823096013 0.860068168808356 -0.658441661197586 -0.467960247070597
-1 1.17334946123478 1.10853509938851 -1.41406866189270 1.27583530487910 1.35496099931777
1 -1.22703108726011 0.972657053155166 1.69885060360828 1.99173737952203 0.38677055332549
1 0.0158158423930744 -0.511656062188752 -1.46137845096977 0.359091562489281 -0.65633776582286
1 -0.774045743591293 -0.234305707659627 1.73109490697154 -0.758379812480405 0.103207987295428
1 -0.607446279288659 0.215008737187292 -0.140582444961744 -0.124701743646811 -0.422380451306366
-1 0.0146922283012403 0.766936569426648 0.680027664624494 0.94301161255705 1.16879083198758
-1 1.91067208534444 1.21321828487121 1.62421244088542 0.800485643890977 -1.24707697379578
-1 2.12869006754763 2.54602927030572 3.14370544567346 1.47799839113595 1.02848487336063
-1 0.704775863596254 -1.11930933719679 1.08511677616902 2.04103611077539 1.79544579910358
1 0.542810870234399 -1.82075773371515 -0.407790274880565 0.435693686974907 0.790565369213483
1 0.172104973019353 -0.836621533124961 -2.63441214672536 1.75677414140260 -0.217430107638138
-1 0.840435159145525 0.142479710352033 -0.092792482768656 2.32859936889737 2.10130232796432
-1 3.42081803864309 1.61817515645152 0.275932268550728 0.18634577459874 0.368516321126369
-1 1.28524693088428 0.405526114464974 2.05057720755876 2.04619431341667 -0.12991341866658
1 -0.525573877562848 0.404696648353114 0.79297159477492 0.71021332452839 0.97782352427615
-1 1.57957636921696 1.94670587863316 0.961466971509603 1.13486311177578 0.972555361614348
1 -1.37384641402573 1.48304819958133 0.580389832532213 -0.0764071044140786 -0.492373896929476
1 1.44474070052002 -0.596622942378167 1.29400249797506 -0.594685639433761 0.229498900390913
1 0.720480225606135 0.673729954072491 -1.45655520601491 0.710316340135952 -0.212614137561866
-1 0.110263458549270 1.71762839589470 -0.438211052411355 -0.412217985633823 0.791821497298319
1 -0.750125559186178 -0.340220037409475 0.0572399908774979 -1.62903317089765 -0.478497723236188
1 -0.887848561607862 -0.186943150474053 -0.934719672073899 0.643796089144964 0.164941261479148
-1 2.32077860806281 0.00451535982688578 -0.126288314330775 1.44938590873375 0.605981930096645
1 0.769906593484685 0.152714580089978 -0.066097583140484 1.66991024329488 -1.12493678159654
1 0.132422095173001 -0.414883320121954 -0.80560329946438 1.1154075589194 -0.112160290176097
1 -1.00575875393607 0.320386368441054 1.02239375974406 1.24927926118265 0.464038938745609
-1 0.631341982304559 0.141736918720597 2.48757781395573 0.355886114353972 -0.546669771959409
-1 2.03943428358333 0.228348789655810 -0.518495617025533 0.247595779590841 2.20097936561463
-1 0.858309998024527 0.428558659775004 0.127529817429791 0.449187981159362 -0.370453996284639
-1 0.0484181894772623 3.58572652365364 2.43245226684083 1.68930885619490 1.80865422859822
-1 1.7034139330442 2.01184313920262 0.164958544802741 3.00789686509296 0.109251616625517
1 -0.546635390453254 -0.0555231572725268 -0.443585842955386 1.75567822960491 0.134873877954702
1 0.058431110669133 -0.457545440470926 -0.84502943505321 -2.09951172404428 1.41429526196560
-1 0.402911232956507 0.730464696321821 0.85276300068553 1.90077837464913 0.523529318402702
-1 1.36860011082993 2.73736193581068 1.33333278914163 0.656399403311118 -0.90543447013039
-1 1.51977279061137 -0.128923777620344 -0.525639188214079 -0.536019855592718 -0.503925175810893
1 -0.965142640634868 0.100102909847245 -0.0434652492997939 0.275386560125967 0.655694790681559
1 -0.0444361446914785 -0.813213456680605 0.181041828987136 -0.82383445172725 0.58732501151396
-1 0.139446505816908 1.24572827125263 2.43492317091152 1.38344118185741 0.0444674732805582
-1 1.77407743446762 0.0168268262560103 2.04176121625230 1.21399567531784 0.81150318504573
1 -1.78081678379571 -0.62881716573875 0.218682606691127 -0.693275740799531 -0.124028297646579
-1 1.08744824764443 -1.51648622963878 1.54425085505749 1.06716738380906 1.33405399001700
-1 2.90284357759376 0.516511772939795 1.05846476736705 1.05420018451290 1.77185879657146
-1 1.26672277038561 0.287619120237953 -0.107731874200365 0.886995531972294 2.03735209927581
-1 0.714973973179053 1.05558617681231 0.778630421572703 0.320815901732916 0.5439293151122
1 -0.97855891661962 -0.475256107143602 1.5008297491181 -1.14646610779817 -2.16383639083917
-1 0.816775554689528 0.0582446075961476 1.37811543235014 1.09448501500884 0.474971479939713
1 0.0155323404485494 0.209674644427026 -1.02231919499649 1.03652220929092 -0.117526297824346
1 0.918392349698968 -0.796546665716405 0.396201238925696 0.828665279722879 -1.56149508390702
1 -0.406879414713623 -0.519318981640648 0.453583491058096 -1.78458109687778 -0.360361815600044
1 -2.34889344484516 0.675303313944804 0.0850521787813195 0.248309143122278 -1.77920672690147
1 -0.794253735609314 0.105872620106351 0.919053796441792 0.133065586129979 0.118852372139115
-1 1.47169351640023 0.367543694379656 -1.15874665720772 1.53380919281012 1.42702362617526
-1 -0.0249624756624369 0.35496450544098 -0.869191532936883 1.29133122671029 0.459151360938
