200
2
1 -0.171989716400363 0.183427239683218
1 -0.559625664878611 0.136053847332950
1 0.397298732693807 -0.899617705217761
-1 0.752132164694678 1.5916716090715
-1 2.34727079249598 0.985910427737854
1 1.91217181335722 -0.491079222844564
-1 3.4886153429104 0.795339531208792
1 0.304197956668507 0.897135445307387
-1 3.09347874205359 1.70979322189781
-1 1.87212856975401 1.82558854952943
1 0.639230340298455 0.550257357701208
-1 0.384243043957631 3.06234802644827
1 2.50345713513167 -1.05449471575667
1 0.0648756617873746 -0.0442208336643936
-1 1.67680920776703 0.167065121239101
-1 0.71470476004577 1.65188507471791
1 1.0329394254501 0.435794838540478
-1 2.21358016858517 1.96750771289401
1 -1.43999113675256 -0.179787027598212
-1 1.01380135229369 2.32934257955224
1 0.0956375660568184 -1.03276027258531
1 2.24754128862039 4.02872624327634
1 -1.45192513664457 1.08632412232738
1 -0.896702581693922 0.947620304626268
1 -0.414753456438598 1.31853153345670
1 2.31145188578320 0.371343400769943
1 1.04925344583649 0.201772612704029
-1 1.17922241486488 1.73064026222866
1 0.266093351815281 0.350665275875627
-1 2.89139702404228 2.19253850673199
1 0.0323246779648669 -2.43120819018487
1 0.573774112816171 0.543315766781763
1 -1.03249332769728 -0.0355763960235657
1 -0.550576205074805 -1.51008880183739
-1 1.27486463127238 2.41073049571991
-1 1.33866298816449 -0.108469889139053
1 1.15532706288903 0.323132577145695
-1 3.22628681110098 0.327249593044292
-1 1.18907509800769 1.849497102073
1 0.675598244272027 0.285396943068010
-1 3.03299819410631 3.59181377145339
1 0.149516585129071 -0.448384236507177
1 0.376447743089489 0.851464714540474
1 0.168122117499059 -0.176904142277834
1 -0.538259146675936 0.527619589058481
1 -0.852170001767218 -1.31994397364958
-1 2.68308194552790 0.155430733572495
1 0.648691566125561 -0.768623894113758
1 0.767271183212911 -0.201029670716355
1 -0.493405714330951 1.42864042517732
-1 1.18989626034878 2.38863936521902
-1 1.64438268101373 1.77273494899355
-1 1.23164992494019 1.56900355206427
1 0.949180581765095 -1.46538980707318
1 0.803668676444877 -0.890554703902683
1 -1.83406346650934 -0.199447292284901
1 0.893788302082417 0.350905809101153
1 -1.96584520278687 0.815193256341482
-1 1.91518864288866 3.23359334024973
-1 2.32795168392501 1.58398006136392
-1 1.17345480225297 1.51103101754257
-1 2.21202763399556 1.53721643816896
1 -2.29402730637314 -0.893805142832767
-1 0.936196036411076 3.00814796777234
-1 0.852332829982296 -1.22144306823490
1 -0.151243646446117 -0.862098638860115
-1 1.73869525697453 2.52605296062822
-1 1.94326528690653 1.53255144146652
1 -0.00761122061400183 0.412207139802021
-1 0.895381010541912 1.94240319754989
-1 2.9276773949233 3.93471491504163
-1 2.00058756183727 0.700386025742776
-1 0.580466698273113 1.75139194131817
-1 0.618751982560694 2.03305223227521
-1 1.76847239565978 -0.468928963451267
1 -1.22096434781613 0.533309794227393
1 -1.30907105609356 1.14232321978150
-1 0.696535048497267 2.72236812071538
-1 -0.115530517666887 -0.244934332410286
-1 1.57102062194042 1.40711241734755
-1 0.207079624642904 2.67087811047284
1 0.225961616033120 1.39317372743101
1 -0.139265805791515 0.663667675667154
-1 2.85521445966018 1.76315818292150
1 -1.58233901326309 -2.80580028421036
-1 2.77196458241469 2.17364505894389
1 -0.0109265019755834 0.319352850702771
1 0.265327325533141 0.407664393211176
1 0.56716645610775 0.08310619034948
1 -0.615726517348029 0.865546655707025
-1 1.66170316726508 0.202553706322049
-1 1.62443343095981 2.11890163730822
1 -0.170874488669468 0.0562793754314032
1 -1.85194581147812 -0.327501132257558
1 -0.485657614554929 -0.412519693587144
-1 1.64130548178177 1.44254703599536
-1 0.796902332767465 1.49742467419572
-1 2.49713192167177 1.96740824939644
-1 -0.329384591658062 0.83367613585397
1 -1.75156579377302 1.37190939564349
-1 1.62677625194536 2.92165585539279
1 1.43660527611461 0.699715363149965
1 1.18612311423595 -0.193917915157613
1 -1.57119973472074 0.697068793045354
-1 1.19268664619103 -0.788575286052527
-1 -0.148750286914441 3.2456060327505
1 1.43290383894411 0.121514275912266
-1 2.12252583627882 -0.637162729085067
1 0.274335034454065 -0.529395402446143
-1 0.0848843977189542 0.0985564282947344
-1 0.569755430834951 2.95434615330347
1 -1.82298727765375 0.666691735857833
-1 0.27782387807158 1.79364718818311
-1 2.48629248711317 1.80004680252420
-1 2.56923916475836 1.33195670538211
1 0.16226191150281 0.569436870466595
-1 0.515991578413854 1.9708334317453
1 1.16453555667843 1.09459862045444
-1 1.58435829969248 1.21281394206902
1 0.544842051203699 0.272519914413330
-1 1.24118300252067 3.49885916481772
-1 0.789747486238072 1.52755273816374
-1 -0.114216098087723 1.14525081242797
-1 1.83999439247685 1.56290806378071
1 0.322993628389841 -0.579849380704097
1 0.0113314400677706 -0.000995985114040313
-1 0.78065671377565 -0.272659879977680
1 -0.428560134746911 -0.558672983281679
-1 0.0196720128471266 2.12532767714467
1 -1.30342516507118 -2.03759905762797
-1 1.72140161900294 0.038384978074711
1 0.894622977129776 0.0522556704076824
-1 2.71444489870556 1.23804430922124
1 1.46598973821245 -2.72748113536873
-1 0.148340417537381 4.31642868046054
1 1.13063334498828 -0.752591213506855
1 -0.417087270462617 -1.15919637878846
-1 2.43855814468653 -0.0702293011404806
-1 0.78833664783398 -0.649407796271214
1 -1.55700661202849 -0.505230852012429
1 -0.500020687572594 0.0371823692095233
-1 1.58046454239428 0.592172685805155
-1 0.458558042997758 0.86819230437417
1 0.0629339473740367 0.884912158341131
1 -0.800561481281928 -0.547506283446698
1 1.04662529231678 0.0187426848921579
1 1.36699462335029 -0.700590153043723
1 -0.152623131715126 -1.18511717296128
-1 -0.355938789976916 1.21189355047277
-1 0.83684265776643 -0.508372123496643
-1 0.0594353272060304 3.09535578804686
1 -0.414936922401773 -0.999162963263355
1 -1.38770436036600 0.623410247518928
-1 1.13392816037129 1.98866682139779
-1 1.55413876381009 -0.665310677860298
1 -1.37797174268723 -0.0683202721984191
-1 1.36593207554685 2.5955406847951
1 -0.415466157528621 -1.270369845675
-1 3.99492482015733 -0.121312574532366
-1 1.86720921329989 0.246575533362344
1 0.495875909182024 0.245582266717039
-1 2.58116116390172 3.43189177348169
1 -1.84647140195010 -1.18793202010966
1 -0.220753715437728 0.833972782646643
-1 2.17992497425641 -0.0819598355266651
1 -0.640114427075976 -1.19821749384356
-1 0.80720436436252 -0.743022591302726
-1 1.02756055270174 1.61656029099728
-1 0.300672878322439 2.01681146136118
1 -1.27200579767938 -1.01520482485158
1 -0.398277293140995 0.726136853372632
1 1.38199799242816 0.196450215528666
1 -0.613406574818412 2.38193499059873
-1 2.34852199089226 0.745314064811829
-1 0.865038514490225 3.32829599750994
-1 1.85932330637665 2.84012972227300
1 -0.904085454685677 0.479640129057432
-1 1.08283245162692 2.06293220267318
-1 3.25558395591145 2.24896902731837
-1 0.2904804976124 2.18072286495984
1 -17.6802103828702 12.0260425652997
1 -19.7848658636103 -15.6779074100677
1 -2.83624960253803 -12.2644113590807
1 12.2489562252804 -1.01596673917485
1 -12.0918552564876 14.4522510169276
1 18.0566109693805 16.4876315165543
1 12.5995347496334 17.0100856377144
1 -10.1912288355369 -0.169253961901834
1 7.04278418486585 -10.9547988222899
1 -7.22171031723555 23.5164077866770
-1 3.40664002470507 -3.5568676320643
-1 3.35331942847966 3.32458292303255
-1 2.63548496939617 -5.93178409443644
-1 15.8598443479174 -5.3166980130903
-1 -10.0743914784144 -16.9151254579855
-1 5.07826438226687 -12.9728222435173
-1 15.1396434559137 5.61616785396675
-1 -11.0507110465994 -21.1012012273532
-1 -3.98352386307234 16.3380311636717
-1 -4.30932240057886 4.06880426260813
