200
10
-1 1.68765959419842 2.39788246730823 2.37835807292801 0.210435241582181 1.50380013138232 -0.351676739542621 1.04096557125984 2.08871687806852 1.98593133918351 2.12239494937087
1 -0.21525231222223 -1.12457024482931 -0.171356995191135 -0.446276486853326 0.355944454283998 0.3346640421308 -1.41290954042007 0.0990077298739287 1.04807203095491 0.79106930141393
1 2.64742891603689 1.93032982757711 -1.20771169784811 -0.916554088850866 0.309863922637249 -0.189970859063659 -0.365850818966503 -0.449242613815643 -0.370190390897809 -0.220948422431920
-1 1.46163210891681 0.0447170853389182 2.00928899701026 1.73701489462799 -0.720915155063987 1.13028094660105 1.3149974177708 0.992413973855832 -0.743550034258871 -0.270852735387031
1 -0.451450115222654 1.12824092980111 1.28620922224477 -1.01374811712532 -0.102458822182178 -1.06140332754427 0.791215261108527 0.980288852963905 -1.23718840543685 0.235526888448092
-1 1.69625263967251 0.804566556739763 1.47702172589947 2.02676857019503 1.07027772929662 -0.0594569897022112 2.48245184830416 0.0888282940174695 2.22258385163697 0.192602306564452
1 1.24586632157399 0.331647040015928 0.0713250672978231 0.675632686192569 -0.653277602037728 -1.15501774393313 -0.0988941657616375 1.08516303260894 -1.15849884012368 1.31020750073722
1 0.0970622431298181 0.413750450345341 -0.00440020741150252 0.28477311286061 -0.158327620603756 0.316502872957774 0.819394747874816 0.0688723312769263 -0.4789746894372 0.428594002882623
-1 -1.36014171103022 1.19363421088342 1.30993665142067 1.32013538142049 0.797176512112216 0.138565365194087 1.51070476512990 2.55735911671188 0.518594405628643 1.43664888567295
-1 1.15839007473775 -0.065271338635217 -0.0391004291120584 0.283073980332992 -0.0532780807487510 1.27438699498605 0.272141626751480 1.00626588206776 0.457785780242509 -0.303694854514121
1 0.495371775431453 -0.124418361161377 0.797637184755252 -1.66451745112413 -0.795748816644891 -0.111801277281172 -0.107021728457262 -0.439696901766388 -0.318908538544373 -0.299557585905864
-1 0.416105805030139 -0.0302908241052994 0.194709559897360 0.721761916463462 2.32027730826713 0.588151785446434 1.23325400452818 2.00708965326361 0.76373910873444 0.471685038778431
-1 0.308850212587632 0.828963489356217 0.919755281722773 1.15389120016189 2.28932560376547 0.412419125105725 0.569573984028032 1.44329474691349 1.23377596528043 0.732362853041797
1 -0.94588598377826 1.33622432000611 1.60500762690607 -0.529622286984361 0.528477881568253 0.272482335988214 -0.845247553620773 -1.70486742579122 -1.39335518891741 -0.298358525312068
1 -1.00590076796301 -0.259441565677456 0.63877010052129 -0.942045262003058 0.24342073979217 -0.414973102470755 1.41060858067674 1.41570652469374 0.595885559218644 0.336903333770977
-1 1.60239509386912 0.729380791476553 1.48377953966573 0.779842078261344 0.92339747586145 0.386897568279062 0.536258846935288 0.998241791807135 0.86660684506119 -0.356258561408213
-1 -0.876665572705578 -0.254273117934189 1.09577631062453 -0.524024554134748 -0.0197573391572202 2.13841814793192 -0.749161128425705 1.42849911262753 -0.734793348669666 0.206717029997736
1 -2.19726047500010 -0.229152465674811 -1.31543959251892 3.55754360189251 -1.46788074942906 -0.423691638594639 2.29437884128671 -0.304383708036738 0.219550729720395 0.152657940284653
-1 0.83941641323923 0.464121113690017 0.996019238639459 0.872849299584876 0.98134254094525 0.972295542021996 0.609533607578395 -0.522656418815744 0.595326132024306 1.55850531872253
-1 2.07187311961523 -0.0581049495416408 2.11662098511325 -0.013588023876135 -0.0816658483521034 -0.279435152479478 0.331644393513497 0.114097610757055 1.35726722042858 1.85807923251115
-1 -1.01016284854527 1.10351032202652 -1.54973920386450 0.0609278579390051 1.77845779676779 1.86049440950464 0.686947586689633 1.52725566354893 -0.617233553937567 1.46296751763645
1 0.712237043934719 -1.04798195560416 -0.230648213699065 -0.0870997881456243 -1.52111262551617 -0.468311796415174 1.07164744076644 0.75830000340173 2.23732587808926 -0.0166128816645322
-1 3.03577412694328 -0.277288867221679 1.68468866785526 0.789318537385982 0.347985782652131 0.62544814668028 1.85866856864552 0.541155595455821 0.942484485706139 -0.149635455463182
1 -1.06441615484827 2.60954450131012 0.410468292583138 1.13536773186191 -0.530042847618753 0.129547592611834 -0.336104359024525 -0.234123554668512 0.575258216129693 -0.298512885820413
1 0.305883315680457 0.289146619271927 0.303859814555875 0.0435476297045768 1.43976708093762 0.564905008753027 -0.939473895784378 -0.639045726751913 0.163823746174849 -1.96142230238099
-1 -0.890693352701957 0.0275768756681262 2.31119203749891 -0.421471469609052 0.795515399032365 1.90377174038295 0.624549541838566 -0.327896815582965 1.69792393826248 1.23520009403190
-1 0.298352913785419 1.72051212909354 -0.0507177564279324 3.22640644205567 -0.20064044198183 2.29629599541983 -0.456539933605977 1.26369117016467 0.992630140813797 0.667780696770092
-1 -1.04850860681337 0.645000988549057 -0.777075880413494 0.374329755076982 0.844902922201351 0.571841118406124 0.892263909649616 -0.105008179854292 -0.449597944432107 2.84626893557551
-1 0.165141297037326 -0.222440896595009 1.55308326987748 -0.786246851409309 0.644821048522207 1.29376109302854 0.267036330368810 -0.0177922963564022 -0.547344821419523 0.614715013756327
-1 -0.395093780796348 -0.0570589316575464 -0.0227133236779251 -0.891930145745241 0.335629881282704 0.0094368347527154 0.669024743635667 1.25218799667359 -0.151035679386363 -0.494396997832943
-1 -1.15735981287086 1.55816789271542 0.248873490354897 1.57978171136429 0.675152203812687 1.69024132166968 -0.544633793410356 1.5578531553496 -0.401104060894794 1.09506752890329
1 -0.0668499841675554 0.401860842630344 1.05314751895486 -0.261117922738364 0.059529590569564 0.0264487327437247 -0.0495047994121555 1.17736498435405 0.262570480370636 -0.0040747353798497
1 0.680339953105003 -0.59439504443051 -0.565258350549629 -1.41795379554348 -0.170189276427225 -0.0860591821400235 -0.105350693001912 1.86503893488519 0.850166593417316 -0.714597698500778
1 -0.725321937963578 0.32567842744127 0.662507589318153 -0.707391439550093 -2.05278870450064 1.14359611800471 0.525501600351682 0.752728717396657 0.995783108631914 -1.53119955824632
-1 -0.115634616043094 -0.198105083968814 -0.109931316524113 0.117298268952257 0.323709453261329 1.31746079084108 0.0168079243459125 -0.720521850670941 2.57023455635 -0.610973739002427
1 0.614306917804524 -0.121038130756810 1.25205878797550 -0.99456887857702 0.9844573053253 -0.174357899833938 -0.790168263833223 1.17121863087111 0.169277715864531 1.41778680356446
-1 -1.80986751588503 0.210565525305186 -0.332883765862332 0.0830567384395912 0.252326111183452 -0.644620387886066 1.86592450498260 -0.914260233748394 -0.680665299406718 3.0394460718289
1 2.07770879256081 0.840086212121015 -0.169850772351296 -1.82540005186505 0.135126418268944 -1.78171077137445 0.161389132012476 -0.831200503095517 -0.0938123980629586 -0.353487341161783
1 -1.00016012717194 -0.247563391874017 1.63567456203214 -0.357689697133317 1.95811037757113 -0.0556259575661398 -1.48713026933936 1.1720651282559 -0.0652290483756002 0.615270288438014
-1 1.36690796036103 -0.421838449525756 -0.464452037724291 1.72317549639948 -0.078542747094307 1.55789618335394 0.488189906152461 -0.973115216151687 0.161144452067147 -0.24350612288209
1 0.50879696130813 0.809697572910751 1.34335167348483 0.274052051701846 1.05734965572918 0.629829046989446 -0.465286093090939 -0.142300713046529 1.36647575088957 -0.388955522379316
-1 -0.683841835880656 1.09351948485357 1.49752494389323 0.790784754165175 -0.213354466869263 1.6492207789605 0.252574401825032 1.85205872596354 1.10121646008824 2.24366024795385
1 -0.260707295622955 -0.000271587265482007 -0.700893916243528 -0.125919878826838 -1.31987435861785 -1.07960319228978 0.544593409200312 0.193671276472429 -0.610221078130216 0.607268932582547
1 -0.214524959065027 -0.110803367774730 0.607497929272099 -1.12366818303802 1.29743168622598 -0.688505664049048 -0.856136979553113 -0.0212692359168409 -0.141788793948860 0.143272114119338
1 0.123746785268550 -0.000733567166683572 1.33416931765367 -0.0554494819081104 1.58701985180675 0.95630169046489 -1.02206593561084 -1.27571869785111 -0.141242281135359 0.339940737555062
1 -0.326732852926289 2.04993610509719 0.432430924683685 -2.6501937189782 -0.165966719731171 -0.349074085387684 -1.09919955038631 -0.494254919173306 -0.551351437315523 0.0177827326742478
-1 1.41422395897745 2.1451498640413 0.85386753323921 1.23892342650892 2.12456190606073 0.521472839345904 2.37227190672895 0.224774522672059 0.41107970405279 0.899315932714818
-1 2.21800322276084 -0.103175304736591 -0.760804369792756 1.95698927998434 0.500305534667456 1.66934793756286 0.6739445259464 0.133621025110262 0.265489047241099 0.772833755009895
1 0.493067758316778 0.553280026473944 0.646066912991605 0.0940849679020423 -1.58845942556468 0.277180622969334 -0.798400214237143 -0.154379432179545 0.866658920238394 1.96431338856040
-1 1.22627584175969 -0.99660760199676 0.727216418389307 0.620889362777397 0.242458143715398 0.153398332837793 0.342494177015875 0.629591195303149 0.648805131984884 0.778606244848746
1 -1.16938675442972 0.480983035817999 2.12014857335439 -0.646494390357248 0.566728449938438 0.768531731169376 1.25351244352805 -0.89175895454411 0.695106459724823 -0.673735245154522
-1 -0.223789144491225 1.28169172359171 1.60702335315034 -0.653448113968917 1.43440928704824 1.63529698016830 -0.660454682106246 -0.406557077310958 -0.0904686480288702 0.591075569555067
-1 -0.27724562380704 2.5315405529458 0.0163995136415239 -0.0480615758260007 -0.705711122189865 1.99791667865620 -0.643107520113892 -1.03130458165168 0.329241209368205 1.09100630609005
1 -1.80222626457701 0.688578664522783 -1.46452529021587 -0.100403981832426 -0.363125534741432 1.53845615538119 -0.589652125130372 0.700806150595116 -1.11777425028970 0.58447839654735
-1 1.46504594418651 0.797940651689126 0.0696815606154139 1.28010968918613 1.2011520752363 1.36056076170307 2.23626362103867 0.394986764356407 -1.22770065221664 2.0473205685684
1 -0.771525820182411 -0.391104598512949 0.259138830883654 -1.09403543627394 2.07192437447317 0.143825795501102 -0.16464202705597 -0.70559350537343 -0.40892768766116 -0.26720391016106
1 1.04590086239970 0.784304343158896 -0.71330402825107 0.62747846649373 -0.280245047210543 -0.941908922654018 1.68245330804492 -0.534031464944237 0.86461396825944 -0.233788109433392
-1 0.67462127116773 1.89907519125996 -0.0496819430853481 0.193086891707498 0.602997864114894 1.48552235925879 -0.029517731300304 1.41867391363338 0.600881794067564 0.821614718149942
1 -0.0946626840847494 0.625784620136955 -0.0551933100919037 -1.10668228471554 0.0576806991314374 -0.377350004563340 -0.245675011024613 0.951462298480697 -0.644699541584682 -0.110527872446531
1 -1.74313790102374 1.51816839831197 -0.631909179259238 0.5094885698864 -0.443577154031030 -0.664634719327815 0.683857450136589 -0.625544879857297 1.56903533375243 -0.709416216328306
-1 -0.120258728688342 -1.30391249459348 2.79792159287653 1.39695279672969 -0.567756226643811 -1.32786863870036 0.53555357926004 0.250562327689801 1.17782577237652 -0.247883774698781
1 1.04123207199080 -0.0731138618523172 -0.62637875917717 -1.66429642856592 -0.0148562118154399 -0.599937877231731 1.53014133656314 1.17836204851325 -0.298204382628098 2.51056047319016
-1 1.75493204557664 -0.33905225655471 0.0812339301598521 0.476612882676526 1.05421378633002 -0.727155914939927 1.88800408466124 -0.0147704133848159 2.5934794507121 0.406307628969408
1 -0.520780773293681 1.49597520898810 1.91383278153442 -0.229956175926829 0.647505472685746 -0.501146625611337 -0.444557759506146 -0.74985672966559 0.326942558964759 0.66837975565806
-1 2.39609116361541 -0.521513367637566 0.338428366990861 -0.572696912545061 -0.954650349940948 -0.694164705775348 0.291914263296634 0.659425543986537 -0.614251255426004 -0.584637423984699
-1 0.295741565390922 0.9346620617615 -0.885499075459671 -0.257837438452003 2.27213335643734 -1.17661461262516 1.37886737712321 0.93485089224792 0.358419462641078 1.22058766387404
-1 0.206836992614214 2.34559762931242 -1.01496995431039 1.34099317854637 -0.188885322849634 1.35456777615984 -0.596691669918079 1.70230336553662 -0.539371784458126 -0.280023250066138
1 -0.346704962432394 0.683313886767317 -1.06111085263138 -0.45052756576962 -0.166635479689145 0.227568977622886 0.502520765653653 0.44922683045295 0.403772720961887 -0.757477512776389
1 1.18654005416999 -0.660422584464516 0.104021840874781 0.473080372573086 0.342576402973067 1.13266319598395 0.933287943098348 0.76894478170349 0.858481286780883 -0.0420153340726534
-1 1.92181815513112 0.523321321558387 1.28494376832647 0.375764576287262 -1.1715356610843 1.73632566964360 0.634812889800064 0.560695619287895 0.726374794332972 1.72791610383127
-1 0.124233470052291 0.509997693334875 -0.840410498524129 0.659926751414921 1.21979307232606 0.101323612232400 1.82218345773121 0.199783333980923 0.206178183490882 0.435621125520186
1 -0.360055913644194 -1.26706231302845 -2.66046395187648 0.103653600588691 -0.201615529705486 -0.0133763180293739 -2.11022435733047 0.99746993874639 0.841506184652487 -1.72465537217722
1 -0.132112017846418 0.338293819950218 -0.872891518419409 -1.39904401163915 0.261820886712098 0.348698221115050 0.00744410001330213 0.191300232212500 1.28498298233982 0.475717221666848
-1 0.130748644151583 -0.72342594352104 0.10567358602036 1.34266811916082 0.574637113536594 0.175497237894914 1.23942644159917 1.36827636209219 -0.621840975905072 1.34946602425917
1 -0.729880391151714 -2.39224379321959 0.585430972953784 -0.398157994553685 0.28300855420354 0.223265818984378 0.209319007357755 0.150774783929198 0.398869169087579 1.62571332935480
-1 0.618031743012807 -1.01786523727782 1.07943597114661 -0.652094423414348 0.822466319708853 0.283409549639883 0.380266360550244 -0.164138260023740 -2.23248636261677 -0.109956938594130
1 0.285618778497875 1.29531116976531 -0.222895110744197 0.882536411645432 -1.51230341436927 0.91984404533808 -0.512389655363716 -1.79770533530270 -0.655777559658594 0.109660381026510
1 -0.355064526103157 -1.38375537868310 -1.94652185922775 -0.216313542271637 0.388269266332524 -0.0646978465456937 -0.09084251975872 0.579556528769934 -1.38263494580052 -0.141591959883543
1 0.585912352679722 0.454015183816709 0.096347121887258 0.974612087937255 -1.06268728930487 -0.923405099560311 -0.623741184330314 -0.550594377325317 0.819610184790908 0.635986182603869
1 1.03356765358123 0.535969105004288 0.578575537546658 -0.317165564145371 1.09727913387036 0.528605710597926 0.564785133858603 -1.84658780688001 0.956041373626322 -0.0781518439975682
1 -1.31582376093186 -2.35320733763510 1.27587464449804 0.132952222111665 -1.26904817186489 -1.90393888635772 0.66879189306462 -0.015862012027404 -0.355029213279297 0.222598736006928
1 -0.315544167953973 -0.930929159694811 0.164975338257778 -1.96083286973068 1.58291151967599 1.67373508394397 1.69392112828199 -0.531358445954074 0.240845251167432 0.306914973571545
1 0.990697415960667 0.445454032221499 -0.271401176003749 0.490449824380972 -0.261855877388616 -0.505594422771804 -1.01189358707883 2.62424210649172 0.509966560975795 0.341573005020702
-1 0.691006183047447 0.182685488935998 -1.20895426244295 0.297166662168415 0.482010603090102 1.90717647717822 0.455928013231012 0.277573492301662 -0.104106891376759 0.762022858269917
1 0.299660540012017 0.125023819361949 -0.79124047189582 -0.611078420619335 1.01969976693527 0.00147589514570960 -0.241166924532213 -0.547137080343393 -2.03412263335153 -1.48617101231880
1 0.159482936188780 -1.15659242380243 -0.556604370913334 -0.758030171124044 0.363885866200229 -2.17187389507896 -0.500489740441149 0.505028566208429 -0.972811021795515 -1.65938059422185
1 1.31753944871365 0.911324792320373 -0.00336653789839516 0.504967766610037 -1.12324192847388 0.38364870433367 -2.37690908018885 -0.940066748095677 0.617573706623508 1.25288104776313
1 0.575294639807707 0.0664500182044388 0.653055382094358 0.0325874065829179 -2.14541858446408 -0.663475967225737 0.143177837923800 -0.0266164158123673 0.186333984492211 -0.590257344795098
-1 2.56851130267098 0.742598022456903 0.947278866186795 0.496413874897336 -0.00862482528260233 1.78108224677511 0.7967539043238 0.509031303393265 1.25336751158899 -0.696929491692099
-1 -1.77961027529178 1.78505567895933 2.21432644154112 -0.719306433686687 -0.621459320861229 0.891033931023969 0.690388402485627 0.629421098604048 0.946884422216579 1.00021067933049
-1 2.17516519528828 1.64148421620929 1.50601040185294 -0.785684661570092 -0.266271989089108 0.623634215184551 0.934164842659235 1.72456793754269 -0.288160643017990 1.61868124803094
-1 -0.207784779506226 1.55704518906240 1.22119434362037 -0.0532636185863661 2.03368332839913 0.573973402038156 1.30233195543462 0.338198763313924 0.81912418299476 0.854037433745179
1 0.355568781425504 -0.971094748344358 -0.179248552099748 -2.21480593272731 -1.66030550850557 1.22325353508208 -0.339594130031064 -0.684696384683331 -1.27826772243058 -2.16630523128002
1 -0.218924065050442 0.314865983101639 0.575239597787187 -0.420194788015364 0.457734632568144 0.608871185637775 2.19972832530997 -0.472222391206267 0.58085457861546 0.111072567067147
1 1.68045297810321 0.00509841136142148 0.077045659222083 -1.95845426519144 0.558105694092446 0.426537158180642 -1.36376099291193 0.270881781975247 -1.05281066585245 -0.042853085938765
-1 -0.779660642677925 0.416918323729081 0.533605367640539 0.741486995698805 -0.583726379209364 1.10787999868097 1.63698476712081 3.07896706524428 2.08859072748121 1.71141302069206
1 0.245760878716254 0.719564324587545 -0.668522756658754 -1.59437188444687 -1.15786680445216 -0.00429618218455717 -1.93483274160863 0.444418028834992 0.266888539954983 1.43105342120561
1 -1.56773945389855 -1.04064781039808 -0.947466263490697 0.778114171419403 1.40703883964782 -0.82737533809337 -1.71549174587025 1.10042264344019 0.0143081758173423 0.972749643625027
-1 0.693480911194264 1.36793815372584 0.650293012430392 0.377783565585467 -0.0768650658903498 1.65352683168711 0.357532897930152 0.00122877930840992 -0.216303101570039 1.25981162933052
-1 0.550551349069814 1.21637532497287 1.68232751295428 -0.61061246783027 -1.15473854179194 -0.434942963048721 -0.281219343322311 -0.203102466959780 0.654512489524719 -0.145383214688440
1 -0.402736333219969 -0.182361139111108 -1.07386883876785 1.47759576529135 -0.173135950335527 0.604808432003384 -0.461620347003576 2.01265038510794 1.21582754463935 -0.180770805659380
-1 0.450107711175893 1.11204924046860 -0.110305144491803 1.13994665781927 0.466722144201573 1.57240583629530 1.98302270139177 0.360346364369123 0.507512922534836 1.27371005885135
-1 -0.968153258160104 0.849313572106847 -0.0126249748360486 0.400828133013143 0.142528167457088 0.40894990797303 0.0824853806970502 0.539758886430057 0.871654632279958 0.931803814516353
1 -0.727439102450061 0.609267001933045 -0.455389849880869 0.264289681968923 0.168613709384558 -0.884023417702766 1.49066173352982 -0.93581364819888 -0.955252246128444 0.824462479206122
1 -0.126290947566976 0.00188937507576288 -0.954187150625286 -1.13333688942110 -0.669965895957848 -0.899139030180049 -0.757061344815446 -0.796127042939286 -0.433244781575935 -1.75752359162965
1 -0.281312056540147 1.45096225559196 0.397942988857215 -0.864710750617501 1.12136136104220 0.0795880455794396 2.14690381033734 0.398876321704701 0.0167744014000481 -1.23091960577061
-1 1.36678444864507 1.52955712195801 0.850246118949378 1.43439392484416 3.01480982577592 1.72806468658678 -1.10850207734586 0.0610417444321907 1.95951451167264 -1.80412029731832
-1 -0.241026701910982 -0.49255860316378 -0.155579514327819 1.83111919500018 0.42074274510963 1.84572364333712 -0.022875687737813 0.520622007749722 -0.770788948489102 -0.0941143634150273
1 -0.086459787807936 0.593914083916175 0.247657245414641 -0.321172599086579 -0.214557274933695 1.58084803576279 1.06933976159692 -0.535796128914715 0.381754012426647 1.72846529781474
1 0.204951653177799 -0.646231488679338 -0.990864063624825 -0.121297267912327 -0.0754721891925617 0.0189985175842864 -2.48945755923135 -0.332187650161254 -0.378996035693325 -1.62316235582625
1 0.823545564716514 -0.278848049388164 -0.800813584809942 -0.127246450600963 0.569088555205676 1.66606153518850 0.00844159902388623 -0.828228166029498 0.342039133153867 0.647566389282586
1 0.426409288056740 -0.377258027719953 0.216922560006568 -1.69569472143566 0.566477978882327 -1.04112067893386 -0.83531954513745 0.246064593437005 -1.34343360685827 0.573729989837048
-1 1.05772195040518 0.532833021019953 1.86314043609628 -0.226526287344632 1.59949476609958 0.943737924232528 1.41508923677464 1.74342903594624 -0.215829250125173 1.85413560988609
-1 -0.190010553400361 -1.38673945958799 1.94403124661139 0.818095873022011 -1.27214252073607 0.763340021151586 -0.670754105125292 -0.0843414383639315 -0.0518636206958101 1.70614022148617
-1 0.172406467597730 0.713116845442272 2.87970261064983 -0.473270131743212 0.00631830060641114 -0.295937985077061 1.88838396748378 -0.0334802877216627 0.634871870714349 -0.0939484967235543
1 -0.80316349272705 0.571961963605948 -1.46798843620901 0.0515540001251413 0.88180086837 0.342467145591545 -0.53759526156296 -0.570245060961722 0.507523115889571 -0.406950336774127
1 -0.0527346975853218 -0.865889200439438 0.802508416854168 -1.55223553315980 -0.457066676907031 -1.29587053488042 -1.55431484708071 -0.0630779111326527 -0.390494656988805 -0.271128751527579
-1 1.93888681232438 0.02080551559345 1.17623440387058 1.62441491409253 1.13059480669422 1.10761432982331 1.22619408640808 1.25760332961189 0.569063179007025 2.29487621580726
1 -0.144664927303342 0.810862049469599 0.513346274857669 0.565481505249047 -0.546218739144317 0.366068591044936 0.0571137510756888 1.56610785019688 -0.176426138474993 -0.378276625652724
-1 -0.285824015544667 1.53217569101014 -0.065711682723217 0.471724486046365 -1.42143227650901 1.66198455779833 1.17530341782259 1.74848028976266 0.176212995808126 0.778109549683312
-1 0.391721942865903 2.80772750797207 1.02263234299565 -0.81109892547098 -0.246409367322214 -0.332413754708751 1.86280835838896 -0.111353973933286 0.303845741447907 -0.575110465113025
1 -1.66362960812555 0.756700417863393 0.519298229875839 1.17123029265888 -0.69186653219388 -0.527425087931204 0.267652615786171 1.93170448644920 0.396714965920752 0.816941128841508
1 -0.460073039282213 0.264970263653267 0.378560512690819 0.142469558704454 -1.00735569340484 -0.510266709636825 -0.0556559063999272 0.585262768030205 -1.13456349235451 0.170253894593981
-1 1.05592935219099 -0.850866369513713 1.26222943765917 0.66950902597323 1.21416160425142 0.955214907278764 0.507993592511162 0.786295654092642 3.26735457070723 0.426753854197726
1 -0.97132592147471 0.677649416695801 1.41791088723466 -0.931134146204506 -1.64717882493653 -0.611190253862096 1.28559060184762 -0.34076693307488 0.337179208129207 0.282712694843684
-1 -0.952655924971224 1.26370075824924 -0.649306295476804 1.69088986488280 1.82931203106372 0.787829516583153 -0.852829485289156 0.551192722784905 0.347130529837652 1.10550876408774
-1 -0.8304648679389 2.34552621969032 0.109377592826341 1.17775380643497 -0.194434819409069 0.397785760050393 0.455395357321672 0.880610407816968 2.61261731249770 1.61811917761350
-1 1.25349079975946 0.983775144311833 0.607887861375187 0.391443911211781 0.610681622176395 1.14829664236804 -0.576874977315388 0.664243890002464 2.17147570296595 -0.55459719619319
-1 1.3128919407591 1.48815007973324 3.16251121005607 1.09872835276159 1.13032256894698 0.306245986749183 0.450195312757928 1.19709329515826 -1.21374564032152 -0.43455958324316
1 1.29445366197901 0.852363723272704 0.683663293620219 1.73706379787861 0.911960773692756 -0.60286237315632 0.0155467877239995 -1.16520041511936 1.27073306617908 0.0594262438856715
-1 0.320314586304478 -0.129269749084258 -0.350042309008231 -1.19139830492069 -0.152451408813714 0.0222264518500788 -0.251384220996280 2.2403733704041 0.188981856701971 0.579704827808978
1 1.85709021382017 -0.545566568208631 -0.275137048310913 -1.96686357970318 0.193136559988451 -0.995872498301585 -0.970847576579818 0.335734179993675 0.0350090432030295 0.0766565865019849
-1 1.48803621107511 0.416314811613823 0.108852139820768 1.48137413343684 1.15145554850002 0.86989450986698 1.67057045986504 -1.47779703024052 0.903783279526466 -0.517456541698911
1 -0.150606384321987 0.0460728634493459 -0.895906989224626 -0.70391362759925 -0.37827319126045 -0.611090001431589 -2.15414757069516 -0.717526721239607 -0.392454080515334 -0.349270878400999
-1 -0.530176801863264 1.24540566678399 -0.375782162758928 1.46942192307456 0.316899209014642 -1.07711358199005 2.55882340044190 2.70898683497783 0.883170108012495 1.63704466995456
1 -0.906594571675192 0.468007331165761 -1.07389749760833 1.68295294871809 0.0545650864063763 -0.0666196486788071 -0.445277844450933 1.13794607662680 -0.353019800321868 -0.665595708220974
-1 1.70155636130594 1.25279026793070 0.0200023723923939 1.41226228165667 1.76216049168619 -0.39437078668513 -0.689401867604043 -0.557522547608085 -0.494899178453105 2.2461801532421
1 -0.205736179828728 -1.40351682571016 2.01321804040369 -0.978439146564035 -0.754375772679767 0.19244541380667 2.0514364899951 0.669351374326918 -0.607720221725349 1.43115464090840
-1 0.47116181217774 2.29407056970478 0.341952675244698 1.72966675643974 -1.12039163084614 1.26007885856348 0.57554500914546 2.65655774755839 -0.699111542637927 0.562524988245619
-1 0.0652431671981234 0.344756917887483 0.443968663518267 2.26150390145223 -0.595965078308069 0.397744194549392 2.07542838468062 -0.0720648844715596 2.22050554363196 1.75117505297726
-1 0.804361665921667 2.76785362478354 -0.989523956692604 0.571773797525511 0.943669628726686 -0.020120787288056 1.61281766535275 1.50691323059505 -0.124005579969279 1.00518471700995
1 0.357229699422298 -1.21716327687192 -0.105959804106364 1.30117139759398 1.18487051218341 -0.815144197443948 1.31577299623205 0.72787744110696 -0.797652958619132 0.858732557272462
1 0.536153739642876 -0.0611817581486012 0.121036349711861 -0.878543215430242 -0.647060569584971 -0.122315781533383 0.223591765386583 0.00687338924289052 -0.498205685071673 -1.00815347030665
1 0.295777665475776 -0.835142338572025 -0.0591774472064426 0.0356647607334389 1.07369564824113 0.3309676336829 0.0841306628208057 -0.127569191033674 -1.33124173370659 -0.410327674391498
1 -0.266352126371196 -0.671365528468202 -0.99506806023122 0.770578061069081 0.627913926499852 -0.0148435019316767 -2.12436451105328 -0.213131749961458 1.10522246652252 0.67502732821192
-1 0.202385992621810 -1.48748527429507 0.065063981581818 0.171701665617745 1.18091108739398 0.334354880392507 0.110716007350236 -0.679252689058255 1.68122724039165 -0.552710095602712
1 -0.561979973869586 0.067110319923344 -1.47831609714656 0.235070499778897 0.925244017058281 0.683720086192003 0.706307260494764 -0.468204302866820 -0.341752382982597 -0.56062551080281
-1 1.04010656803035 0.704928479713354 0.68567589649975 2.01295014616781 -1.20775121618122 0.744025636381666 0.87832910937433 0.308580903994407 1.11711274685458 1.86237505513366
1 -0.683912543250511 0.0885575650817602 0.829646652207914 0.0517520379049246 2.76914465236795 -0.0664722788309264 -1.97008659800168 -0.59314727230083 -1.43698255509741 -1.06262819343463
1 -0.0367899392259816 -0.659461195604722 -0.661408236821016 0.341111077698885 0.659289936531901 0.320909754455213 -0.265849566333722 -0.408485395610115 0.694394281837163 0.928328809611362
1 0.633845403572227 0.41790666048192 -1.17874342498126 0.434245608897779 0.528134094304839 1.29798145005630 -0.698552898034013 2.41337748834706 -0.787681928065833 -0.80997440272294
-1 0.49953353498233 2.09965364757587 -1.09204246606883 0.478358686573897 -0.337820965613305 0.443741750186614 1.50549561268818 1.06230060549968 1.35007365419140 1.00366321177617
1 -0.176972802416101 0.705913829477998 -2.39736693707876 0.750424769929288 0.673140665754449 -1.17929560175559 1.70677351240427 1.05037396888189 0.808848069379877 -0.994073410069986
1 -0.0550132077944768 -0.246351047264579 -0.485371511304287 0.201834891645005 0.189407899778093 -0.103554522467212 0.055466849051691 -0.302704731311165 -0.0534435572748414 0.682104534467005
1 -0.0094271399228036 1.58339896066111 -0.879865558774813 0.00403223774050368 0.659996220794485 -0.431597391453544 -0.448847256246842 -0.9854594018638 -0.971278697090469 3.05151629327943
1 -0.754711412450073 1.44683861174198 -0.149886760521259 -0.436304557044980 0.69657647826191 1.72280805365474 0.0810446613145722 0.553384910883976 0.671525959273993 -0.819491309884276
-1 0.237039313641641 1.13569494523366 -0.46126127644375 1.85736663538044 -0.260448487953075 -0.802390400811693 2.02163027470523 -0.192051009353098 2.13730810211324 -0.0811373277964512
1 0.978608133618465 -1.28605623197607 -0.0869459846129298 -0.845775406857307 -0.147041806679946 1.88802943954031 2.45881629766473 -0.19186048178926 -1.42789845885460 0.908066726978734
1 0.0481495514352878 1.02635011753054 -1.23314276726584 0.368467512583534 0.154152120449654 -0.118761685852394 -0.166036376402526 -0.315173274475892 -0.24314847411277 -0.312810102023907
1 -1.14919617242192 1.82646801711234 -1.70577217931476 0.481083384485898 1.54334043044351 -0.166438885540308 0.0235958759651617 -0.86671182356289 -0.209416905011173 -0.291084552943627
-1 0.990276569349014 0.579101464437846 0.458265200212586 0.590697071396949 1.04537500499328 1.08334943206219 -0.0443212421389462 0.0840132675983725 0.0389731969886455 1.20999162853398
-1 0.180233276404907 1.00596805590209 0.104538594913026 -2.47883155695588 0.718350101313672 1.51065274064439 1.50082948798816 -0.781619700915708 -0.461052270519361 1.53055444882856
-1 0.211497180643819 0.922621592226544 1.42113380390695 1.51854025977619 1.65469742425939 1.73142871365235 2.33784848778786 0.736114112220591 1.78960330883256 0.723858463676332
1 -1.04705192700644 0.866104753714799 0.724707855690723 0.329312575490922 1.06180035876509 -0.0926183504640703 -0.738966301722325 0.493958734384683 0.72838647941169 0.909372638318073
1 1.51798541053456 -1.18912734734186 0.453415126400297 -0.858161698369387 -0.428891068517810 1.02453159602217 -0.665219130800108 0.274810865907996 0.453072620568133 1.05876704058951
-1 1.86808949391524 0.0132731510494182 1.07431738434785 -0.96201501020929 0.0701477557776536 1.24355207564542 0.60089222531476 1.09068224940728 -0.284274036503525 1.53286026078111
1 -0.460441377704918 0.610698975984693 -0.889799410810878 0.203063504306265 0.397893565649826 -1.44266848708910 2.30262292228286 0.936635703902284 0.456541742762446 0.243444667751745
-1 2.64877669092672 1.22603163455916 0.631622353782079 -0.554596298786638 -0.0147935656762654 1.47233223096304 1.14267707180165 2.05523102192870 1.27253385168429 -0.460910421579209
-1 1.15498264196796 1.45044058198694 1.05095842695019 0.065520209691358 -0.552846445396158 2.03992669419166 1.81686208167956 1.85421506435759 1.76778779915610 -0.392986336848452
-1 -0.597869539568914 0.0247172321804294 -0.595635561115467 0.736655136325896 2.49641147066082 1.53733162279684 1.56750176238940 1.16368061760517 1.15224346445214 -1.72448702775739
1 0.728014588136344 -1.41687259346928 -0.544013509637832 1.57836573233516 -0.413744923636152 0.0577227991088253 -1.21192843485696 0.718539864656822 -0.812647109783805 -0.131734433349408
-1 0.674002482660969 1.38239427169107 -0.559171081473491 0.685345563519742 -0.851578897271928 1.45173451715839 0.395600081195934 -0.628114574457258 1.6398823020939 1.09399356492305
-1 0.474087527978492 -0.49723550377192 -1.19134195222187 2.28822745011265 -0.885037539773677 0.650006638236484 1.02572498006325 -0.0103130334679243 1.21612340646869 1.33922049413051
-1 -1.39185813384897 0.435293787109365 -0.127821439515688 -1.43703638246901 0.767671581315142 0.92477397099726 -0.615450072312321 1.47803882443769 -0.283438450874984 1.96834592891708
-1 -0.977441247098044 0.834963417374242 0.0393707484480361 -0.287932495412403 0.758355139383178 0.379169009391314 0.563963716453296 1.45733262631184 0.494040299971404 2.20870505491727
1 -0.775543770628619 1.08016928883005 -0.625863358713032 -1.06057762272390 0.329033186695474 0.0972753653691253 -2.75861463247784 -0.325539809618472 0.00446707138628318 -0.612521034858154
-1 1.25520110440206 2.00289112587258 0.744314666415789 0.852659472783135 1.11256244649428 0.971374061721216 -2.68962861243947 2.34080607670857 -0.207784127860256 0.488992670441755
-1 0.00586971857380125 1.19684600697434 1.17813720594838 -0.453401163639981 -0.933530829038073 -0.116813374557973 1.41304068670329 -1.32002882599222 2.03940642213995 0.377132962199945
-1 -0.653517876162331 -0.506305228389288 -0.427799859229857 2.58902309627279 0.0824666087075084 0.831676438948142 1.16918072632338 0.268886956531139 1.53533336483861 1.12688015236377
1 -0.324394080470206 -0.0654739739856832 1.06259236924309 1.03686016967106 -0.0579568259053319 -1.01328733376829 -0.124449420630955 -1.54898366923995 -0.0789871796027112 0.982420718139536
1 -4.2286001014727 -0.751608515345762 -8.04912633847839 10.3305451964390 15.1369979992694 4.20701876946937 -7.37467705062784 -7.00338685658966 -3.15997098089581 -7.46321845160273
1 -15.3046068023685 0.518149226142595 2.62583840156952 -19.6482958169758 4.42951244963305 2.03267839665195 -9.96959093101423 -3.37837587480005 14.1069209705578 -3.63076413576716
1 -3.87910207866874 -2.25860812820453 -3.30703879821309 8.41497244315956 8.91969291015162 -0.516574499756741 -1.14975497513833 11.4452381263922 21.7367182390267 -5.14081377057193
1 -3.49382475578343 -8.89801486388287 5.62804082608779 -5.8208111710858 -6.60299747898654 -6.44086116465572 -10.4203438452556 -1.64167592095235 14.2012498696245 0.77560078266519
1 -13.2499073998503 -5.4638626308809 -1.23028849816385 -6.421768694938 2.84458508771801 -24.7555472716133 -6.58453501423562 -20.4980398559383 -9.77201174346402 -2.26043456152101
1 -1.58601072718536 0.561668631724638 -4.87640276622893 5.81889152859872 2.38649684281686 0.396875984358729 -1.07341796817066 9.99796705872464 -17.918701427587 2.15390125018460
1 6.47277020505182 4.28256364616227 22.8123756381695 -15.5306931754097 -9.24961410702636 -13.2263868384616 5.43886693795877 -1.48037172540374 -6.15370753219508 -10.1676717270109
1 13.1786249986154 0.25172838610499 15.0282462625814 -24.3287072430571 4.25129384199966 0.887733664097455 -2.72856128063274 -0.163082610438250 3.34179427000016 16.1331358044044
1 -21.8891052276749 -9.9527397303541 -8.66247893612951 -26.2622619393665 0.0044151799389694 13.9086914732958 -1.56224524243206 1.7111741016286 6.59650213714149 6.62498491633727
1 11.1125473596317 -1.02552517814048 0.493171663551621 3.45256468359801 -14.1703067018568 -5.75806275998146 -11.1525983223583 1.63254267802430 4.30344224469316 -7.45875548528437
-1 5.76328135295055 10.2784879664927 -7.66204640276547 -7.06749168885281 7.24260893842603 -7.99985121065804 -15.7763757751150 1.03099579662686 1.85727847048486 2.19119379599814
-1 -17.7077172600056 3.91000724124583 6.22355058043549 2.03736226331459 -10.1615477492691 7.03764947527603 0.283871466295508 8.24578998372942 -12.4073176803268 -10.9223921587229
-1 -0.494653793184279 -5.39010109506169 -10.1672218852343 7.5962833742165 1.40710512756505 -1.25560161794270 7.83981453209239 13.9518826208630 -2.16386561658091 2.52296376473948
-1 -1.08644903752700 17.7479071242879 10.2366556682760 8.78971436092576 -10.4012528174389 16.0557776001915 -0.71718650338885 -11.3997665694376 -4.76108690369071 -1.07160260650112
-1 2.70656941104486 0.648041151241965 9.31223535101357 -5.32623438818736 11.9782470527077 15.0534972722686 5.52862881912346 4.78501429788672 2.03112485824922 -9.4883467140487
-1 4.4004248669477 18.3927713376082 -1.97307853464275 -5.41088899640113 -5.83507579765995 0.92675939133275 -11.4450357591255 1.18274765239169 -4.14172654134144 5.78367989883438
-1 -3.24145535269154 -7.59752378442487 4.03539290307823 5.77875265014874 -7.86075483870725 10.9796879358170 3.06187425668566 7.64431973935839 -7.35246835181166 -1.85936333306564
-1 -15.4585700228651 -2.78062774871566 -10.0526726101026 -0.793782868845939 13.2592166394574 9.99016676073354 -11.7775823384273 -2.71099360541898 14.1685124014593 -16.8160768476474
-1 0.96666496975871 1.83150637322663 0.24479985493192 8.24164429472127 -7.29759944408573 -18.8269631431061 -17.6164499364477 -4.9794604163935 11.4087169831812 2.77685407131043
-1 1.33338382794471 1.77709066318053 -2.34391806920027 3.02999160587234 6.84312128211807 7.73297042812383 6.40526392598666 1.55881013958470 11.9309391295593 -3.63270816986905
