200
10
1 0.674528123363891 -1.60912331521658 0.0538873750431306 -0.408964118825236 -0.96291631963648 -1.23998417749627 -1.16640082146476 0.459122335547724 -0.298021703282205 1.23777134414846
1 -0.788391674571772 -0.0798726217268161 0.680841073895311 0.478286995105124 -1.86798017512578 1.00825937383966 0.477287083651495 0.300263046282141 -0.151408225551732 0.707748131771618
1 -0.301991504752318 -0.0697063518532958 -1.57654460737905 0.470308629250273 -0.0334119771662048 0.589462661287036 -0.518434836169518 0.242179766925519 -0.89634376922224 -1.24472257368542
-1 1.30891801064712 -0.0904225415062915 0.0485702483091296 1.15159147334696 1.28499128230631 1.69332025007198 0.393845403337101 1.20093182990721 -0.0166243574043192 0.72573847544035
1 -0.627538418194086 1.84833720773684 -0.398213891113754 -0.439496604216852 1.38479399786141 -0.478440930841362 -0.4702703655897 -0.778284128532159 -1.22182243165954 0.0570284953909963
1 -0.078326501771672 0.381832325109596 0.84974997195176 -0.210772571970187 0.732392534354248 -0.592979013520727 -1.16866675663959 -0.863596304925324 -0.348261717685031 0.087521195067966
1 -0.5968912142939 1.71840835420062 0.516123739421453 1.25205814742269 -0.0120488229055007 -0.904726709256175 0.154277122233441 -1.1921251563863 0.0718573214660296 0.951919686356816
-1 0.385692559013693 0.0317142618861662 2.07807629355229 1.21771122817464 0.45693083783887 0.264592185820454 0.0985586100468985 1.16800892133782 1.94399459828758 0.485927954872
1 -2.14856978960404 0.0809355699772007 0.836989928635963 0.546873609933965 -0.660611783936085 -0.0520104530459018 -0.763564765685808 -2.50179675179296 0.0515751297509525 -0.93602648717951
1 -1.48355621483872 0.395412535773123 0.909256728498116 -0.987909370503118 -0.732191691833334 -1.88389916443926 1.26356022052288 -0.503714366783782 -1.03564779396992 -0.136253852896013
1 -0.0388375307130457 -0.0571663205634074 0.505044353145852 -0.0568198971011534 0.444078003581731 -1.83231496424692 -0.65266781431151 1.89436861525282 -1.31393511634192 -0.504651543608253
-1 -0.185803026521381 -0.128049652677311 0.9705578127153 0.640135750263191 1.57916256371557 0.343904877938016 -0.212243877422302 0.937005734957534 -0.422876597446778 0.313577886107426
1 -0.166219281706444 0.708638263101303 -0.579211284799962 -0.313326844899478 -1.53387528950270 -0.215339349121592 0.323293001241816 0.618322310182673 0.490853453735136 0.792897800787248
-1 -0.33452235591558 2.63324852867147 -0.481463602862308 0.193082280249842 0.169071169043835 0.071713629745403 -0.095686120557203 0.355649112325645 -0.870817801838533 0.312731146292591
-1 -0.443922793741132 -0.489963747649636 1.68812757367235 1.08038613185955 -0.572451673651992 0.0806921323192752 -0.920072265261345 0.00747821642575641 1.55651436169676 -0.608858787696184
1 -0.764970142437313 0.739697831515088 -1.35134867032514 0.165402027203775 0.747919902178706 -0.0411068276303851 0.670055663369294 1.62637161248477 1.94334529646337 -0.108326891390469
1 -0.230067605649072 0.693098842962602 0.69942489291673 1.09284651315032 0.432187456740015 0.0405421008540523 -0.293831952724753 -0.0555536696927084 -0.85695862603872 -0.522823021717727
-1 0.846879198437066 -0.214667309739798 -0.828058756764794 2.401162286447 0.741477731388268 2.22263605666691 -0.0191495990730602 0.779571191245525 1.19020515539558 -0.96420099830383
1 0.557441330116647 0.0696775792867624 2.0392232180532 1.01943768974502 -0.166188367576134 1.08808240175085 0.717609272087992 -0.596521902140946 0.771311034983451 -0.230493949631248
-1 0.999232785582246 1.45833175721822 1.55031654788941 -0.44158575653322 -0.139115719461133 -1.18222854582815 0.150009946153237 -1.64460673715992 0.328464153806183 -1.74334781500044
1 0.0510534722073408 -1.82870717168639 1.06498964312791 -0.192758380445833 -0.209264619026204 1.12850158941438 -0.84809930478128 -0.527976399327604 0.563079494701452 1.21540353139372
-1 0.576905561307056 1.92599688715901 -0.258962186925429 1.06237835418319 -0.185359601843773 2.20010966461019 0.198186125128675 0.481280673073406 -0.0582610111625198 0.982690347859693
-1 0.215930067955769 0.663865954065345 2.57352642735116 -0.457507354406032 1.0014294883327 0.752696804900991 -0.23546998810978 -0.583391136962273 1.09639444760012 3.07107414604639
-1 0.639054322318921 -0.567254456790243 2.05632682418636 -0.123705171684755 0.284383798971537 1.07102989468076 0.578923440971189 2.19602678534645 1.27214299836550 1.92899393387513
1 -0.966628927520372 -0.629465615326534 -1.03816552453574 2.59952498830644 -0.284045266078770 -0.557348921745838 0.814829255211689 1.86173034729219 0.0983613848198766 -0.242881299514620
1 1.94607991581192 -0.928996862162164 -1.03954028842665 -0.272641376552591 1.1845719535979 0.219246907790188 0.123656572934531 -3.23920484384086 1.50024101294091 -1.71498551126108
-1 3.32043288779677 0.867460964167557 1.68621249289758 -0.33778043649277 1.14464128339475 -0.61283979479094 2.36499214655517 0.184755585810827 0.75810922802247 1.85735467083661
-1 0.634229749196107 -0.757668671933816 1.71393426508461 0.987239734998144 0.853311080954259 0.307872546178488 3.65070750457752 -1.63110623357087 -0.0125827578948524 1.04024171395207
-1 0.257730572993634 0.495893698442513 0.751812619393181 1.03392801446598 -0.0728079193849884 1.85777884665756 0.0934013714112123 -0.724734241452291 -0.578577891360659 0.443141456592636
1 0.472216445231072 -1.09849259065022 2.41358309525485 0.251897171668912 0.917462347415926 1.14474181377707 -0.263544472412455 0.379078089762901 1.37786393901912 0.340255301094558
1 -2.11709799619978 -1.87810318344769 -0.540098192541323 3.22946042404562 -1.40028182399017 0.798500702827606 -1.00082107023929 -2.19207133573774 -1.02795989541775 -1.21828117162608
1 0.236203352001015 -1.31381377277852 0.550283799134828 0.540490081463558 0.0208345792810651 0.589227582365408 -0.969674335020661 0.805783789801827 1.78829814407733 0.42363177789863
1 0.216647860145872 0.505697510111162 0.968834291542677 0.52421464981832 0.515585175884685 1.56379193064519 -2.43223864758586 -0.366912686286719 1.97569654041862 -0.74285036787801
-1 -0.170575122495881 0.708033675633835 -0.59577702739594 1.11320046121371 2.37865290362932 0.714579429761432 0.41510325266213 1.01312373716921 -0.695824047779489 0.417771808140262
-1 -0.136143075542368 1.96628657143885 0.183255613754531 0.847644594317216 0.499296217670674 1.88102912747707 1.29873782957180 -0.0534568706188298 0.552657928556125 -0.00544369606384187
1 0.484584047593745 0.760579991695739 0.893902057742376 -0.106109957988849 1.09967690411351 0.443710115986692 0.92255195612826 0.501093386345125 1.38684069453856 -1.95423103234596
-1 0.610504955816604 0.366633663382243 -0.285796993042026 2.10221773894791 2.29818209929373 0.624647345169657 1.16680047429418 -0.21059682581167 0.577892714924607 0.103264591631483
-1 -0.0256592855891524 1.51903993126930 2.92225426322841 0.843854554304104 0.339260678794394 0.87488346576295 1.91930299253925 0.128575130639188 0.286687103526645 1.30162959959445
-1 0.95807146157503 -1.08261460723098 0.453699802475058 1.21457065896198 -1.58381420597106 -0.198610577195505 0.120629939731982 1.03750878226275 0.787862772498316 0.194564372965260
1 1.90040049833476 0.646530848972744 0.167672056052267 1.52894452915191 -0.533645294276601 1.49558163800977 0.490752796897503 -0.0155083440599123 -0.977307410840555 0.232271653755549
1 0.250352913053902 0.507766260051865 0.249187427055701 1.16807339889921 -2.94717855106087 -1.83615896053124 -0.700011733233651 0.614891632046682 -0.158488553269315 -0.970981928458575
1 0.580084777074941 0.885178584656297 -0.296684423499787 0.409086077675091 0.128690763777816 -0.295421786239291 -1.02558463919938 0.680777116692459 -0.234750418915220 0.919627950654942
1 0.58303870600725 -0.0333942003987016 0.598416607589533 -0.944740183372431 -1.41179815942428 -0.98468080064929 0.435283014371156 0.74044786647608 -0.0460579499509808 0.288251723752996
1 1.03979311867559 0.209467768453804 -1.89557051764933 1.86211757186301 -1.71584467021270 -0.832256886257723 -0.372517730314541 -0.168402727990656 0.77851737752662 -0.158652737224498
1 0.919132781362485 0.27005812837229 1.47605730423039 -0.62575880712073 0.00209365563325728 -2.37867040309477 1.33433848437984 0.804249815816572 -0.767616386465126 -0.442813255538407
-1 -0.197731127770111 1.21713063537023 1.19702413203803 -0.991506568873314 -0.741155185538298 -0.312572202234131 0.208431179831953 0.811137926196633 0.318292383366354 0.643739815326971
1 -1.22881194130276 -1.02317446940513 0.813570236279212 0.388547809492331 -0.653623038332855 0.0694762525674782 -0.370837460712021 0.868352914648274 0.427481140163117 -0.146112057472336
-1 0.888096622643944 0.236384737983959 0.225237972556400 1.21685002986393 0.234139436498193 -0.486559628430482 0.151406257101471 1.54213669982874 -1.50483592700399 1.54533692021382
-1 0.81670460792488 1.83522415326516 0.968847252689526 0.501052750970832 1.17344598349730 1.52309419846082 1.08251205490930 0.37151672983148 2.16468447469770 0.962593823532168
1 0.116007334475514 -1.88919824336764 -1.43926228213450 1.66956654167365 0.39154152768234 -0.605788728882374 1.46953299730718 -0.740998977281964 -0.274576756661791 -0.185519406125869
-1 1.28906163510214 0.999334065446584 0.315873176915319 -0.108193552361319 1.51061478666352 1.23187073716082 0.177670056802721 1.06581947572834 -0.464495254091717 0.00808533270592593
-1 1.01461903698514 -0.477083967505308 0.810228453719781 1.98711775212762 0.797517965829324 1.31792608050761 1.69499401892482 -0.481297235094322 1.10797519219842 1.37993319008591
1 0.354655243914488 1.33802431732941 -0.432816337493108 1.14651823402428 0.659563620409683 -1.40203053811607 -0.523870520949108 -0.0722559156663864 -1.05241466935100 2.78327873556429
-1 2.34426972033306 0.878519212338334 0.692843184934416 0.647906667929343 1.22163601912138 1.71631639480150 1.51175941588732 1.24252732435005 1.88404162156516 0.474023985826117
-1 0.189765908699786 0.511051644956038 1.38710550032189 1.16339779560503 1.02811410399540 2.28804216582316 -0.381646642771381 2.03582840596755 2.38914421528179 -0.146088530236171
-1 1.74071136652170 2.19521847606834 1.01578108742295 0.367354092528247 0.568120726686651 1.99624254395179 2.69191127931815 0.569284490009997 -0.94517711046207 -0.278748680999658
1 1.24166254641863 -1.87332146480104 1.01056853177743 0.154810394955902 -0.77223735682809 -0.693299343762501 0.716861553336834 -0.256756117104978 -0.980619824749565 0.530947848529736
1 0.0985082581681283 -1.39748703731923 1.61486166092531 2.13537079617966 0.97482970346398 0.0369823278478955 0.688923236808429 -0.673869022446713 -0.573561367456812 -0.514390420508711
1 0.518122889374724 0.472031773619273 -0.239882555877315 0.939830486863371 -0.410706309750862 -1.16852918735447 1.33663454424829 -0.865034146625405 0.78641051355152 0.240902749044659
-1 2.77814790913973 0.260078133261259 1.03766017100073 -0.331712100224411 0.310281351594131 -0.924641348174046 -0.565677849126941 2.33480107615811 0.980519009563055 1.68180306354419
-1 0.307787549825806 1.13495619786202 0.410763404512192 2.35951476498182 0.818116637684913 0.77825861021371 0.418669473360225 -2.20029666187900 1.43849831240675 3.33254810062383
-1 0.386306037587493 1.87720249832838 0.0273318552439122 0.683385393194891 1.19887738800414 1.51374793196749 0.263085512719639 -0.309479576670692 -0.434714283443243 0.427045995126125
-1 1.9084545261457 1.41199404101734 2.73371861741814 0.0984262880284137 0.283502796598346 1.90003262994083 0.440949434499225 2.80378764050302 -0.116030797941297 0.72570463548234
-1 0.395599121462677 -0.756670282427595 -0.131127779757569 -0.490508726511782 1.94996507086494 -0.248005958409855 0.270383265179232 1.51942888039944 0.480205380796666 -0.645037419637399
1 -1.48831881415270 -1.72877509121933 -1.45633499157737 0.0650210044714102 0.679707231678474 0.571833407193327 -1.15112505040863 -0.254044876631340 -1.04924409770853 -0.793937056057208
-1 -0.63793694724136 1.14549028425255 0.38458562590872 0.0890112015675328 -0.435721875770580 1.32362805704020 2.34816043372384 2.35463327101257 1.84118590812856 -0.141181357761636
-1 0.442173887406495 1.06861669400946 0.51689004444048 0.820507147604816 0.288739598516387 2.74485410053980 0.791464051271825 3.1811410364367 1.55948927718008 1.40332289566727
-1 -0.176883375186820 0.146340735571546 0.833445515368479 1.77687549972462 2.25032829762166 0.79716755631568 1.73015791135651 1.88520569538682 1.29898085162723 0.827022033406297
1 0.992436236281187 1.34492794185801 1.66583746161117 -1.35509787051186 -0.844989690305427 -0.195567268912974 2.53078675142585 -0.775121729956143 -0.155942758707963 0.611261803391364
1 0.269933091568557 -0.677232228834623 -0.905773800192955 -0.889380034695191 1.44163454721956 -0.28686980567583 -1.10115135973515 -0.465180554497481 -0.213984908995359 0.350539004361466
-1 1.84291148539739 1.65697157977535 0.797350724701738 0.131850567045916 1.45080585476498 -0.307693909830445 0.68628084647056 -0.743703621425761 1.44468798068538 -1.50750449043932
-1 0.349202467004439 -0.0820858629481617 -0.376212746190668 -0.412023867289332 -0.15856882465871 0.618947469015038 0.0578153337020139 1.65351435635158 2.16587192425238 0.938959506696095
1 0.903324558646967 1.33889427467857 0.176137402537803 -1.86432988344931 0.0339338637840364 -0.805527555883284 -1.23424066319593 -1.31039484327283 0.651538183634908 -0.325293237965489
-1 -1.44435473140416 0.8294606883318 0.161370479449169 0.107228151910797 -0.328048727667498 1.59215937253784 0.106719933940066 1.98725013059347 1.62601046684018 1.16416188003425
-1 0.434490756998714 1.51840825381895 2.00898050969748 1.38571029773606 -0.388119316895499 1.67418072102518 0.751373412782528 -0.0284519731534324 -1.01818511462148 -0.499378340804675
-1 1.00913255689325 -1.21618595799148 -0.322602304324098 2.70373944296137 -0.286207590848185 -0.901105885152362 0.0309885381204812 1.09078958518174 0.331179026686672 -0.346076435384877
1 -0.89839322726441 1.52392661606009 -1.29729708363972 1.57781116033498 -0.878090896485563 -0.905354685376846 -0.662738029861595 -0.984088808717587 -1.21726894285392 -1.13791069948330
1 1.33255862617693 -0.329294958310123 0.567649211056666 -0.560447501615489 1.02644796224821 -0.486919521925711 0.839019761361847 -0.099989938567351 1.84021089891400 0.0827400673798517
-1 0.945591010499331 -1.71198206759619 0.616748919560146 -1.38956457630153 0.0587942715804299 -0.704077912564411 0.573833398933109 0.800618257883443 1.37960281016527 2.81290483643097
1 -0.385620617658841 1.44951669237683 0.464188964571385 -1.74894309877813 1.88929768471451 -0.50541199232808 0.247459253240798 -0.519009815990689 1.75086530293930 -0.525801172129041
-1 -0.122437400490549 -0.127414903023252 -0.191261608723151 1.33213557066607 0.579063277234919 0.149700710021959 0.875537829923114 0.00894653397542722 0.749029642079917 0.259543702319798
1 -0.252753002185950 1.64359962704642 0.847789704619033 -0.695557448661396 0.833785626106324 1.16807878478983 -0.184629105728465 0.628194724043315 -0.229236247252810 -1.05947328917467
-1 1.27037610414273 0.355426627946092 1.58970576991027 1.32280674657184 1.15746690973992 0.263005937366909 1.84012174707273 -1.44115976069835 0.77818066157303 -0.346873802592162
-1 1.33548051193327 0.433016063494653 0.418401369713861 0.678142396061361 -0.659923562419814 1.65581791479205 1.31838571482171 1.70376695464484 0.405896725294848 0.570558537715343
1 1.14673693644011 0.0221843157350670 0.0320499460864162 -0.098905349067935 -0.790718050802166 -0.246296725658662 -0.0178444575036562 0.986707880267418 0.604192107675357 0.226933339037223
1 -1.58153084119367 1.51972856845102 0.342701043964925 0.447650511373384 -0.604327698950108 1.62121354160952 -0.0629843687904694 1.30208385987891 0.137842851175369 -0.608863338582958
1 0.00792795783842301 0.984922956387877 -0.0956075421533291 -0.408816894390949 -1.08846549109862 -1.08524905417362 0.611839660094887 0.84960841878695 3.27791242323974 -1.08192019634211
-1 -1.43474731195565 0.837962223032059 1.25473000354326 -0.726757081273463 0.788562925154297 0.140646473648366 0.212682108417486 0.0516998881289372 0.691377866353701 0.0814809915197763
1 -1.01709712107043 -1.64647558075644 -1.68096913065175 1.13456844771766 0.704853932620482 0.827431191701447 0.506362210305478 1.08211368972172 0.363955752859329 -0.306801471740316
1 1.85631512797674 1.54926076297738 0.76026940132305 -0.487655686986689 0.225646506183758 -0.128422993863272 -0.770936528924168 -0.9971379111276 0.436146128140567 -0.480633379823245
-1 -0.186329167490506 1.66652046855073 -0.166302333295299 -0.188473926008792 -1.63616496341097 0.240334362520364 0.279988352242167 1.03306268386469 0.189638767677261 0.8267278475435
1 0.261650909122479 -0.895261472845068 0.811694453178972 0.413269820148279 -0.48967443924241 0.137976680478222 -0.97865121129985 0.0254394927320691 0.906939079965912 1.30111026794132
-1 1.49196524550028 -0.351293304486566 1.44003868312673 0.0113322807820870 1.01851148494464 2.13525117870785 1.47111831622267 0.887466097805087 -1.34134584658175 0.84943863225808
1 0.0859627376522818 0.481264579099063 -0.485916217016754 0.30139061315804 -0.582131700068107 -1.32376943577565 -0.165327934089688 -0.226351058562442 -0.68404900714107 0.213792869149179
1 1.20939029536783 -0.57766304148186 0.737617256956869 -1.57025759276636 1.65138319825317 -1.26185086438333 -0.423035823014398 -0.391500631514359 1.34327620043782 -0.287732398112279
-1 1.69019910641658 0.815397608196841 -0.0470010235340751 -0.243503989328955 0.260780104264481 -1.57706813177446 -0.0433303531654885 1.17917388912169 1.51585765069072 1.45486352846645
1 -1.23072360143461 0.518002483186837 0.620233241481161 -2.24262936456547 0.0383549942581746 -0.293642385230174 -2.10886573596126 1.67001073222761 2.27306161766221 0.280806935445971
-1 1.82579714277121 -1.09168567848940 -0.0402374048933952 0.685054000424518 2.17856462264172 1.09456778582669 0.988362640900805 0.219821357489087 -0.0205675837712813 -1.37271213340785
-1 1.88743238630620 0.469931935714721 0.292828336196384 1.4936297266706 0.808893834879349 1.98429511897636 -0.154849150973312 0.550966184090044 0.123394982400048 -0.732659267396085
1 -0.522179686234697 1.19453984429152 0.666375687851801 0.507867678383854 -0.682351644306043 1.25277531282790 0.242597193245686 -0.0270252498802712 -2.15264163053961 3.02114956994142
1 1.97342596487895 0.289285041149012 -1.16815023734636 -0.272814527214758 0.0254003088170152 -0.170768460726808 -1.45159094490938 0.34180002413399 1.05320063421303 0.121021901111641
1 1.40888387630438 -0.482797287633922 0.978024584016977 0.154723585750758 1.45725323063729 -0.365924401041957 -0.956213439873695 0.353708812421003 -0.688197089252102 0.631722743744737
1 -1.06754397258713 -0.578247670244646 -1.21829614019978 -0.40322609089535 0.20707237468214 0.270210262032074 0.92600829663378 0.36485497324757 0.142605741498607 -2.04015702593403
1 0.0931659568126977 0.59396708269863 -0.966767368574855 1.47480427349445 0.79844870165836 -0.316204985854999 1.09453055288778 0.255777277753025 -1.73231141511864 0.87261082667075
1 -1.91343968928926 -0.395600148504492 -0.27238587577743 0.800129436284247 1.39107962387902 0.251611073878831 0.990186257943535 0.574901243705603 -0.695201628649399 -0.363507333390108
1 -0.704244303648876 0.469596176292394 2.92759470571157 1.29027158492381 -0.2435052570677 0.287425243890611 -0.338264125345176 1.26028549343635 -0.558998765129246 -0.785923137339313
-1 2.59074140461183 -0.487872966857818 1.1872970226473 -0.0666284400495352 -0.110575408691882 0.425004929126516 1.17130399170803 1.18882160297523 -0.770158774386566 0.688759873718247
1 -0.0861275212420236 -1.49263909302208 -1.26766670113657 0.444998058713608 0.872689544488543 -1.08608529040383 -1.30786133007644 -0.376751230159152 0.493256564840905 -0.326502021911472
-1 0.439900820025858 1.29534182055582 0.541679337320889 0.749589034793435 1.47115524320557 0.437077225923922 2.16218983193852 0.353089518717770 2.20530346895072 1.44500521319929
-1 1.03652323602735 1.88010294168737 -0.352587032426071 1.86257959876155 1.36369734521585 2.38126032163249 0.905953115727116 2.02701681400398 0.656061017264628 -0.176907274781371
1 -0.960883602153778 -0.3258798199601 -0.713753476944961 -1.70549639426177 1.84448796196084 -0.397392352732050 -0.392136375001802 -0.263967868476154 -0.899489477406946 0.48218469884535
-1 1.66709183609338 -1.46370552671070 0.773574303511893 2.17804565197794 0.851965004762688 1.41314380100673 0.762536373159042 -0.589101949678862 -0.163780672935349 1.96585199240211
1 0.117940140619955 0.654731476585961 -0.64734313491598 0.094055148303848 0.972888052559007 0.380307790562562 1.26576418478544 -0.326232024532062 -0.638959513972398 1.89245522280935
1 -1.37168256411498 0.0353496286409126 0.474830362651206 -0.518497040030834 -0.302869720263907 2.51033965432912 1.12506694143967 0.187846028077539 -0.0633467128276612 -0.920358409520147
1 -0.89533876241536 0.27192631609518 0.573755366188772 0.290879582692390 0.0569774777427015 0.295534268730817 -0.256080879773712 -0.0886576379019035 -0.708296701812847 0.0669563309969262
1 0.306822168686665 0.405463584841092 0.0764168973739689 -0.310520757914082 -0.89182730042708 0.252596977420244 -0.516480539864704 -1.23227551230573 1.96651576516778 -0.277433591654357
-1 -0.00308391765311355 2.81186380466211 -0.759193486390255 0.412654501311146 1.15856234983721 1.19729313195063 2.19159424503056 1.70687197539555 2.03787962355331 -0.788385945634596
1 0.267328919165908 0.481133248417995 0.346400635446674 -0.479077359921824 -0.93845139503385 0.266164405522145 -1.12654628956929 -0.552283154141029 -0.89419063583723 -0.849770072653633
1 -0.0044826596687575 -0.125940889863339 -0.631292826985927 -1.15043867740227 0.399422184768399 -0.827402609919525 0.0983506334021145 -0.518664810784436 -0.0247942599754064 0.143581632889475
1 1.2023130008032 -0.696677049940283 0.78516526145915 -0.251015992321056 -2.21894410659902 -1.57947841227059 0.740319574800172 -0.267062382169452 -0.750164105385343 -0.0629820020642702
-1 -0.777631464490382 -1.06397343527185 0.316263329072307 1.12334255573223 -0.176832509678315 1.63882059856286 1.65744432611073 0.700351907544012 -0.42255790616826 2.42917959276247
-1 1.97671672166527 -0.307496419292928 -0.101333605673865 -1.63629167085194 2.67501893715494 0.376512144048962 0.110439878333920 0.748402396380879 0.920208612686138 0.631509876015927
-1 0.460418505739135 0.945298364017126 -0.91942283917858 -0.096209658841579 1.87415723189668 1.73298005770876 -1.28318200430383 -0.729214251464283 0.769304628132675 -0.792783034790716
-1 0.653574646293382 1.36805484963885 -1.87894636103326 2.14489378097707 0.09908645439177 1.28372710936228 2.08093452940837 1.80681407432733 -1.17665758104621 -0.174586928447006
1 -0.251176764580901 -0.818840347991463 0.00327751337505995 -0.987900612297574 -1.209779377021 -1.97692068434665 0.672426976576033 0.44538798822306 -1.79606982623001 -0.118039142765948
-1 1.70961822006331 0.122508577249953 1.20896092838718 -2.01427342558309 1.44579660711587 1.86593643142679 1.62516774047354 -0.223775725537087 2.11985806027047 0.74859010402503
1 -0.514201062693862 -0.668668974025085 1.23568089729814 -0.630224220944437 -2.62309937653512 -0.938230861658696 0.831969534779682 1.45312777878538 -0.0216538430340001 -0.940680571157712
-1 0.168326575200531 0.606989782789596 -0.00353859533721446 -0.362637488040629 1.46635600815373 -0.0609559326039298 0.656809186233584 0.640220506114418 0.449633608390086 0.882018450682856
-1 1.44020978416356 -0.176599257530628 2.32413599280487 1.16425623945036 2.15891103404432 -1.62721232263871 -0.603475422705075 2.52405381717192 -0.291901940351646 0.785717645346315
1 0.878128276077778 0.527434449319979 0.911090705374348 -0.739486554773764 -1.50024811966439 -0.658470493859142 0.66368565655144 1.91423922483206 -0.702405399586049 0.367429256750263
1 0.083340521520819 0.770620717446407 -0.256081275275441 -0.777453832750855 0.266030622047148 -0.572109769075533 0.988088131885697 0.353581708945116 1.22324604120403 -0.657968123091078
-1 1.12961503860522 0.106798565208839 0.824769156692519 0.135670934507690 0.204142215815139 2.12000005104151 1.33407924092912 1.03019674927637 -0.336151422572802 0.413288986863396
1 -0.910462942338007 -1.24291825433354 0.0601813321636373 0.645217556052629 0.06585570043564 -0.572029903257963 0.831997166558972 -1.35705358265348 0.253297174731843 -1.23732155993095
-1 1.08843366517822 1.28292982586127 0.895314938379735 -1.42920409811208 -0.608056475805495 1.41268201812135 -0.55115062501784 0.598232576906059 2.69741886141411 0.369374707689600
1 -0.868368824211453 -1.28445221920569 1.11903734875433 1.66911901775391 0.881909148125708 1.17413924283791 0.272241441442354 0.0150216189855794 1.08434125212490 -1.18387023234445
1 -1.13241899259920 -0.137214788348113 2.30263368380312 -0.72713224095127 1.32515935955443 0.410701272524085 -0.203275140506059 1.65434999507893 -0.528589794908253 -1.71955023778023
1 0.0689329202877064 -1.28726602609910 -0.0689255152349136 -0.688599386512266 -2.31992597007127 -1.64324668760016 1.09910308623119 1.05324243222653 -1.68150897994735 0.288927285689557
-1 0.155949857668057 0.566141018077733 -0.363362131256446 1.57499141360269 -1.33682386940721 1.47557729088235 1.98374450618603 0.00647031003488141 1.69712671735568 -0.820372840191287
-1 0.750471926594424 0.224204913337263 1.55261397593485 1.80561429970673 1.1659577176733 0.486264862073992 0.594707843961709 1.67697544834184 1.83633029494475 0.934636294707358
-1 1.91817450320836 0.880316635560325 1.12425620379620 -0.332168128800556 0.609974537874245 1.00531172117938 -0.0320193038424919 -0.480144316780681 0.219342653000847 -1.26743581732821
-1 1.53571075360556 0.984798068523806 0.330311620413891 0.958230595337754 0.185422226728978 1.42515184755247 1.09108324738486 -0.101197910574162 -0.960493719134657 1.91152685801019
-1 0.309916592329764 0.858562177234797 0.253543690063415 2.25129988204793 -0.360105695425421 -0.99496688101391 2.41225573179505 1.65329905317168 1.43561742335252 -1.89945142285024
1 -0.986888327726288 0.457052821072709 1.15739681637791 -3.17651824581071 -0.427794051986175 0.148152199164523 1.65584104836833 -0.765617876132092 1.40175061572701 -0.233049647269195
1 0.707203952611981 0.372378900928718 0.525399201804971 -0.0506513015840091 -2.15594264969966 -0.636998066324982 -0.331751360184296 -0.276076307962522 -2.55632603900729 0.839109361947614
1 -0.225575513622238 -0.861450244396154 -0.0608347194481473 -0.704702971507305 -1.41362614178034 0.074913211062594 0.0991191972898593 -0.957802912599256 1.50321196703981 -0.606933317551197
-1 2.25733650995155 2.39157731759827 0.931149168939329 -0.0457918654046371 1.73137607716415 0.910972948794384 0.787479480514128 0.287129345607561 -1.12536398172465 1.45402366454900
-1 0.44639077353378 1.09005036597972 -0.391592322670068 0.457351152343702 0.189020415176647 -0.501185843932376 0.542461083188028 -0.426332264453609 0.316791112654357 0.533690892734031
1 0.426837990048935 -0.128454225029219 0.692617594782282 0.0220458783827739 1.03414473072277 -3.04773924232678 2.67413553968052 -0.539954831599818 1.38139943071567 -0.196414716064304
-1 0.867704512615345 -0.822116612046779 0.270570424286309 1.58554481599860 1.71283414743410 0.170955434043498 1.28320609787840 1.76736415206152 -0.314301889821539 1.75526697969651
-1 1.14911077927603 0.402706646585039 0.596104982194487 0.345597115481444 -0.279633381514422 0.610946674760797 0.691108840491986 3.55303991661324 0.840396698212528 0.267786453212339
1 -0.694885175083768 0.640839347912072 -1.35166868209520 -0.771628917225037 -1.07708289273328 -1.11392314085715 -1.82059084939797 -0.588520843451941 -0.65864784198522 -1.52010831996313
-1 2.39225401951214 -0.849279904608887 0.508530848615753 1.55606331285676 -0.673512906530305 0.84954092531704 0.579977870131957 1.32075300889435 1.64779193176358 0.0490478677534714
-1 1.18490147969933 1.72333435894533 0.194322454172528 -0.181334567092122 2.7277255962003 0.246353106503726 0.98441619579484 -0.786334425051963 0.779971572216017 0.910646147241902
-1 0.599437592987928 0.00724572885070596 0.748080930452573 1.32147919077437 1.58339435480823 1.64332434264329 1.03042042747710 3.00436849133809 0.550547668854199 1.39585385848904
-1 0.468854839659881 -0.824146224977124 0.456053306604745 0.768494164263748 0.733661623993195 0.00839033271149259 0.698726265732008 0.481513202054557 1.39756295719291 0.128105603945419
1 -0.00468164043154269 0.626623270602596 0.698306497252397 0.910185894759541 1.57764411077858 -0.171572922571546 -0.416813976382357 -0.0815595480024733 -1.18057435986402 0.0833980002497596
1 -0.464655609680494 1.06855494987163 -0.451637029950610 0.158851944898245 -0.00584665126687692 -0.424844743099890 1.00798863509647 -0.159807706413361 -0.318628199108369 0.582156218980004
1 -1.15877867144582 0.148757996058039 1.71054080635148 -0.190120678970324 1.48777643297227 -0.64598022461997 -0.260770399895337 -1.09578236023938 0.673468444721876 -1.16552037472391
-1 -0.373819070314431 2.87996096949571 -0.271313515081122 0.982560236603098 0.330242049043835 3.05840257832473 -0.54106107841647 1.36210804061773 0.256471844946617 -0.310806304193857
-1 0.23419009539955 -0.144324204331581 -0.0118093675732511 0.968164031564236 0.967436663287184 2.04262637872631 -0.652593790753332 0.375132568437566 1.49919695862942 0.455607557400897
-1 -0.72717508602005 0.524284888233825 -0.361949161642861 1.89183985879431 0.0638245619329337 1.19598816612551 0.963631318160915 1.92325193839795 -0.0380887451356009 0.911888648839949
1 -1.15566215921506 0.39302662510094 0.674882994527648 1.15622884073951 0.0277857699336497 -2.34152872505822 -0.648073027741031 0.9501292019326 -0.203272623174743 1.64827762660759
-1 -0.274042582134807 0.416749495465855 1.30135941975223 1.39099384826749 -0.417615896802369 2.35509786184102 1.41037715431200 0.926093940184897 1.70590568840953 4.59917153886129
-1 1.23525964684623 0.195697995268017 0.245445493001906 1.30317541784862 -0.0414942822525163 0.122403328514517 -0.191798798968284 0.331990554048162 0.741202983724127 -0.495852664847712
-1 -0.203917921854772 1.73849756472706 0.39045608028741 -0.76265628878295 1.65391324438395 1.11410625708733 -0.767754191903928 -0.387472498099619 0.151465060895813 1.12247995057753
1 0.565092804264536 -0.067957627173994 1.11361170003770 1.36253976805843 0.442807163644395 -0.245558442007642 -1.40297695283397 0.567214071229527 -1.12613058666918 -1.72903901780799
1 -1.07859953724768 1.40596117565393 1.70820250331283 -0.519661938089803 0.503061137096122 0.96097249578538 0.491148984781905 1.83385036534599 1.67767729266109 -0.629205462729961
1 -1.77408249629923 0.987350482915353 -2.27013904306919 -0.968888078347777 -1.51971132075728 -0.542822497894988 -0.343654327972873 1.25241988618512 -0.305994977445709 -0.977457658844614
1 0.479010512219568 -0.37068350381464 0.638349640352947 -0.128322333915966 -0.308034890382278 2.37278933271629 0.349587432898709 2.72276840611408 -0.572992944785779 -0.557209894964004
1 0.0695660056851299 0.736906222900933 -1.31388534892049 -0.793825729110772 1.13893839808472 -0.0619379771435914 1.16080836110214 -1.43777595933558 -0.084604708213685 0.825962375862909
-1 0.147892093854464 0.52479520193995 -1.67791376780089 0.0926445210001619 1.50080748808631 2.31221695305669 0.229497812021584 -0.302232655775539 1.22198665161322 -0.247379455335805
1 1.45301211422 0.16492337782752 0.334627682921689 -1.24606232256288 -2.57689597993585 1.45808252948955 0.336843007330187 1.17035805996752 0.0737269368437897 0.161709731780846
1 -0.90493999529634 0.573222701912224 0.903002176573964 -1.00060098909800 1.89414204054966 -0.578647387275428 -0.399442837290896 -0.652735841925031 1.54466574690972 0.625479685141547
-1 0.662372994527053 1.46605476920477 -0.629820962933704 -1.55498371432264 0.082434683185029 0.172836251126022 -0.448066169110923 2.48624030812734 0.648357622414003 1.15709887850194
-1 2.38164840382519 1.01403663143527 1.46710268133698 1.27802396718429 0.297906455293116 1.08646707125153 -2.08837027707373 1.08356670767157 0.533934676798083 1.69382170014628
1 0.758433425097043 -0.187315031095821 -1.70619311124619 0.0475603353101863 -1.16474529807349 -0.224800048377581 0.163429414430006 0.785697189982299 0.089548345793586 1.56241699533222
-1 -0.692330446675885 -0.654587539726135 0.199146849563196 0.858074062129467 1.19303894081313 -1.09330814091735 -1.38355756619866 1.79380967843034 0.42108514927168 1.32392588414026
-1 0.623523002929405 0.940418668162371 0.414012849818796 1.22622559498317 0.627907990670952 1.28158072003645 0.511503600580657 -0.860832521963023 -0.283915129637119 1.44959394787144
1 0.990989007903437 -0.0740212235183877 0.278040829941153 -0.285779749603079 2.68177673411385 0.893903878075589 -1.27318749253527 -0.759614955075199 -0.404900743734676 0.813113707159122
1 -0.0947543702052512 0.871208954454513 1.06218144811450 -1.66205477335383 -0.83195040151213 0.0431845965949442 0.630759969562897 0.115133919966137 2.01004864983176 -1.46636502050137
1 -1.40106263585028 -1.46751759742068 5.91339075264286 -3.02617255145872 -1.85854628823736 0.929703173439152 17.5325625939295 0.973367876335568 13.4307595518345 -2.71437431522091
1 15.6030135580561 6.83498036800231 8.11478277413592 0.22790869975827 0.53179269040364 7.09692909791768 -7.90634475237242 1.04204127273091 -18.4944732546170 12.3938400413406
1 -5.066691861781 5.32589338395234 3.92581312014909 7.90894649569615 17.3553190747042 11.3318168042734 27.3113166213395 21.3466687482057 8.38600980298978 -3.79436070597526
1 8.09588741124982 -0.153169524140678 -9.15385884418296 4.33737133514477 12.4122709373405 6.5313051621682 16.1532951584178 8.40875945929463 -1.80482630697994 7.71776393204917
1 6.39534755946889 -5.03397519409659 -5.83088755997501 11.2977801038494 19.1149856769716 8.94009926355563 3.02930617249419 23.2128676616413 -5.88220740674982 9.27166610898944
1 -0.0131108963802406 -6.14928873107674 3.47990010315864 5.33495131514831 4.49077576895276 10.2412973449560 17.4537985330909 23.0597614789184 -4.30753246046707 -3.43085820314305
1 -0.80044256776949 -4.4125782564768 -2.14839198760831 -6.9722666419169 -7.52304306629894 -13.3097062642643 1.12176208268872 8.60066701583904 -14.8246250633920 -9.88870455756647
1 -0.108973204432739 -3.7300784481254 -8.88307379379345 -13.2047254481553 6.69378944731491 -15.2999405652677 11.5608922638664 -6.54800968587005 9.30809922425083 7.29709470119165
1 -2.72006844579529 -8.72892517083572 14.3516638152798 7.32221686400818 2.34258300959232 -4.07656531754879 -3.57795272174355 13.0542912210120 -6.65414689338831 -7.03001655236246
1 1.75325654873176 -6.82259960696714 5.82897618749864 -1.74529533501232 14.8304996448578 -12.6223963580051 7.65321388099075 3.91517093816572 -1.05330975620293 -3.33136315158278
-1 4.07308401017929 7.8640751863656 4.36871017108805 -20.4399713998617 22.2783517798684 6.59775216189223 -5.58022539495347 5.91840444131403 -11.8143010765787 10.0841704287977
-1 26.3798548775585 -11.8953016938909 10.9820528278826 -7.35428377111651 0.769600417833086 -2.04783506742959 9.99558811971038 10.5783148041755 3.06289458645763 -10.8528279347513
-1 -11.9862895431655 8.29657665865555 -10.2361068628506 22.4915552894173 10.2803033875156 -4.85085937525085 5.15977660623363 11.6799453386997 -12.1572560981295 -1.92645989241701
-1 9.20945904411341 7.25708156509761 -9.21739928514727 -8.65384546436821 2.55523769139214 -6.42798023998292 -10.8332787881091 -0.357106892991999 -6.5551589645426 -2.55741087023726
-1 -14.9752816464369 4.43227067206864 13.3037743126381 3.37665489406954 3.4875318866805 11.4571214945922 -14.1027319488873 3.90040660130798 7.10407852858374 -10.3129659203269
-1 -13.8811333510961 -9.95961333868071 10.991409022352 -7.7304799163686 9.23822968905712 -3.23806806589207 -0.117499061531085 0.38867361110608 20.7520084784371 1.20044751531521
-1 -11.6582287662850 -18.2468225924397 4.47000765144360 -13.8366439739490 14.3356130999853 27.8554487708419 -7.82738991919447 14.2423971667874 8.878533655302 -15.2845116418368
-1 -6.78185245245975 0.980734622990106 -1.86827070529164 -1.71664048874094 -5.6742904586267 -2.14120696381750 -0.68329398238282 -7.16797471227717 12.7438273561619 5.61615120143677
-1 -14.5025049171298 6.98408567625813 7.00621432215641 -7.86137660557712 -1.10459268244891 1.24304725865862 -6.76584909495583 -1.15248648034157 19.1999924341762 5.55938291304592
-1 -13.4150470695716 1.41506822736315 -0.913506519532838 18.1695942552959 3.04117650038810 10.4587582910712 -10.4008441709228 18.6348958084378 1.44124887290854 -3.82247935790059
