200
2
1 0.479648886322636 -0.105420736632737
1 -2.04686768284942 -0.685910768806524
1 2.04840323452866 -2.12848214386265
-1 0.484035275702679 2.08959618682424
1 0.726088284567568 -1.20805386427772
-1 0.457644827407632 2.35760946475542
-1 3.2156495597169 2.8628821308351
-1 1.14304842856525 2.58438047482959
1 -0.874575223684139 0.806657077854038
1 0.349225934994386 1.52227343659537
1 -0.208161528842096 1.36686088590231
1 -0.77097892240172 -0.901266836607834
-1 1.60074275903434 0.118831179716809
-1 0.584492679324097 1.32051948557677
-1 1.66553848226205 2.59858735579303
1 0.315545487302742 1.31483446026974
-1 3.30835342586325 0.974900427710302
-1 2.31057788315815 0.466598897069991
1 -0.417022611164632 -1.65692957962005
-1 0.929563317898038 1.72208404146790
1 0.159105187095045 0.0100666886512371
1 0.0854450683908362 -0.0595719774392664
1 -0.681866963985152 0.114137797064472
1 0.783474848418965 -1.18747188810631
1 1.19117421314402 -0.259850807376087
-1 -0.474467424123108 1.66722859076723
1 -0.836861378648096 -0.271299080285715
-1 3.88096976149253 0.227478188765371
1 0.361265321204772 2.69673843708086
-1 0.742298627502836 1.62690198505059
1 -0.396519707297937 -0.237871233060736
1 0.896610746111639 -0.822622373007562
-1 -0.442214261257254 -0.88743999429094
1 -0.229137687738488 0.76539515967975
1 -0.271389603127459 -0.957808412915814
1 0.396618466610119 1.73405168361196
-1 0.71745678660303 1.69462902442282
-1 2.30114629601407 1.58759617455681
1 -1.49627614306245 -0.935853194720373
-1 2.47471069911737 1.43650905325246
1 -1.38747847642178 -0.0787365414518514
1 -1.45406326011899 0.822337319945907
-1 1.68501264820087 2.31014308335632
1 1.30991454893373 -0.889502961860013
-1 1.79408145105436 1.66576312429311
-1 3.06795985742326 0.593887373855595
1 0.156848789418296 0.940537580283903
-1 1.63031230553979 0.471557161962022
-1 2.93896649662455 2.08804347674017
1 -1.23624121748207 -1.73219701405992
-1 0.920682075432606 0.360515510434774
-1 1.54675412299808 0.221027378669684
-1 1.13309499807436 2.62512916993061
1 0.5571613213313 1.51737059120918
-1 1.92917095563748 0.366617510996029
1 -2.1536449456067 0.220225927899986
-1 2.02252851580634 0.182173619894276
-1 -0.321523666359214 1.87396042961136
-1 1.69224649472525 -0.455991664891903
1 -0.562942763454552 -0.678131931650438
1 0.402699021745898 -0.557705912215287
-1 2.27344422239864 1.02691085192634
1 1.01796523672807 -1.21112826637450
-1 1.22479189382237 0.1372076919026
1 -1.30892204743988 -0.494650803920764
-1 1.41098491343768 3.12889828247305
1 -0.640714734475478 -0.266845966597309
-1 1.31012667313859 1.23607307662386
1 0.0946567353759627 -0.0153135114519256
-1 1.98328453743062 0.557330006216507
-1 2.17974079211898 2.04850644714623
1 -0.567068130291765 0.0729618798590556
-1 1.67261691668651 2.90133033298987
-1 0.584044347163355 1.61948695373055
-1 1.44390290786666 2.32843747371429
-1 2.67819754960149 0.638805186307497
-1 3.34564204925723 3.63761737739926
-1 1.06854869390181 2.05457143880311
1 -0.527130856161637 0.719388023517991
-1 2.92191406967411 1.26128190036837
1 -0.0486126414724446 -1.26845557352914
1 0.375981561533444 -0.0279429346666744
1 2.21971302336759 0.490118006255515
1 0.720473717007294 1.45623781059962
1 -0.272391901954714 0.773332342401365
1 -0.128892456004799 -0.255431902040662
1 0.149807382098123 1.08641667282719
-1 0.375061191133257 2.32870815811819
1 -1.53114972702501 1.58959238577821
-1 1.08812294358582 3.13223229652420
-1 1.01229498271620 0.00487463585840486
1 0.378365416093691 0.139513882288151
1 -0.872338860548067 -0.293658646167368
-1 1.36061374406142 1.24882654622145
1 1.31006905811421 1.60015729739119
1 1.0830112209086 -1.27161552405376
1 1.99139130421994 -0.296505164768581
-1 0.0615285897892319 2.82530397440933
-1 1.10172880677658 0.403588032499433
1 -0.169891301345834 0.406558395057376
1 -1.32681497659620 1.45146799565579
-1 0.687130508067977 3.22106420217464
1 -1.49031599515200 0.312626972964861
-1 1.70641661263183 0.293030978512635
1 -0.400879773805014 -0.129928696127959
1 -0.681689669699548 0.00824165216230135
1 0.326365244815453 0.656720799971671
-1 0.507150385121193 2.26323818462314
-1 3.29374535727695 1.68435838032091
-1 0.548562593997179 2.99052068013798
-1 0.790812638906957 1.84697783239688
-1 3.57669911088009 0.908438603266853
1 -1.25133908308497 0.44096845148327
-1 2.13328011372367 2.31351571212889
-1 1.31452221989714 2.1511052375899
-1 2.19677408724281 0.956098150148795
1 -0.137339125697102 -0.538448795902277
-1 2.37200540107332 1.23104667355286
1 0.902396639812285 -1.12599258005565
-1 1.70748547262011 2.22481128823282
-1 1.45448080250459 0.427819313239069
-1 2.11936498227019 0.082060281624243
-1 1.08863548265867 3.53587302046976
-1 3.52502848666569 2.38946099357137
-1 -0.0425678911796648 0.518835450954577
1 -0.463702726453856 1.32096574567552
1 0.663893956251614 -0.190167077269443
1 0.845816361976851 0.823820442719058
-1 3.02740368709896 0.976006322286438
-1 1.55629936955199 1.15048869640457
-1 1.36916355607469 2.17160631012160
-1 1.52611816399557 -0.717258253114546
-1 1.77097417296827 0.804205498578708
-1 2.00536261121261 2.34379559975477
-1 0.198200588395560 0.920450150876814
1 0.233537612486158 -1.31795767627089
-1 1.06409133420974 0.427527480420297
1 -2.30502045625059 2.23826381874445
-1 -0.321544787391586 2.2327859930811
-1 0.0479005589150001 -0.426026295018627
-1 1.24981358245967 2.23516337185332
1 -0.0798170543875481 -1.66080401334195
1 -0.181044770854112 -0.800870856917986
-1 1.02949163353382 1.33183816237044
1 0.106342390014167 0.678981740714309
1 -0.153726808516887 -1.04667359475431
-1 0.996328835749448 0.984653806628857
1 0.858825126668332 -0.738783176284047
-1 0.556927617169011 2.06794014505246
1 0.250748387833389 1.79248156888125
-1 -0.000326322528954481 2.46889593520257
-1 0.519316615057568 3.26035730153917
-1 3.16842953219808 0.533201754506075
-1 1.96209781849279 2.42241333819456
-1 2.14344569225748 0.259696639469816
-1 3.16915257958229 1.61695008038342
-1 1.53916532206564 1.80623503171700
1 0.788100115696584 0.917792796745837
-1 2.44173649753723 0.641039983578476
1 1.14355878673369 0.740065501816265
-1 1.26210399093222 1.80741685978554
-1 1.02197875581233 0.00334794082898204
1 0.887699263651777 0.198829901680549
-1 0.683896111130852 0.155148416299773
-1 0.658754020251881 -0.091467853269854
-1 1.90877043127222 3.41763601618385
-1 1.27289030936588 1.05356614338724
-1 2.60530680539492 1.26599130738085
1 1.16270174512540 0.79957728280083
1 -0.386961160628996 -0.6594843822864
1 -0.329340427623624 0.537973336539705
1 1.55539028321844 -0.755319323498869
1 0.835048767679698 -0.218953980247866
-1 0.775106608539702 2.35688594616049
1 1.35723803673341 0.960942941040264
1 0.182954034617352 2.17372721381638
-1 1.64018915082262 2.36712237287915
-1 1.64919810357555 1.13434108098490
-1 1.00804995355913 2.12606413026012
1 -0.283556492592844 -0.0190983902557279
1 6.9833262376104 7.03518537222108
1 7.08503648117289 7.08733088070743
1 7.05972543041595 7.04184874095835
1 7.03170085893802 7.10576562584795
1 6.93695425755199 6.97500550688468
1 7.14925314898682 6.88357059755748
1 6.97783626916115 7.0072993728969
1 7.13552272997944 7.16730845963384
1 7.14182017036187 7.18273196436875
1 7.09322462456217 6.93951628913368
1 7.0368015232217 7.08817599200996
1 6.9769296193476 7.06717334539895
1 6.99788898704968 7.00285015908342
1 7.20141701421786 7.16150750075665
1 7.22842168057638 7.0682795798725
1 6.97875181550642 7.04819027999932
1 7.04414293534226 7.20856625895815
1 7.06839974627449 6.96586689458822
1 7.11557545987102 7.10290120696065
1 7.09569039791344 7.18229429816698
