200
2
1 -0.115038633080765 0.154932759580126
-1 1.96743352021141 0.373547132399963
1 1.33660570426671 -0.635628517483547
-1 -0.478399282784221 1.80814356651854
1 -0.628743529795397 1.24671751672484
1 0.567577603358424 1.20239529450173
1 -0.724310952183264 -1.24806241864592
-1 0.975957336000532 1.70031057726243
1 -1.64014917943927 -0.0941632480376575
-1 -0.186147422696753 0.582757398045609
1 1.19373823010854 -0.521244666620822
1 1.56049016205044 -1.20325644163068
1 0.336401042294795 0.171954617913373
1 1.68641813983407 -0.965365085118127
-1 -0.415573324281998 0.99382005851378
1 0.762752173784705 -1.75268571931818
1 0.307453049896798 0.687660159585616
1 0.273204110404797 1.26741477572330
-1 1.36686947842216 2.33111650994743
1 0.125354333387924 -0.32450578832215
-1 2.25030127568054 2.42250818584445
1 0.453587003185888 -0.459807189891214
1 -0.518793410293461 0.359461545082816
-1 -0.559284903067166 1.31098040867481
1 -2.01227325014304 -0.12172435115697
1 0.16323294569115 0.0108349356196366
1 -1.00145897121200 1.56821357773668
1 -0.413375383045663 -0.965976809342286
-1 1.92907407254538 1.87270153276972
1 0.120110026675614 -1.08760886860308
-1 1.80513093906637 0.00884886557124753
-1 2.44986797291161 0.147037899592287
-1 0.825203844760299 1.22364206959024
1 -0.0543001949935325 1.06434339968238
1 -0.650893068643206 0.307848417567494
-1 1.38699199839625 0.66159054008398
1 -0.199114377010015 -1.40321348674390
-1 0.569114921221506 0.608797283972239
1 0.941423515464601 -0.362428808139577
1 -0.328827263281479 1.27297071511834
1 0.97905979484614 -0.406552659027478
-1 2.96362071166679 -0.0925703443782735
-1 2.29960085082647 2.63015321058387
1 0.194915465249646 -1.08366929356568
-1 0.899029299669329 0.241291201377232
1 -1.48275080041424 -1.07559218982819
1 2.14681311289393 1.41937033038959
1 0.196103577705301 -0.636593538931862
-1 1.04476316936857 1.22744751405909
-1 1.69440433006461 0.560523164705495
-1 2.82070279764974 2.07709264437734
1 -0.77199923526952 -0.362784967350469
1 0.0208657888881889 -0.804574517484643
-1 -0.637950694870081 2.02310847488908
1 -1.7368131332891 0.594223007420531
-1 1.89035420636566 1.03217155832632
-1 0.265206425062297 2.65465959430497
1 0.43133366994163 -0.576957969455951
-1 2.57386533555747 2.53252334825353
-1 1.84597423077192 1.63736323895166
-1 3.59554043774150 -0.0147013652641597
-1 1.97524639131768 0.306356145445064
-1 0.9126257652941 0.936474282269699
1 1.77071348704881 -0.5259734604726
1 -1.81961994140634 -0.592328051792793
-1 2.53599909383251 2.61295728722354
1 -0.777356343815706 0.545569013257708
1 -2.12897114364813 1.36994451156312
1 0.0276216509668225 0.057593610562876
1 -0.905866446897541 -1.38780383034014
1 0.617074024942368 0.0886384778397392
-1 1.99172444655166 3.84700891546481
1 0.843290150458435 -0.6956457239745
-1 0.959542540165465 2.08303655902464
1 0.269677684753115 0.96910468320585
1 0.406506257413839 0.26422413947908
-1 1.62178377838555 1.02882418724831
1 -0.703651450985117 -0.158985153936336
-1 1.82670070286428 0.597949344299024
1 0.348080202384749 2.07907170835513
-1 0.85740120477488 2.37405055050987
-1 1.97335249574405 2.33536515204225
1 -0.0894924142852787 -0.975509858842415
-1 0.255488338484360 0.465189929404573
-1 -0.460170577768042 0.853505637894603
1 -0.993300810743893 1.01997658372506
-1 0.9585002138594 1.24369489079096
1 0.179514055811987 -0.227681461469827
1 0.0644618067650098 0.534498929314988
-1 1.07527374659170 3.15848096501242
1 -0.855292618796786 1.06543989434401
1 0.449110276708113 0.378448203577910
-1 -0.2593646593842 3.19585822025049
-1 1.00803013752931 2.08674613150253
1 -0.455737631352282 -0.396535890467802
-1 1.68871465842605 0.608456753125394
-1 3.03305390416121 2.14219552412209
1 -0.0780164588071803 -2.04590113756362
-1 0.95211323841274 1.46368096376246
1 1.03628075747428 -1.35573931300896
1 0.268182724263576 -1.44476347683829
-1 1.65913959748000 2.08308386650546
1 -0.415312556370308 -0.7006377341679
-1 2.66457811255772 1.05394443038717
-1 1.18812695703818 2.19311305105373
-1 -1.79699611457202 0.0412576056146761
1 -1.74202618504944 1.03562313159824
-1 -0.0492239529687319 0.929915335267007
-1 3.73977885925801 1.06509878102089
-1 -0.0376925346774162 3.13247573402853
1 -0.0236062623959122 -0.94465518349655
1 -0.257059233986472 -0.267888524172036
-1 0.348751699328981 0.960523287219507
1 0.351370304665829 -0.752093179178397
-1 -0.171659253166486 1.37778043764979
1 1.24103704215371 0.456045347135729
-1 0.349355647808455 1.25322073735569
-1 0.488309287290141 2.66709854979870
1 1.84089987798922 0.609461499859747
-1 1.27133884697968 1.45924841097244
1 0.435465378387683 0.114928659364346
1 0.242360764966365 0.916986332136132
1 0.0207158904624283 -0.0167559539131890
-1 -0.749486041493094 0.473090388806515
-1 3.20315713805402 1.26412098944386
1 0.766552239384834 -0.96098814882478
-1 2.24325576861529 3.19650544244215
1 0.582651561479428 -0.279523702082456
-1 1.73296549181749 2.68675499693478
1 0.228557590494546 -0.0332877484432303
-1 1.18402004390633 1.99098428688806
1 -0.502155143868522 -1.27888894593209
1 -0.638192913440568 -0.151296864302115
1 -0.483956444014791 -0.580307263163745
1 -0.764989746097833 -0.825710707324581
1 0.85876058973425 0.715353591341022
-1 1.00691873349352 2.55299428827429
-1 2.73710230409886 0.0401166075857855
-1 3.15264479984508 1.69827252441908
-1 1.66158717537248 0.52735783474248
-1 1.32087433643765 0.62453633034027
-1 1.76915433901428 0.732669677115647
-1 -0.0691852848326566 1.40970681601958
-1 0.471302651595927 3.05752663392905
-1 1.35625485403599 1.18992844880952
-1 1.33150246841541 -0.0447647220830181
-1 0.595491154986677 -0.203155698074854
-1 1.3341745519245 2.00191021281223
1 0.295361534335308 -0.687062787860028
1 -0.772737053036722 1.06060196334982
1 -0.0322910050575442 -0.990312843581305
-1 1.45953985318378 1.54911565427679
1 1.52041487595777 -0.685640606781025
-1 2.36900232138083 3.61089924631351
-1 -0.276237467093243 0.664827782119032
-1 2.4154495187603 0.359029931636857
-1 0.783104553150336 0.379876056019307
-1 2.29511857925998 1.47664988164357
-1 0.247328695893205 -0.299935130005279
-1 1.817836269588 0.40598016371426
1 -1.12383034163015 -0.99111069539588
-1 3.06491179752322 0.996908172340953
1 -0.0196131481928708 0.225490967688154
1 0.123845451335014 -1.48304725712665
-1 0.480519086765114 1.92810528415968
1 1.39143278397658 -0.632258629348752
-1 1.61317868934198 -0.52467680968112
-1 1.4717811290362 1.40226592824064
1 -1.28722838131295 2.29372134502447
-1 1.41465054843998 1.65494907717247
-1 1.64689776004386 0.401894162185614
-1 0.893421092557649 0.551339072326631
1 -1.14806370494953 1.60396227795739
1 0.721602292927415 0.654387158879663
-1 1.68930531281240 0.238235451630347
-1 1.07644400820130 0.971983331998513
-1 0.891973302669122 1.05665948728233
-1 0.916799047972106 0.212483374221675
1 1.07042331945828 1.65262336348687
1 -0.0209856529038891 0.0240922218767061
1 2.28069785769269 9.10870486463705
1 0.82018924368227 6.20650311061315
1 -12.1476643307878 6.84305750167328
1 -6.99958253883345 -6.25344166142441
1 2.22192000293650 9.69539901439513
1 8.51538708570365 -3.03901214643921
1 4.49884230591733 -5.78412923008339
1 -20.9047328044425 0.75182192001862
1 1.97464236042562 4.39065031165467
1 1.8079479507247 5.97721663996985
-1 9.9105507942641 -1.78623128406845
-1 11.7700250202222 -2.41804516847632
-1 3.87631612275108 7.12539374280815
-1 -2.54007878218753 -6.1143915640862
-1 4.16186218900676 -10.1077118651598
-1 -16.9179406700552 9.70956481962764
-1 -5.90599887387737 -3.03713089881441
-1 -0.0472820700300614 -0.322171738544077
-1 12.6489241618903 -4.76250632512773
-1 9.6885884207693 -4.244215258449
