200
2
1 -0.689460865162274 -0.416869292388126
-1 0.742877365140787 0.190621697427055
1 0.160480116621532 0.0342130124175894
-1 1.32840653885483 3.07522507926638
-1 1.28844471229462 1.37286420458944
1 1.13663439429755 0.110653801517337
1 1.04932040105766 0.209275103951614
1 -0.578044454992662 0.918270060193059
1 -2.07303790825359 -0.123076707155963
-1 0.760848278511474 3.12537646525970
1 -0.728380037368167 1.09293776065683
-1 1.33226301322611 3.30015032140816
1 -0.895874373659602 0.685850804579966
1 -0.996359946987213 0.0290335672494330
1 0.248069351680746 0.19731965305049
1 -1.73808087869716 0.216020582172729
-1 1.94609125754288 2.16929002395899
-1 3.35405344150344 2.80524474726711
-1 1.02512263755018 1.11559967876445
1 -0.131237024727934 1.73581056490633
1 1.34887006981728 -0.508617814157303
1 -0.184498443755134 1.58031247148131
1 0.49354911291753 -0.270753613653202
-1 2.01970681106552 1.81402354710499
1 0.421658255925328 1.06570451654841
-1 1.01287422513341 2.12546196286928
-1 1.8107189505826 3.07037494615601
-1 0.732456416690003 0.526139191392134
-1 1.79813123101358 0.858037356094696
1 -1.12638043892909 -1.00345903337947
1 0.977884441618592 -0.102226664028704
-1 1.9411818636402 1.36658384607762
1 -1.45407547348276 2.37999182868833
1 0.841980603942712 0.43744248826385
1 -0.337233057505903 0.927907934992217
1 0.30037035666246 -0.240344065517723
1 -0.25327920353372 -1.16735528753545
-1 1.44709375417095 1.93443661872317
-1 1.82012845885207 1.31945358048093
1 -0.0573994855047577 -1.00778073877312
1 0.723834849783782 -0.239649306187243
1 -1.61947259753728 -1.39640027001656
1 1.60046357379008 0.109053040457834
-1 1.1006034848642 1.69078815416399
-1 1.98796921193698 2.74147903229796
-1 1.29758780544576 1.9352655467166
-1 3.10828600500050 0.52741192438681
1 -0.199236395777549 -1.41663926588379
1 0.597065181189906 -1.14962011761677
-1 0.639879305340635 1.12783504968013
1 0.573751165889376 0.0417263306310949
1 0.712975472208694 -0.114715860189790
1 -0.493764651931125 0.764040106791871
-1 -0.846879167903412 1.53992068831926
1 -0.775110070832733 0.961449938161767
1 0.177697331217628 -0.355643224143828
-1 2.058955677967 1.40552245904363
1 -0.516323270655892 -0.304579313406625
-1 2.45360834619924 1.44074004047726
-1 2.74328999351021 0.0375499113226141
-1 1.95441216210013 1.74769681347444
-1 0.783637757687281 2.23681445741962
1 -0.965339948545394 -2.08769191178823
-1 0.906716471409063 0.55692135793096
1 0.422501092973601 1.75377243216908
1 -0.50712376303533 0.91246150128774
-1 0.358870664545213 1.65279066005190
-1 1.12429144306206 0.219340191543946
-1 1.41523915517164 3.00604003355111
1 -1.32898331887952 0.886368331068385
1 0.709001137998717 0.238335566030230
1 1.35736099989674 0.649402991716806
1 2.07618659981137 0.264161182440855
-1 2.61052802759144 0.434826737939606
1 0.767325887391846 0.167719185229209
-1 1.29651607251419 1.54379532132243
-1 0.550843128689289 1.09257544993406
-1 2.3471886147393 1.31720222269988
1 0.321861458108719 -1.31103739647233
-1 1.09359448988385 1.48953017603897
-1 3.05922561905162 2.87685204787780
1 -0.630288033468968 0.0276126553959244
-1 2.95265607844729 1.54723215947332
-1 1.97342798366911 1.59651023958558
-1 0.268335627377653 2.59531860833369
1 0.0356626780089419 -0.557860165281816
1 0.143061097340636 0.220392257332115
1 -0.209817696579380 0.76848950372056
1 -1.43084203958759 -0.756998239485743
1 0.327200785480945 0.113336239481653
1 -0.326951691966093 -1.61615286997713
1 -0.937073708851636 -0.285655579026662
-1 1.57965506444512 0.489220163004895
-1 1.61232643326380 1.67272623382494
-1 2.25441208342702 1.64020776385811
-1 1.46713790724329 1.57038573540937
-1 1.71107386854693 0.988954651725516
-1 0.422707001782736 -0.256269163560823
1 1.26303014099396 -0.0312943194337531
-1 1.14456128385689 1.3074490779399
-1 1.71942560888533 1.68657921823827
-1 0.981532030426896 1.91106404156597
-1 -0.373314340593685 0.896515849287626
1 0.447184401949982 -1.19676526872088
1 1.17711459783197 0.559546305600998
1 -0.195769063768394 0.776233279396449
-1 2.10197782236290 2.16863375993835
1 1.02969357835266 -0.619783153502385
-1 2.30342170877670 1.58749342216382
-1 1.56549993617394 1.94424124848423
1 0.212320378828739 0.658596466241854
1 -0.31098059205897 0.177972432312059
-1 4.28573196176396 0.633874585002869
-1 0.84816898656076 1.69972266701583
1 1.750565973026 -1.28585268880082
1 -1.65767906436551 1.28873464651177
1 -0.0742388693368058 0.775437760941388
-1 0.726597811071912 2.33283569064075
-1 -0.150761274503580 2.76235159904647
-1 1.07083767265762 3.49617259983833
-1 1.22947557184469 0.237879295437202
-1 0.350663678080779 -0.0750120582752396
1 -0.569771526122974 -0.150644787312260
-1 0.22530281086875 2.62447241271204
-1 -0.0786690673855632 1.03450855389973
-1 1.89352314097692 1.19175091945303
-1 1.33086959088331 1.61154397712634
1 1.64732338426191 1.06263712893106
1 0.0626016360402491 -2.38088299929725
1 0.711605649105999 1.59667367888564
-1 1.50093662449458 1.79801013022444
-1 1.48385492158886 1.11904359530468
-1 1.79162913062757 1.18672288089298
-1 2.38515106040697 1.12819347666501
1 -1.03391877846609 -0.420679885105883
1 0.660959319667566 0.483470792374038
-1 0.353734359156939 2.08480665280247
-1 2.63434530311804 1.32414727927938
-1 1.71047170143219 0.861485500963622
-1 3.40124936654269 0.191302461184324
1 1.26120238649711 0.111776782966657
1 0.454943300364563 0.68521434960666
-1 1.53398229667574 2.53165201905972
1 -0.792742416137694 -0.0711442662132081
1 -0.633701575256935 0.996325977357241
-1 1.96858694834808 2.30686972124289
-1 2.35888877511324 0.43757581112708
1 0.154242108866386 0.361352613186598
-1 0.100929234862125 -0.150960595438764
1 0.448926530015779 -0.115535349392962
1 0.356019676161881 0.125801605957607
1 -0.436301912942628 2.34973147778319
1 -0.16966806049522 0.589295312446208
1 -0.791176346530565 0.51471671578933
-1 -0.274253577976366 1.44031628483920
-1 1.81875546194892 2.88743994652330
-1 1.26005412396862 2.10256006918875
1 0.835107510823379 -0.71265119285639
1 1.97992996860465 -0.946439106908487
-1 1.59222373892043 1.92375805131263
1 -0.156999793031167 -1.76588266252909
-1 2.72631715056311 2.15230459943214
1 0.164822273273950 -0.82028858133712
1 2.08836152151822 -1.66842947684779
1 -0.361976444388156 0.93511698851346
1 0.924369968378966 -0.66325439255918
1 -0.000873392463156264 0.254636508791749
1 -1.48844398131813 0.844127994510477
-1 1.36111217173764 1.08848143002190
1 -0.241204977113586 -2.96202012147427
1 -0.463547859433538 1.13269178391776
-1 1.90964257874308 1.42751609852518
-1 2.87154981210008 1.40773693178416
-1 1.87380371234974 2.00213498386995
-1 2.87189351450671 -0.516477650457151
-1 1.67865841089133 3.53418036969787
-1 0.622606448018596 1.52173035541564
-1 1.78167821476268 2.17819124902932
1 -0.642929767841657 1.87896867395321
-1 2.47924147237625 0.929085330874625
1 7.16055040266408 7.0312877931307
1 7.11990052130912 7.03428328318778
1 7.10696608561166 7.06849497871958
1 7.05424327441027 7.09771955852542
1 7.16261502621678 7.0604223584576
1 7.13770681531913 6.93816348332264
1 6.93085833923112 7.23678033822413
1 7.13616313768999 7.20078611298183
1 7.09063164878001 7.09003852396203
1 7.11456663262545 6.95862157334384
1 7.05331613456434 7.0890667485386
1 7.21673775125109 7.14837977479336
1 7.13692884637705 7.0155865116294
1 7.07655069269241 7.01306779742568
1 7.25711767758037 7.08116983414201
1 7.00276636209455 7.0215011793409
1 7.00055951354983 6.89572188196118
1 6.9981880548239 6.96209385605568
1 7.02983359942385 6.88526310790121
1 7.2184717316581 7.12147574234868
