-1 1.23549496525329 0.476706911410664 0.149301866495037 1.75376651061893 0.474882914952398 0.301817137909941 -0.554141042771597 1.08902807874620 1.6142021422714 0.276331450941395
-1 -0.421509566217843 1.02570898405031 1.48191115805627 -0.89653214863291 0.230996660182176 -0.612820099526016 -0.153182246121977 -0.655394819480499 -0.0541366114592192 2.33698210734074
-1 1.53513336392471 0.673698105581556 1.36482707836477 0.632603437049043 0.822909121169241 0.932557842623805 -0.904758745955319 -0.746872500310641 0.0235022142415269 2.27832696150034
1 0.520037898823326 0.261225994549009 -0.465021728864888 -1.21683080745134 0.325356801077168 1.45400294200873 1.39460837741888 -0.257577628688997 0.851657009306917 0.238291722453122
-1 -0.284008662351599 3.24347363653317 1.30808964480261 0.235928480132866 0.526370650136221 0.789591964457898 1.82389470341481 0.993142031112314 1.64983019495143 1.30748149070690
1 -0.725638661723247 -2.27048458751832 0.378978802457094 1.50583319296860 0.317358725445605 1.61332906964234 0.551141592792953 -0.793203460408774 -0.575775289536124 -0.176280478364986
-1 1.64059506967524 1.94016407195714 0.195816703388003 0.435117118818598 0.285012101931795 0.25362917646599 0.515302979196743 1.52512761205701 1.75523239640709 0.236427628469028
1 -0.78919052840971 1.56532703795349 -0.926533567645651 -0.551672812769256 0.192665856925812 -0.784689605866152 0.0569684457889163 -1.20352380671710 0.950045682676713 0.571771222995769
-1 -0.340299778325323 -0.21434939842712 1.33251382486179 -0.104893125158883 -1.14440548250119 0.999257102755906 1.17278992391003 0.0316104525800532 0.788038727912259 1.08497185124807
-1 1.48443657412026 -0.0479064949330298 1.17807421439101 2.84555897216168 -1.78511638384674 -0.32104622754599 1.10191008715116 -0.931199724779549 -0.344700630290802 0.0774778564750664
1 -0.0103372252012361 -0.393143617758434 1.33016742313188 0.485966997486898 0.156149454287125 -1.61072877052104 1.50273006833336 0.361262616398433 0.509356851761365 0.744323430697073
1 0.11131759651754 1.10861125662798 -1.10755999620901 0.0413218748097609 -0.642403869034677 0.139097334657901 1.33825307960466 -0.188177871786922 -1.61556863269483 0.121555144277021
1 0.379883038557477 -1.29096793785178 -0.56215129292133 0.257324927486789 -0.278548308490525 -1.6895170661916 0.0688634171771797 -0.586355881986336 -2.76479593770736 0.594394110482606
-1 0.652780951926547 1.28125381687999 1.08789170827399 -0.270114465678787 0.795655209776735 -1.17803198306628 -0.374385278095242 0.815265266800942 1.63314787613549 -0.224402433319678
1 -0.860687841142417 -0.938745614222278 -0.527758332712483 0.503510642909277 0.917744016481373 0.14765732065205 1.25835120067052 0.0190538805849192 0.251144799872355 -0.923118391059959
-1 -1.03097409415890 -0.0338450333865009 1.36960717778764 0.0767688414210825 0.700423262453381 -0.417983186471401 1.87855646035148 2.35807842730789 -0.0779547609177113 1.16940496813454
1 0.914228880170266 -0.843706296595198 -2.01995576678485 0.375350452116432 -1.41727466270106 0.05136999798513 0.473344999876008 -0.272779955373760 0.466722783072067 -1.41450220476269
1 0.0557549136259609 0.565697191455605 0.205060741842816 0.208832437509707 0.493269637789002 -0.937091944327683 0.71667684344666 0.57137322368906 0.317289286700249 -0.406690322160995
1 -1.59574116817803 0.610807550884572 0.459113033680261 2.16831893742596 -1.98024179485453 0.312758358503126 -0.452823577604091 -1.7188973471351 0.875388781322891 -0.238914632887436
-1 -0.554672630998174 0.0778312059913007 1.6206081626305 1.44073995341352 2.28113906394214 1.35953955807039 1.53136796276234 0.299331075942108 0.374480254966674 -0.151234620278404
1 0.162485114474472 -1.53727860871515 -1.48155673070580 0.995655001029177 0.272621186143202 -2.02112375184033 -0.815205586560921 -0.313241262819675 0.128115974577448 -0.178416355473868
1 1.87914938158744 0.776160726770535 -0.95789390381372 0.098896844555859 0.441667049506451 0.514944681713074 -1.42585694152722 1.18482407266305 0.235024345075328 -0.95614320746158
1 1.85298332359101 -0.42677961981939 -0.141019963877302 -0.884448423503468 -1.46216801452490 -0.370671780350898 0.530982940517308 -1.77488650930822 -0.168618237814945 0.989570648353514
-1 0.467063669050993 1.54056587998851 0.363760871115248 1.2456704956384 -0.735778537794525 0.388252720077773 1.79763703535613 0.18721687020704 2.11470048967986 -0.273997609926519
-1 1.38490213353790 0.818988690413568 1.74566777522614 1.08081306440762 1.00873928172166 1.91112032278378 -0.178049185327101 1.25324934474758 1.70024297904177 0.329302830314527
-1 -0.50990468641562 -0.731833570388367 0.333760136262744 0.647237924271236 1.31040806615452 0.377905313744673 1.62773202518085 1.38307014294402 -1.32370870331367 1.95301076436458
1 -1.43892642700752 -1.22754974297812 -1.86178887642533 1.43576845661879 -0.181186501399964 1.10845727820991 -0.299617141857718 -0.268488978446283 -0.148448860324328 0.649423775001004
-1 0.0482171050985051 0.0625575594406989 1.86594699213871 1.76690201415808 2.50193876616857 -0.646594358804368 0.461474246022193 0.183293728187610 -1.06943136387223 -0.115885484323647
1 -1.01485742285153 -1.89326113240537 -0.463356389143212 -0.65381287756704 1.14590081022510 0.787942006173724 -0.825978058895573 -0.347370616852044 0.423361186605088 2.41851546501743
-1 -0.822558564544436 -0.256636432415669 1.44958166645883 0.150913673150208 2.31671981865103 0.0496165155518848 0.0355222520628341 0.241059545189109 0.342107677809424 -0.31512046744119
-1 0.463915797959279 0.638071266219977 -0.922185676258834 0.523350021851859 0.816456799860718 -0.0198246644828759 0.271149874191056 0.00310036509992095 1.17676547877694 1.73369110407888
-1 0.574173421834538 -0.474481897597732 0.923632300272398 0.085902966906029 1.10823771164187 1.17144026219370 1.07186739221243 1.65045174329768 1.27151962203130 0.342975588524523
-1 1.30901687800288 2.05440536694012 0.62184462609386 1.09624984415180 0.620644977973475 0.391552237956582 -0.0311572618156111 -0.378814374124464 -0.968041700418573 0.0674359107712119
-1 0.827476946476117 0.353775994601321 -0.815966631515369 1.13236128965319 -0.828704813225718 0.47622457374775 0.602768414464582 -1.01729049589991 1.27794252302069 2.50383029122446
-1 -1.36226849667822 0.374746025679025 -0.125938960254649 1.14093461573861 -0.226421242470443 1.32638132675967 1.06868533406503 0.788837536421146 0.847504052137443 0.654990023163129
-1 -2.38282558662551 3.23373515682654 0.214797336731462 -0.232340543305959 1.20359616533423 0.158883685151284 1.32077108568445 0.906668834585977 -0.0690896885680601 2.2942592345941
1 -0.507430391138295 0.86409057028383 0.99150960816279 -0.548960680687084 0.9230162182305 -2.14924782518921 0.305059830487599 0.396362042751233 0.774464068295885 -0.224286204121515
1 0.557026284687981 -1.27811105326449 0.3183854434908 -1.02959772576651 0.404932241469159 -0.140628600287269 -0.132584369569882 0.366546933367329 0.755902578206907 0.565868213076912
1 0.311606764247371 -0.838271553247083 0.7446593041542 -0.952106932317 -0.529109930938312 0.58431275635593 0.327533863885535 -1.80536979537351 -0.794185813052377 1.22395568021421
1 2.19228937542217 -0.295608154388299 1.72246447165122 -0.241235422312502 0.0275761449314829 -0.639156598348128 0.327077990325246 0.187470911222753 -1.58131956129212 -0.590117346008602
1 -0.968079242771954 -0.683993132433092 -0.95794498018116 0.91498715914735 0.108804077896272 0.107216863228820 -0.277758670238813 1.81143229402555 -0.0159680418074458 -0.365536806921309
1 0.395480484129977 -1.07845878540118 0.876434172330964 0.509289938900238 -0.656261192576689 -0.851861394169408 0.200548600352757 1.87695057611920 -0.330369845531572 -0.420125191416777
-1 0.764855025879974 0.646541531165061 0.992183372193862 0.233523370026994 0.508817864851285 1.86327358724764 -0.621231293071435 2.21112014816906 2.29209269930215 -0.49270424849457
1 -1.23168053997856 0.0802246255753129 -1.01657475974265 -0.524830074697806 -1.66528508699073 -0.440671566830778 -0.811268693969981 -0.234528629946919 0.910050922636899 0.293403892522739
1 0.0216048274702659 -1.78526306534413 -0.371550121160776 -0.251034557427359 -0.232831444480512 0.285324334202249 -0.943457446651546 -0.823224681793166 -0.233554861942827 -1.49207357685040
-1 1.95926924912106 1.82257904365588 0.94953071065524 0.730726563242582 -0.891888854968852 -0.728508437859411 2.08216795886896 -0.716490659795565 0.507931018907323 0.0479453638702758
-1 -1.09694085973877 0.288736135326918 -0.477199855410558 1.50361135790886 -0.847173409335128 1.93282929096956 0.457372127882557 0.641317827768879 0.164438050589931 1.46898923820047
-1 1.16418922194364 -1.70401208362505 1.44190528508176 0.457955751270405 1.11982428172497 1.71224658189346 -0.199617433413566 -0.250109828068904 1.36577751457530 -0.963313381516836
1 0.592303105087091 0.688280075084478 0.103809693762023 0.0595408629551982 -0.603391456914355 -0.781275121823378 2.27305268462771 -0.0854006960784117 0.137395739682082 0.813494793314317
1 0.62748616865152 2.64755655976113 0.724224536818002 0.0173343922450714 -0.700135042342897 -0.563994721220901 0.154404919257054 -0.154421639032744 -0.724831854335065 0.744445372728173
-1 0.353018587170135 0.327764454103318 -0.573972733623456 1.52363100657456 0.573354394733909 -1.74760090523702 0.505131880271487 1.50019068373961 0.855518717486198 0.128299489059168
1 0.474411965432153 -0.023618587331615 -0.898055087114647 -0.429829697054193 -1.06782918737913 1.05423801748888 0.165602035496472 0.735457866544928 1.45947717291452 0.591220668940043
-1 -1.05727714756177 1.70576582583559 0.564702804328291 0.945881344058678 1.28199472057358 -0.903627754755576 1.09053834599423 1.55216589383797 1.31294559602623 0.540872660870844
-1 -0.00458107551523457 -0.567966801841715 0.739524339960667 -0.032435235609969 0.941555629466541 1.11614736515807 0.226298287917566 0.009939936408204 1.10131084807471 0.139327895636631
1 0.972825205537842 -1.06264423878259 0.983638982830337 0.182921149723101 0.124056325302583 1.22438459651204 0.961115502190676 0.380679798306165 0.446220442352493 -3.32284658739779
1 -1.03464858408532 1.41877618524941 -1.57902088543816 -0.144041306633240 -0.6180582452405 -0.215371348764855 -0.779473959302419 0.0115376124868383 -1.07917671078886 -0.320109869264692
-1 0.162828172606775 0.88999116760891 0.183445823037198 0.205975699018719 -0.605402264212322 0.0544429996548441 -0.183434987327613 0.601133297533659 1.94770368521580 1.77212283252030
-1 -3.81078072910642 1.17603585803265 2.18456129608223 1.25640702329507 -0.297619858693219 -1.36344039827942 1.82567481634092 0.191773587946172 1.74570581254277 1.73698296804990
-1 0.156789211660188 0.657711001738804 1.39101778628399 -0.275531141273168 2.58952709540125 0.233383634667242 1.99257497304302 0.888674994485192 -0.0581591237300985 1.16471810985029
1 0.646689066421858 -0.268985499854672 0.389439270780037 1.80919270090039 1.27831907546420 -1.57187862643187 0.617044988815769 1.10741495271328 -0.113849579128496 -1.33142704349054
-1 0.508507080126134 0.546417154050451 1.27562403043763 -0.637427611800274 -0.183806480422835 -0.0145327693984607 0.4203613401508 0.00373145822626253 -0.790775660349052 -0.419147800646571
-1 0.750627707997142 -0.112619462044793 1.56241109599589 -0.0706590904875662 1.64661652245374 -0.737713006985761 0.483199886728151 0.711193063653915 0.930829116608826 0.334450484101662
-1 -0.279297409743302 1.63458105635231 0.314127653338775 -0.64039762883529 0.783819302647612 0.586471634362479 0.089819368291335 1.65818793719866 1.19810266453216 0.0791285559113721
-1 -0.86237348063952 1.74233945107188 0.957513313706944 1.83460836479689 -0.00205071007171342 0.908833240308969 -0.480550995612003 0.0782475892873199 1.26677780021486 0.810849473370427
1 0.273657967370398 -2.03139144619731 -0.79179382476192 -0.308261148114617 -1.17544191537719 1.18734466880962 1.12234976738169 0.280822218399796 -0.173753820053091 3.36493139681229
1 1.48542412148076 -1.65810872231255 -0.986215336395807 -1.13443235449415 -1.24952597616200 -0.340572632732136 -1.99937767111751 -0.69259897758657 2.52123952453431 0.429114647357431
1 0.775797229351835 0.0280678687337369 -1.77394830370972 -0.441205173807788 1.03567519890007 -1.10290832800097 0.156689368989991 -0.0135973433096019 0.760872581286052 -0.914689078971818
-1 0.789575291710961 2.1057626170623 -1.27297973524330 -2.14623925409815 0.0293499805916549 -1.11684733858384 0.281765525710438 -0.224945647710336 2.22810789370157 -0.0569794689248825
1 -1.09012570100851 -2.75685254739556 0.401881635947924 1.30681139571572 0.536955226660561 1.04847387814171 1.62769224658824 -0.638134037154033 -0.809786177075454 -0.677088931727145
-1 -1.85172672596145 3.21077873388323 0.936616347978631 -0.0430714325637571 1.23104740873017 1.13558408574963 0.813338027074547 -0.7767931787553 1.26714265144750 -0.254435759323676
-1 -0.361166161700329 0.0992254808899845 -0.44537018214129 0.273073568165115 -0.266053827834083 0.434242835765092 0.323829210780006 -0.839980989905285 1.01488116388012 0.500610893520435
1 0.0653469558800487 0.382400055085315 1.47703906211954 0.208490057640663 0.18121619078741 1.67642949951757 0.0730939377181814 -0.378774962613511 -1.12142484216803 2.24540427001925
1 0.365604908742806 0.734038142078415 0.2901447839777 -1.09117676136240 0.237745300546465 -1.08850531400860 -1.17763244879990 -0.373592159276158 -0.522047812965267 0.480954433201564
-1 1.88534238947326 0.94123159836845 1.51764703311106 -0.851770097617146 -0.870006376220566 1.04726969387141 1.39965210580214 2.40583945812303 1.35813762655954 0.284827591815818
1 -0.441982253795444 -0.844377811736506 -0.342140224441035 2.00981135481716 1.25486708976262 0.933455263520685 0.314185670954230 0.686063385198507 0.402567359174632 0.149517660516584
1 0.715445735551566 1.30600433320412 -0.212147283300343 1.01000443470259 1.89235304680894 -0.926808697034438 0.429719730048139 1.48215087610853 0.544358696097712 -0.747978959118529
1 0.213099691897585 0.84638529563992 1.13727394765544 0.693535002192242 -0.0289916436128261 0.457620385456451 -0.229454162029616 -1.05524418239522 0.758049538840801 0.277868176167501
-1 2.14046788882242 -0.780612540900237 -0.503599405720676 1.89800456179242 1.43135040126764 1.99483839728188 -1.49939565785888 1.29314078506536 0.656777979497798 -0.377797602322716
-1 -1.44710918120061 -0.391885242755503 1.47837764180038 1.46708398225178 -0.683423186884098 1.26433395678422 0.663505560953664 0.851804238054867 1.00476215306200 1.16685268854109
1 0.890375652189048 -1.56665810907962 1.25248075668767 -1.82804975794945 -0.629694135875156 -1.70843206939588 -0.0977007388271013 -0.788970223461554 1.86905673240575 1.90617463327854
1 -0.140300666700255 0.624874796703705 0.172920286048193 0.33713690747522 0.0740535556784119 1.06136889201952 0.386165726633467 -1.91109665549010 0.719124785748824 1.45503363078543
-1 0.0587287611056866 0.427327576638558 1.05830372813377 -0.0360148528522343 -0.242213372572587 0.397029015204481 0.479829940834457 1.18108067449979 1.00027461554208 -0.351056086738246
-1 0.239647366971879 -0.693134446686449 0.243874461170241 1.80662060764809 -1.38630273230065 0.154825267781920 1.95272864802268 -0.482496965724249 -0.391166374395219 -0.280563899570390
-1 -0.0333418100684545 1.02467103675749 1.37462466344641 -0.239783265023288 -0.0650853736374586 2.04109396875031 0.941840438636138 0.943000878321118 1.21434781998344 1.52242940717901
-1 -1.51235232351060 0.432171139643981 1.95539201084132 -0.493853106382822 1.77987143153022 0.877357301430291 2.38253869436982 2.00239155824745 1.24624308512867 0.0699761821771087
1 -1.48654479436069 0.058476974309465 -0.889279154622005 -0.0228029898964624 -0.0935209538534953 -2.62511727492635 -0.111231104063601 2.03922869615807 0.200886272780738 0.696202483165865
-1 1.27599796484829 1.00882040467933 3.32887891486062 2.10738839275412 0.490031982215251 0.810783256979102 0.940494141876911 0.370652557905431 1.46867094657466 1.74930123469767
-1 -0.119843692389557 0.768261638162288 0.45860681012678 2.20152680666059 0.187181897980418 0.977307543301169 0.888978334674479 2.07740022659167 0.749600796393237 -0.530807104246826
-1 3.36914404664392 -0.280241331663540 -0.372745006577777 -0.579954405180734 1.90049612583112 2.30079103028652 -0.780312530221772 1.12635415368363 0.622101083879963 -0.178795400091312
-1 0.654297181968598 0.800267284371506 0.724392181261324 2.97858287078002 0.816350413950878 -0.271110981092297 1.38039572395034 1.22408129281453 -0.64550821110698 0.394174717621363
1 -0.325357811930911 0.98289050759604 -0.67532541756698 -1.22336532503567 -1.73893439447633 -0.724656610364052 -0.471462667217396 -0.564429048612265 0.0326296887778093 0.86353461792477
-1 -0.462736701032563 -1.66963666874035 1.83463461721699 0.979543896934706 0.0416845262753573 0.382720962039551 1.02696516762618 1.75273370282833 0.739149947602267 0.186095029500516
1 0.312450388084255 -0.0838123601900554 0.35277479397404 1.14658972072759 -0.495845022978569 0.508293758969641 0.923264823557952 -0.367403361599335 0.398376473918816 0.122330271989536
-1 0.29948198093134 -0.534331434644401 -0.537742564390686 0.146947345772460 0.0306506596266292 1.17775476994987 -0.297523897888709 0.616335851142227 -0.758394084464657 -0.298700552385815
-1 0.686053061108652 1.54251602556324 -1.58194395259375 0.0895340318087051 1.68691091372677 0.710534120700866 1.42463650671198 0.155996148682332 0.190696188567975 -0.232138604298090
-1 0.212624689628075 2.39235690025516 -1.05928632240806 0.897166804110018 -2.56393956441340 0.263135558823417 -0.901131890199088 0.9484966851008 -0.963887962899515 1.56321320767107
1 1.19940111553964 -0.587083742239595 -0.246839517479701 -0.0843478081344679 -1.03034253365489 0.577530036343662 -0.415810128823736 -0.909048755733158 -0.855735762761652 -0.102844064019968
1 -0.588148273647055 0.625680957253765 1.05293076621950 1.18318814950649 1.14429832854802 -0.151289385395710 1.51582710397658 -0.602456003888246 -0.73044358108488 0.156045432696437
1 -0.574418301713357 -0.0237450344588689 0.886043928837586 0.949401345818374 0.264462179717595 2.76193585896678 -2.07733408998607 -0.568621503889733 0.428081925568643 1.22284907220934
-1 0.351551019017540 1.63004079833714 0.147884119830244 1.58624231331902 1.77541785096559 -0.996892967689132 1.03762786970974 0.275388225982319 1.24946273195463 -0.089307601919308
-1 0.840064107378235 1.63920003487465 1.17065700466288 -0.0811667236240033 -0.209848163466427 1.01277978522658 0.0233667650213650 0.602593959013667 1.09775918175890 0.257492337666525
1 0.84402296704778 -1.95473721211143 0.289778266807003 -0.512625714461289 0.73769014625772 -0.410645002157481 2.92918487859815 1.11742628498121 1.23710496497952 -1.84240253093432
-1 1.60831481079774 2.01636499782481 1.76397984316481 -0.746173918858623 0.847327768640618 1.86564150499435 1.43565715770184 -0.392349430668672 1.69853197290082 1.56528838744785
1 -0.248506812337900 -0.0757274926514396 0.670499451584563 0.277236486324957 -0.320955409002749 -1.43779840873548 -0.806426135828887 1.88238937354361 0.318663865850898 0.234007444279793
1 -1.16903314439423 0.671984823346352 0.227671255288225 -0.304726788518299 -1.01202298942489 0.276405947484404 -0.378795682154848 -0.0199805648838659 -0.00838543990340445 -1.02885405992769
-1 -0.680074853015836 1.32514630338753 -0.768776882696227 -0.0075012955608591 -0.820034101752644 1.27150875591947 1.26769477964541 1.25690158574343 0.180364506904806 -0.415824186279218
-1 0.643922594875713 -0.919411833959442 1.93834411365151 -0.190926239058145 1.7786512922544 0.629677577351146 -0.00409247655673506 0.299760434551132 0.116992639356682 1.39626421967109
-1 0.886670252052421 0.646092283088301 1.77434735955050 1.05883872220123 -0.148077079291848 0.312132585593779 -0.283184960766634 0.57971475851281 2.15385503899948 -0.288526752783536
-1 -0.0284456591507505 -0.291753591775145 -0.81725555951876 1.80353594724654 1.31220587235863 0.928171345287843 -0.116141126733312 -1.64536617808242 -0.475748131922329 0.327007016075698
-1 1.53201604843069 2.40217107592830 0.100043786396299 1.27403748169160 1.18987785585897 0.540465006614764 0.8843722086479 0.171242678888071 1.36767965027189 0.922883994599376
1 -1.42459671003099 0.784684608494244 0.807038164178523 -0.87652199244199 -0.00239634211022145 0.123726707276668 0.996161456255981 -0.238287118513953 0.0927969512780764 0.399969636413061
-1 1.44632419439872 1.88182012859226 2.06483488503827 0.692509234556533 0.213731671226459 0.148113885319531 2.90625633270751 0.0182926844638348 -0.574167609480582 0.716176071649383
-1 -0.737003940049026 -1.15281091785862 0.607632014305523 -1.28410312265498 1.07503971837409 -1.58320133932975 0.546418244316778 1.34648967387322 1.53293866865838 1.62843295357511
-1 -0.222466928102226 2.35958765680948 0.590444836233373 -0.0789101278112628 1.06489988583401 -0.665902281136856 -0.342020507642706 -0.484839161228806 -0.189892106516931 1.72637519057366
-1 0.354319115914784 -0.76187216089258 0.288738119364608 0.231792808224025 1.26280269404139 -0.793765054963147 1.07310464365952 1.56872521045043 2.63848879152046 1.82197882600934
-1 2.91349757745941 0.708917709531667 -0.183305576482762 1.49680607775877 -0.635886599400843 -0.424158864533720 1.53089622154268 1.19550158907292 0.472274641235279 0.53895530875346
1 -1.52298914046953 -0.45137997365528 -0.0349726586163176 -0.145863605986026 0.270094128931274 -0.164309557201460 1.27299304993581 0.986179914958757 -0.255661680580813 0.459264317132344
1 1.54802763096596 1.36007788384880 -0.496501824899292 -1.04743114694335 -1.33237026936781 1.01005180005630 0.762178871076234 -0.372586360721296 1.19390480759296 1.16785216131693
1 1.24815779561413 0.957770578318489 -0.700635073705816 0.615445526060058 0.373151726821689 0.343823931337563 1.07139470666715 1.34587211513924 -1.37654811334619 0.261607970071063
-1 0.611088769503888 0.704946402784163 0.0911272956600964 1.78326524958782 -0.0609160212685632 0.570736643643827 -0.0726086738888261 -0.10343284272479 1.41972845483052 1.87948457506257
-1 0.105338222525442 -0.267810934119998 1.0478411945194 -0.281470185117722 -0.0833253393937067 -0.0483082118474036 0.62695488027893 2.70346131901153 1.70455079099555 0.785800997364266
1 1.15645289054984 -1.25805892319491 0.96331621510127 -0.465367633251062 -0.103446065066454 0.349723867978656 0.252441149623267 0.577734624295712 -0.693415736773969 0.0854295421973126
1 1.44220743666961 -0.0628813362117506 -0.478944417731881 -0.802155952704195 -2.07503361974497 0.109256261995325 1.30178214830860 -0.706226689756473 0.525025831855219 0.72241198033136
-1 1.14719919095958 1.11332014810192 0.491961141637093 1.48150549007824 0.973833467107247 -0.818621794460452 0.617919962716943 0.141532781159693 0.338849784475984 -0.709106089152765
-1 1.69319930500564 0.985550508710888 0.462238075511727 0.916110382644111 0.104084289453616 0.140613991148952 0.95755793823942 0.093365823263367 -1.04651380324861 0.823355471017002
1 0.863743205719696 0.134499297496490 0.239971048878702 -0.477656334137216 -0.688134843976073 0.868060596852667 -1.27386339319165 -1.21514341293831 -0.769998326609062 0.372884300550672
1 -0.342249793119004 -0.69499352701977 0.870977788190822 0.223813143131702 0.0384207408827132 0.470343907154409 0.752428267316456 -1.50093868549172 0.321719458522330 1.70205151855859
1 1.40744387802854 -0.215545423189343 0.161766473846234 1.52246914896950 0.737150161693561 -0.669047659004338 -0.421261116120825 0.897275057800887 0.215565832282129 0.480342582105658
-1 0.372558682714692 1.50035537850560 -0.460889494174399 0.437245085530617 2.19568902321347 2.43625924840530 2.16529318402512 0.891869391744544 1.20859771202585 -0.306642096475533
-1 2.71784103892056 -1.42592424956206 0.0246098274403862 1.07389124294097 -0.825932953227933 0.190207197803945 1.18270911994578 1.30332133817925 0.558719220902719 0.403676026256916
1 -0.522151074809976 -1.51848193343726 -1.39244385018234 0.114329479342531 0.765300750602759 -1.02917535574061 0.781939787713349 0.819116256717874 0.717414635260403 -0.671812359443632
1 0.331677123622516 1.95615147468979 0.457461585608850 -0.330789124883526 1.03875577211621 -0.350653606045580 -1.56965445741161 0.248016660598289 0.208623332817883 0.807099346175532
1 -0.862439835234244 -0.0864440661156923 0.469003068422958 0.609614243964656 -0.449023499836678 -0.280913086595342 0.576537029471537 -1.19110443226067 -0.385370733535426 -0.653757474922679
1 -0.188628523500074 1.21068587189200 3.00802916798496 1.99702267605533 0.699333762388814 -0.834416421566426 -0.0158148521745919 -2.48080112288033 -1.66885249997640 1.10179299839594
-1 -0.54247326453111 2.63689370783624 -0.239217013271225 1.98604118262044 0.549621143428506 0.75023797221843 0.945063080005314 0.333947682499062 0.643938337024814 1.12395466910593
1 1.04722178458354 2.50170461693644 1.15116767718882 1.78254493853486 0.538098984162574 -0.889274406896812 0.589296064882131 -0.192964982307861 2.41779462893386 -0.352233617060393
1 -2.86026305237072 0.0868061685591032 -0.102373891783096 -1.32279628484205 -0.827201069153884 4.11985165259771 -1.13792299427133 -0.709026129778887 -0.641073081708009 0.532499539280711
1 -0.928436990074553 1.80747186115595 -0.675107270222947 0.62368042437194 0.163956357426547 -1.45528867329119 -0.485755956495283 -0.704528919439185 -0.378395222198739 1.06882736822001
1 1.80929615062667 -0.629621953991723 0.418846857921244 1.17200381625851 -1.16506848080518 -0.541321164040542 0.457842413700054 0.868637848663587 0.712366313984711 -1.47060170169223
1 0.533945153579844 -0.863613510584412 -0.803702841150963 -2.83941037121426 0.773283337084006 -1.14921644306684 0.96963405492180 -0.970923832761484 -0.872965512191798 0.738109321905005
1 0.863636456467484 -1.79524750816685 1.55035961851920 0.137831267559518 -0.0594477283007489 1.1444520879581 1.00028923283304 0.843076473491386 -2.26539139971436 -1.53799091790750
1 -0.958843276191305 0.0888561349697338 0.146681359008060 0.513318345952804 0.432040402774795 -2.17967161044550 -1.39840311098233 2.06957986766063 1.09865328722947 -0.236935188850585
-1 0.715418530439668 0.952760515896978 2.38326127798028 1.22108813640180 0.098318252223514 -1.02422547341793 0.639087790199319 -1.75938235375399 -0.648234298454472 -0.079091746332612
-1 1.97988794476127 0.475547819825392 0.0968655287572815 0.895419318060257 1.45152308973288 0.118069062427324 0.690293161143562 1.33279038138471 -0.747099739384494 0.976505949059538
-1 0.66058910385529 -0.793202154208508 2.05984969297829 1.82244880434997 1.70675444303442 -0.360162893672265 2.49782988450591 0.7636576688653 0.459946386853594 1.59317064680241
1 0.539907500624662 1.43997079868803 0.385976751890854 -0.904930878873252 0.693892994471475 0.393298753738758 -0.404184458741373 1.4759545300983 -1.43320518844571 0.739709759941055
1 -0.71565207542376 0.278635287372438 0.72744373475416 2.27314686567871 1.77684974102808 2.17748571596722 0.922238173449193 0.874871613151802 -0.259256411129281 -0.722051128185968
1 0.320536786773140 -0.363912404316977 -0.0809384720928135 1.84865875810279 -1.00737069944720 0.511662900065294 -1.08211275422648 -0.970500024505355 0.191982427663335 0.121367766649820
-1 0.521236152431355 0.532545687450392 1.42109321977932 1.55229427159013 -0.502879617849597 1.89707238984221 0.780777126496876 0.0787567113614335 2.2333522172363 -0.188537620502144
1 -1.51988594621659 1.89754998917922 -1.30876191291785 -0.695071361686584 -0.390808416431527 0.110778591039679 -0.780868791226963 0.568479945136045 0.685795619009391 1.18029616573508
1 -1.2706266841059 0.547495781201021 0.839994541754501 -1.51566000998731 -1.33607027516243 -2.56362169363432 0.555461747650063 -0.52947566570681 0.84371664208898 0.206265189666396
1 -1.54770490385352 -1.51470463485769 0.116662961189397 -0.192312203566463 -1.17319905558995 -1.24375341653953 0.657886649674194 -1.93134270305131 1.09737379593718 -0.543206331375673
-1 2.05096063350907 0.279381222165879 1.22179251805007 -0.172577997302276 0.648806706726724 1.07126932095483 0.363271216366047 0.817217238274719 -0.128501209685616 0.126276595548331
1 -0.542229426073128 -1.02641464997468 -0.249183979865998 0.222088258027757 -0.915864432716488 2.30448123128540 0.47280980064675 -0.0183093476123527 -1.83702291424767 -0.637036780890775
-1 1.63024712501379 0.158321504843912 0.585240487407595 -0.63538824057295 2.07006019098399 0.934233251385025 0.792768001784934 0.179791509494104 0.848475459061965 1.54634422992541
-1 0.883948407203953 1.28640488906624 0.422641093719532 1.59942304542115 1.39233608679224 1.78158808958927 1.09349559772389 -0.949090693038564 1.09357686391985 0.416648447183444
-1 -0.773082645847982 0.65381844166319 -1.15303388726242 -0.103108188715221 3.17066384366118 2.00991739650842 1.25092822705250 1.36588331989236 -0.0941457728366693 0.103399311092384
-1 1.41011999991268 0.95885100340369 0.892913402042907 0.431987453424242 1.15426387593786 0.363666523908843 0.303085353839233 0.401452517986079 1.93391226992703 0.924603931423931
-1 2.41040460723118 2.81527831505275 1.42751767213451 -0.481226621924966 0.98051509951363 1.07346969826040 -0.867940805436105 1.59044205514866 -0.635608466649245 -1.56091667335548
-1 0.295844268256993 -0.187121524173875 1.29803254157649 -0.722785019687181 0.0749500973335006 0.0817508582510708 -0.944448406035262 1.42658492564917 0.394917463578919 2.33228988533384
-1 -0.407969385345219 -0.882682726608765 0.200769001473469 -0.00536837623594355 0.959682650104233 0.822944951313117 -0.613256673453534 1.13215155588317 1.65342646608054 0.718199609036887
-1 1.02997946917412 -0.381967495051545 0.0533999260929405 1.09940166848115 -0.037231867945961 -0.649973588223554 0.423897169140151 0.631482087329127 0.54026928373032 1.26724588842676
1 -1.29218161454717 0.493627535015555 -0.153033256784728 0.511717077862436 0.0180615227036233 2.822716850262 -1.28695523033673 -0.0692315343378466 -0.794088858422894 -0.360267151273647
1 -0.969381945409854 -1.57084425115412 1.27112494285667 0.963675948479239 0.363549095495759 1.52246474096109 1.2364267658633 0.103286684102872 0.370453740506429 -0.995385089956735
1 -1.23274214702812 0.519457381774372 0.108246328811524 0.31885226936535 -1.39053814428656 -1.35050528206876 0.592735358057126 -0.264250304098986 0.588112426560582 -0.581040842038665
1 0.317589345993956 0.0727182621206224 -0.0825342019849172 1.72535245028463 2.92730533504941 0.331748740154055 -0.416081586085023 -0.846318192658233 0.0692855989663639 1.80133374049208
-1 0.222140002921961 -0.593118858894944 2.12751111937648 1.05334831906228 1.0228214710492 1.10805053724159 0.477778845129854 0.144305348587968 -0.725327927277756 1.83983491643620
-1 1.73044713937239 -0.0158144066593463 0.713415531537224 0.784729641720365 0.80252323491285 -0.387613511655929 -0.55971233251465 -0.691793430902161 1.87681542414352 0.741874050217801
-1 0.276823095134138 -1.02814571584194 0.350227761083952 0.106258824915407 0.52258773899307 -0.0337669378287141 0.61827318751026 0.385953558251466 -0.812271521132441 0.208419994585958
1 -1.90470003341785 0.276320750002371 -1.47267874201398 0.620357808311243 -1.22517206247286 -0.058730402537735 -1.66245206116371 -0.298296562133494 -0.908952829343192 -1.51257309956215
1 -0.2558355092529 1.39787747980597 0.758090525897907 -0.293910348867688 0.254182326288190 2.37889317940591 0.186191005364047 0.0775987856963674 0.124811073457984 -0.827010230975568
1 0.103395524237888 0.721490397406231 -1.09694410602617 0.00386811890262978 0.806648589426684 0.708235444842167 -0.226724335136867 2.70889674987727 -0.884870876916335 -0.796920522820992
1 0.591188412364163 -0.125475204057052 0.466694178148619 -1.14804478755324 -0.0413811238548452 -1.83534099807342 1.38266064975614 -0.0763270825859503 -0.216706958755371 1.15022378356650
1 -1.84855296167535 0.851531493583369 -2.59177286597341 1.40096141594306 -0.151152211641060 2.33670385453973 0.223474165107898 0.467686024695434 0.839862131397806 0.601217257315602
-1 1.93942913327481 0.921534925194893 -0.811745934264868 -1.21543618054245 2.26531688214698 0.452860362073647 -0.383221073097788 0.182982979140563 0.698560657554739 0.0165701618364169
1 0.823054100305742 0.288350675519732 -0.0146746306467741 -0.759183852702877 0.626518505438825 -0.00830805111260265 0.723956354575545 1.41029143612647 -0.149362932528598 0.341119743921387
-1 -0.214318636356079 -0.0502349953680684 1.58582420698943 0.888364206471638 0.24992153887753 1.31518486443735 0.93163869140362 -1.12351738124922 0.163369238175810 -0.171870957605307
-1 1.63778420633481 1.29918313022142 -0.285278334857219 -0.354745783350685 0.756727751815865 0.509442172526873 -0.51959272486788 1.11345061745126 1.28178060772981 0.243371882680397
-1 0.21268319254933 0.300559296849541 1.05058037620742 1.33763694479895 1.00012485607555 2.66591427469872 1.23140348331356 0.454883866273675 1.80352254099421 0.0983108923360733
1 0.561512221563947 0.22041212311417 0.337667681264035 -0.231446288139664 0.89629630903152 -0.577116500501603 -0.503907882380372 -0.857208748295722 0.624082632242019 1.36308979911838
-1 2.31503169640540 1.98418083814182 1.43442328919174 -0.448413401758853 -0.254721340921516 1.42915313208160 1.00366676778285 0.442519409819722 0.276626147577281 0.811346154666524
-1 1.11467389234361 0.913150079604931 0.0540911172478391 1.55327509441569 -0.2339917443105 0.256170521380705 -0.438696732064117 0.436385532970896 0.615762975224223 -0.00981928056519465
1 -0.0363904515522598 0.56303313695978 -0.447362601242373 -0.790671377683597 0.121043227262062 -0.156136610785553 1.68888723366879 -0.228952034663401 0.899843232430322 1.53075474100315
1 0.441935760422338 0.0572036120454108 0.853584588206499 -0.356387602512564 -0.191622232780965 0.944624355528247 -1.04700847113387 0.219715827870544 -0.814737747480132 0.555139948888559
-1 2.06082186377026 2.25338831056307 1.47186949386404 0.734263133262095 -0.0567863300885675 -0.4149910451131 0.188548814975529 1.47498819010564 1.36982499647704 -0.704613553896371
-1 0.562148200481043 3.42027748608445 -0.6156043152323 0.96535461228701 -0.0474508471996727 1.65432189009102 1.34371370423683 -0.65449346906767 1.83984410288464 0.188219739484096
-1 -0.420634411906165 0.821039266977075 2.98292233267344 -1.55298989000062 1.28830864049752 0.148746641074897 -1.13563566679412 2.34036779915545 -1.07644538631167 0.483472990707537
-1 0.395490760877285 2.00443085292385 1.93962088027856 1.27891570582090 1.41564837506556 0.0945615872991987 1.11046406527173 -1.75148306351214 0.720150083389929 1.28939320487732
1 -0.757716536152523 0.509755881411934 -1.92660606493790 1.06934741464928 0.57434256121329 0.296941849592374 1.82323246182597 -0.647922547784288 -0.123174512176431 0.0596474172939489
-1 1.74208653422328 0.31857535822559 0.553983985744673 2.45824818016326 1.92042728447736 0.541813755636208 1.60110141150242 -1.14163329407679 0.531258984281604 0.493203503389869
1 0.615959234064184 -1.73925094593677 0.00365128744347503 0.489344014791852 1.60458357945871 -0.075922464580727 0.600790758928405 -0.522995289570721 -0.0611713925213598 0.377882196404106
1 -0.70988325979011 -1.57788506211409 -0.0171229438237565 -0.110505936219903 0.153849820655957 0.245595486908720 0.743103526666746 -0.840733431711504 0.277505986623781 0.471247981100866
-1 1.30312543914959 0.280624239825288 1.59656376034819 0.409556987856157 -1.56454323315647 0.253490033030139 0.523384792958686 1.62297194540788 -1.34949830148764 0.485513453647729
1 -1.58564648211249 -0.718390001095963 0.815974080510055 1.83319354293997 -1.11020759487570 -0.852324992461645 -1.05735341581175 -0.820131174903058 -0.572093996440858 0.0653598009905557
1 1.41887714768639 -0.864016428712905 -0.794486545082773 0.568948683583893 1.88183510782004 0.741801739064993 -1.24145436326276 0.899533125249008 -0.404961429765061 -0.846465494911681
1 -0.911703976211036 1.16114694432384 0.630357211379613 -0.960327555717717 -1.35466342420666 0.388709476573845 1.41595457253693 -1.10819925847977 -0.935228900473776 0.29350408173112
-1 -0.731771754277658 0.617910788686685 -1.82151521863451 1.19676418899749 0.124875640256864 0.872560241594297 -0.219639432142331 1.96414176503976 -0.372398030787017 0.70817048128201
1 -0.850174576337508 -0.577023302511032 -1.10509847122645 -0.238621946144231 -0.952429629779692 0.60442270607077 0.440289385753025 0.590235114034525 0.0605497977683447 0.320466830427792
-1 1.17726616153269 2.20224200360100 -0.157756798283381 0.9865970109408 -0.395192922212919 0.57441274909367 0.166284950981100 -0.441585313659181 0.244830924641419 0.737070153995987
1 -0.169870856428661 -0.024910418306575 -1.89650602293728 0.460708741593287 0.431676797142178 0.523398897588202 -0.634995158530038 0.333558099106948 -0.713221541105344 -2.17773056278939
