1 -0.294648152483292 0.676061774300391 0.213857446853435 0.0946832957762603 0.147709206341981
1 1.09578853388364 0.154019812424499 1.32323506742010 0.0366325426760713 -0.133856516269354
1 0.0101564909130871 2.87399068470883 -0.863352187909344 0.571577204116481 -2.74535692733746
1 -0.91665275138973 1.85399723389620 -0.393700171800529 0.62077654023641 -1.94317514129593
-1 2.35482604358882 1.17840883600093 0.529059174155052 1.36875900526542 0.760160038121175
-1 1.04622269883989 1.63767661557975 0.77376940580195 0.947103887435962 1.12961300791025
1 1.42669230594072 1.22923189917599 0.783925011448364 0.715356383283391 0.287143365543947
1 0.207941050614749 -1.03200033632315 -2.08780534871444 0.563175941353324 -2.14806787702727
1 -0.345943692042420 1.23409324787741 1.77494305185528 0.234571677979873 -0.449084991055141
-1 1.04865629008063 -0.574223495027788 0.739034499468763 1.5080746738534 1.19486152863499
1 -0.49439097864365 -1.81268425146994 0.504533553914223 0.108179948814974 0.116805694115561
1 -0.735979185610196 1.58043182398699 -1.77204915068247 -0.718018229911404 1.45726607378875
1 1.39899856601578 -0.315740987141381 1.94974991321377 0.443805841248317 1.31702280322307
1 0.152889560660207 0.748867559140548 0.57325052273776 0.072418645027194 -1.20135702585901
-1 2.11771524974936 0.558613619406664 0.359243157704291 0.073297994977445 0.418509750465305
-1 0.838015293765552 0.441829005316907 -1.25576355472991 0.173702269769036 1.73158693981871
1 1.51739120920015 1.07337013961132 0.405488061967912 0.25498715053929 0.428889154226383
1 -0.66507200679255 -0.573554965003443 -2.05456148021157 0.955810251149185 -0.843503659925954
1 0.496625239499436 -0.349972018575734 -1.08441217587767 -1.08063613679014 -1.26733917099424
-1 2.53866927288864 0.436542932582158 1.35681985818037 0.121103385418152 -2.06532769106915
1 -0.221650118284967 -0.705746695067167 -0.973623512037497 1.44487899594367 0.777676088786027
-1 1.81508898493947 1.55291782703473 0.0900630519720754 -0.634531219762532 0.921269583160821
1 1.28427725268128 -0.395867969475911 1.45319955604205 0.943902193561397 -0.131507985900502
-1 2.40190300769243 1.81328007451058 0.67143850703425 1.06587704017229 0.767070814490968
-1 -0.0448217082050454 -0.145173906480704 -1.2437137893824 2.3207819806091 2.07529226110788
-1 0.670915355522135 0.77031714311226 2.13230425574768 0.869432231666422 0.325263850534314
-1 1.05862136554619 0.129971817782732 -0.0343375427916511 2.17020825396243 2.84487518509681
-1 0.631034401956018 -1.09849515791430 0.96683339573896 1.29530036930496 0.98788333104418
1 0.548162382328115 -0.133973680423069 0.235579912001254 -1.34000869327104 -1.79711328579018
1 -0.807216206786932 0.343146321888625 -0.968242047211336 0.283048871050535 0.454621626464352
-1 2.15161150459496 1.53914616354488 1.24085087080777 0.745126000916866 0.579561713172379
1 0.735690205466312 0.272583534023003 0.179333250079717 0.627620856671393 -1.04148733367499
1 0.315299170631412 -0.606902391896784 1.12300073185896 -1.33198480975468 0.478663435894842
1 0.231186513721738 -0.618245112370424 -0.221854763105699 0.621360748223862 0.455395322212211
1 -0.867959825223735 -1.76291343354554 -0.392245251407308 1.45205456752066 -0.598569847131911
-1 0.750093360963266 1.17312185440680 -1.82379822688972 1.8998968880346 0.165704216113692
1 -0.0145642888800224 1.23064367263699 -0.0871477082826948 0.0411532690941516 0.351630429756461
-1 1.07471322761142 0.261483706308224 0.974582444707189 1.19163599028041 1.36646004257310
-1 3.07659249888007 0.378493084462058 0.726629375352826 0.570024687689314 0.93543840541746
-1 -2.24896944026112 0.247576991757973 0.348693033626964 0.941373603249094 0.492933662085238
-1 2.10982487561693 -1.16604339001644 2.07687040663280 -0.141648977339512 2.29025113709948
-1 0.764306340194463 0.391530676315635 0.823030552907448 -1.02440090015735 1.82607927694137
1 -0.9863052399669 -0.167197150889691 0.0831590501172513 -1.70740276577986 0.93010449598585
-1 0.775057393149958 -1.15122631699592 0.114273186095631 1.94973327552492 0.874051543889778
1 -2.02186832078251 0.527548438190466 -2.05539733876443 0.269067321684937 2.51402660220483
-1 0.962141157230508 1.40650673203376 0.592108713528813 0.759592349912605 0.62848095607172
1 1.53477727649691 0.981485178858571 -0.61821413353106 0.47888182294783 -0.637465650426112
1 -0.328521339668678 0.898820492605035 0.117393318720915 1.61079127302277 0.406859830067262
-1 0.365688257484481 0.0874684676401163 -0.467343121243265 1.18983759954213 0.59475028736718
1 1.32738542858924 0.306606699677657 -0.551579111464863 0.980989190438702 -1.63554881381408
-1 -0.407641796530563 -0.432494004030867 1.05642105638419 0.485489894413963 1.83937528513599
1 -0.147905595045300 -0.125708769104999 -0.133006488516330 -1.96382682355077 0.526429700512477
1 0.158633518071805 0.326911451608017 0.134512890477653 0.520073610807404 0.362990758217767
1 -1.18838025651115 0.751681463561066 0.568379345217928 0.507396141494462 -0.337337402679848
-1 1.46052549233397 0.0702304707398294 0.287296417672647 0.682250530412281 -0.257376945653670
1 0.213964726211358 -0.508241221997771 0.774280863802469 0.9640410225448 0.161828222677969
-1 1.69843159913017 2.75385560955100 0.133316709214696 0.342639235536373 0.913866742911718
-1 1.65806299193223 2.11558813269272 0.0337148213883469 -0.418121650810385 1.89977354567519
-1 1.90304375562041 1.08007749850408 1.84209065591486 0.552211873519346 -0.228000400742381
1 0.261550964009967 0.848859077970186 -0.171835525701334 0.66866825317761 0.54683719094974
1 -0.641589791489092 -0.805254044883328 -0.603022298932388 -0.379146288521997 -0.0962838128596502
-1 1.75158503327205 0.925230823333048 1.1857098864 -1.91875647057814 -0.0117732569545412
1 0.0921571943201737 -0.670922476751933 -3.11586584585368 0.349151274880611 0.708962993065376
1 0.40753728487023 -0.572233029066593 0.355796850506359 1.42188185892026 0.493987095006399
1 -0.0908184349781992 1.23083070571702 0.367258593522043 -0.290133304444436 -0.166481635668095
1 0.482907664077463 -1.15208401069395 -0.758287669470262 0.140427110749930 -1.69820888871299
1 -0.904982253130879 1.37595123549476 -0.56864251689256 0.81094113067309 -1.17800733709909
-1 -0.09891226648401 1.80390228796960 -0.955618158367743 1.31015167199906 2.39407551492407
-1 2.33502452971697 1.38114941818799 0.978159637366115 1.3298388026286 -0.428504371379004
1 -0.873782126449603 0.185476855245082 -1.41182231037077 -0.410579477406767 0.19710531519527
1 1.36356058533431 0.669399399281568 -0.28245926923217 1.32061140752452 -0.150718667137521
1 0.777045332757095 1.17433025514634 -1.30409531489030 -0.431763673424595 -1.32395501871707
1 -0.0654724141281513 -0.479221410967849 1.70789800949912 0.964320071997677 -1.30933715937549
-1 0.859600739861437 0.267165942870221 -1.04507949949532 1.18556142836222 0.871446961176963
-1 1.92811536919185 2.26547739380758 0.184977526116653 0.597775419700779 1.29752362268895
-1 -0.830536972585237 -0.569656972197134 1.78629461803040 2.10741892377900 -0.608123906198119
-1 2.26484433929372 -1.38947337805290 1.46974836674502 -0.48021430842356 0.855418008105199
1 0.502369513407706 1.90490462065971 3.20170708982612 -0.32111556287597 -0.334950831201055
1 -0.143149809985379 1.41176816030137 0.332916691438474 -0.662905005452231 -0.0806078749717445
-1 -0.678909590044842 -1.25334536312390 -0.0984496211865605 0.112927822301803 1.20477934807139
1 0.0108202198869693 -0.682915552941979 -0.358999388604018 -1.21977140062251 0.360829776572388
1 -0.266725219383628 0.306768914857678 -0.37162789743736 -1.08734068534618 1.29164942570349
-1 0.811758083227537 -0.415525864731884 0.358091679122302 1.21751305549966 -1.22644743989394
1 2.4642730153094 -1.10019066731535 -1.49226446034326 1.38210518982733 -0.785931277642373
-1 2.43326496665548 2.88094994350825 0.587115421476964 0.275828160679148 -0.154300375641825
-1 0.745797587287475 2.54819282503392 0.406590322544269 0.597178376598272 -1.69798075870540
-1 0.330517071012557 1.54775112970016 -0.657331215980274 0.185903886777857 1.52403981164998
-1 0.98864655404551 -0.285763683831895 3.12519411919958 -0.0333198752920099 1.83755217933483
-1 0.00151602985310451 -0.455470328520875 2.38250519138071 -1.01224551897822 1.50964804682310
-1 1.51037880876706 1.06344974268945 1.03315521959610 0.669459105481633 2.27651374649684
1 1.79887255589931 -2.39404186705216 -0.574317008673392 0.778191432633803 -0.124529762847254
-1 -0.43940303503561 2.59019296594513 1.49977484508902 1.93332651568765 -0.193065249126115
1 -0.238948301700796 -0.502223857900026 1.91602897626423 0.944846797679735 1.18911651711280
1 -1.8412757312667 0.419053084346839 -0.0803090604211516 -1.00529300995445 1.16653735160201
-1 1.00547001814764 -0.485690428008173 1.80988025698881 0.348970986668551 1.11863073042459
1 -0.891564483793899 -1.12949621290456 -1.54847874350325 0.851611026500754 2.12718887528132
1 0.866074104606179 -0.295383958408693 1.27031087321076 -0.227236817365353 0.158380060363659
1 1.33686676784435 0.120394862946053 0.689861481565529 -0.937163381538048 3.05591235656169
-1 0.803163723567148 1.46132781426823 1.19635792887322 1.66557891430608 1.76792341961938
1 0.329043445941831 0.077846887785357 -0.381128292568557 -0.659652256700705 -0.423892046808792
-1 1.68543114341057 2.01987995496041 2.33069540990591 0.416688248195878 0.3435014755503
1 0.246539527759915 0.384241717960545 -0.539767793633401 -0.329356726048743 0.324138648744509
-1 2.01117610192235 0.631845514252456 0.828886300152932 0.57088877261218 -0.223701158082625
-1 -0.515667538825129 1.27541270432719 1.58584322627664 -0.642485746688598 2.90890640522784
1 1.57731559531849 0.249055660593756 -2.08766352816384 -2.95246398471184 -0.346494018392805
-1 0.0721462342871406 1.51487023849839 -1.26833764959875 0.813719808370445 1.51475806844555
-1 1.61979100076359 2.20363421841005 -0.286740184272805 2.11600313927482 2.71780141479687
-1 0.78527698971963 1.22255421568244 2.28724982373626 -0.157218384690447 1.18329277822445
1 0.0445384866762132 0.249651616605576 -0.951236765948706 1.15757769462989 -1.90832019097263
1 1.62191179710782 -0.370183318962900 0.145767666516094 0.731177283610112 0.25515080893968
-1 0.208280407222199 1.71903619589515 2.81339676717767 0.681921529541106 -0.311789159355618
1 -0.621927252172712 -0.166281887936888 -0.0433231119142536 0.31903381303055 1.48295925157673
1 1.06013389511362 -2.02323900652134 0.75643790905152 -0.65960577272254 0.519207035675127
-1 0.407595692161179 -0.437524532579615 0.868250473665324 1.88638264554196 0.574998267525491
-1 -0.0627275839277843 1.38709019632014 1.33015229039962 -1.59218193149547 1.29227286204190
1 -1.52227872766265 -0.319757139140735 -0.309021540630598 -2.49173105091222 1.34362366956781
1 0.28211863632936 1.20307138697411 -0.482642405580447 -0.601013323898127 -0.426337607713302
-1 2.04214356846732 1.15282195063554 0.604528151826606 0.535614070898325 1.05458033025610
1 0.633725401797403 -0.815570379623816 -0.736441310663566 -0.408776897261904 0.679788565631621
-1 1.90869715146585 2.12939452253833 0.131222484932609 2.01373404074644 2.10103883025562
-1 -0.79651466471479 2.43181086126786 2.30057626088360 -0.0714850559356659 0.374618528280380
-1 0.678180349027279 0.983154662639505 -1.27372655393737 0.778884922733248 0.669022648463751
-1 1.94395444162133 2.50539171762635 0.300075182557551 0.798989230974064 0.608573995149892
-1 1.10317041467545 1.06327770983433 1.52910240313128 0.96748348068538 0.381248345270156
-1 -1.67063580079822 -0.432917147884037 1.72163938289878 1.90256888061164 -1.01873760326969
-1 1.93490268227978 0.771035929372662 0.321162574672201 1.94027815504608 0.933389115716947
1 0.787159827433875 1.02030806407615 -0.940724978013681 1.68279722829185 1.17073875279873
-1 1.26499158815204 0.99449877981984 0.692918110354763 1.01306975887247 2.12634302654276
-1 0.497984511607741 2.42471217038471 0.608739639160817 1.37584322007272 0.603552987599511
1 2.40302544735116 0.705871125376375 -1.69726431654906 -0.673032235307745 -0.119041984742952
-1 1.56034712282465 1.16786969716993 0.57187663255443 1.15150653466341 0.733851621184652
-1 0.534502914151357 2.45474369489295 0.279758227603680 -0.320317116549807 0.594833436160679
1 -0.579528390063132 -1.12405380419566 2.39915210958760 -0.129508508289483 0.640260369156259
-1 1.28588466564780 0.887398489813115 0.389180811161504 -0.199174832110417 -0.320705812075562
1 -0.202192772930253 -0.0403050695381010 -0.302191868861435 0.383618966860073 0.786448452056698
-1 -0.0353793915883405 -1.00062333319744 1.16763672135899 0.691111750509112 0.127607593008762
-1 0.7860800234744 0.227552198750389 0.256701042314498 2.16880203726533 0.690449067794019
-1 0.428558545313899 -0.708399053282009 0.179887991886491 0.190141037048846 0.756569043638883
1 0.297217535904372 0.630799964540966 -0.35669954442935 1.60648463796766 -0.618482301444938
-1 1.60904912036056 1.65202463363578 1.70431643934892 2.11482636608955 0.987893379731705
1 -1.77672656366185 0.931709410560453 -0.950633824899608 0.787255329536048 -1.32551969727825
-1 1.25965748164101 0.0785967537044315 -0.279273921010791 2.1701016205068 0.218322644306167
1 -1.13318892959121 0.445578453375607 -1.53066807934313 0.339885875942903 -0.6656027515788
1 -0.421368346383819 -0.110069642163123 -2.31917290316643 -0.203961193157130 -1.30542692070325
1 0.0847053358127513 0.156227302028144 -0.00606721965273104 -2.4336526000781 0.931779368612908
1 0.112032736350448 -0.13797816817972 0.477967468239561 1.65305246101497 -0.537902769875164
-1 0.234410214139977 1.17402105101639 1.87962463485720 0.778542723877917 0.105697710311556
1 1.09194675967400 -0.284211632986463 0.48900801876628 -1.77582710345175 0.975125274277962
1 -0.79488184102771 -0.0326651325876246 -0.370017723652026 1.33726012491685 0.570301800922219
1 1.46664618901989 -0.875312760812658 -0.0537804745448162 -0.649550466450598 -0.0781686655421686
1 -0.197632238441069 0.464613181273318 1.21091431495377 -0.94608207863409 2.05949763772668
-1 1.75573048779457 -0.257183185285203 2.32036562914059 0.0193387488405363 2.03847904168159
-1 0.667354999726952 -0.442885174459778 0.168922008232560 1.01136382454036 1.47489667989728
1 -0.564526811680032 -0.70352111531358 0.66314752390438 0.981689265731506 0.511515218750907
1 -0.393095108191953 0.130209964021989 0.858784981975376 0.0985545029635885 -0.350464302076136
-1 0.569741202094433 0.207029277517794 1.24925383116653 2.38147812653893 0.660200291818015
1 -1.20646316205830 -0.555243105557419 -0.0073472883214584 0.216731351517213 0.174502614046499
-1 0.337094322580432 1.96175603048980 1.84251993507509 2.15419371839860 1.58533136182684
1 1.89157228969482 0.0215940108513835 0.767242609411534 -0.164797159437725 0.220445994639115
-1 2.46250808094597 -0.841039914232596 -1.12784567909604 -0.760723711622556 -0.219045745326484
1 1.68856858712964 -1.45375077303195 0.18028546576411 -0.710565305203328 0.503336205229932
-1 1.57367060979832 -1.50720773592253 0.115862822902467 -0.877548383797402 -0.592658419591511
-1 2.17625369930973 0.314264496442602 1.68208283956543 0.707874398588863 2.92622315941359
1 0.740889909045626 -0.598365503888484 -0.522430383850197 0.897663686311475 0.600404635737357
1 -0.414357325153901 -1.05636810452659 1.66709972842743 -0.670297786691773 1.17050959223050
1 0.206842151384154 -0.645375413095753 0.0107723178951128 0.0563393710883895 -0.610541732633823
1 1.06323528925847 -1.95686274463952 0.821255177928402 -0.0461053978422191 -2.36790692591063
1 -0.918919341386405 -0.801032580166831 -0.17785747393355 2.06649928758728 -0.99162620764777
-1 2.36935455766382 -1.01692737120423 0.0998352200738156 1.54849950427265 0.734925142661833
-1 0.250822430111484 0.95098842843078 0.830205147897754 -0.0883718799442655 0.440935254746447
1 1.49667732880431 -0.93646290247117 -0.306565063303151 1.88939335748927 2.39419164474330
1 -0.792955920635184 2.76666137484256 -0.0865416636695719 1.48461779413383 0.939330439263096
-1 1.14521487747087 -0.275015825734778 -0.485900249161768 -0.393729245923243 -0.189375244775126
-1 -0.089138718748555 -0.0836406736743641 0.974504657205002 0.862747724896292 1.72936228296375
-1 1.78690152083348 0.553603742673106 1.13938894720438 1.95129290473786 1.43171342232330
-1 0.268496026919258 -1.00671479772822 0.992089848167676 1.26316009114444 1.11732150793956
-1 1.40476288374491 1.57789544498887 0.775419434585063 1.20029856503730 0.918433495281613
1 0.309914897374290 -0.407378231621659 0.638097611330344 -1.34648520088590 -1.07139346704217
1 0.377697313708405 -0.388181038635577 -0.418119952044571 -1.37569071959369 -0.830094031873506
-1 2.33476808145354 2.44658798999851 2.02335039081681 1.50657247860282 1.49880842963527
-1 2.25135374324692 0.819805270599331 -0.099240708454387 2.71314799202670 -0.842657568208113
-1 -1.23161994849526 0.925956858042974 0.138132403912061 1.27034676110319 1.34859466628299
1 -0.163480482368658 1.251726604324 0.663390752161411 1.79763375110049 -0.739688712068931
-1 1.46669934856813 -0.0438163979950539 0.532953011603114 0.289346627763856 -0.437302835180122
-1 1.19560878736363 1.48811404337997 0.179381434754261 0.110170711503551 -0.223857832220225
1 1.28887982943957 0.47323389648753 -1.02039329398441 0.483416269316124 -0.371552710339786
1 0.456355410536643 -1.18256533937366 0.62428990011454 1.46452529906872 -0.493490634092043
-1 0.570917854449833 2.94606636628698 1.57105646148768 2.01942387068456 0.774172327163016
1 1.59476894915755 -0.44961162814067 -0.98485637126003 0.185996318685502 -0.280809196365207
1 0.502601430220658 -0.520231987063713 2.09395076401163 0.225882383445446 0.108717814493545
-1 2.30164534225067 1.79064744768983 1.98310856098716 1.7193662606032 0.536249532631224
-1 0.784043246999254 -0.89855459436957 -0.915864027328921 1.13815960973011 0.977323551182095
1 0.481484039686328 0.448032057958463 0.723461509069473 -0.0796557172486066 -0.416966705664219
1 -0.493955643448981 1.10922729417205 0.870311381097866 -1.02896832365467 -0.935141515928922
-1 1.07899549603564 3.58971773883089 0.814680375939597 3.49488310898857 1.14746505093888
-1 1.94864174520583 0.385331854563746 0.718385312305368 0.713595371997865 -0.120164092556042
-1 2.00792262081302 -0.395950164090317 1.18332178280013 3.07572096145129 -0.957884920305183
-1 0.61637815763017 1.12413123585479 0.0632883073188961 -0.301502489914704 -0.317234322957814
1 -0.629474521061803 -1.44811911679583 -0.950750305869132 -0.324511789414704 -1.75044453561706
1 0.549664160297475 -0.572586416050641 0.227276680370393 -0.344243189309516 -0.997280657921539
