-1 1.44474595354941 1.12428189197627 1.49831500269737 -0.0991252368230052 0.745408228631307 2.24824651325222 0.210252356171901 0.378056677120856 -1.32708940113155 2.16879315737778
-1 0.810290882189483 1.55783107024756 0.591696406082717 1.50248803209501 0.0814667981833868 1.34415856284015 1.26320990329221 0.938031716695247 0.338818432365511 0.407231007153262
1 0.589576071405159 0.674007852513002 -1.22206449510122 1.05362918723468 -1.04694795903542 -0.300256504798718 -0.311579549645657 -1.37754861444698 1.04247033473133 0.0938814466349946
1 -0.518850251014218 1.20610339104910 -0.870819910033335 0.352739826606787 0.493674624405296 1.34481460007789 -0.961974485467923 -0.603452305978089 0.822027410083675 0.485431558493703
1 0.549072376273666 -1.48930679846861 -1.91781813499347 -0.449039470751851 1.75180821501310 0.406771334232508 -0.596324598807549 -0.663427800963014 0.740303402947398 1.12319287977554
1 -1.62638391755290 0.492103593414494 0.275641630029796 -1.32110670200237 0.788783989485896 -0.95719676355567 -0.773954635859929 0.585971593385365 1.14148227806587 0.80143715474029
-1 -0.807243605592732 1.23277768510138 1.13781536519283 1.37408329172410 0.378300229981801 1.41756601815556 0.0741589938281149 -0.328328690403549 1.20273761511717 1.68643714770533
1 -0.838528180522444 1.04450926611206 0.390254085151866 0.924020515608675 -0.263818112199447 -0.988750027567787 0.0612303884920388 -1.13190562584067 0.978973311494176 -0.0975345714593827
-1 2.10655306780685 0.8538009820002 1.54963307449981 1.86988105320963 -0.420712183880545 1.21637763239228 1.34956100500329 0.0873571979569747 0.487577283137472 0.247988168581269
1 -0.192155386432544 0.461577069691723 -0.587651166464925 -1.26489166330941 -0.453986297150137 1.46142106385974 0.243831321985863 -0.86134722413544 0.938913707236976 0.077983479513392
-1 0.616470422423773 0.592082925086196 -0.36803683960634 1.82339970018053 1.40853458620041 -0.60029112065724 -1.15166059203242 2.37250376507764 0.801537764246497 1.39530229387781
-1 0.6689293070802 0.959027770718978 -0.0152270183385578 -0.0682325310828471 -0.379704136346326 1.16282317780428 0.727219494116888 -0.497725221897634 2.08629687388598 -0.117413454797383
-1 -0.95200047334751 0.87373963967442 0.597539858734831 0.822779782767382 0.35011758174195 0.216543691960946 2.06103760945340 -0.587680246735455 1.86518130956694 0.656853791406172
-1 -0.241992890228618 0.726544476932394 -0.994657903878444 2.47351267647356 0.36775768072954 0.666497869259176 1.40186253911945 0.891212063447457 2.80558266930545 1.87253007817643
1 0.686617693189941 -1.15106217568467 1.44193690676338 2.10822060716190 0.34815340804298 0.27589077539105 -0.542362330323898 -1.42122226694728 -0.63429153088697 -0.127849433145833
1 -1.18858318463619 -0.123030655988578 -2.40029712275512 0.0301511854646410 0.362622595106372 -1.23501781906780 -0.65164903641131 0.722604886516859 0.487116829134551 -0.128312192793439
-1 2.37460225696493 -0.233932118763508 1.61057894599083 -0.769333840794498 1.70927191603113 0.504430137702245 0.234937148878218 0.59716918579746 1.22051004733666 1.36698177876228
-1 0.269233180063779 0.25145877595859 0.525173642997937 0.325126342403457 0.581421254789028 0.168615904950052 1.26460333532823 0.159596337264450 1.45776368834862 0.246925169725729
1 0.235299887340103 -0.781904951414586 0.752531729957399 -1.03549025048768 0.0407245981781594 0.279110772051920 -1.14177981749151 0.248893176903408 -0.0178224587019872 -1.42667561807088
1 0.35661179789206 0.509219845133846 -0.392079030372919 -0.629887558999427 0.256206828284034 1.09051156349448 -0.970271604666379 -1.39784021542971 -0.302496103946289 -0.534281197681613
-1 -0.00417134575766942 1.40180194197372 1.35561370998980 -0.208152311423576 -0.0748669334772664 1.57912333212642 0.509113829107681 0.219488720394200 -1.27367753018893 1.74585720693571
1 0.809463425691204 -1.03892126970037 -0.125422446944229 0.0972232791802329 -2.10362327844432 0.305715207036684 0.418143351811046 -1.01149822036142 -1.26903235453299 0.60720843816633
1 0.492598232871951 -0.814639385482929 -0.923681363435828 0.879437263044005 -0.675059640346944 0.417476590719723 -1.40248828302981 0.272878656374372 -0.340106529628893 0.359700422748735
1 1.16554254741826 1.01242983678796 1.77355654145692 -0.709871622161485 0.0551179038152955 -0.0171337116306123 0.907745981214186 0.939554959847796 -1.87800217035493 -0.515097390032238
-1 0.371690287075744 -0.111215217437295 0.349182698012244 1.46922752133209 1.50398350542140 0.0856520045656756 1.01196983022618 0.337807366070631 -0.43198664683148 0.417130648456636
1 -0.580026481619216 -0.817563822058907 -0.722478065612242 0.848172397443135 1.42115809408824 0.177581737838323 0.294986307533466 0.821400848831317 0.0598143558980871 1.53152402802683
-1 1.15418642424316 -0.574148708871566 1.90983690593342 0.536289946353272 1.74852040650430 0.0390776286240836 1.56228625232290 2.35431773367797 -0.0373800369146798 2.21860358646771
-1 1.05049381466655 1.45327926384187 2.30510875972725 0.453509101612266 -0.152128943407826 0.39884631264552 2.78384270117990 2.02109779376689 0.775074067535595 -0.651690309127845
-1 2.31290157886184 0.807295017619297 0.253332427936392 0.219728185146833 2.11518089445445 0.556017082965346 0.584544635985328 0.121486781065222 1.53150245345566 1.08255889079686
-1 0.522830888917999 0.409358140529368 0.408998568349881 -2.08304359912621 1.50022070126495 0.953070692198325 0.778478306065099 0.193423411853662 2.83456103116608 -1.37966034457223
1 -1.61325606227641 0.129051554973047 -0.646893827612913 -0.277011731957315 -0.174226430188699 1.3135534804635 0.740889213445017 -1.68739556500946 0.955221104980238 0.50209176878858
1 -0.659886305009175 -0.483100295311285 1.02387793176981 1.78866471719391 -1.47870414936971 0.297881620176069 -1.65840655468997 -0.882941689784107 0.701677006188288 -0.325583158537337
1 -2.16651346688554 -1.15389074653084 -0.209747636501084 0.75018795435977 -0.878990219395086 -0.555181937868766 -1.25242607624339 -1.90798136245017 -0.201863335563189 -1.10869872053906
-1 0.546745470249811 -0.57193661961098 -0.551910122333331 0.415742155510141 1.26574549853101 1.87732133480554 0.279211632338035 0.764249708069105 0.741612823768596 1.63889998906987
-1 -0.171580312176454 1.23487508392073 1.38752720791288 0.608621100751615 -0.241286390626682 1.24729560235573 0.251274518649677 1.14345659020568 -1.00883827086428 0.83906969683662
-1 1.42973699152847 1.76880023531958 -0.524760472466069 -1.80383974707299 -0.768876028551779 1.31692041836087 1.96677837481718 0.427227025143534 -0.255246387441235 -0.529292789347749
1 1.05784823216793 -2.09646842299201 1.11338049190324 -1.10054313195192 -1.03399177899381 -0.641883089845827 -1.30257316974588 -0.938425882680063 0.726730627689301 0.220773400176727
-1 0.442837327875161 0.664107075718166 0.65708453355597 0.703685032743176 0.105067374284617 -0.0123078027383567 1.49408481068679 -0.507223876031566 0.453935222583328 -0.452165933198986
-1 -0.853053565521108 -0.364541386121613 -0.100099439212336 1.24794629770843 1.0617956115429 0.00633970644000559 1.60187789831665 0.503412097448913 1.18997716282633 2.09215933800488
1 0.499479522983172 1.19448323832427 -0.0509595459397211 2.4376630635202 -0.842285275462095 1.46621548271724 0.185377666854498 0.395547256926596 0.292175352382877 0.199646394292531
1 0.109944769333991 0.594286303591952 2.30312120002002 -1.10336119057670 -0.970256185064865 1.06951149240380 0.207022461913434 -1.01945792853479 0.205439551082189 0.143053890175689
1 -0.546226992316229 -0.0679783552955937 -0.0812081706826025 0.172601763654920 0.808259866505415 -0.983061769906315 0.149583556160951 -1.31290573429826 0.58473013807249 1.09301236250828
1 -0.886540024039144 -0.326118089719924 0.137712061085960 -1.22807252814086 0.161059956599368 -0.518628759121862 0.285869125346598 -1.75870095809536 -1.54868615336687 1.28571070188569
1 0.101193747837255 0.203893753980297 0.379753827163544 0.110489803228997 -2.29249656331060 0.172947237211316 -1.03065109026449 0.151492365822538 1.14396932504671 1.06476384232834
1 0.735843557224654 0.539149103779844 -0.94117740105846 -0.835845348740465 -0.653741482325678 -1.81241962812689 0.477948777350065 0.139524319057055 -0.902381552878872 0.615509829080746
-1 1.62888920971936 0.831265279263871 0.482744919840382 1.47749314815175 -0.240930677678752 -0.673484926160081 -0.111790455937308 1.47108870030441 2.15259898318594 0.220070143288070
-1 0.212084074196708 0.0940250579592568 1.06752261583193 -1.26623144591112 2.01311473177558 0.593912439723633 -0.0703457163049472 -0.571257800342566 1.03612249540019 0.737674013223011
1 -0.958368109134694 2.33076908556358 0.207771233106633 -0.140245637152600 0.965132439805032 -0.104956708192861 -0.707495427784762 -0.340756766189274 1.55993399572117 0.517372329155759
-1 -0.0944267562397958 -0.143942265469094 1.86410670886519 0.927258359904356 0.318147510571276 1.65508620608891 0.375948888744247 -0.570306569768036 0.44082303871782 -0.818948992568949
1 -0.0104354449064324 -0.456017954982526 1.19316067652620 1.27412361147305 -1.30433280117251 0.36683142666857 -0.698030914297109 1.67360987037895 -0.659243968557811 1.19703895293935
-1 -0.311938086705781 0.0887299050077228 -1.08595865649884 0.0722412552285459 2.14636607276009 0.0567341466585143 0.24043178040304 -1.02659853348732 1.61839153922926 -0.405832786406977
-1 1.26586053288584 0.082755811015108 0.89751292655017 1.80431062203387 2.18048483603872 -1.20676070268451 2.58529553428507 -0.00704480040090083 0.00996888512500815 0.535440012277453
1 0.356044115212457 -0.239601542891762 -0.618772034612755 1.16122176721381 -0.224651841511589 0.626767805160412 1.44137202382699 -0.786612977746822 0.165050322892585 1.78642866448804
1 -1.42162188953968 -0.739893383213933 -0.182909131332362 0.153871022440217 -0.173619659275209 -0.357154812567490 0.155401260489812 -0.561772023758482 0.961082517310571 -0.0304848663603756
1 -0.743800039152224 -0.548354895748725 0.477585094155441 -1.09212168828157 2.55951954561799 -0.0589544189848351 -0.972555547127692 -0.361653709789621 -0.827676141859442 -0.879301383445432
-1 -0.741869588896242 0.675793550732467 0.770189005650944 -0.0578246632861711 2.29922097432605 0.420101473019197 1.83294310104044 -0.396337962677088 0.989803584691173 0.297075763865118
-1 1.54597721215865 0.475799740973008 1.19449007157276 1.53263465328240 0.85550989644735 2.44755839248823 -0.0764894807438422 0.491270284089052 -0.269892286347382 -0.0877960782952584
-1 0.203634630637229 1.65924436026773 1.05127254567839 -0.973764438578913 1.83068513896160 1.94540010703492 -0.124486253112947 0.157171505827368 -0.325429832732173 0.174388086307203
-1 1.01939157928402 -1.12330115982665 2.99681360466180 1.13015465608964 0.310173030762947 0.740991378127348 2.01852037629295 1.24161453205825 -1.48867519812227 -0.766958867771818
-1 1.10337641176396 1.95158618373429 0.379060900556483 -0.055200263965544 0.596401429340933 2.26237887136394 -0.119624607842732 2.68905718563178 1.36354674213373 2.12225012870075
-1 -0.906791964780298 0.155598894031145 1.72464205810065 0.846945181588753 0.564253765730034 2.52764848403510 0.389297071393128 1.50356164229978 3.06105026784954 0.508780291892368
1 0.103509256674698 -0.461568511409866 1.52024639625896 -2.65899908663726 -0.226515699358238 0.231311348685279 1.07617122645631 0.389624792983223 -0.0509405770466709 0.95804186864368
-1 -0.664730328258558 -0.273448780146584 2.14537144487969 1.58083876206189 0.0482070633633889 0.78824200322639 0.190419496406818 0.909515396805511 1.14196434757818 -0.745489261225809
-1 1.24680911942305 2.03227041788444 0.409789182519588 0.169771814324427 0.436882158938305 1.15713361306420 2.08352997553417 1.37122801636855 -0.0164476836310217 0.430347763410645
1 -0.386703144120235 -2.0285894321151 1.55350238321794 1.56289202791428 -1.31959468829166 2.08071480914128 0.310619201408883 1.11580749581651 1.26306226614995 -0.106816579042772
-1 0.146921158063889 -0.335223495517320 1.77579602303635 -0.366833364741750 -0.661333158595372 0.68161527764445 1.37154002457933 -0.128941450624915 0.353651964665875 0.202154980315389
-1 0.574831914945336 1.19187841064379 -0.547836713654487 -0.337493450264909 1.47714638719276 0.734054365553853 1.698972435186 2.11590139272926 0.164578386690636 -0.550691473953266
-1 -0.438730085410385 0.386009798130897 0.541869962925165 0.0346359850085775 0.0421577465310143 0.233402295201832 2.37252476971166 -1.22269033658697 0.86410880343623 0.642985603913508
1 -0.485163772992573 -1.65695309048025 -0.949162082520479 -1.61201273252916 0.740783609540906 1.49700264388411 -0.197325649848303 0.905245115005792 -0.417353051019029 1.43106119147657
1 -1.52751501132937 -0.691079107854599 -0.355442195018171 1.11056431686339 0.00247781703203617 1.2922295889859 0.366206747839328 -0.525698751644468 -1.85593055795552 1.11239525410942
-1 0.383438075415315 2.52923722006978 0.0493945298705269 0.623389756114014 0.91851197799008 1.48178794950672 1.23497905934670 -1.03181466654323 0.378837947824997 1.16725415790259
1 -0.569522671546659 0.50753260043199 1.21535627204796 -1.23711811936783 0.556497340960095 0.331761363306669 0.549049035949384 0.382963830171057 1.12938250423178 -0.117109333477954
1 1.70345152069552 0.117474440335913 0.228797308394851 -0.882823800103215 0.183337896079847 -2.50431464848520 2.39389250263692 -1.09821874298445 1.25444039828453 -0.163025902898928
1 -0.747955147034753 1.83920345808877 0.028704189616557 -1.06063617594447 0.147887662370109 -0.250076137636317 0.48731604062987 -1.06134405781621 -0.0908964699109131 -0.852841590076081
1 0.59354315342057 0.0625276838572087 0.392934107421269 -1.61209435347770 -0.568392320712708 -0.814441925134142 0.0548613466013479 -0.588585579540988 1.04394277199248 0.0233847185279148
-1 2.02808788673032 1.9803711091354 1.20422855502157 0.898100694567235 -0.303562037730493 -0.0785121013821446 0.751985127060001 0.157237614756152 0.42165656409131 3.29118108372954
1 0.0137475072014400 0.759050915566463 1.57241971278692 1.18857219740077 -0.163287159315806 1.81976714587488 1.87669433036046 1.10593328350877 2.15305922759987 -0.275236442323608
1 -0.193767386744529 0.399699270319795 2.06433327308706 -2.22365717655566 2.47409383902367 0.275612818382660 0.42610763923384 -0.414961066894662 -1.24312756800204 0.289799392946170
1 1.04731459972437 -0.499631281244293 0.237178448063753 1.52333937996380 0.998455199005832 -1.58784065961140 1.46018098898098 2.03174038982981 -0.208485555135732 0.78029383126801
-1 -0.48072169179921 -0.224857011386521 1.62895988524002 1.49087799969123 0.095616997640956 0.176402838864440 1.55448197415366 -0.858691838465199 1.05827291363206 -1.19041363593065
1 -0.388980739542599 1.40649501869236 0.540040145351311 -0.0020512226734169 -0.116562097212957 0.114866121010601 -1.41687838649903 2.30605532753933 0.647160097962763 -1.44450678689399
1 0.7045379917754 -1.83921926453275 -0.355053611019579 1.02797090665901 -0.626413157451605 -0.243949375531470 -0.909791382539748 -2.38573901454403 -0.453682305280883 -0.0160187770871161
1 -0.686788763176685 0.0171586311622856 -1.06016303617967 -0.0123486554957221 -1.10341181964499 0.877838844656771 0.712177210689009 0.852490902387328 -0.548130294715401 1.79836716170473
1 -0.632763776754519 -0.72475032192765 0.858531467295658 -0.563904178068886 0.464548452319846 -0.0486394103326681 -1.9706263961668 1.57685298562082 0.120187771869505 -0.197131684736309
-1 1.11110683691762 0.710292401142264 1.31781496628527 -2.10395294974214 1.09612063347930 0.680101536813252 -1.90973280130015 -0.587767488114552 1.49258644677715 0.316242329101564
1 0.99618600592376 -0.103590533139666 1.46342189246079 1.91369991012459 -0.627013980301277 0.764964303535144 1.48856979061746 0.501863223084698 -0.0986295640189955 1.29776828940579
-1 1.52201677747585 -0.303789507464902 0.534788964896540 2.37368781967908 0.204925923676436 0.0123161090309591 1.86986056942687 1.63291798194467 0.0407698925354104 -1.53869964616751
1 -1.01431669702141 -1.32198867600955 -0.0163006729971683 0.647454609389955 -0.379705482842212 0.461472172790172 1.47119484063832 -0.795152664022595 0.789088909768552 0.788874677378804
-1 2.17231478946245 1.79349889915619 0.293380237267675 0.0377291753013482 0.213192564228253 2.41040979531506 1.85311601623527 1.03417594387472 0.620590380893258 -0.251889135553876
1 0.934404621797546 -0.343711710389693 -1.43004485238929 -0.468095722956702 0.232318591536758 1.1891568120652 -0.433371540531512 -0.854945448552842 -0.279406157144853 0.117149358795910
-1 0.85413199320175 0.580974901675479 1.13150994814399 -0.467922935887103 -0.568533129943899 0.6812422319711 0.0307504676672227 0.522158269327608 0.219115210885119 -0.402038156631021
1 1.65530298190747 0.0847442464419455 0.853622377332184 -0.61107011488766 1.02751238695973 -0.265223594878546 2.14974645451915 0.146266503275253 0.701484586610249 0.196556512046432
-1 -0.111642593839855 0.852648296524403 0.941118838322245 2.25150285445993 0.188973914139397 -0.187058563176392 1.65500206111015 0.508038923867552 1.06091482729578 2.12444190846129
-1 1.72659626802573 0.789234882669315 1.10584272137747 -0.61852204678355 -0.915838898407057 0.420774582807291 0.911248737633388 -0.95426420310667 1.51445969182132 0.131677357470397
-1 0.0691955050349531 2.05341159115094 0.551410271975428 2.41419066691891 0.507408329795643 0.173117283517361 1.53650359753723 0.841360067510097 1.82752967884497 1.56493169090381
1 -0.015775425269949 -0.184985031784151 -1.62858273370151 -1.10764329271445 -1.39450766504074 -0.570979574396309 0.224567365459543 0.297367812335990 -0.494022599819218 -1.70637986740996
1 0.230921923789687 -0.963316291989318 0.00448130847420411 1.93795770266541 -0.390543191896933 -0.0181712649822583 1.51856956059957 0.709179382779414 0.270480561789158 0.67155835662128
-1 1.98560471909006 0.776077104834737 1.07547518431964 2.48809841262994 1.73427568788186 0.798160033114556 0.631611105795081 0.538446557521933 -0.783663726868866 1.26331508740899
1 -1.17419521204184 0.639083050079907 1.0208214592753 -0.233141730370151 -1.83823233849119 1.18556603091203 1.58072108089529 -0.365568060946634 0.312963090726113 0.37543075565411
-1 0.798839324550156 1.06265598621476 0.663192382554898 -0.0694638063712906 0.289325403981136 0.602810943934798 2.54498979536496 1.36833715399229 1.83509999602183 1.69790333049534
-1 1.38726127724289 -1.41511687162138 0.698042827643951 -0.0505830004645155 0.154680642770141 1.35338159591037 1.60845786443035 -0.536946751700852 0.797555697797527 3.70919009816036
-1 1.41738091981952 -0.749055912580752 -0.75108823965644 -1.0297103267347 0.908386967617231 1.96104102822987 0.652711992018866 0.309261226392595 1.03922408284705 -1.61142006830623
-1 0.447100128058397 2.49847032720906 -0.33684147588468 -0.57568614144711 1.62644502279115 0.412498300635033 0.717374555495602 0.72904883361252 3.07710509044728 1.19198898105516
-1 0.224225850563881 -0.400359393555645 2.17735510209536 0.0323856859561296 0.337339335683862 -0.23153121015929 1.34026983813803 0.0142368890942639 -0.291028300730031 0.631698618568721
-1 -0.282032820775888 0.910247706590785 1.18754266164964 1.88946034513827 -0.0515374001169955 0.227231824549569 0.716683250496724 -2.00891391438152 1.6807919172411 0.108494514344052
1 0.577042423971933 -1.62642060889058 -0.53020813428876 0.519018909596268 -0.708010120688284 1.62462734661974 -0.564078826603603 1.60846540149681 -0.865493491652288 0.181403799638566
1 -0.490588283465163 -1.29573926104406 0.0473052750810564 0.0948182577930797 -0.0737535495545847 -0.445043871661661 0.287528052695867 -0.702734975630319 -1.33291332752271 0.0734318153626765
1 -0.884800180415231 0.458348691156717 2.05002237397751 0.999242967925402 -1.55242309964350 -0.997950194723107 0.104364669903457 -0.440303142580874 1.13691056630669 0.91637958876414
1 0.828999186230255 -0.125412917086769 0.277736394013099 0.279294977917278 -0.8773145109275 1.99194272294599 1.55150960646869 -1.54726187832797 -1.94401868968421 -1.18312458637734
1 -0.209581163171372 -2.24132268467536 -0.666814659650402 0.0525216533678128 0.875484051388208 0.659504638118641 -0.241819725059979 0.649042150690961 -0.163208045023638 0.941738417762794
-1 -0.581725438187512 0.963101962690303 1.3809884311237 -2.47313003211968 -0.991725698216207 0.718644537082561 2.04840993248243 -0.493970775890975 1.20831012089017 -0.435979660274658
-1 1.51020642890086 -0.145603230633077 2.05859235329725 1.62146863788569 2.10126718109365 0.490344753803649 1.24628098347654 0.018268373566949 0.620418510269953 2.01421381013714
1 -0.491612970949507 1.10358974862229 0.116029217026959 1.83721634062453 -0.999349358386793 -0.255561608299863 0.191577955683018 -1.78959152993759 1.52398479682242 -0.867844206876662
-1 1.32282897944079 1.74913601146862 -0.217390631892564 0.377101692068554 2.71963238098761 -0.832978932721417 2.26661994352156 2.02659221747112 0.876574304439398 -0.230089753042610
-1 2.37964328259582 0.557202481428084 -0.7309446685834 1.04927153170486 2.19424394459389 -0.331423035697432 2.23009526270759 -1.16514817139722 0.7096761325018 2.89729779294117
-1 2.14120915982363 1.32048013704760 0.00545656740790079 1.47039732974548 0.63016001220143 1.6589124934197 0.421734131773927 2.78583124164578 -0.983172704465406 -0.0529477427318628
1 -0.75068449144883 -2.51899061463024 0.452014265080594 0.0399194100837848 0.187568809817340 0.220370715774177 -0.85640345096566 0.262266169227922 -1.36599609654791 -0.116634825099109
-1 0.424580149065837 1.56849342217432 0.256821778925627 0.744550195330991 -0.509734996147486 2.48502502407622 0.833710336437373 1.17199508984149 -0.78777434623174 -0.229836529972415
1 2.03580407279497 1.53362086171663 -0.868657744362934 0.574472878051216 -1.02474454677278 0.76186825449107 -0.572039228048839 0.50904433370287 0.380791539581672 -0.784577565437808
-1 0.489473782001183 -0.600838513159925 2.94666033540015 1.14648617673167 -0.690290694383977 0.67441491404816 0.323064923285878 0.397417673933698 -1.40304718637609 -0.0313144772141691
1 -0.0063297181550761 1.01447869195107 0.413961804386664 -1.37156822410152 1.61470815890129 0.103500930255301 1.23668525763742 1.61782364896933 0.969479727306647 0.880105998327027
1 -1.00066430880671 0.199823888240357 0.123802189502823 0.0292077206496427 -0.286301066501384 0.347919195925254 1.33237132118275 -0.344141134809519 0.178458551657123 0.545480375501517
1 0.560192960418696 0.641549101526132 0.0470371715968303 -0.36656662108645 0.324877567956399 1.04662139182825 1.87772752752035 -1.08483295784563 0.216322462126003 2.81719088650588
-1 1.95149066396293 0.600247059586795 0.961138348791897 1.82807070472381 1.47647390836933 0.330366022110265 0.390866420629514 0.0691863762370507 1.36412516782858 -0.28728841330405
-1 1.26470414571903 1.79466613064045 0.918698024549042 1.85894106364321 0.135239339776779 0.289922428262397 0.606530776706346 0.439577692983228 1.61474380322933 1.30137320894398
-1 -1.10970294034092 2.41399208040602 1.68295154491150 0.111502986366926 1.28607457307558 1.66432073849496 1.18631799573301 0.600386027259212 -0.201383527204997 0.781795121408742
1 0.459714399242085 -0.356631517518061 0.380296955965505 1.01447421155201 -3.69831014204722 0.335756283350449 -0.729278511826267 -1.18248168193005 0.754756491042992 -0.103423728976077
1 -0.453110958737867 0.77745838248444 0.316278037166556 0.241384927610445 -0.0154612089713515 -0.750372208455051 -0.510088293648129 0.544916434459111 1.92293436882850 0.189150403852508
1 -0.349257524532409 -0.0427138580652338 -0.779286298085699 0.0507528567850747 -0.260930500440048 -0.38043682977483 -0.485537411406146 0.625642068299556 0.0366117955328961 0.516624832661638
-1 0.567802733647736 2.14366008322238 0.0901435882026103 0.779651495680249 0.596509142554312 -0.624369325132307 0.848033084583717 0.260279590032077 1.14045455690864 1.29982822772382
1 -0.60835990173053 1.31306196292772 0.156292476379457 -2.47051657995343 0.760377104878362 0.710087188202694 1.57742161654319 -0.504614532504579 2.14680247504107 -0.145409986595598
-1 1.34751213852982 1.89071590476912 1.24484537540333 -0.631251872286276 1.58522225710291 0.817955913297354 1.13356416784954 -0.54337185867818 1.24855061592770 -1.90370497152288
1 0.346592657384783 1.11746316477002 -0.599618372556612 2.47196083145035 -2.09537748366365 0.374951116846810 -0.512104788037976 -2.27115864755390 0.505635046446327 -0.495696701654626
1 -0.37000215483717 0.69998814627758 0.709835924315139 -0.425708706098241 1.35613429113476 -0.660739975189731 -0.802557672264163 -0.6384295750967 -0.354990579902189 0.326971544766691
1 0.0880429673576064 0.363957003627265 -1.39927052220052 0.184099225987554 0.52431897858302 -0.53104733534849 1.18793599655076 0.135397723074939 1.11663371264361 0.722364788771483
-1 0.341256268290207 -1.18187840726033 0.761342074025122 0.42923827112549 0.729641699135672 1.19301640784882 0.928063325097397 -0.91133742231331 1.14829877884268 -0.236064644638694
-1 1.30622334174407 1.15217671150833 1.45793238747681 1.81650061754345 -0.668257115232548 -0.742264346488483 -0.164142306371558 3.02943183243925 1.59996975264556 1.43850725099690
-1 0.873527431037273 0.928395337461347 0.884765661013744 -0.333102970502808 0.314700823097927 1.05195972615632 0.213464649910815 0.328152376905361 -0.042781820899479 2.08802140744284
1 -0.372421959297815 0.105394057875811 1.13623241720896 1.4419351683964 -0.280897271757436 -0.83493235425426 -0.137325692733802 -1.35340230648508 0.400496416414538 -1.20668014884169
-1 1.03948886223597 1.00166510871505 0.218712848765319 0.735890754181899 1.10581171182770 -0.489256865068038 -1.07986748863973 -0.0290515700573138 2.38304629570924 2.17449593017481
-1 0.95025792138782 0.637824031508584 -0.764125219470696 2.02137526694013 1.83608109574369 1.9449318140195 1.17671412650459 0.691832489493916 0.542523003439265 0.273274836146352
-1 2.22184753144516 0.887284804381162 -0.00663763477019208 2.84355014411629 0.433948044804114 1.11639670127030 2.01626011879164 0.587966882305727 1.41976833727403 -0.204562542423750
-1 0.157428707091905 0.0938403381943202 -0.28321826109099 0.613605753684102 -2.0756828004933 -0.380766348917923 2.05183356332696 0.676024937067646 0.588844785417538 -0.526557505755155
-1 1.89298858130335 -0.236581488526761 1.62007628631435 1.16856322555538 1.5503828950803 0.706783744566447 0.627503748555652 0.950668204703288 1.05224620739247 -0.573107951709552
-1 -1.34404416473565 0.900336897394629 -1.55013401722841 2.25888303530309 -1.19540199362510 0.381747014520058 0.227081700789933 0.88949291155859 -0.932358631396195 -0.0332830271654314
-1 2.72774147206096 1.41256164088465 0.236754649239571 -0.413345152844642 -0.580375619992917 0.185030000593975 -0.52405751707766 0.574871422985157 0.898240054569239 2.27952721017401
-1 0.0666150639289029 1.26954005082813 -0.892025016516278 3.00416705153690 0.912416804901211 1.15559293393419 -0.294328051206807 0.398049730219348 -1.37340985889120 2.65154814830063
1 -1.01698125811753 0.71157952965029 -0.109941721517019 -1.21103708571155 -0.217548132405038 -2.16935762529342 -1.02352130733780 1.73107230014787 -1.15708033013574 -0.885300045472643
1 -0.722833406842772 0.341190029484555 -0.635347794642136 1.50454286938985 -0.242451830600930 0.639746783286006 -0.202659369018992 0.904632961296765 0.462718539940626 -1.46663570863266
-1 -0.359960673310117 0.869636567357534 -0.0585481588325151 -0.0814207195863572 2.35910881312458 -0.426979774356689 0.64116339255538 0.613920048654487 -0.178954869581745 1.64217017615049
-1 0.594455734366467 0.170954234447682 0.57480439675434 1.25401336803309 1.17804153062024 -0.0531471385593443 1.01922412921887 1.13928149975963 1.42877318417040 1.13594460420649
-1 0.89056955012762 1.99258597124109 1.41424551923724 -1.72596798501274 -0.285225920307357 1.73848878080523 1.32417215745102 0.51410467963759 -0.278451536983146 0.796267004181043
1 -1.88159155583837 -0.821652933731407 -1.24041768014115 -0.144059366343026 1.78529912637834 -1.70877229026716 0.078864755942889 -1.24605804919704 0.76100976111522 -0.114758252212902
1 -0.165692752854445 0.659298830376979 0.603369889401363 0.316061668199037 -1.85580442309885 0.729489158372041 -0.219428641775419 1.12315832094350 1.07499039807151 0.969241573154029
1 -0.44485230210693 -0.864921725835406 1.00541089508234 -1.76322703699254 0.42472731673724 -0.851776503503546 0.498004184970547 -1.21459196694774 -2.23941697473636 -0.630295535251387
1 -0.173703307583903 -0.108984914849685 0.57419217643081 -0.152234335587650 0.987855745687443 0.166377780389401 0.846778535788765 0.893822234047278 2.77427766834364 -0.0979622513998785
1 0.845434819764113 -0.563568826813613 -0.859626479255143 1.38933182684931 -2.27912917978722 0.184525657874697 1.21204714340345 -1.71728323534991 -1.28175944880663 0.993290385808615
-1 0.192731575339256 0.609504817170428 -0.079509621109078 1.35850444326597 1.00424884288989 0.65212776423972 1.03616866161803 1.09962919253209 1.84726533919360 0.551580436555928
1 0.0359801235286828 0.468894736142203 1.13508168361063 -0.434933789676261 0.945995245424398 0.34040242041334 -0.380624824020865 -0.299611922720935 -1.16173833795049 -0.790961617574725
1 -0.149562660678063 0.498691894423355 0.504499239303127 0.727015664609266 0.198445446733134 -1.52406000617584 1.66164280625685 -0.665548380140096 -0.557974290626836 0.106346666781694
-1 0.0572067355752272 1.39392365869872 0.247941308604025 1.62846204604665 -0.535935303091222 3.08218072210734 1.12067643305525 -0.144693774238438 1.61240126451927 0.405685888259199
-1 1.64309978267391 0.3272818269097 0.039995591058528 2.45619826512947 0.874122147776133 -0.579865326789115 -0.175518404806459 0.482655171766034 0.819773820106742 0.479156917237199
-1 -0.040105609825198 1.45751865965317 2.07202505688102 -0.75245735198547 -1.17449895524730 0.62730616567376 2.35680617189976 0.86686508828042 -0.821917746884554 0.540061301797384
-1 0.748151067112601 1.57224282312792 2.47652838207754 0.698096829391105 0.87181509403452 -0.404305963760137 1.17097082514407 0.686432978318425 2.36466437820085 0.702303890220918
1 -0.495153255368596 0.79468614506066 1.68529315109114 -0.668547409707419 0.57146414848966 -1.80415124480548 0.629318534649317 0.191846103100405 2.20903710190362 1.08325776037440
1 -0.72552783518882 1.18025748837041 1.69962651398949 1.16746541498630 0.118494975396079 2.80163949126219 0.425368274230707 0.826144932687087 1.70746688188307 0.0879862079568313
1 -1.13261961219769 -0.537594207671435 -1.05666093148672 -0.114156826771317 -0.736424164365059 -1.36002663494016 -0.0254411507752255 0.61307094276901 0.40026894130747 -0.919763315302298
1 0.25675134202358 0.98659899387267 -0.95202943606356 1.74818900563608 -0.91035754959433 -0.740407976189913 0.518568872833623 0.323601707798907 -0.916015422040203 -2.88156532540235
-1 0.571753339399295 2.71515604411497 2.21896493708145 2.69678465875795 1.03985595812404 0.490035826220184 3.05110799495477 -1.18973042070907 0.613376469836367 1.18073345787057
-1 2.02027862270906 1.38269491687017 1.55237449329667 -0.544079874852921 0.28942521254277 -0.188046666769801 -0.759612476043566 1.61296134385994 0.404356191372826 0.429326292069764
1 0.0154348264062433 0.904961800909044 1.77376047542185 -0.103679254428647 0.0944388732980376 -0.0574813385490484 -0.177431171145595 -1.56538054905077 0.758971306714031 1.26245873698198
-1 1.01009241154345 1.3817027549674 0.502624495889979 1.99092411814364 0.945626317676504 1.29561415835469 0.185657248314068 1.59631012122623 2.08659143143960 0.291927209603458
-1 1.51020868784572 0.135700920206061 -0.00681890282551223 0.97077841190375 2.02402394830469 0.0176954380883113 1.63438526170435 0.00463257541674866 0.301711491457917 4.24341523733105
-1 -0.414694577672644 1.86983809164336 0.185297066997146 0.83995557476462 -0.222595650306226 -0.554930555781262 1.47383782015679 0.661886923563395 1.92591533804085 -0.0992371533977768
1 0.323496233952816 0.443833932411216 -2.48555404082122 -0.61999209639124 -1.64724993261765 1.6340552263235 1.93698263908390 1.04375519851109 2.01082906508328 1.81357568834078
-1 -0.171187944201622 0.186071696692852 1.85559363425002 -0.970124079985573 0.908404087825163 -0.748683171330705 0.375966423231987 -1.19616817419436 1.89871478379864 0.864713964879438
1 -0.0171817970535753 1.15669271288212 0.576757302696833 -0.797872123116653 -0.308069103581297 2.29295511132763 0.707943712832739 1.32758495929647 0.0802907379922596 0.220581185953427
1 -0.0412764689479506 0.778126678010162 -0.00783451361711932 0.0633862787842794 -0.54274643284477 0.538093615970291 -2.04813812471168 -0.895731859008727 -0.258571544041715 1.90982393445169
1 0.170031592889151 0.595343769573894 -2.449333183396 0.072671791160774 -2.68245714461472 1.63616689005117 0.112093265138243 1.3859413094249 -2.04167976034887 0.99389506835224
-1 0.393293479572053 0.414170829168051 -1.43719700402672 0.516734112395159 -0.578781723234133 0.120273011148467 0.0383637397272636 2.17642107320909 0.358772041882078 -0.308369472279748
1 0.790293383757384 1.86063900153878 -0.367814499261699 -0.328163206224033 0.922516928135074 1.62922986830383 -0.695869490587606 -0.775852079393363 -0.299935103882926 0.65558095020192
-1 2.13428413730929 2.03312950180380 0.894872777769393 0.723315179906215 -0.147415411497120 -0.655061812255462 0.574785900360855 -0.896658414005209 0.236478612902073 -0.302690676567646
-1 -0.156560152985297 0.376668828168306 1.58295759020787 0.0913204501790597 -0.994933044691504 1.55984444196667 1.34990942764101 0.836175912423568 0.775886686686841 1.66866995133912
-1 1.38766722132064 1.37156932323020 -0.351369668031332 2.96450203391417 1.26651321667567 -0.323562508414939 1.34373965990944 0.511780170734773 -0.21049499908758 0.0534016446791449
-1 0.437987132657139 -0.283183587825722 -0.441692006094326 -0.773850002110155 0.222716949562633 2.32969120670374 1.57338247510195 1.2492285733884 -0.061606248517974 -0.47879000692095
-1 1.79031398860152 0.72516632440606 1.48685390785805 -0.354843136366464 0.469480457309947 1.27455261178351 -0.226311864626072 -1.05459142379217 1.96761559107436 -0.162885545811657
1 0.438024373228847 -1.17231499300022 0.605686555327754 -0.795017952956818 -0.193222738199137 -1.37269470965357 -0.48350589236334 -0.257166681832134 0.828820681886412 -0.807644814212763
-1 -1.03108522427087 1.32287013506456 -0.810162599433297 2.03034351284512 2.13083054481552 1.38919412774141 0.434839967903727 -1.32701737840220 1.59243579000059 0.41807203467062
-1 -0.0908050531865089 -0.827360664328762 -0.309049109602065 3.27636325920831 0.501437967857738 0.922081165450931 -0.0527996108344018 1.10910387568539 0.385686973482605 0.796948658673593
1 0.911265192019474 0.841235976475146 0.77635136377613 -1.86721305780909 -1.88574244104728 1.71985419630612 0.78133745796715 -1.84926468287327 0.609049862552867 -0.934492002378431
1 -1.39933745528444 -2.74587927754357 -0.213600287713509 -0.9544419071196 0.256986983798037 -0.361957304357228 0.215367316366763 0.909384234886752 -0.330139646678606 0.39697625358975
1 0.993032277478621 0.282869609187294 0.969337688937545 0.266327469815822 1.17219114971955 -1.08155812381345 1.64035646066814 -0.377810038029848 0.432870449524526 -2.01293872311494
-1 1.03840886142800 -0.388890420969680 0.0104932069363544 0.0597329305291506 1.99083566453403 -0.130062367567630 -0.089671625133142 -2.09503795860267 -0.312238319459221 0.715884501482403
1 -1.18230692487046 -1.15995497414722 -0.139758791583568 1.14568334701699 0.991074870337903 0.465381479410178 -0.442217298208097 0.731072086065304 -1.7341639437359 -0.352770630619984
1 -0.536971315946382 1.10692734690144 -0.899663069221787 0.862937511088526 1.79420156302296 -2.54129921896678 -0.610015377731921 0.409656317137482 -0.407074789399878 -0.598308263046697
-1 0.48645897307895 2.04157625703373 -1.51303490688262 1.24773807765090 0.894231769526879 1.12116968091456 -0.0903550680596477 1.62337104840080 1.67404191096162 0.443631033151262
-1 1.93025964459313 -1.79849363630443 -0.37168501173281 -0.302600662806933 1.95461490018676 2.44030190531263 0.66157865884265 -0.120725316471890 1.06388292078591 1.23603166618514
1 0.317088203001386 0.402946806596901 0.59126444510022 -0.874991591741735 -0.0798470827149393 -0.984393267124245 1.63367850543022 0.0664629422061889 -1.67493248867542 -1.81369132083881
1 -0.0147925468223937 -0.252689204088451 -1.43350413529943 0.491328600948219 -0.120413537301837 0.152003169358888 -0.394771199078983 1.02495337957577 -0.130192368891408 -0.468682375365906
1 0.206489042357163 0.599714109941815 -0.741788002630958 -0.498376786704492 1.29290624857915 -0.291023628908835 0.66797065194129 -0.838912415681968 1.03617236640878 -1.81604420331132
