-1 -0.710861847962403 -1.17929224884725 -0.237295729334538 0.991940652194972 2.05024603994357 2.00204013474011 -0.223445881003940 -1.05852963301065 0.214701439995904 -1.13941256828466
1 -0.781769648475524 -1.48403972110488 0.0577355990344001 0.441172545682898 0.580232596252865 1.14329572377679 -0.182439517018871 0.835462276029127 2.41316813963069 0.236416932771006
1 0.466414119959412 0.376111684350518 -2.43522132530519 0.363123373178882 -0.530123787064995 -0.230693331621475 -0.00829492997565968 -0.320994532022337 0.526779206657416 -0.278991400143062
1 -0.302860058123943 -0.272787901548603 0.140222646410867 0.558959615680838 0.913272414022451 -0.364304652352229 1.10585849951097 -0.255154802210055 1.01077080333782 -0.172668813171499
1 1.87107741994002 -0.506358574077428 0.805974290872366 -0.72432212515865 -0.29304719745087 0.133654509463012 -0.4927540515446 -0.0169187258420714 -0.0479955777940116 -0.280095330084575
1 -0.105993763420279 0.702097300310667 0.066080548056668 -0.242253317626230 0.389436777764023 1.48841582898612 -0.840975827682793 -0.593494572112993 0.911900607103967 0.0328259096937798
1 -2.20190274138382 -0.971293679274384 0.186060153197299 0.587224290802996 0.710688060553327 -1.3976942666666 0.0986223163685583 0.515921829130834 1.05419477461031 0.863263178858831
1 -0.44078005896487 -0.131071989177228 -2.77988059921541 -0.31870762233606 -0.480191228597412 -0.0574810483704885 1.19206826117169 0.485784471129946 -1.45402917929969 -0.681495662387084
-1 1.20671021485713 0.877399937832816 -0.195951321164246 2.73922841624802 0.666037517553198 0.85957385079609 0.891250234293324 2.045522932081 1.35649267098311 0.45279176917723
-1 -0.771613711438153 0.0856706605086114 0.619378337840736 1.38441899040773 1.99265052474044 1.76213428805133 -0.203448970898287 1.28771299803838 1.76212130973835 3.10707087188105
1 0.666224475460023 -2.68796777206709 -0.470528558682603 0.436339028071908 -0.318947704660781 0.80831228817816 1.43522175385280 -0.889353377020853 -1.86303754961538 0.36886686314336
1 0.65774692047083 0.136164947157905 1.29369620635974 -0.450382851369633 -1.63547134670389 1.50813632049882 -0.665876410672926 -0.488368792356281 0.551087457377961 0.988298778361375
1 -0.849986039601546 0.266096877396965 2.05315862581831 0.546749480032171 -0.463508134537645 0.0146385610334233 -1.07913747674916 0.317096576491046 -0.65827592969176 -0.561811677091172
1 -0.419857789063977 0.919553990349015 0.920526776420465 0.181095810919916 0.0198965899040827 0.862325555319233 0.279977754643673 0.781211961262448 0.357827802766010 -0.124291515998974
1 1.47772358269394 -0.708422437904875 0.402157641048156 0.0478716471326268 -0.134911583778052 -0.955144545801033 0.825291431907251 0.546649404356822 1.94482427864869 -0.358831086175218
1 1.02781235964563 0.139873879969405 -0.242781827242591 -0.113110316616975 0.52509488729544 -1.54377950151443 -1.77624326710326 -0.50534438196172 -0.172855273955083 -0.81542710338491
-1 0.259068653130610 2.47315629610975 -0.883370966401527 -0.875158671393106 -0.873183665003907 0.831671614936007 -1.22091530435298 0.72474814410644 0.87627676839458 -0.399615847215025
1 -1.26547979318792 2.03606248613792 4.17802257616915 -0.0161462632035793 -0.110104973332888 0.166326111307044 0.297987928451003 -0.893484077771736 -0.209124900523897 0.0899429971570426
-1 0.863147817673932 1.86035698613923 0.194896600895982 -0.0571915886461861 -0.297025522870741 1.74456998604007 1.01228218831520 -0.915874503473837 -0.0441794539554834 0.799680225232224
-1 0.0373710442337815 1.19840125778023 1.68929981845580 1.12061086043209 1.53459132603566 -0.382169810069124 0.424568107240889 -1.29723843939476 1.12566455095175 0.896131932652626
-1 1.59728687745132 -0.137211550722594 0.296700296053496 0.47475241247865 0.0926960666776487 0.125313800409391 1.80099072192742 0.0668783318634889 0.062523728571332 0.412911068457444
-1 1.00770743042875 0.702760886096464 -0.225919950800666 1.23104709911504 1.94383980804013 1.20292829137876 1.88914716026692 -0.0408333840510819 -0.644712145185118 0.944969015922085
-1 1.42780873920742 0.39353701358355 0.0478767814958927 -0.327518112300562 1.48417503214840 -0.972269108349504 0.658715699727704 3.16535902338607 -0.770879044427921 1.01398487120977
-1 1.88494635584237 1.50424921362588 1.54380353461240 0.091908496172109 0.308814097906201 0.301864210847434 0.226133162606356 -0.332832995239588 1.11716405162349 -0.562243941530008
1 -0.441985432592612 0.682559934834938 -0.0759928644550199 0.548238337557639 -0.331367984702403 1.64784043187349 2.24813112985062 0.703813762453156 0.0620793554461931 -0.330159013368845
1 -1.13131324214231 -1.89412179383069 1.31153537702915 -0.384641967404073 -0.332070885174251 0.155820380220478 -0.468801409128561 -0.134172513806500 -0.186562569469706 -1.63875044094202
1 1.87059474364027 -0.327588276166259 0.618149696496439 1.09350785952516 -0.282936298854676 -1.20307678536063 0.417013096745332 0.0113526702719177 0.896320577375123 0.689963208007244
-1 1.09266242829289 0.80434710473646 -0.000224956372949059 0.0343371117570327 -0.306970171800985 1.75794685127252 0.387440468428166 -0.157939959647322 1.38550507467287 0.728731031982607
1 0.794302086605273 -1.75714993022732 -0.406611891699645 1.86765793847130 0.298617076411152 -1.70955559847347 -0.838191068788573 0.751303912930221 1.13137420961651 1.39463294470761
-1 3.00365135523012 0.116832430198206 2.52713399819749 0.486206918259565 -1.25998540333732 0.163038511777715 -1.25368317411767 0.714782473287298 -0.720177100039713 1.67208795245097
-1 -0.23765692202195 1.31836663729981 -0.105209671014803 0.174345167634595 1.21318990948489 -1.99722307589023 0.539877386007114 1.11312115796723 1.86874054492068 0.713334882205977
-1 1.09554281834189 1.54548362577777 1.65021761170531 1.00321144114219 1.26993494632357 0.318410995316067 1.70720688031442 3.63729637414548 -0.166443178243874 0.99178997735497
1 1.55176215550282 -0.0800865193934946 -0.591706324051732 -0.138387808164562 0.886427494586368 -0.293638599710687 -0.200810746756536 0.756459053551768 -0.936262444326607 0.227505623101067
-1 1.98202404593589 -0.181490008104342 1.58353765909449 -0.0412123824407743 0.437267737285678 0.374359541557169 0.485903396187951 2.02933449765614 1.09235845987647 1.80757905290610
-1 -0.207009068841086 0.98350005982743 0.839371395266842 -0.829321946941995 1.40515101609467 1.45518441338832 1.31633457581398 0.288923845654787 0.793712930728734 1.24023813392691
1 1.13234909981082 -1.25493043464591 -1.12115750603298 0.835305899173022 -0.632185369466945 -0.475015773837796 -1.49656551401697 0.971113072764403 0.0686088885534534 -1.59526001108422
-1 0.63155680519594 1.56088114640041 1.90796569712646 1.73387878037282 -0.374913763034182 -0.346494131917046 1.04061807359061 1.86596848579476 2.98176813985797 0.714190966783625
1 2.07338829550214 -2.10026404450135 -0.935423274964298 1.79356518249502 1.83519410376389 -0.451139188302933 -1.43092689899371 1.97612142681294 -0.379998834491981 0.218689968630412
-1 1.90181543432495 1.43103744552623 -0.441924759600782 0.375401491356807 1.24889390893072 1.58283122787743 1.59453631397772 0.786913896363545 1.07780781085831 -0.0372046991935912
-1 1.97558600349150 -0.695492180028897 -0.934936621312745 1.13048028567339 1.28380958331129 -0.0495689369940128 -1.93385669616296 -0.532991602107535 -0.598005035829746 0.710671239794382
1 -1.89547764926466 0.00725322265180779 -1.02683956071535 0.366959470814117 -0.0580209589048776 -0.636118849378609 -1.35082834037560 -0.394134625799234 0.192167982426542 -0.396267828443623
-1 -1.37513823534760 0.266295088115312 1.2028645369978 0.163805534774553 2.45690802772513 -0.942658034879585 0.271826425655389 -0.888964289953543 0.200143418318559 1.28777831591769
-1 -0.442717423068017 1.68283901997903 0.903335846190316 1.09066172983585 0.487969579463196 0.698592287957063 0.903394066870681 -1.79374710532512 1.65180575850181 0.716437065133047
-1 0.166903161033882 1.02639150752939 -0.423447277000368 1.28969951039499 1.84522363950962 1.24704937076812 0.0597461086400599 -1.23072591660994 0.985878655116542 1.63211885404281
-1 1.47142036849960 0.539441576228514 -0.536327862931573 -0.00546146269986492 1.38224427899405 1.46507462429917 1.17245008248657 0.428720900948471 0.559650196235431 -1.29497867173857
-1 1.30129288274704 2.42279783673230 0.856920002765292 0.788244112859366 1.6005059619121 1.71563550213431 1.47537195999357 1.42355342947051 0.683141366045536 0.144979829649035
-1 1.35989381068553 0.584652422645481 2.80554171486051 1.40490318136020 -1.80910243312054 -0.454027556848816 -0.82052297425204 0.908183952406463 -1.41390634353549 -0.414330686667315
-1 1.67042858248745 -1.03083767497215 0.959470775493247 1.12214220673519 1.10520118221323 0.0553780065122116 0.0427466681892672 0.153080444217185 0.0406000184944173 -0.195471127505905
-1 0.381698458326697 0.97114693074928 0.818325662382753 0.81381179627629 0.342544335976409 0.97454026448195 2.47672496744905 1.75429549473663 0.175860897584217 1.38102276567027
-1 2.11744385967357 1.26610316752883 -0.7420809017232 -0.273649802056763 0.774457891912439 1.02819650761775 1.28009317549251 1.21087192643928 -0.130209147830179 -0.346558768722375
-1 1.35087275588767 -0.0760070625082956 0.543871905573098 -0.0977896888670856 1.06765563845770 2.97011384937435 0.693150162156735 2.96917430964746 0.50703202579669 1.52978759549032
1 -0.130950068245263 -1.75800958762223 -1.53373097283316 0.493391194575594 -0.402422044525287 0.723644982971797 1.31069524767149 0.441747144918662 0.285867222303506 -0.443586752491473
1 0.260112701530039 -0.500179927355758 -0.516462253020391 0.354486876767838 0.507464192968378 0.0380781749987345 -1.29912666212318 0.984142824694531 -1.43613047521963 0.336625138004026
-1 0.966494927526738 1.18619066572677 0.396294924417395 -1.61346822512543 1.53067685507523 2.36051286533371 -1.00858109318454 0.893810199735853 -0.687465638846426 1.70110518340600
1 -0.523781217908843 0.143215917894429 0.283373103675509 1.11187699352914 1.01678157385438 -1.36958860144396 0.807930053525897 0.442238097923127 0.200128402583260 -0.280809598991598
1 -0.447994377530189 0.313669527902465 1.98888963734066 -0.675480795698011 -0.0875208182402612 0.229126752649127 0.160381586522753 1.34432886690732 1.25225795192083 0.578099375309888
1 -0.171340308510750 0.640119008246401 -0.00959352976984756 -0.226059754368254 0.653702005327553 0.00844536549323318 -1.35086197392643 -1.09537046276666 0.376871543797779 -0.356706893351153
-1 -0.722378095402235 -0.494997241393681 1.9851656996449 1.11735050494454 2.48678402846589 1.61616844370886 0.159286930028668 0.318402423552119 0.451374157038135 1.07674818826771
-1 0.79031002889573 -0.291479889041921 -1.29831619843394 -0.207996088547036 1.16778977854184 0.532729805533705 -0.0396527351159398 0.0538768906522833 0.356817403143689 -1.79901637472131
-1 1.35564529252817 1.66591378326139 1.6881193195053 -1.12569997478209 -0.158354189080452 1.73524876527232 1.07349584910798 1.38888928054866 0.0954968610896766 0.261466306803184
-1 -0.629743745422637 -0.479687029543796 -0.0167902775580551 -0.003212616531443 -0.523090107130481 1.87432834845610 -0.351768748857032 1.04462030966684 -0.241549187612860 0.359645070030303
-1 1.34213921245503 0.668876929065785 0.265151634155039 1.18557648875306 -1.05368386694728 -0.315621158881453 0.0850369918302762 -0.121783119725335 0.757118307892219 -0.219099275206327
1 1.35929750228415 -0.409742674558153 0.80410376155716 0.940678393235683 1.53382119428041 1.04221162974431 -0.428912377407036 -1.06355313100009 -0.328045709830583 0.408885858783063
-1 0.504707215131306 0.229653089659010 -0.176766459890041 0.288110269928874 1.10160534508071 0.490355621800969 -0.536975239869604 0.671125959290676 1.23850924881965 1.66440312091077
-1 0.137197666915086 3.5205776988036 0.801164601046331 -0.876107412142931 -0.573554303312232 -0.800524176899773 0.54971966489266 0.365631853057337 -1.01027564101834 0.795222935041098
1 -0.241185755626854 -1.18463167854132 -0.00666358081090841 -1.99118864625967 0.94090792573884 -0.82797633553829 -0.276309097326797 -0.460564996125341 1.47887200533803 0.582621616966114
-1 -0.514320826317438 1.90172863728428 -1.30994148999077 -0.730693791863217 0.263424808167632 1.13589589720689 -0.41996374545914 -0.453676194466485 0.190749763428877 -0.0927540690466937
1 0.78463872692431 1.56409912546951 2.42221291542851 1.08598694796675 0.158918797774429 0.17083055846818 0.952866187374987 -0.0186263187496031 -0.509946750871941 0.0836158332122283
-1 0.0941599950362855 0.585730382003491 -0.592144481685735 0.188568853097439 0.308582997239699 0.769311315418244 -0.0461925820327845 0.934267802020919 -1.99061588982866 0.610668896659967
-1 2.54113660100024 1.06146619736807 -0.00857204966931546 0.849704686820124 0.414601264005823 0.489110522321128 -1.23588677416487 1.24893235132887 0.637440022394179 -1.76041184935284
1 0.505696683502149 -0.0244036857403163 0.264226912629221 0.963067618434383 -2.56736610716214 0.93928247370078 -1.23539191873179 1.65789384117551 -0.114614868985522 2.04340647451004
1 -1.11268139174491 1.38183605284393 -0.093072437271551 2.32411849903349 0.559492504356204 0.937696706563083 0.96251975901856 -0.800919946921317 -1.80460517980112 -0.57426258518429
-1 1.43683799829487 -0.391052190135282 0.0708723130552276 0.92480991299437 1.60673866677359 1.12603974686761 0.823394380072752 0.138869377554941 -0.313337401102247 -0.141654540446317
1 0.218302279824003 0.668563749507617 2.26290526651025 -0.482476162009501 -0.0182559841198414 0.933506423728237 -0.0230321335126968 -1.15945528049770 -1.06444325273807 -0.0690086112835125
-1 -0.0524255008352633 0.815784667566448 -0.47356844961793 -0.560422001925747 0.643183067836708 -0.830654828934673 1.03951207203329 -0.46481009978493 -0.112035858501596 -1.46909408359289
-1 0.109632449547530 1.647469649872 1.43145184612864 0.98259935715952 0.476960366284202 0.520284687248496 -0.0251392529658420 -0.225261316104359 0.699277702094476 0.982700176385032
-1 3.04433818147061 1.78150289974994 0.116434661480336 1.11119502626367 3.91270117069308 1.78371264002895 1.61926519548927 -0.427390928645805 0.363603319577744 1.47766403569412
-1 -0.212711626486230 0.706871138481613 0.373361281656172 -0.462329222893718 1.94440259842014 -0.535505050143027 0.087062054915027 -0.862287327973996 -2.0935486289541 1.97297027536119
1 1.24416268287379 -1.18392061173547 -0.127782793461419 -1.29075604034213 -0.0615231956450741 1.60288997596107 -0.0559084950888067 -1.15930914253338 -0.0747888452026746 -0.343907001018904
1 0.739192305057539 0.0583532350735167 1.20707913864702 0.767207288425209 -2.01433780506398 -3.47091365476308 -0.673331138983675 0.469179993275006 0.126263351663566 -0.57908040129931
-1 0.0922480690015607 -0.179821494914442 3.14991636927984 -1.26412830544251 0.250660852488705 0.607046328261472 0.0131883424788541 -0.541590011864828 0.472790536727092 0.520453676942099
-1 -0.247286358064657 -0.477552746484208 0.0191382401403903 1.11236430088564 1.03634509930358 1.76218275338313 0.609695977039118 -0.194013119757819 -1.97359263428703 0.332673085479454
1 1.44837181408884 -0.853921605359003 0.387864609094253 -1.62359650365944 1.0251713617823 0.356515753693124 0.0258015899063140 0.0840824989070436 -0.207219973515186 1.40202664628001
-1 -0.196114136971654 1.03418016212811 1.01170001200161 0.355278805844259 1.07685715273305 1.45634706027427 1.28822512342204 -1.33174430580761 0.663889965302537 0.507542961598162
-1 -0.92154200030632 0.54789558751607 0.986136801778081 2.22814448389264 0.609188168835274 0.381377198088855 -0.394987417373561 1.27248008680064 1.81059860925506 1.32361939709298
1 2.35044939665422 -0.492896479803418 -0.363405092895634 -1.72569518477375 1.93782017354190 -0.203875861790441 0.652154613307488 0.986362577507879 0.662304726664776 -0.501378084806834
-1 0.0939111895269021 -0.821662230008648 -1.34996348176777 2.36562499204891 -0.92780901870382 0.334782910357353 1.15178087567886 2.16631097722743 -0.376353913647197 -0.453932606251629
1 0.705713927419048 0.366418109773062 -1.56604407757978 0.853999176192994 -0.241449788316748 -0.611688583527684 1.39339012444953 -0.337970186014663 1.70976832347919 -2.27687299577911
-1 -0.464527982533791 0.448401530020794 0.892271279798728 2.20790272020349 1.14821255439136 0.170656116632796 -1.20191841145005 -0.145491865221078 2.31960616858112 -0.880097836776485
1 2.43526950095317 0.379412606374138 0.0153460056515217 -1.21722791907700 -1.92602609835866 -0.470444164461273 0.201216129926925 -2.46631235209246 0.646279410600121 -0.551873890052981
1 0.975766691383089 -0.39701772194459 0.224237940633108 0.68941604563328 1.40952018041119 -0.507958180293875 -0.0111814947362974 -0.0754898614963355 0.427296237560122 -2.43231534496353
1 -0.879338240623798 0.479344264950031 0.696956377895668 0.288680198937481 0.0874245698635722 -0.0745667956695674 -2.09413154315972 1.17719312376149 -0.341044459527615 0.881268208856728
-1 -0.629896302831483 0.240299671852108 0.897368075710406 1.10709638436148 -0.553888631803018 1.20495539108615 1.70247372630754 3.39722108103173 1.33170081284343 0.866725290343586
1 -0.319860081096101 -0.785724049769171 -2.62127494701475 0.631633774067617 1.61583612216413 -0.0206470084036073 -0.398950149637542 -0.853687603075453 0.710788102073764 -0.260493829453133
1 0.0670738565488803 1.40182829333990 -0.104115544515901 0.529008898248377 -0.793550218921827 -0.284053022045029 0.953124890290996 -0.233880009619615 1.3225720211172 -0.670635822025787
1 0.22559819228759 -1.0518703548332 -0.958186978655476 -0.455921988052227 0.600019886573734 0.29703955608589 2.00213890564913 -0.58875685061009 -0.295138440902796 -0.730224723593513
-1 0.709502306585648 0.278657843041923 0.000548966412130647 0.542101603596673 -1.11263131507648 1.72607607508142 1.18423892483450 0.115609185366056 -0.206707962657898 1.02201903588450
-1 1.45106514533435 1.66128615562228 0.0447525361127429 1.44220712950581 1.94043297568539 2.38054686413228 -0.969107315055588 1.13460583981849 0.37894603653697 1.70748943405498
-1 -1.11307981460358 1.51697889848372 0.384905082540156 0.811098678671153 -0.558992533953337 1.37716431761671 1.97207313912445 -0.675165794635196 -2.06235534410728 1.61557613906585
1 -1.58695083522487 -0.279583413736002 0.169108257174289 -0.0174834883434266 0.786672727298183 1.16921288587963 2.33382592844825 1.02439223132163 -1.55414776362203 -1.41438533216163
-1 0.243530212234934 -0.483522789617148 0.0750537750365381 2.28319138003931 0.321992751192216 1.20494675933757 -1.51814026355310 0.345728425503307 1.60670925506043 -0.483956706792173
1 -0.230614834966717 2.18532349736416 1.01449000537911 0.973636257830146 1.41886607690986 0.917433928324454 1.35464795063839 1.38397479515152 -0.940135289063124 -0.452347499457715
1 1.89007965694232 0.192428234594692 -0.219022724044557 -1.73925286387583 1.51297982256077 0.762351705530914 0.179876844639490 0.297233718660673 -0.378504486714168 0.848403369780616
1 0.0420885385412052 0.0213892386499722 0.180021151603944 2.22407294810922 0.291996310347138 -1.02623822234596 -0.852656413227914 -0.0198075915767528 1.32255735825579 0.321359016606518
1 -0.848257866372303 1.22508280211665 0.556938043909153 -1.18912058612463 -1.09946334938568 -2.21303960928009 2.25556194203851 1.32542453796352 0.514449566634111 1.57788910836739
-1 -0.0141286181655904 1.57919702899585 -0.891958776584597 -1.72163568812404 0.58342401660028 0.590712385524138 -0.720984318906152 0.238397714384277 0.541988863666006 1.05160029244293
1 2.85358746546504 -1.36217372377006 -0.881946698669528 -1.98116286878359 -1.07732152413065 -0.622910161480451 0.405560540980774 0.268604844578608 0.553771133174776 -0.443109323003528
1 -0.836429406631172 -1.92957203928961 1.35673794395093 -0.94325434806635 -0.914164380695578 -0.252518063276502 -1.31031543548705 0.100195520857113 -1.62082627111863 0.770064112391926
1 -0.240600310971728 1.21386625636501 1.17566908258462 0.201932525811258 -0.433166186666839 -0.313690015783921 -0.136585593362604 0.563774050978809 -1.09168429842473 -1.21845393948145
-1 1.62847289769223 0.0907659712788296 -0.0182345540149005 1.26141722393109 1.71577028432601 0.569025306891751 1.81893009338130 0.086364890028693 1.01120820176073 1.85071210719670
-1 0.595851590431378 0.726144760121914 2.12340367788573 1.11093803666751 -1.41254988716659 0.240369289484157 1.40979202805962 1.55055934376845 1.43049678086721 0.770834785838701
-1 -1.05972595686551 1.72336752993433 1.59680826441932 1.67775049255354 -0.13904624333883 2.16371552963075 0.361733284709317 1.35818701429725 1.88560419856970 -0.262327221246304
1 -1.1166386717856 -0.420298207622577 0.254704908393067 0.735425140915561 0.723488935217482 -0.911564359931546 0.27652341674435 -0.405457700925008 -0.822287542929663 0.667592455249505
1 0.387739245013433 -0.201549834665795 -0.738165859293165 1.09248304519669 0.123254036454982 -2.28027726416253 0.744428354901822 0.755386554936509 -1.40050802710969 0.692089941795368
1 -0.227729761883996 0.092638807762306 -0.690572888601052 0.892921867616059 -0.88519040020979 0.599919532138064 0.168599344315013 -0.975251100337253 -0.972139344947556 1.01707906340730
-1 0.41424418222751 0.802231510532388 1.21765700815285 -0.389223501704621 1.15225611784695 1.39062641255309 -0.0982601952576846 0.166417965096662 1.91390063884252 -0.622094128346768
-1 2.17446434289145 -1.06366805964894 1.38282648464299 0.684943536005955 2.5930355843271 0.644725724395819 1.18767951820560 -0.78505589352686 1.76220679236617 0.431077784751664
1 0.381498581636234 0.93706537072286 0.85535439895972 0.170269123318787 2.12488180238539 0.95479882783487 -0.230122938943505 -0.524618160161609 0.261887287254115 -0.269007830235675
-1 2.24769750457026 -0.0253615061989186 -0.189648709470426 -1.04011100809945 1.02252416844788 0.521141974818897 -0.296914262895073 -1.74653433567865 -0.796282694765175 0.951449493058332
-1 0.603546606721257 0.188402189475760 0.128258770896305 2.069139833298 0.00450583617167344 1.39673989552213 1.46232967961089 -0.428718469238219 0.353168564222347 0.315130362315563
1 0.654283548100407 0.134380754760731 0.726847765868278 0.370843573997655 -0.321024096799107 1.20552637749152 -0.201396991794911 -0.500971014720175 -0.732792598835111 0.596160416392517
-1 1.53141967942026 -1.30537317152812 0.708335537884201 0.188753751784328 1.40769115962309 0.973506860545779 2.31563684013272 0.472556266550628 1.82240626865558 1.40551304387911
1 0.0641668864605655 -0.599972158223792 -0.352239022455661 -0.343914688690548 -1.51882159739641 -1.97249452000498 -1.00066954409995 0.370581743242654 -0.233913054159902 -2.02421106748652
-1 0.443744638540075 0.0297042924306261 -1.13135800493675 0.443062000126161 0.301044498689722 0.695006764255218 1.50003602998649 0.594067594958985 0.90807918291554 1.18904957974310
1 1.76965495117644 -1.31433710641817 -0.876504582305435 1.08598622387551 -0.0666860972458267 0.768998970078676 -0.36958114722504 0.224167573178531 1.82937476324603 0.140916387966234
1 0.645440491874803 -0.821822674466358 0.645085202713904 0.390795409237135 -0.652923513678209 0.339701621532604 -0.445382920765202 0.480905572329021 0.855611345645278 0.980266725170085
-1 0.9669611701396 1.45555568023578 1.33822661568562 0.201446170735936 -0.219950271102647 -0.0413809197355292 -0.389341443121657 0.588853393782352 0.624602740422662 0.179983536066670
-1 1.42241589748063 0.62404748852701 0.461571355203624 0.439070850798251 0.994744427830003 1.36081886968056 0.0472880111099814 -0.874326531926822 0.429493493661458 -0.470576137822068
1 -0.121335436906675 0.0187937450226542 0.914311710963638 0.250184025288309 0.994255235723322 -0.369389484317271 -0.631793547658959 -0.836136764951931 -1.02225118843891 0.199658688879731
1 1.54007937913891 0.0150578838533539 -0.693724370485522 1.89845524171201 0.799872532101201 -0.310727117135978 -0.508948701790838 -0.00361313519238381 -1.14145802005037 -1.39750551646735
1 0.890851387192402 -0.618538597912672 -1.45295503825672 0.380498612552404 -0.634555633559684 -1.44621718317022 0.24015408632244 -0.829948129567137 -0.199521451367663 0.689323705385953
1 -0.540707663224079 0.141828063973074 1.8270582055649 -0.58580073043522 0.164759794186804 0.68639714131908 0.104523019157022 0.574729338913733 -1.03519806191574 0.308534728327311
1 -0.0905241072577458 -0.136591928692153 0.857371620586918 -0.541149939207694 0.293523564653662 -0.535113611417306 -0.500497186620448 0.0058233383211235 -0.572379275401265 1.34266816301630
-1 -1.10827682843859 -0.986088937429599 -1.25475860540940 -0.418211697594438 0.44408997592191 -0.253501728893309 0.403180777541135 0.615465937625011 0.0226143192134334 1.62049320650037
1 -0.979768828629517 0.73379148164071 -0.77140956649627 -0.448999311449199 1.44522807429878 0.68989413669709 -0.808648655358405 -0.560064391250275 0.866526097717333 -0.959865329168404
-1 0.685236245881248 1.35397631341198 -0.304531431433412 0.55480663558399 0.207291345640775 -1.44227350285931 0.0336745276414464 1.53429453200277 -1.12227138443156 -1.39891366865128
-1 0.102526407446398 0.734646097007574 0.986730220351347 0.412458519014335 0.251284529061715 1.12386874157473 0.617968015364017 -0.630214087642616 0.572212911006691 1.23585128383784
-1 1.24305012056422 0.648386306170837 -1.00973906135606 0.77557154286434 1.00867090258621 -0.797472099244036 0.289456374403566 1.00830722242108 0.859820217579849 1.49269199504308
1 -2.05945681265418 0.771308846877654 1.28306473301282 -0.325521415097692 0.235697895934860 -1.22246924437760 0.767242209625692 -1.32374849059899 0.794794074243216 -0.636871219831475
1 -0.565985264454012 0.747537956919905 -0.726837215230395 -0.301206137434705 0.0882027284559921 -0.754744782299577 0.677569310017856 0.131469869543537 1.14617439171156 0.097592331913397
-1 1.18864482999485 1.96309107072048 -0.206387558196048 2.71897948224316 -0.857691588761614 1.84560483464769 0.134048494464525 0.954950218183166 0.82715561286504 -0.750731170757522
1 0.248392606970387 -1.94029567306791 1.15831110988130 -2.70417815573765 0.243958265818310 3.60608398106928 -0.454603997323455 0.702144248167844 -2.85694806652662 0.504872724699097
-1 -0.483938797305336 1.06381963653529 1.32582395202581 1.42112320403779 0.76557296837207 0.597814362641225 -0.211348086800852 -0.0614043450265561 -0.149612812535885 1.13874797751862
1 -0.543466442664358 -1.56149313567988 0.0294236510643864 -1.41822882837484 -2.04820791798877 2.05343327545203 1.18788125020136 -0.0617267125760804 0.154206228665251 0.971255610981335
1 -1.25010585610493 -0.977734005979662 -0.745020040735769 0.98123690859761 -0.390772418903802 0.332083420238871 -1.84734363468221 0.632123083164152 2.32055116977349 -0.378806794310072
-1 1.19341675892014 1.21908307357213 0.219804809939993 1.12326327392863 1.69454461600794 -0.00529840302943752 1.17893374627454 0.241683181925051 1.16094097825055 0.433388331237106
1 -0.578467630346572 -0.117643628000679 0.208266567591868 -0.474819188066893 -0.703507054358313 1.48864685088329 0.431060220569378 -0.239837421172162 0.872269731595072 -0.542608259063866
-1 0.69048151732357 1.63917198597465 -0.0814649624311128 -0.562169322635352 -0.698349292607998 2.13044281472824 2.76145525422398 0.316086209568376 0.0461853733872507 -0.849927987900123
1 -0.530286406448632 0.811073044423695 0.135916934519817 -1.07709885772390 -0.775567512698148 -1.10841445587710 -1.08599430001333 0.426215026076989 -0.279684234940119 1.49672946328777
-1 0.814784533950954 -0.181992809180725 -0.371806095197567 1.17109315656912 0.716159411265934 1.57373426609658 -0.100869120879511 2.05108067695558 0.689689765772992 1.23578588118153
1 -2.73631253507535 0.886496818092411 0.891957877788926 -1.02950483952456 0.651372909924511 1.59995524387504 -0.405527697547901 1.22554887095599 -0.803702259582847 0.361088616326771
-1 0.0285368111928997 -0.822615459243073 0.981733515034184 1.70968272221384 1.59227570666827 0.10400604509333 1.84234614184533 1.10361371814336 0.69817474892358 1.51136037893083
1 -0.371213356172297 -0.900264894560232 -0.942017250882186 -0.825140040222002 -0.172440749059382 1.80259816119927 -0.381779027821221 0.451660716887323 -1.03748200439997 -1.90194668271445
-1 1.15112392582000 0.81111349377538 1.06190454719016 0.683024229125092 0.372482853683817 2.46674966403693 1.69713424953600 1.79737257894176 0.725529665871107 2.11926119841621
-1 -0.125275147145496 1.38665568461717 -0.599007244709847 -0.119264975347441 1.02137914930756 -0.889758679119369 0.893353908221086 2.49830468115408 -1.04203492826496 1.10041481011342
-1 -0.0967228818969008 0.397070968823860 0.689609221781614 0.728896610146153 0.69063083638631 1.24912480032815 1.22261101363956 2.41597648859235 1.32277883603622 -0.137059286505108
-1 1.30898307553299 0.770007371500635 1.80747654309641 -0.0528255582683422 2.38512166694829 0.240166670055426 1.03181849992863 -0.154182975598362 1.41608761050761 0.501889005837627
1 -0.559318601133601 0.552115720733256 -0.471151530111090 0.690858245826802 -1.98525137609402 0.557838388838832 0.755732600333315 0.586087346012882 -0.0903962677274583 -0.904704648775277
1 -2.03449365092335 1.09529930868069 -0.574029897817043 0.375430232048699 -0.250819199003387 2.0288753155651 0.86510176005159 0.257815698669686 0.859814659208076 0.729599585147535
-1 1.45943440315655 0.901199970549514 -0.62152960035475 1.04039718267805 -0.180287663472285 -0.216993351605484 0.658089626090858 -0.419438420018597 0.992703357144529 0.981700489431504
1 -0.294340959469349 0.110089698486782 0.985949607559621 -0.0907774832530925 -0.623890682320633 0.682838383909103 0.939297324655145 -0.0561782807603971 -1.96402912772693 -0.492521783043778
-1 0.81385553927475 0.750318018031309 -0.231720860680271 -1.555756175206 1.26770059683519 0.132367850523121 -0.0655943198370015 -1.47017697935225 0.510788039814134 0.490422758191006
-1 1.88103298317677 0.7671445144408 0.567151921378188 0.273969129332518 0.198530526578394 1.02150389401424 0.491739566860337 0.166947035627882 0.566702277960604 0.496202628958968
-1 1.52422088210593 -1.25162714652346 1.09410334689663 -0.145271930775105 1.35842234565155 0.866076584876048 0.266146999392499 1.12402729830625 0.998367307691355 -0.427156734260561
1 -1.070261911196 1.83826750968908 0.683177038227783 0.107885739216300 0.226356575049900 -0.77712385013559 0.704377370453837 0.401536705994468 0.197815306813331 -0.852648442802415
-1 1.61876118606966 0.770644935383273 1.20989760946619 0.202170081554966 0.511320277283523 0.669267742295363 1.25193140941624 0.638158237833326 1.94096462854458 1.73451937924837
-1 0.883616300903358 1.02298933032683 -0.129787767028304 -0.941658151515033 -0.499820427626475 1.39023722903984 0.200783131572496 1.16315036586383 0.492549850093359 -0.70755115501877
-1 0.392875573845752 1.53827061460945 0.892400481459872 -0.364687973782458 -0.419939040570667 -0.466292667435242 0.788991261011094 1.52651569970489 0.763164678867314 0.701478157676064
1 1.49827711036298 -1.04914940450998 1.58522842942256 0.941739845236621 0.304854842271645 -2.06542527887893 -0.822635057473112 -0.277886743821816 0.51642872191387 2.12709857282475
-1 2.01939197925746 0.506727757356461 0.496287583936024 0.752044185577795 1.38824975431867 -1.42593068145775 0.667412819486278 2.23887254409527 0.761420931791539 1.71634845353737
-1 0.194095658546201 -0.216768158829140 0.379880735718129 1.37372536459562 0.496164470390448 0.892471094053534 1.64667550882823 0.504901323344567 1.68250022399839 1.09912564803249
1 1.65813322157364 -0.0872773537804835 0.813667596452206 -0.320594659424765 0.59589377335036 -0.96494479677171 -1.27148408472649 -0.81869750286694 0.435892993695899 0.688543067575927
1 1.13538393827665 -0.347300960051107 0.0938252065191263 -0.140309305142882 -0.97299050658446 1.24861526891319 0.474464161569418 0.519153763161547 -0.202033683108960 0.147280877266370
-1 -0.261653410281602 1.36080366479637 -0.0973416821666968 2.51581276604885 -0.529229354406912 1.27703103109221 1.49414306521842 1.10428318722009 -0.589829102408124 -0.153532979746508
1 1.72373007978634 -0.929320440172618 1.5612640576851 2.31489191639076 0.88927326684539 -1.53712263189294 -1.5319262777082 1.57741437948341 2.31950134310914 -1.06618240100021
-1 -0.456702764632188 1.32899691304702 0.607682872818518 0.750916220233899 -0.114212294551936 0.494843663989413 1.24208244357405 1.4053961271395 2.58247699708866 0.699891163655325
1 -1.85709617035092 0.381566120255011 0.0825517666127741 -0.796953299308395 -0.0239144168881878 0.705144112749384 -2.00804170589603 -1.05693927346737 -0.75906100425561 -0.678080293171312
1 0.0410865501385725 -1.2760244819341 1.36316421465214 0.074127540980256 -0.0969466107857771 -1.83358785914417 -0.250990023873979 0.0873176936164982 0.0158769684825049 0.00999086057344332
-1 0.711828899777434 1.13240642231742 1.39558447813295 -0.661401131608397 1.23406677304612 0.544927635309087 -0.180067665348007 2.92241933031077 1.60326304925885 0.604344846164082
-1 0.0693394712196901 1.32467591972313 1.41457544446785 1.05789913551715 1.56193698297576 2.05516618732334 1.73721478426721 -1.81794095266842 0.771755834595121 -0.786599762391123
1 -0.425451757793048 0.406370031878376 -0.158582671681069 -1.47138686329878 0.63664257344006 -0.435336431176863 -0.0507963633346257 -0.148374851121862 1.30503290833135 -0.784150531481165
-1 -0.484503451631326 -0.0280076669412123 0.793621489478686 0.529124684257272 0.742171040947299 1.01526034416314 -0.649815696372716 0.486227084126808 1.36920658357885 -1.01094907564535
-1 0.0259827929535694 0.713992488831092 1.90186011706605 2.20525620728789 0.716148173114436 0.201810477303542 2.53326371731925 0.734440883113447 0.614067829740621 -0.417529776509496
1 -0.0587149087972009 0.449666315899884 1.01165656819283 -0.0897756781287076 1.22392018506341 -2.19380860099782 2.12318183542221 1.62260972107025 0.254603929047324 -0.205153079504976
1 -0.0145683355219567 0.949649753119912 -0.405797594780984 0.113214186797917 -1.45144370684888 0.640257340088487 0.151205020769594 -0.766985219138289 0.0734340724498066 0.864747440024453
1 0.33917691780393 -0.636162302817322 1.14640289606458 0.718738639787391 1.45953125335074 0.523467589011438 -0.906016512268898 -0.838524523510804 0.623428008322156 -1.84410071919297
1 0.751706541236207 1.40286429629172 -0.613814617311707 -1.13310548330401 1.20937510045090 0.665195347639703 -0.399121524865508 0.151098720959831 -1.13792206875159 0.126385515927862
-1 1.73026110593897 1.76141520599867 0.165602160050328 2.18979021050651 -0.599988762483049 2.22202891486127 2.72254487784033 1.53936915046698 2.38798041706823 0.995504766919305
-1 1.14968596940196 1.16529358492692 -0.938699396611371 1.22653282680989 -0.324714149634352 0.393363414348918 2.68469619545902 0.209962852313613 -1.0201144670772 1.03502651514755
-1 -0.356594277434839 -0.162315911636162 -1.34602271620016 -0.873823142181393 1.99961614703802 -0.187289139937788 1.42050501235474 1.32817029768934 1.11656670134170 1.38427043450623
-1 2.05406906247914 2.11800315235395 2.64478267150990 1.06470126136357 0.384544975816974 1.51525780351916 1.7077452280803 1.57367934023935 -1.09668170206345 0.0599059534511499
1 -0.144490042087196 -0.935144584490906 0.805673154259868 0.166330745541957 -1.60986990363510 2.08007183946197 0.54577448750297 1.37939161024983 -1.03897182145897 0.329080517260784
1 -0.354831040777538 1.20549862608756 -1.12514724782098 0.282013973425977 -0.121907947098607 0.443190283350749 0.798922152246903 -1.68551091487304 0.500569213038648 1.22292970245238
1 -0.0280886442865683 -0.565563143334542 0.341399971058222 1.37879907518781 -1.31443182613349 -2.36599213408661 0.209832031160104 0.258447863719405 -0.0532097113981848 0.168567863701627
1 0.680232333932614 0.446667334746258 -0.365036497366245 0.684584257715111 -0.106155591874180 1.12731715300099 1.51506457928000 -2.32201437120589 1.47724203501865 -1.24684996692784
-1 0.00467252614599734 0.71434558724628 0.581305933601144 1.05626482728387 0.127517986426081 0.409082152217502 -1.23731319423278 1.03693625559504 0.983132785809405 -0.552296627739284
1 -1.32788844716428 0.73872823372985 1.14472993282365 -0.98001220655216 0.72640336444675 1.01658360855440 0.545840055234439 0.475446336811967 1.65846028548300 -0.245408944120427
1 0.533917201829557 -1.63232485503640 -0.774625525915476 1.05802916532116 0.809442352032846 0.636194185530075 0.146607259683452 0.979566699625028 0.0343735214461503 -0.0308393727178901
-1 -1.02922585341424 1.98313434412465 -1.16844789493798 -0.0788148565431744 -0.931930618407096 1.14237808720065 0.906237294291947 1.61905085020916 0.411002460613591 0.616171522843959
-1 0.0905419283778544 -1.56192969517140 1.64250645550624 0.621885810905405 -0.629301788402337 1.22192016746777 1.38616257872432 0.708759920863778 -0.0123783181917333 0.666285146131834
