200
5
1 -0.503263492743978 -1.64225733007527 1.35623975312815 0.233032499477989 -0.174879635363256
-1 1.56270293810742 0.436964116329269 1.9970065082552 1.06729438546926 0.0536184894305592
-1 1.30935741703312 0.902764024987512 0.524858252276146 0.770144918212988 0.633843522687661
1 -1.10258652032454 -0.492604030146002 0.00236162594879137 0.339733388067186 -0.154483564367023
1 -0.934963349819576 0.974156673522764 0.253669236181857 2.02528957708842 0.16646998670009
1 0.628738392363445 0.472708537078308 0.763669417502386 -2.00825978054768 -1.18552569994875
1 0.709766263405435 -0.853406094692432 -1.57534972741901 0.219051022050872 -1.61728739171133
1 0.673234202949668 0.296665640412096 -0.749533165587248 0.158533084793123 0.407815098457454
1 -0.828976958194805 -0.0880867290398792 -0.972166789343194 0.997915925316925 -0.300863153262618
1 -0.361530677689848 -1.35944286541648 -0.286420929257666 -0.074224027696949 0.174113702318674
1 -0.327182377327153 0.264205492470139 0.533780010206748 0.538891072101328 -2.24728635328529
-1 1.12659203862115 2.7899572550696 0.618959714142899 0.717683712739582 2.47607081075208
-1 1.49990275565776 -0.360965843762765 0.375222587183058 0.595712084752908 0.765643249943287
1 -0.292993908564273 -1.77656970687758 -0.725402003447577 -0.879674985713905 0.251274702281331
1 0.865791837445835 1.21024669890113 -0.314255109132421 0.425360152867556 0.205137559050135
-1 1.34452183145763 -0.847996778232696 0.952586332759398 1.59819365078179 0.271602452748381
-1 0.873880193228665 -1.20761145132265 0.336753883536203 1.84660529552612 1.68411575610289
-1 0.682017732094799 1.98314935087430 2.67202281675205 0.587914056775286 2.10551718705575
1 1.21372253648127 1.74543481286416 -1.56285173266857 1.18886427200357 0.361037049153859
1 1.30251637504833 0.743500375142516 -0.947850688406784 -0.463000577904443 -0.275390195132291
1 -2.27830959220785 -0.233588485791764 -1.34775338404773 -1.91719667920182 -0.205367654913030
1 1.43326557155765 1.63023943158473 0.767939956664215 3.35055578820963 1.68624109870998
1 0.245241542976614 -1.26414998115255 0.403030681779356 -0.447974610316003 0.128933823193014
1 -1.53999300604911 -1.07955939511126 -1.54264759641337 0.549728090875944 -1.85594695907867
-1 1.30551126083787 1.14803419511272 -0.0578004168107277 -1.23904509296713 0.847880275089894
1 -1.39546342397013 -3.36572126009179 0.418054183095292 0.0747032421708643 -0.05379975508598
-1 0.0704990234329257 1.99885372568634 1.71851745959903 1.26985782828035 0.799885030845396
-1 1.13903305277438 1.30124413063281 0.783644457838938 1.18740073871427 4.17816741006928
1 -1.21679233053786 -0.175561811461214 -0.137023985469339 1.35133150435557 0.380130328876073
-1 1.21455450536322 -0.65190489862411 0.405598071991577 1.09586590253619 -0.0701971709470829
-1 0.990563629872518 -1.28145253578173 0.178963606736017 3.61490094573353 1.30630394434716
1 0.0939826529118282 -0.776413424635194 0.228961212162628 1.36835011029863 -0.456218491893999
-1 0.98181377605847 0.111278215247818 2.17342289374822 0.0517125569112920 1.60106822198027
1 -1.10295975627643 1.44722295540741 0.699185431200177 -0.709433799526196 -0.994078966497898
-1 0.890654541566338 1.08911935349667 -0.332007207926078 0.903471191613599 0.492936480070482
1 -0.156431877588772 -1.47183426492979 0.395046568099769 0.344358875539694 0.611230294750916
1 -0.914838207724688 1.05396506731113 -1.87149907843921 -1.11003203419124 -2.00052179898608
-1 1.70515498078383 1.63508612388821 -0.409732434920781 0.104852341797082 0.829503599022568
1 -0.645922614271949 0.52249790912895 -1.20033774433718 -0.532718147223718 -2.78770934662812
-1 1.03198350786922 0.290948516669569 2.16241928764211 0.234999426235448 -0.314261069495023
1 0.696181931440002 0.995213490936157 0.150693196609089 0.916636742667215 1.82044349463562
1 -2.14951765478348 1.02590257608370 0.334194313165258 -0.793202644034634 1.61559313578063
-1 1.8596515727984 1.68859857445872 -0.128041146512341 1.28105933924336 1.07933526143165
1 1.85691226265677 0.615536329199704 -1.15901742314798 0.994139204674325 -1.19022943963530
1 -0.523327135271862 -0.0141253127800455 0.9629010339432 -1.15037911190782 0.260891836858448
1 -1.04382065111272 -1.08015257583171 0.078805530090067 -1.60555206300960 -0.0899765298103621
1 1.62629311270825 -0.273230931334203 0.843177772590145 0.941919392862913 -0.0163948677278144
1 1.82247881921147 -0.528382360162068 1.05058198052585 -0.555655208938859 0.900874242584034
1 -0.832862108168032 -0.478347981717602 0.759696724687192 -0.777252756786717 -1.44982900353595
1 -0.647453936692244 0.614789807973844 -0.0145094949515594 0.852855869508255 2.21519825828616
-1 -0.0230600754343924 -0.527759688875558 1.79562018726877 0.402321893696433 -0.129787580770901
-1 0.764372483383351 0.111357052657004 2.06573002552819 0.137123042708401 0.689908736016449
-1 0.97068175923862 0.628515232543085 0.316927969317997 -0.122165667140249 -1.17273029871309
1 0.353712528375334 0.650944832988548 -1.57160099644371 -0.372910293417755 -0.736165425694359
1 -0.501128560127626 0.386758891305765 0.148543861237548 1.01110277812092 -0.8264022301411
1 -1.27742148804687 1.50211068141273 0.720854534478719 -0.0552984765853926 -0.28856787285036
-1 1.22267200682883 0.591068776772879 -0.521254659564896 1.28022226997723 0.317312184197241
-1 0.933451128961184 0.372991797918226 1.19060943771132 0.57281445490018 1.46872306992543
1 -0.239784807064726 -0.583077860843424 -0.0587593361623594 -1.64121830977272 -1.219411194324
1 -0.437974723455478 -0.0358780173866603 2.19390230115091 -0.400074023027024 1.15677107506914
-1 1.80755283475133 -0.953747461456654 1.21716162406751 1.71959200342788 0.895705059450821
1 -0.385763071885365 -0.650512892148722 1.35994095221697 -0.565637407901341 -2.38096373964692
1 0.986067222542576 -1.55510072256993 -1.25340338888654 0.8873717058841 0.327274281105395
-1 1.83523293753119 -0.73339582876107 0.560060907548649 0.711976820164493 0.688732774309272
-1 0.629456679366524 2.33621555312868 1.10720166005977 1.20486232756355 1.19922776902836
1 0.718008096506665 0.793762492544338 0.532860857052546 -0.796700855377442 0.951957436675496
-1 0.0820937352365484 -0.870763998776193 0.326461708256813 0.227990257749371 2.83446027976059
1 -2.57910169042677 -0.0930935583060953 -0.081945077998372 1.2163778050258 1.57087174788144
-1 2.88258557496776 2.11201848207162 0.338730413894424 1.55607865359444 0.62055292745832
-1 0.137648414464311 -0.0310200702020911 1.51698179701013 1.97889811122149 1.99560441521519
1 -1.81763893880131 -0.157024493790878 0.638808823927887 0.366573718392444 0.378085829451975
-1 2.05855748775399 0.943104909052268 0.928973357442169 -0.33807921883999 0.399406279441886
-1 1.18686279673451 0.729945968638859 0.244904862808626 1.23059635087237 1.73598838416628
1 1.07678509330114 -0.181648917988927 -0.291878779640074 1.08466892059212 1.87457918471719
-1 0.409340397009133 1.28596526592566 -0.0804433973758257 0.291104956890991 1.52325610515076
1 -0.224169442020239 0.0541880080182771 0.985342703221498 0.0939197299554482 1.25259596400685
-1 1.61594627985248 1.06795999688170 -0.0881752370916763 1.78159635918680 0.852842876732323
-1 0.52208944902177 -0.827083868646296 0.408176164433879 -0.460085294979742 1.07983112814322
-1 1.42945456817200 1.90277405156576 1.18032174565475 0.265503940841707 1.27988591814011
-1 1.78942619763285 0.535217184331532 1.46326567855231 1.09803492555042 1.23083282526610
-1 1.98264839730244 -0.566351625706063 -0.327294208847209 1.27180476126723 2.12060897509516
-1 0.310710830499395 -1.00962923457200 0.854529256870219 0.919223736454678 -0.982253274225372
1 0.410779401626591 0.263532458454031 0.616990078492826 -0.92483252528724 -0.111221221666241
-1 1.41530316516629 0.122128980847269 0.41633122367281 2.19735339198360 -0.353773333493912
-1 0.240823992879732 -1.14640748730843 0.921758514721805 2.44091051682690 -1.06386711439261
-1 0.516177428848427 1.64499908430786 0.57306318279407 1.75165278052679 3.00357843412696
-1 1.53767331332145 0.171614310332334 0.823669163167439 -0.125779130340136 0.757643349830541
-1 2.05895272121684 0.833479487836611 1.69173222270575 0.941338245886406 -0.493506819497452
-1 -0.568427149868789 1.20486857082564 1.10874364728369 2.21424426439739 0.2566378117341
-1 1.61944420434192 0.765365400085563 0.363124489179407 3.67308309470856 -0.79432490307543
1 0.36475103026677 -0.114675813454351 0.731107598546936 -0.174497543010424 0.980702744015202
1 1.14067914427044 0.955894125944486 1.05359860244369 -0.544528874471977 1.59124990065565
-1 1.02146413514040 1.57032094034723 0.697495768329439 2.20628864092108 1.00799749912423
-1 1.23209296078937 0.810098519198573 0.621349279106279 0.372091986195717 0.0776972137106482
-1 1.76297958835405 0.320169840351155 1.24256291896249 1.8158758981382 0.73016852933312
-1 0.332908007707982 1.48867805736104 0.110060602039430 0.364238327617317 -1.08089783692983
1 -1.91802189804408 -1.34004774879587 0.489084149307803 1.32352451405589 1.92880756019044
1 -0.103626838020785 -0.57584358429422 -0.616940009024477 0.528537826667614 1.11439577900049
-1 0.547100473872195 1.98337100385534 0.988928917196086 1.66298765428159 0.616905603188843
-1 0.460373909904912 0.952519681055311 0.428944202533723 1.76943258338703 2.71003879094157
-1 0.306993277727269 1.45741506112606 -0.0661442457705601 0.468243865417089 1.36718979417761
1 0.76382109077105 -0.650762784110856 -0.76246676363043 0.127412782575705 1.04664734894415
-1 0.141558899626185 0.267843015603333 0.777816857820539 2.17140689976840 0.062058880668093
1 0.97665849154522 1.54797495743706 -1.84489431550759 0.515515514247574 0.344102939072066
1 0.466029454250391 0.351692400647904 0.196751589027516 -0.24719312562625 -0.522029298004945
-1 0.0508841410903403 0.661938209225742 1.47700142388461 1.55376784528829 -0.572036731325766
-1 1.31027019197082 2.35534686686849 -0.334653708628364 1.55630782796520 1.19526468819093
1 -0.891629936914781 -1.83040351105677 -1.15237374142708 -1.27331700105323 -0.647917402425148
-1 0.645481723828718 0.83748026957584 1.24197610989787 -0.658180999376297 -1.17151115196562
1 -0.0805879995588636 -1.11982946887037 0.113769485332990 0.188190718665222 -2.33647687759379
-1 0.274273054443501 0.71213703159956 0.910240282597271 -0.0203720355377451 1.40125813374112
-1 1.46984444559948 1.28860884803171 0.963686174189283 0.367840920538398 2.40238807128672
1 -0.264787194830126 0.207068811202316 1.72607002785806 -0.432481878534253 -1.92916855489537
1 0.0665865469093945 0.103291648222938 0.617915860897229 -0.200210342535672 1.70299973648524
-1 -0.845315824587023 0.526258246593656 1.05159220195898 2.1723152642511 2.27955148374728
1 -1.52015470131824 -1.02387890194777 0.348581123488282 -0.158180109986802 0.586390709978592
1 0.519130728309631 -1.50621998188997 0.781778113327436 0.190133095004072 0.390798462470258
1 0.111680478170843 0.14492877506081 0.550856846981776 -0.273987765892027 -1.58760716798414
-1 1.19637025858822 -0.532911125372899 1.64734658824060 -0.349855705607341 1.74617248235532
1 -0.531289949942462 1.8846514343845 0.37568684534486 1.36023229615431 -0.116727608846452
-1 0.72150616110656 0.522844084613759 0.553050466193335 0.496937557234792 0.94446934238013
-1 1.20365707043932 1.01452450568110 0.567212021230622 -1.45301304960104 2.54529968860157
-1 0.791182669818081 1.84307205980838 0.263875216857169 0.591430424213464 2.27980507681080
-1 0.871812652861696 1.66906378323229 -0.349694410905067 -1.05710375103258 0.792275872918847
-1 -0.689860999326997 0.769820132918562 2.43966036368334 0.979148815840884 3.36285843616512
-1 1.72779568914379 0.734923807141337 -0.0453877321443417 0.868249917125935 1.92830838269093
-1 0.155802789428000 1.25347741065910 0.283993988857152 1.54561987827364 1.63021971702804
1 1.77973491606919 1.09323656446200 -0.849760468070279 -2.25408600847032 -0.252703289751467
1 -0.271339537764974 1.24078213390440 -0.405721994102515 -1.62338151779753 1.19730136346468
1 0.113163954681363 -1.49823223642612 -0.890421788910147 1.62501389039651 1.35732249935170
-1 -0.401870949606776 1.64531479449340 0.861908568637469 0.922217508706904 1.36572013946811
1 0.354899609790379 -0.657302727785149 -1.48242144774607 0.22072429679052 1.33953943110396
1 -0.0289744264259989 -0.888953744674491 -0.562375541673084 0.341643647752458 2.01207251568468
1 -0.489717371267279 0.60236809843584 1.54061816932163 -0.397809176266982 -1.13905687670344
1 -0.775369625327324 0.347395314467412 1.19500721103798 0.245492573405435 -0.0830436824613032
-1 1.17669719615849 1.24799939201598 0.69118605325607 0.233788388302523 0.279166479419925
1 -0.101076177083837 -0.37571562258859 0.41208322775098 -0.817716307997303 0.604849706142295
1 -1.10355543946165 0.851490766481043 2.14085264303268 -1.25449081507635 -0.339827508805723
-1 -0.160897078608274 0.374030213263009 -0.314527620395728 0.7343093277631 0.97844134581941
1 0.141669877961551 -1.53071476696314 0.291913397309082 -0.88137388796136 0.758171802714194
1 -0.780551160766747 -0.130670358041592 1.85943843705593 0.1442002600077 -0.0622213462064236
1 -0.270698664770780 -1.26527301193217 -2.30638150978790 0.706880688053522 0.75913917750865
1 -0.346549513814069 -0.386305029466249 1.16203207701069 -0.753544762054762 0.0862442824670633
-1 0.636670160863392 0.864294746477858 1.43675088870093 1.04226458757742 0.145307822012904
-1 0.7761915771459 0.170063254592269 -1.59835981684252 1.16486177274193 -0.0130512780256109
-1 1.86287985190396 0.406744133370596 1.1459124096361 -0.804096769216845 2.03484523522949
1 -0.785856156870078 0.559586602977547 -0.773467598637423 0.630326986876245 0.282158504955805
1 0.5559777600414 0.511047918369199 -0.482129277712095 -1.13823462690482 -0.882171391532202
1 -0.988194586783695 -1.78133958437913 -0.721421243438266 -0.093398203931632 0.653061015427748
-1 0.687838593462683 -0.159396310546909 0.890019667827515 -0.0396096454877064 0.614825694551532
-1 -0.352897546948405 -1.54170935007108 -0.6071010578119 1.35400896066926 0.72378242368368
1 -0.300749167462541 0.326790706189775 -0.135435498934790 -0.0214349560742605 -0.108243871494839
-1 0.987501829701646 1.52561212942449 1.58541103990416 1.57393641580606 1.74859209461024
-1 0.472615058498301 0.917327890500203 1.46428036400375 0.354443267242386 0.407763695992303
1 -0.874281657521157 -0.00505689243072569 0.190605885228882 -0.880585506976561 -0.238169443610265
1 -0.237009227551640 1.29698496640706 -0.810425973346451 0.421800231755414 -0.543621569347939
-1 -0.291855313610753 0.664898373435919 0.248847008947964 0.89628051760384 2.18619464556533
1 1.07800303981273 1.45966806163734 -0.136051946145712 1.28778244447524 -0.661600059733058
-1 2.44029721354366 2.04326041805974 1.74930111558655 1.09670489201111 1.51197903053530
1 -0.518748114861561 0.369181523101307 0.123088470546670 -0.811611571264142 -0.190011866689523
1 0.405602856886724 1.10204591491273 0.493254121273626 -0.176846309033619 1.35366079968402
1 2.84053647478609 -1.35493871330043 -1.13456850960782 0.759548376340793 2.76937971154629
-1 1.43859410586935 1.76184218126273 -0.106310165589098 1.30394675210754 1.68186729319619
-1 1.34609514122841 0.674478872079115 2.01191740818474 2.9456140388772 1.00210823332215
1 0.562682765382168 0.778216942878654 1.41243527143068 1.33560952405854 -1.13843569760585
1 0.615637612178687 -1.30516226669462 1.00300690875020 0.833600974772741 -0.428604462600427
1 -0.224967108488345 -0.596776150216172 1.20551437262979 -0.38803540800103 0.00220611715163770
-1 1.17312558867534 -0.705022122897528 2.46891253644708 0.774152277327385 0.759332623362528
-1 0.513292933714179 0.938426686835961 1.03658099107669 0.467515135178525 2.66860106002606
1 -0.900144015818304 -1.24969448557095 0.381642640189965 0.98884549909245 0.0577143677752572
-1 2.36829354545364 0.80694464588574 -0.801017731175172 2.23059876439969 1.26555886725562
-1 0.516050030103046 2.01272511540695 0.682373340005965 -0.398411415366108 0.734011062380392
-1 1.00359569554364 1.09447660937046 1.43678476791230 1.09657600456929 0.248801662710591
-1 1.75937067034072 0.352837229825015 0.895857915941247 2.32608604253425 0.331676266783996
-1 2.03305678350676 0.406337566670994 1.83479423223550 0.985813228749316 1.31782366489127
1 -0.597678009793559 -1.57277871895032 -2.8575720350584 1.77271072843716 -1.24494250051687
-1 -0.212196426612933 2.04194049536469 1.66151385282311 0.600703386792089 2.07794379747747
-1 1.24332425420609 1.0557212804535 1.01469348123864 0.929980807167586 0.855390923909121
1 1.31053432254772 -0.223384760909149 -1.18599184683635 -0.372746796928082 -0.516903186119652
1 -0.644157037894032 1.47303709850562 0.150570894059238 -0.284750314587359 0.0341544074354084
1 4.45797703079332 4.40803774746113 4.52032639792801 4.53490546215926 4.45551218380507
1 4.59242104348958 4.4314241141169 4.43688277298979 4.3648190348693 4.44628908245712
1 4.67039672944436 4.46541482125374 4.53307837557472 4.43008206991624 4.70489831087452
1 4.53067723381658 4.51509838092268 4.4576213316676 4.7296277187852 4.41048752135382
1 4.47491369660016 4.42069703693901 4.31495935629207 4.41923426898796 4.42176543503039
1 4.47361783085727 4.39865589827913 4.54409903973499 4.5502930262337 4.52856623336028
1 4.31137859163947 4.67910342313712 4.31915974144950 4.52005879921437 4.56391602932899
1 4.65099613065631 4.26886302677269 4.13133019239309 4.33004510916315 4.42741313142943
1 4.60377277561679 4.43178311039969 4.5186256773354 4.45437441151733 4.53315404031051
1 4.47294903064529 4.40509658430533 4.73079976027516 4.45711404405014 4.58860145221882
1 4.45865113104089 4.41040861039108 4.59237024203274 4.44326940283195 4.53496058652173
1 4.22452175745346 4.2991873314072 4.34613992267861 4.56645570302201 4.47790183260031
1 4.37444227251994 4.46680706083077 4.47285262364836 4.52065344736126 4.41405549823723
1 4.35684686269699 4.42408681751313 4.42873460056683 4.42340746876771 4.47042693297207
1 4.43659984973043 4.37848646608397 4.46709609761958 4.38861658098195 4.30717009807361
1 4.51930779483118 4.41974099089978 4.51169293554712 4.42678022953954 4.41397276234345
1 4.44983006710629 4.56445646021182 4.4756798263552 4.41777881797925 4.48468136557827
1 4.55246953864293 4.47556804013181 4.40038008768183 4.48675018441254 4.50045636181721
1 4.33632411370562 4.55365287372292 4.31359012814887 4.38729999272617 4.62446985700815
1 4.64509837148548 4.29081778306059 4.36998508789306 4.54815036730799 4.42671821028235
