-1 0.967834092377917 -0.452326287415663
1 -0.472401430094288 1.00819989870616
1 0.263763861253214 0.398736118071868
1 0.530037422824117 0.754510079173493
-1 2.33717463269928 2.06160846204707
1 -0.119690022752219 1.22994909052930
-1 0.429483922424292 1.42247396573367
-1 1.15155744698367 0.94601565957063
-1 1.62626668004348 1.71106827606678
1 1.11260957436331 -0.615246766231838
1 -0.50885115308774 -0.608866450863764
-1 2.9936313065418 -0.412223837179591
-1 0.00516971155833312 2.59153838882769
1 0.633318761901726 -1.10348394762276
-1 0.394729245879508 1.69902888430013
-1 1.85989663967613 0.824668966761156
1 -0.00564139645147062 0.378123821990544
-1 1.04569146353805 2.57015578886313
1 -0.261867923702871 0.309075211207239
-1 2.10268998076403 2.34328200748890
1 -0.266972013919398 1.46989153617511
-1 -0.672609313727458 2.83068340043846
1 0.312773445286872 -1.87551691895413
1 -1.10814909950763 0.0852300064027324
1 0.770405970048921 0.567031030753140
-1 1.02108492467005 1.09287856627048
1 0.848203847159882 0.998830308776654
1 0.749810673697743 0.028488975766427
-1 1.62375172249298 2.66785498428277
1 1.34600624240855 0.0522219638346655
1 0.356073274655495 1.75025308958529
-1 1.84479875351035 0.347847207257703
1 0.932970518524857 0.368365356266635
-1 1.31547193420644 3.22224271891407
1 1.86019211254761 0.542494058927811
1 0.528327830157267 1.74090873475825
1 -0.694215125898954 1.64746564835824
1 0.150339525446752 -1.28842081722809
-1 0.782521459047842 2.00317580602514
1 -0.0313291684067579 0.481111917022061
-1 3.60144355103187 0.84263837182351
-1 3.21824114104627 0.647951509084702
1 -0.838533574456677 -1.28111285858610
1 0.0331266552637247 0.376449274009112
-1 1.56144020817767 0.309687091328588
-1 2.42868713520252 2.88469180168153
1 1.35827177498575 0.293893927651225
-1 0.57883090946146 1.18753267300943
-1 -1.12212911529940 1.52671155974430
-1 1.75179701266674 0.56040894433471
-1 1.93563639205896 0.643683301759365
1 -0.311477202801114 -0.0863702088574073
1 -0.368216287551389 0.295740957852714
1 -0.444745973769909 -0.644465040344518
-1 1.66228698740801 4.72152046665372
-1 1.57967925734656 2.43576873286672
-1 2.21368290790867 -0.348241999049748
-1 1.94966101018849 1.85784526702477
1 0.0492643676379781 0.894966038085189
-1 0.328004648535543 0.064680817486912
-1 2.70271704181074 0.297458628465768
-1 0.230282158837373 1.51675243638980
-1 0.504538627861168 1.05532205003191
1 -1.40244173834681 -1.10476283181918
-1 1.58916564125444 2.06703684877221
-1 1.85370664086146 0.131615095666878
-1 0.851155340468168 0.805121982731157
-1 1.78483462173441 0.267931587190774
1 0.753942252888003 -1.26862661092194
1 1.26947956437963 0.937624225811672
1 1.46456209108953 -0.68908247360676
1 0.532642848969939 -1.27745076332742
-1 2.89181665128598 0.0187518967265228
-1 1.49691305754549 0.63485746494362
-1 1.44695043010759 1.55136153885504
-1 1.69372030785979 1.00722710533362
-1 2.99350992332977 0.450583036956039
-1 2.03736562216699 1.15782940080716
1 -0.888413747016426 0.41234229801151
1 -1.08365418960128 -0.0809015491040606
1 -0.819225666800039 1.56224789958358
1 -0.438007266176375 0.104914637538872
-1 0.82113854153947 0.148784389149637
-1 2.72494174374881 2.34316844884599
1 1.11575093310710 1.42623314092683
1 -1.22259229437526 -1.41783362664941
1 2.31791416675024 0.86026554944856
1 0.966640523488778 -0.0285206217991502
-1 1.46384960711604 0.991967145009099
1 -1.60136765319012 -1.03198949247216
1 1.52354783483417 -1.68710929928648
-1 1.88493042417011 0.86975720099637
1 0.0772992204108753 0.358696614257194
1 -1.60252265401966 -0.627171778850564
-1 -0.900931812812407 2.26938719765238
-1 1.85035746253948 2.45664242094860
-1 0.0441854088245486 2.22072786555000
1 0.393884860744539 -0.509060594701209
1 0.474823832085954 -0.689190962684628
1 0.52979410210415 2.9315204795733
-1 0.500832468694098 0.748056470237573
-1 2.21659528811265 0.931783741405853
1 -0.466239602651493 0.798022927051597
1 -0.262697033836886 1.33702745808288
1 0.212315943169912 0.0243193812513624
1 1.71261518934801 1.13355062893537
-1 1.79300269708916 2.11963513248871
-1 2.17864986733089 2.16346254864772
1 0.160845396569600 -1.13248015506722
1 -1.1642615901752 -0.821093087387733
-1 1.56970674029338 1.93726466711521
1 0.678925020922061 -0.314619866672464
-1 1.67648935532161 -0.438647758958156
1 1.25047026190577 -1.03886405964610
1 1.52142678089044 -1.04012964802327
1 -0.695328533458467 1.10495031160764
-1 1.46924261570701 0.204929531328089
-1 0.853259756629236 1.05976535701689
-1 1.24009538737370 0.612197553353252
-1 1.02753882355073 0.376918087640842
1 -0.299455410401299 -0.423073933876378
1 -0.0968255515596244 0.209567279714992
1 -0.209239832610668 -0.946216858354312
-1 2.73225980792127 0.255773956094924
-1 2.12871966913172 3.02807391728636
1 0.647210699096837 0.426263191820190
-1 1.21208515075792 2.30775027149506
-1 1.68492121174875 0.469389696683233
1 -0.0588831233635391 -0.316587117575652
-1 1.55623368930500 0.562229801543592
1 -0.415970303370471 -0.913928659129278
1 0.4027916546435 -0.33352670633572
-1 1.38711332085847 0.304882555127713
-1 1.01766237821486 2.02472626363655
-1 2.02207128126712 0.484466230614507
1 -0.74255648600108 -1.50564237565742
1 -0.167577285978204 -1.14976216263511
1 -0.116010578952537 1.53322326999854
1 -0.0737736758341131 -0.110376642991235
1 -2.17597596505170 0.453182464428357
1 0.482327278967084 -0.443621083930308
-1 1.85522427241566 1.58767856910808
-1 2.13307396073948 3.07100499862249
1 -0.354242685343429 -0.869211433077971
1 0.836880069038523 0.289477533406105
1 2.68062157715911 0.893717566983905
-1 1.09414597468353 0.785920348794792
-1 2.85858258688577 2.37108543902270
-1 0.846635091372867 -0.23846846831122
1 0.214141591218634 -2.54700363932056
-1 1.77964476587061 -1.47340933855919
1 -0.423775689179283 -1.10843615944624
-1 1.27777902996056 0.370865948129132
-1 1.12725944895593 1.94255329802546
-1 0.384207412666477 1.68736309210760
-1 1.49329029330291 3.05781303396982
1 0.116527618014764 0.846958814249515
1 1.54628371570626 -0.253716800512384
1 0.18614241913542 0.838250284100465
-1 1.85287638040206 1.04293555242612
1 -0.446813698117539 1.93356365441040
-1 0.490303385547007 1.78618875568166
1 -0.92911249309536 0.25104344226203
-1 3.65275913358623 1.60881268058043
-1 3.68322676162764 2.08857645855676
1 0.0709484711046583 -0.678497704999139
-1 3.74005913429043 0.277228686134876
1 0.058927642444904 1.60612244856033
1 -1.65720980831148 -1.11385560084158
-1 2.30120489109833 2.21222005036563
-1 1.30789634288907 0.743568786035727
1 2.47848257623904 -1.52837003009880
1 2.08330008748487 -0.945645617460661
-1 0.851597694582344 3.01075901533446
-1 2.06821962702721 2.01630557248286
-1 2.01109944411065 1.09592197783749
-1 0.239302634241763 1.03888408952082
-1 0.38549226272021 2.72976321185998
-1 -0.234424652619086 4.66226069233126
-1 2.48740342563027 2.69722293757739
-1 1.13066622413104 1.49522020156266
1 0.535228277991197 -0.669230620351932
1 -0.401927106256117 0.889756082202876
-1 0.852071280184782 1.55946217627603
-1 0.345494943192051 0.760030535577666
1 0.195514942537887 -1.07358721964057
1 1.27883629770125 1.31529198619094
1 -2.58957398315686 0.954608886728357
1 1.01651340356875 1.26679870804233
1 1.58737309266742 0.272000193802642
-1 2.24171863422838 1.60488810488078
-1 0.804894411524306 1.74446440127575
1 0.201573408342935 -1.86298071456246
-1 2.93530447231445 3.35120311071629
1 0.402470973616887 0.0504740934411854
-1 2.11715409281488 2.51913896209761
-1 2.02694464238908 1.87828203880948
1 1.94259348115092 -1.72472398639024
1 0.338138697217522 -1.27644838806559
-1 0.449913087062564 1.40339500265666
1 -0.529836437095748 -0.192583722127105
1 -0.381842092696400 -2.35811854061209
-1 1.82301186140535 0.474190075209749
-1 1.10379798931378 1.05574192941945
-1 1.33431713592565 -0.404107492067219
-1 2.47379293053495 0.877852921302869
-1 2.61433226339544 2.07282847228528
1 -0.0804134458124041 -0.39046255380965
-1 2.24816807300020 2.12691423568600
1 -0.910362533547404 -0.272051761894756
-1 0.977719784397197 1.73478179705556
1 -1.40747106698676 -2.14753693787546
-1 2.73025014561588 1.98440332258295
-1 1.49019899985737 0.773508959955022
-1 0.665630422433616 -0.0945023842952293
-1 1.66589167568033 0.146603905745330
-1 1.19854003746833 1.71760302156422
1 0.671171414901136 1.46896450220360
-1 1.49135494053065 -0.866623887217734
1 -1.22187178015571 -2.16216168889061
-1 2.77750406623203 1.62322731980435
-1 3.18255442553645 0.244062945831522
-1 2.26243083213176 2.03156533532650
1 0.724641778851841 -0.0643769509912722
-1 0.256709933001404 2.72558877245109
1 1.41481010302393 -0.0589396515282604
1 1.90162312594709 1.36161573577515
1 -1.55338079090966 0.0631341283720895
1 -0.186734976278599 1.14443370729482
-1 0.434009911843631 1.14928558540264
-1 2.24772681898876 0.146556022313878
-1 0.689817696953883 2.01208462542276
1 1.56773821599243 -0.782429756182589
1 -1.27461871360661 -0.752280618166033
-1 1.52319684780436 0.445831458113435
-1 1.16969985132251 0.396692829241635
-1 2.04968014005698 1.42190634161056
-1 2.5636255429709 0.301841524469413
1 -0.0398510135411883 1.18866247924264
-1 1.31971994595183 0.529493885194706
1 0.97711476523623 -0.224599325371439
-1 2.15265992129315 1.46895915581942
1 -1.02544341758094 -1.35384058990866
-1 0.650917774355005 4.55419110002707
-1 1.81197889647448 2.38935445167367
1 1.18295889090554 -0.762668294104621
-1 -0.119890343615503 1.94432923346789
1 -2.11032831254170 1.01638500754364
1 1.41995220255300 -1.73390075121775
-1 1.54334974397156 2.83516993216448
1 -0.0076219977904166 0.548863445052075
1 0.32641248137564 0.15337588862323
-1 0.385884157654062 0.344846535266117
-1 2.35602688676463 0.466008210607863
1 -0.0729002501164483 0.179176950358066
-1 1.46308657423316 1.46233422924759
1 1.00268492966394 -2.08271165978247
-1 0.552060521955574 3.01111932315676
-1 0.495788998472537 1.02288702917133
-1 0.439785876264462 1.22783744473555
1 -0.611633564644967 -0.218484663104074
-1 2.60170276985743 2.47648679275667
-1 -0.431742237903008 2.95326245470682
-1 0.252084945624428 0.695179840092246
1 1.45495529455438 1.28855950024937
1 -0.926267726015494 0.240811004592858
-1 0.629677247717703 1.15383706342140
1 -1.28190278790195 -0.673551116130893
1 1.67194523965492 -1.46894830426290
-1 2.91310780985262 0.883156415998986
1 -0.630245551663612 2.36156096202325
-1 2.42216551113355 0.347311482229197
-1 0.841751708258446 0.968032593599101
-1 0.334533765657486 3.65533812258548
-1 0.567076893770887 2.04830762655216
1 -0.444317656213452 -0.521492541859479
1 -0.229713298982776 -1.53302106741854
1 1.74001090178425 0.304233877741236
1 -0.329228575099971 0.546695252046989
1 0.0687661497809795 0.544836056297709
-1 1.71290248600779 0.574203494869477
-1 1.70543259948798 0.088431425548933
-1 0.185738882150220 0.082996723734614
-1 0.715608624209654 0.212924308360204
-1 -0.176718947237576 -0.0568667819025757
-1 0.98492070348735 1.88791670188987
-1 1.09350650733864 1.57109718903155
1 1.02343492473517 -0.00508969885789142
-1 1.92296904329222 1.23683805005498
-1 3.32716113185717 1.21532258691989
1 0.476754806702856 -1.41889270975105
-1 1.30523376833063 0.487482996457229
-1 1.61953655998095 0.863728188516413
-1 0.916580415109624 0.873338984032693
1 0.472244059723986 -1.43452330131237
1 0.43259810197448 -0.999270256293825
-1 1.98071982688135 1.97152951472820
-1 0.333869618179347 0.941890149859684
1 0.329288806539089 -1.75961085327159
-1 1.75662784666589 1.15825933230666
-1 0.196390186790300 1.39440400415883
1 -0.535704534978821 -1.72656774874047
-1 2.27039230746398 0.555269108411277
1 0.230222449276037 -0.0898249060103199
-1 0.95202335904371 1.51862439522913
1 2.19144009203244 -0.272956401800646
1 -0.473583751902185 1.04967694255977
-1 -0.423040203685251 1.30885948793923
1 0.234371701723684 -0.239463822548016
-1 -0.0482252519558166 1.09245790321293
-1 0.0776833169179507 -0.197397612516780
1 0.0118351288118679 0.320816634661213
1 -0.579284953637019 -0.427302333360675
1 -1.10860670221013 0.367021323916199
1 0.406901804694254 -0.127080921556137
1 -1.0027335283567 -1.36014872538896
1 -0.757686227490541 -1.26240461602725
1 -1.7838207230791 0.999354161652221
1 -2.08985299513281 -0.997664057168562
1 1.46294140591321 0.816079099161265
-1 1.91732550658981 0.579785511560285
-1 2.74438314827098 0.0617677574840509
1 -0.359411021237524 -0.884968264387162
-1 3.24690675928274 0.926573960674788
1 -0.094197237822608 -0.537279004736421
-1 2.13938226226994 1.9895473152247
1 0.187358063724785 -0.129192620068829
-1 1.05076462350210 1.89972205658529
1 -0.817746037072056 -1.10429332636562
-1 2.7226464330919 0.748493519924509
1 0.264222317562504 -0.338541932325797
-1 1.93777162057585 2.03124882087521
-1 0.732299811717428 1.12291882071685
1 0.877328149978156 0.741321748535354
1 -0.933435739101112 -0.329835897369943
1 -0.725307474533803 0.98305514683437
-1 0.870359433346591 1.01937374682238
-1 2.30013596326197 1.26897229858174
-1 0.465247876542384 1.33756692320799
-1 0.472340158939653 1.11995563873397
1 0.85138280358107 1.68524169741193
1 -0.159169948281424 -0.849412381948981
1 0.358900335379939 0.469704427736119
-1 1.47301842773219 1.9848915713742
-1 1.82392786363226 1.30106768991153
-1 1.79788138430657 3.12643820346877
-1 0.388979490191725 1.45341027321640
-1 1.24987068285484 1.10074333963783
-1 2.16115787801472 1.73784469881283
1 1.90664849432021 -0.995498399849135
-1 1.01917765145709 1.43965037219358
-1 1.46273287770862 2.20280827743148
-1 1.89470378464900 0.866518598256933
-1 4.80559484313696 0.272616977585643
1 -1.35265280599672 0.175341893470589
1 -0.150677866836485 -1.33134538556056
-1 -0.0385514707713834 -0.87113277434852
-1 1.72754130684706 1.8348394350253
1 0.36765276183829 -0.376786989927181
1 -0.74923899498096 -0.413086101274789
1 2.05145700099485 -0.544308374840602
-1 1.44432955585681 1.43064861621864
-1 0.844276362337073 3.39211091906441
-1 0.661277482454024 0.825338706604908
1 1.64633738857943 -0.781844391915149
-1 2.50748997091012 0.966903838761617
-1 1.90664003131187 1.59649673192894
-1 1.22474826125248 2.03293632724627
-1 2.65001502205314 1.86885354705240
-1 1.71688324865492 1.26901017385905
1 0.0763009434200722 0.25675880736891
1 0.562103458546999 2.17300537180093
-1 0.829234710288279 2.13513773160217
-1 1.25867046294915 2.72472159903142
-1 3.26666148260399 1.85914055348645
1 -0.234232806405108 1.82777520538788
-1 3.15037153436896 0.493007303862402
-1 1.72796917572120 1.88364532739447
1 0.498327962767098 -1.34029081437160
1 -0.890514837819857 -1.05565767849814
1 0.719256977910144 0.995480120434527
-1 0.803518388838275 2.68676417612142
-1 1.18509085120781 1.94394689876940
-1 -0.288559119095022 1.99286765836451
-1 1.41179919635713 1.41172679909446
1 0.281652188208557 -2.06535456797449
-1 0.602995566368782 2.56915614767264
1 -1.55158931367381 0.0489763736313681
-1 0.215959090847510 2.26081383633416
-1 -0.150808940264936 0.980378347679969
1 0.488650059500883 0.283123592620210
-1 1.73216786294455 2.57718208837232
1 -2.03939877979732 0.096308456395775
-1 1.87074117306906 1.03908476155647
-1 3.13614133321402 -0.494235077091368
-1 1.32970183466449 0.462409722546588
-1 1.18165633975612 1.04490901218507
-1 3.65650463865282 1.54867035970573
-1 2.49048292748970 3.75155778669587
-1 0.396118178593309 1.41232766380079
1 -0.147985610478163 -0.706587679681745
1 0.409692429909457 -2.13725379706286
1 0.209834648520295 0.638917481235075
1 -0.445627954939999 2.58902363056532
1 -1.29640278889922 -2.77879107887144
1 -0.0419482908323992 -0.553566477657926
-1 1.40101531687046 -0.583748245832539
1 -0.00917064942538955 -2.46161656647809
-1 2.34100573787739 0.893896851157656
-1 2.72353245545639 1.46032448235209
1 -0.763711995109683 -0.555494848772873
1 0.167700719732013 -1.04406981940081
-1 4.48766020736799 -0.0537076023256051
-1 0.961540418106115 1.52602511571622
1 0.653382024958214 -1.27894389975904
-1 1.77951385846919 2.84789763547975
1 -0.741152493646365 -0.460341924316678
-1 0.711654956796622 2.97636070040140
1 0.128657013066104 0.259553117136440
1 0.402398193296558 -1.51807039769721
-1 2.37436378390779 -0.759728287986226
-1 -0.487983749217277 0.524678444148564
1 0.846690370208974 -0.71482496689658
-1 2.88455843636447 2.20729782098070
1 -1.02407479483034 1.52598317390765
-1 1.61263208730160 0.586198579678647
-1 1.54924578416761 0.744809593780929
1 -0.373538280320603 0.616444674989536
-1 2.08397976525246 0.697994630535792
1 1.52012847522679 -0.773523846658655
-1 -0.160972587067780 1.00920440193697
1 0.329028395081511 1.044951395294
-1 0.201004841304204 -0.257687996931542
-1 -0.0615686678259584 0.347246969930633
-1 1.75448367699943 1.03339510893124
-1 4.6650018234564 1.71147991108341
-1 1.48868476892964 0.909470875313573
1 1.06201405524311 1.90415276047149
-1 2.64500435499875 -0.215613983208826
-1 0.436415291820269 0.218634177149598
-1 0.472425500123715 1.32650682709005
-1 1.31416962277300 3.75332881154388
-1 1.55314706623469 2.06866765149669
1 0.127359919556688 1.35165795191647
1 0.146772704241478 -0.506771867574592
-1 1.9126904869268 1.16377133556839
1 -0.485737304879779 0.0421917979495789
1 0.100337336693867 0.172047009428732
1 0.118877660295844 0.730331425985852
-1 -0.258598663109057 -0.762230362063751
-1 1.52159310639323 1.83982751919708
1 -0.162235367088858 -1.56386423491669
-1 1.88502155218143 0.0212140955897731
1 3.00959301730585 2.07192836914743
1 0.520984584374212 -0.433847483780367
1 -1.02139287856351 1.69726116752115
1 0.564721426046308 1.14957029688344
-1 0.69918722597901 2.75334382271338
-1 1.14472142228490 0.181668218002046
-1 1.92209615603280 2.41456096043959
-1 1.5737319768288 2.09220207094136
-1 1.89011995384221 0.753913835210924
1 -0.608131039337106 -0.058604629626292
1 2.07164995029988 1.14119578786727
-1 4.18276455132725 2.08004991963265
1 -0.446552305575948 0.829875872991658
1 -0.589649828653919 1.57800982174375
-1 -0.776912347898014 0.703512743933427
1 1.12938122561679 -0.41666121388407
-1 0.288781018002387 -0.963959327378056
-1 -0.00617194680038269 2.10882377635713
1 -0.769071940905169 1.42200759992875
-1 1.95911440942367 0.672765700488247
1 -0.328722265338448 -0.272906829809742
-1 1.52776058280505 0.499162631536651
1 1.26242119723074 0.706990687233292
1 1.49364870252685 -0.34022746176431
-1 2.36158240044984 1.74814636524458
-1 -1.35056890087518 1.90601542470476
-1 1.52773311327458 2.38621870413201
-1 2.56949067230103 0.969198092630243
1 2.43338781933407 -0.960830225662249
1 1.55362690155973 0.948686419284785
1 -1.05416986386058 -0.0397250843465504
-1 0.856536651640313 2.58509065776144
1 -1.15414185418247 -0.168655860684726
1 -0.47386625179276 -0.394214734490018
1 -0.0488233681311018 0.289747645550518
-1 -1.41727168518115 2.05624968052150
1 -0.454266078429421 0.420255474476165
1 -0.976446862318324 1.46952228105343
-1 2.60877652313678 1.29975620039020
1 -0.245300092298381 0.60428434386174
1 0.484760391346228 -0.558384677252075
-1 1.64907392954245 0.780073318258557
1 -0.68438092423841 -0.133756576785135
1 0.802885010279881 -1.25155958673621
1 0.451529366810842 -0.650059656702583
-1 0.683685868214599 0.870977365220613
-1 1.61111207521428 0.392675027699956
