-1 0.927223270911555 1.46725401184651
-1 1.64701396273391 0.471391095280065
-1 3.34894607482641 0.674931538932262
1 -1.00335252631202 -0.677253031532175
-1 0.957100301149002 0.0768901004798144
1 -1.76390951371244 1.24260927431115
-1 2.34653756053517 0.107677279280939
-1 0.72157546714783 1.76349802735463
-1 0.0452244665307155 1.74754236756402
1 1.2419333929762 1.83446078495098
1 -0.832486117692196 1.41934471200032
1 1.75008437075745 0.308369842204283
1 -0.0910075280842154 0.00519945410353566
1 -1.18205626792960 0.321928043445524
1 0.690588874165513 0.0530164686883565
-1 3.37132408337228 2.75131965578721
1 0.0206353759254276 0.0382685915088684
1 -0.76312868481338 0.895073242387602
-1 0.258611531120321 2.08662886231486
1 -0.146388878694759 1.06250941980197
1 0.717582529001495 -0.611686052244266
1 -0.542432239126875 -0.743247259245754
1 -1.46894115893246 0.866932383483594
-1 0.701069846364976 0.44336375681192
-1 2.03084588401544 1.80155317942523
-1 1.30527977728688 2.12016485864733
-1 0.571817075177173 0.606977906795951
-1 0.530651909280589 1.38789775186758
1 -0.00436753208806006 -2.53669614254607
-1 1.54611729852024 0.215782215748890
1 0.345196794099346 0.65071319375179
-1 -0.122228817479020 0.199866414782810
1 0.03247861616971 0.681413330552777
-1 2.3464689152538 1.06817989774659
1 0.724827960964698 -1.27465133273820
-1 1.03261232432502 1.32958764639507
1 1.19921783211560 -0.111439468866761
-1 -0.248792107604494 3.6125345541772
-1 1.4535954268168 -0.186569131167333
1 -0.719764883503854 0.837177236059942
-1 0.128566758990325 2.26319778433673
1 -0.157430719528900 -1.44852031053241
1 -0.471203509275779 -1.56522170473424
-1 2.57795690119002 -0.979163273979311
1 -1.33784626322227 -0.368257270808124
-1 1.10951492565570 2.22081860394504
1 -1.40535731222767 1.25899740846578
1 0.206309977560963 -0.610985066081399
-1 1.04936640418986 0.967121812037146
1 -0.331708264589596 -0.935270618425308
1 0.94522262082245 1.59863565217099
-1 0.799877665919502 1.92269617561181
-1 2.70177551905681 0.76363133061295
-1 1.21510606870874 2.09515141264818
1 0.638370327101772 -0.641824372776928
1 -0.132045897367516 1.85654635575728
-1 1.52224648306900 2.00758853328435
-1 0.095181848172606 0.792078121179959
-1 -0.338958363568858 2.08351985330887
-1 2.00860389340654 0.746359855765936
-1 1.09285226234599 0.6084190010735
-1 2.77058866704726 2.52973634533551
-1 0.897115690852287 1.57801872884865
-1 0.980054651351936 2.26051508447299
1 0.00946451062077243 -0.735401634580748
-1 1.92393989646633 1.30678854873284
1 -0.184257382914138 0.0911650729936776
-1 0.929036333109466 -0.000257257109997910
-1 -0.366787833834982 1.91128350151633
-1 1.80797399055934 1.79028883660542
-1 0.981461638354264 2.3995361203117
-1 1.73471518538058 2.98218390880962
1 -0.57953188218021 -1.25257044015536
-1 0.56550228765364 2.06084903630128
-1 0.705523466162944 3.2295448665891
-1 2.24570764905183 1.88915347375620
1 2.48009146018894 -0.00865168513275061
-1 0.508446609947951 1.38658906840779
1 -0.510343964080135 -0.200572997055605
-1 0.954929993074873 0.978189207421713
-1 2.31306027274674 2.60926967916737
-1 1.27981500972505 0.770462406874762
1 0.862771019858126 -0.75362667822469
-1 0.216330353486675 0.751070524538572
1 -0.599956238092468 -0.301213705503491
1 -0.995842004053955 -0.393153119490516
1 -1.51255770316442 -0.409455851191745
1 0.79648707343685 -0.150003803227482
-1 1.9672959405568 2.14018126360127
1 0.651407196943829 0.642746863169131
-1 1.46290561757130 1.12302277202692
-1 1.98962680676384 -0.370595588634688
1 -0.0327293448224689 -2.57880049925129
1 -0.696812102689412 -2.22522053162009
1 -0.0657252487422753 1.43623716492889
1 0.0860017830807417 2.39460939928049
-1 -0.238714535044657 0.96401503978571
-1 1.80883804679311 1.95753295194529
1 1.64288128072709 0.613074231389947
-1 1.09075783088888 1.91518242887164
1 1.71562305727171 0.245757166779362
-1 2.36802694325673 0.828282601556923
1 -0.512123185735643 2.32516949907163
1 0.709063972388388 -1.84352163312382
1 1.94725052837734 0.778532474463102
1 0.465914996933764 0.0871333882999635
-1 0.466501021454863 2.08615665081457
-1 -0.200711678911798 3.39004662855822
-1 1.89892741033791 1.80482961433810
1 -0.678224382562771 1.12603657212942
1 1.59367566118210 1.13490070458040
1 0.478578242813616 -0.230478643358628
-1 1.48462983395150 0.231957107903627
1 -0.331177626520887 -0.791330563447002
-1 0.657224376415339 0.392039274237505
-1 2.27350892729368 1.81609631913063
1 0.975038813252425 0.054983739593472
1 1.42289250916070 0.771787239827483
-1 0.836243797038084 -0.732271920376814
1 -0.920677735205389 1.38860394515678
-1 1.39363765493267 1.95305623430424
-1 1.36266651640402 4.06441483262935
1 -0.271756120509776 -0.667515635007381
1 0.281835353730916 0.710869735713165
1 -1.13337744244547 0.0904325145390053
1 0.909831167264208 -0.753690299407432
1 -1.38359036273106 0.185165935747416
-1 2.27808108218602 2.38746280460484
1 0.126020805794136 1.30216551059830
1 1.26355311191842 0.241293237001173
-1 2.2888657786453 3.10268591733815
-1 1.95936876137022 0.827183180646428
1 -0.398256343964419 0.259598596886857
-1 0.263690314794385 1.85254331192533
-1 2.77607452519125 2.48866306729624
1 1.10430599898365 1.28744707891015
-1 2.25794224633779 -0.251045143719790
-1 1.47321122875961 1.47447494520346
-1 1.20976032089918 1.76665740267847
-1 1.90736387379946 1.06281764733913
-1 1.85719751634687 1.12749121316067
1 0.0433551154245314 -0.0555053051141456
1 -1.10435292858527 -0.819668074566551
-1 1.18112254430229 0.613358924463068
1 -1.30217828669785 -0.0330347130385431
1 -1.91942489832573 0.530975310163148
1 0.874351246119548 1.26156090667689
-1 1.90738340373032 1.93120932994766
-1 1.22250640789408 1.59594122759753
-1 2.4506103385672 1.92533668953661
1 0.409282937652448 -2.22636283009953
-1 1.6246958002286 1.13909002567612
-1 3.18782390475289 2.73071372825087
-1 1.53284011995264 0.563091634866042
1 -1.13480807006156 1.52385469644020
1 -1.41108032369706 2.09270115839189
1 -0.017058690738666 -1.90470097795080
-1 0.558929272079385 2.71309458987014
-1 0.732921466433862 1.35279849181181
1 -0.834150153565671 0.572735032556671
-1 2.78117728704798 1.28947593892691
1 -0.994538609478826 -0.466634001123255
-1 0.701753661903919 2.64915687354886
-1 0.379796974617873 2.68374566167842
1 -0.098550169350318 -0.0164236803005351
-1 2.26879252993798 2.88845062038931
-1 1.00434170474505 1.66557282419427
1 -0.273624495223328 -0.858406469455743
-1 1.65106905531582 3.04442794001391
1 0.825433487673398 -0.0436787386941252
1 -1.33234154243908 -1.59197908449561
-1 1.49021575538375 0.624035694203109
1 0.196204273208112 -0.396920956108382
1 -1.23814586803816 1.93634482561373
-1 0.328253568142771 1.03267283007197
1 2.16782985159867 -0.0218098139007866
1 0.94410383826797 0.399132968340588
-1 1.892714147561 1.43686540336858
-1 2.26077893974347 0.483454922322333
1 -1.05762699955455 0.0858066826024463
-1 1.56042431456249 0.775200351065249
-1 1.01060757465737 2.29494753111773
-1 1.95334454962753 2.59182687293160
1 -0.921701266194066 -0.79345319792956
-1 0.397645673449502 0.380885045786733
1 -1.04918378848315 0.093878608490115
1 -0.312376014336651 1.78388240701137
1 1.29698120094598 0.83429030850862
-1 0.748218860577579 0.455381160201983
-1 0.370785562448877 0.820167002514424
-1 1.76173935416511 2.40752801449147
-1 2.62404873431953 2.75988506489927
1 -0.595427586555621 -0.75062068381155
1 -1.67753093344958 0.372228465217728
-1 1.05609234395877 0.810836404296422
-1 3.23820848265684 0.923297372390259
1 -1.24241928277173 0.133361708291899
-1 1.85881047789850 1.09537008208490
1 0.545488159703330 0.520216820537324
1 -0.685397265346913 1.473210178323
-1 1.14699125467534 2.13007892470527
-1 0.419531040868036 0.915029349786338
-1 2.26491124103154 -0.188688062018765
-1 2.08892691288498 1.47364107118812
-1 1.3607988356966 1.92105925256766
-1 3.72401335853578 0.760478336736363
1 -1.58400637238373 -0.90865846697186
-1 2.04304903279599 1.01842374263116
1 -0.292682304695479 1.14203136643117
1 0.176552346807914 -1.94718161880411
1 -0.0775231831153064 -1.92121364614720
1 0.418673734965816 0.385491649046926
-1 2.02305183827228 1.51021776313673
1 0.398015147577877 -1.02732719823847
1 -0.102051696195070 -0.892231899297965
-1 0.390114853695496 1.40473806051271
-1 0.325883897465661 1.44147401633528
-1 1.32026214079911 -0.226577728640833
-1 1.56054581028082 3.6161632748509
-1 0.727823914202299 0.32260700857628
1 -0.33821175545546 1.77664273869716
-1 0.377670885879150 1.58105493342954
1 0.529193822181687 -0.447157385122212
1 0.0779613343830677 -0.0607044639931872
-1 0.665890086370197 -0.0304126108203158
-1 3.70995677648274 2.04634118732495
1 -0.372794952249282 0.302057971159661
1 0.653628552043487 -1.34023454171763
-1 3.35124819800589 2.20875632848224
1 -0.468682001686527 -0.177247174378688
1 0.224054354360925 1.52997284568510
-1 -0.208200393145991 1.21785555760347
1 0.268366567531870 0.267198414341111
-1 0.600847953170039 2.02418805561986
1 -1.13763661075469 3.10474711696354
-1 0.120365153027793 1.13548787459298
-1 2.87582561492606 2.32498139236995
1 -0.760369367083173 1.46033727966843
1 0.0900546810013717 0.0380667891114711
-1 1.03003900167834 -0.303017688356854
-1 2.14801661606231 1.81440762250360
-1 2.33304251639730 1.07765747448336
1 0.81228041138443 -1.57414403059787
1 0.539517216315997 -0.211882413618946
-1 1.88020441731424 0.725840225382859
1 0.819070065685164 0.233610954995284
-1 1.70696246591209 1.85780938019444
-1 3.02656924082105 0.528081634441825
1 -0.385270692409568 -1.68712552269396
-1 1.49748611833233 2.07673183055560
1 -0.331925317808662 1.29271520401050
1 -0.475986557053561 1.10155600596126
1 0.697568753534263 0.0340883878495841
1 -1.20398699097219 0.129683316713347
1 0.502373870803352 -0.495199177312005
1 0.770910867139732 0.296125959624951
1 2.67935011735112 1.46194778400569
1 0.503739927857685 1.71840108232031
-1 3.28062006353701 0.285011744133744
-1 -1.21911465619808 2.08739208719855
-1 1.89281365419264 1.55061041369701
-1 2.28265290931469 0.634748586121817
1 -0.196774662449097 0.399349335036097
-1 2.03918414231548 1.38007542985221
-1 0.937352726698705 2.67335780027428
-1 0.864149554618971 0.828252197887362
-1 0.0836191564396789 1.54756846148935
1 1.13754726971463 0.0170802293957530
-1 2.71711439191791 0.529652844758613
-1 0.23216643092598 3.75833105119375
-1 3.01791261779885 -0.973545445902236
-1 2.41035475280492 -0.0611050785615954
-1 1.1888482651172 2.08529511541278
-1 2.5422074797769 1.26056971138530
1 -0.0767854875805683 -0.246361845828722
1 -0.0731311610226631 1.16302363818704
-1 1.7909944629 3.27849368029226
-1 2.60657502514051 0.534892911254771
-1 0.486799492722299 2.25498088261307
1 2.45693924453321 -0.404490256607909
-1 1.57666099657739 0.360045973672637
-1 1.38549420218542 2.27607952888034
-1 1.97598761143701 0.968060811010617
1 -0.0309691424809964 0.41407492676335
-1 1.66523366174350 1.39439892592937
-1 0.175963086886541 1.13275471382456
-1 1.28215305665292 1.35678284147420
1 -0.110364075938503 -0.379378986137796
1 0.387952545260126 -0.113742598770209
-1 -0.663786396686664 1.43673025206789
1 0.471800727394129 0.495671359250713
1 0.155798323865993 0.293224760501921
1 0.0925586997778093 -1.05199747137543
1 -1.89487500965117 0.668540782272941
-1 0.988406231285947 1.52828128670644
-1 1.85416806633898 -0.549156282830855
1 -0.0914150873149314 -0.887321567462484
1 1.06026985942964 -0.988171142635855
1 -0.0584821183363106 -1.03297181956234
1 0.409339867314892 2.23510760611356
1 0.166872171260200 -1.47975837862607
1 -0.012989324049005 0.337345569991646
1 -0.186504853012853 2.22618955980336
1 -0.128507959398951 0.134614768974581
-1 3.22108393595312 2.71015908275633
1 1.13728753801904 -0.087242200339103
1 -0.447886820144409 0.566642358942503
1 -1.19404524048263 1.18560445511954
1 0.920074707153696 -0.606756021244979
1 0.527945859373279 1.35756748596591
-1 2.99227474253447 2.14929664689041
-1 -0.830718890904497 1.39182829968380
1 0.479474094209069 0.106962042082751
-1 0.286954226360323 0.360162185341365
1 -0.0152757678704424 1.40366936288768
-1 1.81051330008771 1.10912684932180
-1 0.409088403812733 1.93360626896
-1 0.464044316943992 1.68414251033401
1 -0.160428566663224 1.08658814777614
-1 2.93295376483974 1.35195355355297
-1 1.26538027199175 1.945957794231
-1 0.996221164901514 2.62163403557047
1 -1.07832793333677 -1.36580279849020
1 -0.289446307191977 0.337485716452058
1 -0.50063279140669 0.294519738684913
-1 0.732922864867602 3.08432960211994
-1 1.54532322169004 0.908730029890605
-1 1.84000170308885 1.35790880865087
1 -0.522238797550157 1.28200127830667
-1 2.16508595771967 2.60336369848258
1 0.117142318555293 -0.260402381135756
1 0.580087865002631 -0.74633008802224
-1 2.46137179453492 2.38807232891466
1 -0.56392448147829 0.486478834941526
-1 0.99635077828665 0.951549568678994
-1 0.524679782754713 1.13794735444326
1 -1.07134928242605 -1.96879074770951
-1 0.472480243769261 1.41452783938115
-1 -0.634630005551835 1.40509198878466
-1 1.13920051495408 2.00376715422676
-1 1.21749327147986 0.362404019807764
-1 0.844941838325403 2.00955267348919
1 1.01028467743732 -2.56320683689374
1 -0.546626007900051 1.00638172265481
1 -1.97329701111300 -0.201432396311864
1 0.172283084263344 0.276023090309494
-1 2.31266628973273 2.24408922834216
-1 1.48051736505158 2.17242643279308
-1 1.0897401460914 1.89729545704902
-1 -0.288818342283160 1.5710665673626
-1 1.33735569139833 0.841668054432942
1 -0.220086845914619 0.514598924568182
-1 2.76375946571130 0.103187563185191
1 -0.637062222951145 -0.261884841716574
1 0.693691901345996 0.0253479797741439
-1 0.839335087260885 1.04414832881610
-1 1.27662369589456 0.185373160109284
1 -0.463231190088361 0.875854562987095
1 -1.14860447112684 -0.506589729001998
-1 0.158818954624206 1.24064075992458
1 -1.42437275401433 1.36699136401722
-1 0.707194992003 2.29693460566029
1 -1.03284610411887 0.162950612473352
-1 1.94361040562878 0.895730463868767
1 -0.131385456696074 0.865594312677483
1 -2.86731476217754 0.152914850655088
-1 1.1979418314144 3.19931930530495
-1 0.136191441634769 1.19515236362667
1 1.41323770854072 0.0598795347016678
-1 2.50916690451667 0.202335791230599
-1 1.37375467436142 0.160550189369541
-1 0.940341090766086 1.57747089818931
-1 1.84189356746216 0.216323659148657
-1 1.26199023506261 2.30646591421033
1 -0.962583033378148 -0.277510656628629
-1 2.53661738457863 1.99457290612234
-1 1.78772037388768 1.13908867342361
1 0.0383106274958727 -1.00027854666275
1 -0.192241594886257 0.192909441558885
-1 1.80031711735057 0.222303283355245
-1 2.35931875148575 1.90262950215263
1 -0.500797108338437 -1.69619434747346
-1 1.74465123258293 -0.00131093808457483
1 0.430882594489975 0.130542614476821
1 -0.518628455996552 -0.931145137763088
-1 2.74612710346571 2.54782688165215
-1 2.37011470539552 2.02074705186432
-1 1.10964181374772 2.64973148894511
1 -0.225007686611152 -1.36077892298209
-1 1.30146466591855 1.27506259869334
-1 0.612024395189833 0.573046877091962
-1 2.20572660810953 1.17506129565314
1 0.314683639790597 -1.89469333886036
1 -0.376523953032289 -0.870540411063905
1 -0.71593513533111 0.0720839422693438
-1 2.21577948102297 1.69796852418718
1 -2.16587353707804 0.957566679501724
-1 0.941467845442584 2.62452323782124
1 0.216274002563405 0.115617721238401
-1 0.943916733635887 1.77169906291131
1 -1.78225529489299 -0.155468003946016
-1 2.58507534692116 0.197174342007737
1 -0.326523347185544 -0.341216770301722
-1 2.13784889965224 2.61981959919572
1 1.18922795817129 -0.819472289280288
-1 2.54516164857830 1.11874570792714
1 -2.01076242552088 -1.85729202485903
1 0.372714790532162 0.0325491741076605
-1 1.53285168244302 -0.300342608536594
-1 2.19838309780494 -0.655483271933278
-1 1.64572278149781 1.46350873915414
1 -0.8576278125795 1.33468088891866
1 -0.083311957355203 2.25687819011664
1 0.157258471031505 0.488833554134909
1 0.591807843283384 2.33351436035703
1 0.754695209437285 -1.53978583897467
-1 0.55980544901182 2.4952591468811
-1 2.15511132524343 1.12701373724166
-1 2.24082063593284 1.13775679463408
1 -1.69916096255328 -0.562893116849461
1 0.921064817019452 -1.60822324627318
-1 0.451922081172884 1.5380580803951
-1 1.55290261841087 -0.0939920179128695
-1 2.91023650519078 1.98527244676647
-1 -0.0201934175135523 2.73551234084851
1 -2.01156160338342 -1.26170556010414
-1 0.0563113910265363 0.80777552635736
1 -1.16887623238505 1.45815411172389
-1 1.89613642199181 1.29248886390991
-1 1.85314873838386 1.55010836895237
1 -2.20366511658953 -0.164952100666126
-1 0.385644797149119 0.815038753167575
-1 0.0843517638789395 2.41703622766421
1 -0.716248781618964 0.240381128141054
1 0.196577451511872 0.764670385805807
1 0.831203366273019 -0.621421018459613
-1 2.87079110704182 1.61565563516351
-1 0.76771440391779 2.29883754265519
1 -1.10061618441656 1.35024021502356
-1 1.32728225580716 1.92622646008802
1 1.05646844034707 0.436276661674762
-1 1.81068240266861 1.99241407692760
-1 1.00060239006352 0.817177585067319
-1 2.67643898391205 2.48791831015862
-1 1.96665268295055 2.92478847359659
1 1.21558059280024 2.19118241867454
1 0.480867533750883 1.05866758598936
1 -2.25411682446450 -0.899262630868078
-1 2.44006469158025 1.10976250442071
-1 1.88187450721841 0.766332033185941
1 1.61710864542893 0.497418740721415
-1 2.29761920995737 1.25800496194592
-1 3.21513318455973 1.957178238237
1 0.197449637290855 -0.556894314567435
1 -0.855959710249194 -0.964938328804797
-1 1.32609282447686 1.93050964761115
1 1.38900594751782 0.983906849906086
-1 2.46320769104981 1.85782681030784
1 -0.329882291891116 0.512701734999511
-1 0.753763389745216 4.4878684752542
1 -0.514281141801084 -0.271566415142252
-1 1.04430187234802 1.19675977426286
-1 0.630953875329634 2.04712945466799
-1 0.0658710651030361 -1.51926342686216
1 1.31626909002366 -0.244238627458555
-1 0.758249796775434 2.80401673708676
-1 1.03388348855679 1.39879099625410
1 -0.0227953081074648 -0.424010369966391
1 1.70754962474495 0.642165167585924
-1 3.59412725922385 1.37516622111858
-1 1.4819045996091 2.53508535963396
1 1.01579807022146 -1.09940121971244
1 0.885022826962263 1.88591538543216
1 -0.513448759093474 -1.55028064466382
1 0.409376046092282 0.556531399633785
1 -0.6371188158105 2.61478731425740
1 0.594892187842641 1.40467552233026
-1 0.954851770066872 1.23062775223173
1 -0.567686154105271 0.381013896636909
-1 2.00401918877797 1.02526769876006
-1 2.41306843308933 0.398747046447252
1 0.381005380986293 0.843863728966175
-1 1.58407423935952 0.693287001145928
1 -0.589036636407758 -1.13651091835838
1 -0.097571474673869 -0.621009715442949
1 -0.0714606511710266 1.61287582571631
1 0.00341529551940863 0.774353364744195
1 -0.644713400219086 -1.15064537167787
-1 1.74414334328757 2.11985899896803
-1 2.23825419023146 -0.518240341969481
1 1.81302420959404 0.238579302076817
-1 -0.109573498421781 1.32762105198817
-1 0.299008049579743 2.61923392820879
-1 2.59083626707279 1.03737330116726
-1 2.37057193988512 -0.144123027347167
-1 2.63912074989759 0.240492077914364
-1 1.15640979783679 0.0726711157473527
-1 0.3953064310262 0.850637712355973
1 -0.515696982510647 -0.173871191886019
1 0.335164322098706 0.148897241710594
