1 1.63933993699533 -2.04950820663461
1 0.208588377590581 0.0481103005082422
-1 2.86124283682371 0.808201280183985
-1 1.84649661637233 2.00641753548212
1 0.687764215111346 0.131158991355989
-1 3.01793224694607 2.96822641723339
-1 2.52383748357431 1.71949127626454
-1 1.00539945640448 1.82143371644315
1 -0.331556902742801 0.852655490655291
1 0.922548482239642 0.450176731887034
1 1.52666140201709 0.361875614564928
-1 1.27863719067399 2.5375689202033
1 -3.68165535296606 -1.84253227468407
-1 1.01012678651468 1.6268231214003
-1 0.482099990402792 3.62419237171671
-1 1.13157613873241 1.04468233939918
-1 -0.133069896399354 1.26786907918745
-1 1.61549038049922 1.48088683736094
-1 1.22572938852318 3.80464597835131
-1 0.619752354737039 -0.0365216141155988
-1 0.8872563386018 0.651526230814555
1 0.494755232499407 -0.951431590378357
-1 1.55085598634638 1.17835186086815
1 -0.117273380253086 -0.454309390318059
1 0.886428386082672 -1.25722065453781
-1 0.931759740605833 2.12363051035300
-1 2.20850852586252 1.11430808376615
1 1.42274888270721 0.220594145012212
1 1.78100491299472 0.998054432570682
-1 1.09628252223105 2.14036192105634
1 -0.828608522936096 -0.380031256469387
-1 1.45646845059927 0.580058642201368
1 -1.32025791067462 -0.864711242768531
1 -1.05543334677310 -0.320280511551415
1 1.26519560208002 -1.23532048693675
-1 1.51747662973311 1.85831341448058
-1 1.79625767894355 2.37233458083999
-1 2.56178142072479 0.659029086396469
-1 0.244275551859694 0.837267024926711
1 1.39795274490706 1.23247525892526
1 -0.738109828879839 -0.146130385514512
-1 0.692521967000702 3.21269100701273
-1 1.8248114159023 0.568367545286215
-1 1.78841297140639 0.360316139927075
-1 3.28937320145973 3.76643051705225
1 1.16514230464783 -0.461289844039788
-1 0.857871406767792 1.30478625497309
-1 2.37321028827752 3.54904476505759
-1 2.79367322455736 1.45890492568835
1 0.832845694675511 -0.279751001217463
1 0.914410720563904 -2.26374691930156
-1 0.800621034329896 2.23970444369845
1 0.457998149919063 -0.469848509442767
-1 -0.785034308134987 1.41547061390167
-1 -0.328144919914823 1.22329121637541
1 1.17109439032355 -0.755687204358944
-1 1.84472656137217 2.69879302659919
-1 2.03268995155225 0.705841562847855
1 1.50342647939972 -2.24250865992325
-1 1.36140774216335 1.55248236278066
1 0.237893606501534 0.819777349686262
-1 1.17209965468548 3.47895600749686
1 1.80719965539668 -0.722019498116029
1 0.0390717559963467 -0.943474128579324
1 0.176018803601946 -1.61037216601914
-1 0.302173401817822 1.55059068097182
-1 0.507704805115891 1.80501886973107
1 1.95288259385279 0.761903438489189
-1 1.71496233737260 1.71661349717797
-1 1.58126536172706 0.751424214949654
1 -1.35090817089197 0.758366017641409
-1 2.22269100263476 1.91732176268233
1 0.0729273918983368 1.54755662383898
1 -0.126529158817448 0.274012471509067
-1 0.799282275900816 1.70851962067619
1 1.35587305744484 -0.465197772978741
-1 1.49294536153354 1.58649769630377
1 0.452292682952910 -0.664967693890877
-1 1.86429893361513 1.75016559840603
1 0.674973033074989 -1.36834965638814
-1 0.268238931288341 1.91022195758438
-1 1.54584988025672 0.0623180847689069
1 -1.05442643143399 0.527489021318172
-1 1.49466092214675 1.18399023821239
1 -1.43121333444305 1.37754497429952
-1 -0.986650157044023 0.893038140702337
-1 -0.206083597310869 2.85337264687928
-1 1.23851151746913 2.26167196073347
-1 0.471742954172209 0.136291924915564
1 0.43196124327168 -0.421910626519539
-1 0.95461402220005 2.60922106065977
-1 0.750810247787682 1.76886824129959
1 -0.201673029838217 0.96873064928634
1 -0.558755895519332 -2.11403963744580
-1 0.733936220012373 0.226079981488706
-1 1.66814605467134 2.68305394591161
1 -0.488236376692164 0.735396112097957
-1 2.65121994316029 1.82001096864163
1 -1.38297139274415 -0.590310080385603
-1 1.83966453607917 1.38263504645737
1 0.0581872695001109 -0.280141915820535
1 1.13056889955389 -0.683496162412007
1 -1.86286696566681 -0.827562657071292
1 0.294125340162016 -0.420468501917167
-1 1.68469587069832 2.6963276671655
1 0.524218664274311 -0.266280237871236
-1 3.10247240239194 1.37797476639431
1 1.59517692804316 1.07073521163899
-1 1.21767414604245 0.325293841203747
-1 2.34358533551990 1.75226278477296
-1 2.47396467844334 2.30896074799794
1 0.55166760113265 0.460013137204830
-1 0.45816703818808 1.61594024704898
-1 2.65664274414357 2.10581272735329
1 0.507564660069688 -0.995603941628348
1 0.413686419888212 0.123671561160679
-1 0.268770698744485 1.24568321102734
-1 2.99108961271733 0.325175841396704
-1 1.80080698572562 0.601613969702491
1 -1.43320838878718 -1.54177010186122
-1 -0.157683377411387 1.92390866465573
1 0.055343343444581 1.07922035642455
1 0.231467002678690 0.0241991859603923
-1 1.9057907845068 0.747897390363936
1 1.63151935636332 -1.44828954042038
-1 2.25450853255158 1.72638100267797
-1 2.60568729868424 2.12822962162563
1 0.673419627823094 -1.52881230203561
1 0.565758626580216 -0.0656700631630102
-1 1.31006791331555 2.76197178744199
1 -0.348462485616443 0.274920759503653
-1 1.73515982067628 0.673750691739158
-1 1.13310950504274 1.94828859573357
-1 2.43250303736579 1.67677097665029
1 1.06951822218091 0.831339472760306
-1 2.23165444570322 0.880171181440597
1 0.688818538733637 -0.404085021970866
1 -0.556823269810532 -0.0345458471417935
-1 -0.564227253726668 1.15088073649037
1 1.14896198044065 -0.564596110146615
-1 1.52867206592869 -0.40432928673278
-1 0.68038767657098 1.62865438607108
1 1.03777221444522 -0.183694976962505
1 -0.134934947409483 -0.386525457916921
1 -1.54050502890843 -0.477653195409075
1 0.446882946570362 -2.07486605397154
-1 2.63191906283944 2.52704526391908
1 -1.29094881693181 0.176411353314828
-1 0.911321557861539 1.38274637154408
-1 3.14949308207775 -0.570370255763662
1 0.230971406859594 -0.231576584739130
1 0.921979123541143 -0.920189907214694
1 1.97551171097847 -0.0599774381200777
-1 1.42576566841333 1.2901621778059
-1 1.55032324007355 0.833705551906306
1 0.117159844504570 0.19790915481376
1 0.137014316001500 0.494274801560033
-1 0.254334671781377 -0.106457896066964
1 -1.05864523942913 0.447620199863875
1 -0.855798514327551 0.0720757076541638
-1 0.92953014355046 1.39748563684331
1 0.41274462547865 -0.606726933017152
1 -1.73696009819693 0.660509173755828
1 -1.08482969221458 -0.541669564035285
1 1.59286294833801 -0.226173982741668
-1 0.424961925970401 1.37141430742982
-1 0.478534740500866 0.726378471144274
-1 0.209897840995871 1.49028391898482
1 1.12282172460813 -0.61110081323376
-1 2.68155965176776 0.453453769424969
-1 2.45644125853351 1.92453227692681
-1 0.489044347415187 2.32965745175368
-1 2.03152146856682 -0.415787587566899
-1 2.71034999439218 1.56880602332355
-1 0.231531114002978 0.533408980341835
1 -0.337380363216713 0.460457599758119
-1 0.618230649867155 1.23349882764270
-1 2.88438388973871 2.07220320453479
-1 0.512498003585082 0.710106952217506
-1 0.708994328474378 0.439893478246791
1 -0.67351678794692 0.618249590811003
1 -0.274336783090770 -0.402888000822124
1 0.769063587743335 -0.257802324646924
1 -1.16219273700385 0.146738012870513
-1 2.5907583533828 2.60322992642036
1 2.20542058631596 -0.563455407158994
-1 2.14782620836981 -0.00698103361432034
1 0.90790425766571 1.5983798874029
1 -0.503716165916625 -1.26493104504368
-1 2.73387229884866 3.09696249350393
-1 1.87710758327880 2.30731657709591
-1 -0.251996488136252 -0.306488455300250
-1 1.52046274067371 2.07668195595702
1 1.71665964299762 1.67578907710615
-1 1.30171785917567 1.65810089032184
-1 1.03137573363744 2.79287942973960
-1 -0.543922785045761 1.72848283078222
-1 1.78706341549841 0.453577706639375
1 1.50792839375099 1.77644100506702
1 0.344865890950371 1.18462802939506
-1 3.26300935724169 1.75980388787019
1 -1.00626907799463 -0.0790284345743319
-1 0.992691409581372 1.60486142167225
1 -0.649180113888369 1.37940678020651
1 -0.0875251256292079 0.299178355668499
-1 -0.375335731869655 1.78761027121802
1 -0.0778328735686901 -1.06579414204642
1 -0.754772919260774 0.0773015821045005
1 -0.984151332626985 -0.834735782071265
-1 1.48059736886425 2.59716716241795
1 -0.0492210098596397 -0.186090930098165
-1 1.07422451511467 1.46175045092865
-1 0.496807884472788 0.240696156856562
-1 0.594891340714536 1.68395257543792
1 -0.215424239578846 1.82356272933667
-1 0.497122364129594 2.91882612959828
-1 2.08507740448177 1.93466792961375
-1 2.5053626565147 3.88075167500058
-1 0.986532397430985 1.59039293602529
-1 2.17553562650953 2.6250362359448
-1 0.172180270974138 2.11698070381334
-1 1.69182113595163 2.63698379832827
1 -0.254250842863477 0.63592766687091
-1 0.448706635585456 0.119703971043438
1 1.76877252939236 -0.453955008866511
1 0.364418356010659 0.143826209351349
1 -1.30793628178843 -0.260248840498952
1 -0.74607846707911 -0.232828411596095
1 -0.387875156427093 -0.360231787221526
1 0.463961191761803 -2.23252654410148
-1 0.522506673708415 1.96823507622263
1 2.29756242598275 -0.0411317640640478
-1 1.83370808264613 1.54971594935202
1 0.377979043539547 -1.75574566981183
1 0.459830103983042 -0.513701126758653
1 0.481994441086464 -0.344043812749397
1 -0.585490852751129 0.62982261951139
1 -0.907398462518459 -0.670883726103779
-1 2.48691620332440 -0.179103024535944
-1 2.92561512699487 -0.00983782250151943
1 0.567643551273995 0.0708167168556475
1 1.46952482194887 -0.079066753103516
-1 2.09876416274051 0.986111110670837
-1 0.585703693022251 0.0989478695290218
1 0.261671617671685 -1.40654750541265
-1 1.34226358210925 1.03361588811917
1 0.87816944861447 0.217539846092724
1 -0.131719162666038 0.604654724552987
-1 2.30068046815531 1.52614507903681
1 -0.265919623197837 -0.121267247868812
-1 0.568196154697803 1.17851512921944
1 -0.176863727897420 0.0709128931919365
-1 0.388948718208976 1.15918323514660
-1 1.19129459238300 1.38898943224674
-1 -0.197706767149466 3.28757202442099
-1 1.59001140177786 -0.186773164301204
1 0.463122631958541 1.25127032578003
1 -0.947261255333642 -1.64975574128690
-1 -0.135084994729759 1.41357453166668
-1 0.627915958665541 1.62333914939709
-1 1.20222537466761 3.23589468380872
-1 0.633445354157562 0.0975333163007204
-1 3.38180018220672 1.35911789976295
1 0.920933120394103 0.50376894007224
1 0.97352309993476 0.585689658144454
1 -1.48574766714759 1.08115942584710
1 -0.455452157661794 0.949727670676247
-1 0.667702811567967 -1.73140046446760
1 -1.37758918540452 -0.393471528925944
-1 1.40063288448182 -1.00097429917975
-1 0.345907349798602 1.04766724385129
1 0.0471226051436594 -0.430083672286276
-1 2.31192322301292 1.57475568596842
1 -0.35547565511487 -1.48683808113874
1 -0.191425343264755 0.954454828842052
-1 1.18154782433219 1.58593420512193
-1 -0.892341454790323 1.7179497355011
1 0.256682279763632 0.281638309038920
1 -0.111433748321153 -1.9480966915229
-1 1.71246632909549 1.95904964102064
1 -0.460425253492844 -0.173485907132096
1 -2.15426826297958 1.24260274533916
-1 0.823327719911084 1.62204800607174
-1 0.376306364616559 0.755143000130327
1 0.0460150196330033 -1.10958057495147
-1 2.08409733089499 2.51062230357371
-1 0.91494732004527 1.42892136752838
-1 3.10488779949651 0.741929042646914
1 -0.0689330978286613 1.49722703542559
1 -0.700941834354418 -0.666131938301964
-1 -0.965566953731309 -0.0111753227858686
-1 1.68626070214886 2.36317156724186
1 1.91920212712175 -1.39513386834476
1 -0.69850400954637 0.287880463253536
1 0.136785199770950 1.81365630757279
1 0.717213471913935 0.147513063390118
-1 0.935058664631907 2.43612528091331
1 0.108938661881114 0.925817389892662
1 -0.453373718861549 0.078116081612705
-1 2.45822772924902 0.853161005843377
-1 4.04771088834167 0.747222565855393
-1 0.621753273463702 1.28580158748935
-1 1.04575545788667 1.34886780418581
-1 1.96039902564378 1.69181880350990
1 -0.215340348623235 -0.644232937046168
-1 0.154395547835821 0.345478771123899
-1 1.40901653570878 2.19901174558572
1 0.241163047941889 2.16033224877285
-1 1.19638731449651 0.824492584546453
-1 1.07553576179437 0.34673211786267
-1 1.58073103536528 2.41436598991841
-1 2.15833541999406 3.90415148700597
1 -1.60180336708526 1.35908982714272
1 0.856954393629448 0.869981846918486
-1 1.40647992076701 2.88182598342979
1 -0.880751927804945 0.560195404682568
-1 0.675468714210032 1.63580773453547
1 -0.228094426494239 0.173371146396263
1 -0.54345531306025 -1.46846873437411
1 0.400628441942327 0.251647230010251
-1 3.13687745076022 0.875291786777338
1 0.48265357302710 0.739953932695506
1 1.62341428476918 -3.01029956666356
1 -0.414659950608521 -0.47168687536451
1 0.0155514516765044 -0.568445892841002
-1 0.207302904438653 1.07689977889889
1 0.664696060160448 0.445130026345904
1 -1.59990109022324 -1.47765585815090
1 0.32856355007123 -1.16778497657866
-1 3.1129420845629 0.969415662748598
-1 2.586080852759 0.751718806590865
-1 3.41747245776957 1.70863879625918
1 -0.379097867204839 0.00423269957312727
-1 3.19303965193707 1.13512792466320
-1 0.798455720073235 0.183087897920566
-1 2.34872111488212 1.92511766354064
1 -0.468964942788853 -0.417210145756734
1 -1.04935848023168 0.893664886227401
-1 -0.467416611684098 0.578513093240469
1 1.16488326240459 -0.270978286463581
1 0.127847102270761 -0.284760304283458
-1 1.08211526618365 2.49893276524254
1 -0.0715340569826696 -0.292833259318766
1 -0.499254721930627 0.808991267822721
-1 1.75377259549506 1.30361083157097
1 -0.750705472379917 -0.678474407368848
-1 1.77680425359858 1.43625668063338
1 -0.743863041683878 -0.1585486452567
1 0.766448935554009 0.682036941553249
-1 2.08036886794347 1.85161650994607
1 0.0315043482581752 -0.235441321878352
1 -0.319759320162583 0.606655224453319
-1 2.72867950223484 -1.03862732112687
1 0.766144897000802 -0.850736364631956
-1 1.62269612195865 0.803291946960524
-1 1.05663352413877 0.107059698619811
1 1.01712947370311 0.169788888114398
-1 1.13583675593421 1.98435841289863
1 -0.835371260432322 -1.11853074145852
1 -1.71883724898002 0.832079159056839
1 0.325059577836977 0.914850943204155
1 -0.326684402617627 -0.126058341552974
1 0.400049564121447 -0.201741510164577
1 -1.36628113476090 -0.311608287864113
-1 -0.254386232170905 1.41625208350776
-1 0.450837196149705 1.91277334873810
1 0.326139087657371 0.32676417544749
1 -0.439461298955323 -0.305676929300535
-1 0.177803295740553 2.07737516457910
1 1.17170766276412 0.776711034790225
1 -1.21047551196186 -1.60681861965497
-1 -0.174465339081469 1.68136117838962
1 0.244674914470989 -0.555693802682854
1 -0.091639129452854 1.97287036803801
1 -0.311195670500211 1.12412696979458
1 -0.255039937105587 2.6891539196447
-1 0.443372104005779 3.37714386208391
1 -0.109021069387257 0.518376341370059
-1 1.90552813064655 1.99929463744853
-1 0.656133641685832 2.34001420003531
-1 1.89720839061672 0.296429029452644
1 -0.489202078077684 -1.34551909871381
-1 0.678546422990419 1.34455014130672
-1 0.824678597231512 1.59702225945366
-1 0.806572036754134 2.88792790388831
-1 -0.837097371190446 0.133581872287004
-1 2.40425813207605 0.914419168069122
1 1.30206951991981 -0.647586761007037
-1 0.0214386859600568 1.15835657447789
1 -0.117582892923414 1.10021532902841
1 -0.784203971515647 1.78701715497134
1 0.370866623412286 -0.292059147762332
-1 1.42879826902247 1.22304431143951
-1 3.00534312495214 0.427743147389505
1 -0.522826330725705 1.63520235552316
1 0.189474325834643 -1.64414031204371
1 -0.139242340474084 -0.344308438146208
-1 2.06208418082579 0.819923733908674
-1 0.398630657035441 0.684467919085791
-1 2.46690591273104 2.85777649814006
-1 1.70305551324402 2.10942958632633
1 -1.97932444394990 -0.691596054335277
1 0.795856957168253 0.371325417835357
-1 0.453389898814465 0.182200023701435
1 0.243910139207957 -1.61311002637496
1 -1.43848194988731 -0.201140303018130
1 -0.423042119228372 -1.06603987303883
-1 -0.489262017132432 3.66961412692137
1 0.831663106484844 -0.344059921902643
1 0.135550099994783 -0.381942722792587
1 -0.831120506142041 0.453835563731276
-1 1.26723185797479 0.228340860322279
-1 0.912433378883057 0.646233794443357
-1 0.849382759376877 1.87820707233107
-1 1.9203955670551 1.87031026291544
1 -0.597725905727585 1.08895690401436
1 -1.3969716118754 1.04419296628887
-1 1.23949221537229 1.99657842946326
1 -0.0607186815548745 -1.20317666631734
-1 1.74189244881305 2.8502465124587
1 -0.668964650216552 -0.525866791932874
-1 3.7521408800417 0.727230016983929
-1 1.49628588279930 2.18729071467735
1 0.634339335500839 0.427250372846217
-1 -0.0210390688768329 2.55793885928957
1 0.0682451346102159 0.36871399926401
-1 1.41886753051473 0.0200785682078561
1 0.404025712396892 -0.652357630409702
-1 2.45373612852293 0.988758163612401
1 -0.716240214000456 -0.586297075953446
-1 0.469868765206640 0.284606389805491
-1 4.15470236948917 0.552163207131702
-1 0.958590038782726 1.36273136705930
1 -0.191451510543201 -1.02245434014100
1 1.49938957731516 -0.430818323981524
1 -1.61607219479969 0.764866212343345
1 1.49176623178726 -0.411487155726191
1 1.16218524218961 1.22595675164011
1 1.00191890729478 1.39436430902015
1 0.630031204403266 0.152551196075732
-1 1.20227473524784 3.89201899053143
-1 0.482142650959379 2.05689396744059
1 2.54186673500006 -0.726160508871177
-1 0.928259845320099 1.28393075790542
-1 2.41888795324262 2.72356528424933
1 0.388753148253961 0.268364055715892
1 0.542419067025501 -0.087473302644891
1 0.232318743250345 0.32481829622557
1 -1.21695563360462 0.412382895543986
1 0.00510125865343434 -0.458955129530825
-1 0.00383917550738833 1.48177432065908
-1 1.84146639940433 1.3877197852099
1 0.460041383470327 0.525258831250798
-1 -0.4064683641665 1.42008418671671
-1 1.02217219514799 2.25703933950512
-1 1.08082077036584 0.228511852661126
-1 0.836834403378688 1.21787586353367
1 -0.567761902162823 -2.04561810984926
1 0.610249508135017 0.274917908907051
1 -0.246076769735581 -0.525418221269925
-1 1.47912670535543 3.45090434441289
1 -0.434556731984495 -0.81133619164612
-1 1.99136045209601 0.333852938861895
-1 0.684276635704945 2.63351714158186
1 0.96603954753298 -0.200444873794560
1 0.647282678311797 -0.688785092006035
1 -0.139438310707237 1.32408159773610
1 0.392104950327303 1.35196805438707
-1 1.9751587839559 0.668434773423072
1 -0.453482811854677 -0.604969087707028
-1 2.62260329485906 2.29958568162184
1 1.58849064138636 1.36075254943781
1 -0.145006985378523 0.652552271429575
1 -0.344492589196021 -0.634804818016831
-1 0.193738792181559 3.00897449856140
-1 1.26360269619002 0.365857066971914
1 0.718557890868678 -1.64166495297068
-1 -0.302902279593753 1.20245019769420
-1 0.858394489459037 1.46214913822441
1 0.91446872428914 1.20191454629027
-1 2.11315967754394 4.58308069234523
1 -1.20496142186994 0.0258592222711878
1 -0.294753666557044 0.832532378145763
-1 2.41069020499872 1.17083909315337
1 -0.764757046199745 -0.556905228242009
-1 0.988514796500622 1.50683669072636
-1 -0.383197439712774 -0.272940073350689
1 0.164606334595478 -0.278981894899543
-1 1.72225330409009 -0.0733760937561705
-1 -0.799669353595688 2.19351284336639
-1 2.29984939817046 2.76184178661091
1 -0.206115956201831 0.894999035417543
-1 0.302169381356554 1.71679082998692
1 -1.27157282573122 0.147327898343082
-1 0.432088495400075 2.76511178425907
-1 2.39016037184996 -0.0891738275999572
-1 2.62749432025722 2.83517120493804
1 -1.67708754183025 0.889520602617029
1 -0.0350911702267828 1.19284658428837
-1 2.38360326518008 0.28521146948754
