-1 -0.315157376403938 -1.78919913088522 0.611099179473527 0.632178429821841 0.508438189817215 1.99868972918438 1.4621265439881 -0.00554524559659397 0.85882379857694 -0.770509576307199
-1 1.39154795442736 1.49887012794391 0.497734837282132 0.336155501002794 2.86162961423615 0.282789040927018 0.543001595269947 0.179022864242991 1.01967795697981 0.109037493859123
-1 -0.874846595358217 -0.641943861966023 0.60057758073166 2.03478068019823 1.61043429758977 2.85801444351433 0.782560870470556 0.495311355474923 2.04374727252204 0.119464080719384
1 0.625145161842923 -0.824707119705102 2.19311653418796 -1.11933476619451 -0.457054542826314 2.28069233934603 -0.912766890973524 -0.282535851603470 0.904399725070411 -0.105606155577665
1 1.79060863568166 0.419421074036601 -1.08654020257721 0.161585867037781 -0.999867737197426 0.224062077199484 0.953919615697465 -0.413778812422754 0.107808818142431 0.168206928774130
-1 -1.14670851429419 -0.42768882710926 1.67208549835110 0.962571912955505 1.83656529894188 1.09198390406308 1.02735695789828 -1.43410186731219 1.45799451764253 2.23195805903107
1 -0.302294874434742 0.339398941240629 1.59180696846622 -0.782373491853148 1.03870121674403 -2.27136396412799 0.0322975142211063 1.54145265264124 0.097719011672031 0.48540103823426
-1 -0.174092842485161 1.15335443371571 0.106264502032506 2.74474873967355 1.59868489182514 -0.850438803905334 -0.632529232611288 -1.02965160690506 0.182122893616593 1.71664062397521
-1 -0.0308892131756695 1.70627485320884 -1.39131851791000 0.376650925934983 2.47209198228342 -1.20719829296995 1.0838148503713 0.238020048645181 1.27786121868923 0.95710678076847
-1 -0.310767766487748 1.09732437973919 0.00419791051494200 -0.165074116404042 -1.51169331101217 0.628535542859789 0.340107631519303 0.718987890790923 2.24233351647452 0.666217878463287
-1 -0.0305721592935660 1.50236412336072 1.09658859684671 1.35599952956199 0.580373289151336 -2.11212722430701 1.65715482690606 2.12580749780458 1.70334392531324 -0.0837710485507147
1 -1.30468409832800 0.0116259164089167 0.33946133714671 -1.43899716399364 0.791645240413215 0.0977767566277008 -1.59791453434855 1.25915903374933 -1.45298324973348 -1.11403919378838
-1 1.76040008604966 0.379965862641006 0.597589985812754 0.594278056977088 -0.377489621600389 -0.232690477130556 -0.288252241294214 0.995965798557162 1.68755699278055 1.07507015189658
-1 2.13304065649465 1.03640789004305 1.24705953169593 1.12405213341815 1.32472907373440 0.154059761962535 2.29250158516010 1.05369195853361 0.468136447900799 1.67683881100518
-1 2.34793581666077 -0.68318277675209 0.74344553183012 0.912359570077911 1.57651107945860 0.764955958906108 1.95610569088005 1.35344093461946 -0.276588116195320 -1.57350804590945
1 0.100079829879775 -0.340050527377685 0.231492200686737 0.958366985156882 -0.495064050325001 -0.128325266729608 2.58982981055895 -0.179523019708898 0.319692809603721 0.105965312227969
-1 -0.237131432202282 0.665386814829218 0.609762819470025 1.93412071192596 0.280676702530253 1.80208170748611 -0.348629072240005 1.85147747586274 2.16355312821903 2.00761327035985
1 -1.09306366643409 -1.6753977753248 -0.498897464493495 0.266955790786985 -0.528078611704384 -0.52956021822302 0.33571785503149 -0.760636057036606 -0.612654200031694 -0.4908860625689
-1 0.912064957307642 -1.0830856402026 2.45658014595680 0.645734079836382 -0.394683914324104 1.31733212254786 0.613585460033013 -0.537195738774057 2.03450789762185 0.0627710648251629
-1 -0.906751439804205 0.338814751626248 -0.697040868194068 1.57197922015738 0.316104783134323 -0.079201027700855 1.88177252790365 0.813504363170964 -0.994889223615806 0.193282179905676
-1 2.12247574402520 -0.94106779467871 0.434679892019975 1.25670140777324 1.05409329541522 0.691632525799064 -0.306478062146107 1.2745867139075 -0.0932255583340706 2.86038629147587
1 0.723060658111477 -0.0178424302237523 -0.630475633583234 -0.329032415257186 0.467942400811391 0.097861442666558 1.01070156353079 1.12253463340105 0.447685747426684 -0.572010265848641
1 0.0763247775687941 0.982381878255354 1.00898701453187 -0.148519582550477 0.574576836201374 1.04504425560106 -1.11941577210308 -0.612767850534905 1.00342651714673 -0.509025463135322
1 -0.201177964367815 0.607996456261417 0.0371911626897043 0.299713193413592 0.867513304200685 1.08021859498301 1.49297859268096 -0.0532328248142987 0.612160018050205 0.416211848399172
1 0.636943771362042 -1.68610047827412 -0.246693703211818 -0.923318659145895 0.136655304567352 -0.660715472878836 1.15835275558687 -1.29632065531736 1.00923967997790 -1.36648517236688
1 -1.38059875591626 -1.38333316449271 0.366825754049388 -0.592425057162978 -1.62249791786130 -0.691060330545799 1.85953225269528 -0.374739762433416 -0.331470872057916 1.21651153743557
1 2.19364620680846 -1.63279363425778 -1.99696955287672 -0.886670630770932 -1.96490049921264 0.0179828458838865 0.913779476774342 0.645303913840084 -0.97731414622462 0.212782880818704
1 -0.597874479907827 -0.216121379363549 0.468245681251394 0.92679359771411 -1.00983807577750 -1.15026513570035 1.04366360873426 0.121758387812786 0.991682806033806 1.40631878683859
-1 1.37900847719320 0.0449541221294755 0.915227752776228 1.50635909991433 1.46975202325723 -0.0115673544504570 0.76253004159779 0.912388853200998 -0.762594004054983 0.384597898063838
1 0.392145959514718 -0.159607329323292 0.177366674742647 1.61142908933432 -1.01534456076796 -1.22907472680954 -0.824076060863061 -0.885916491637101 -1.81898264537884 -1.58598524828096
-1 1.1270559818516 2.70989078246167 0.186748881608624 -0.231439723038867 -0.303037784354006 1.27606821118426 2.4532890624055 0.678300356441565 0.868036287489459 -1.66226937723801
-1 1.50407620801231 -0.112436260133011 2.53129350783806 0.215422218270737 0.699869503110993 2.06681903990533 2.15320748420362 -0.363595332061837 1.06736334167023 1.26794291859863
-1 1.65816534183123 -0.561511970718261 0.960654701471084 -0.158554104999781 0.177146367444131 2.22069402813724 2.53182582365464 1.37820766131852 1.36853658433163 0.781258053421915
-1 1.33242768854264 0.61537895966375 0.146871715750283 1.275848425918 0.124726969531092 0.7275435564044 0.0105432950047784 -0.101721076334693 -0.705592651733215 0.19617585872683
1 1.17813564690593 0.894628306910858 -0.481230992631762 0.169026842503879 -0.743887983760562 0.295096563836179 -0.140631322516368 -0.238701817228857 -1.47775893816085 -0.349449148942681
1 1.05221429794724 -1.60768588014362 -0.40760260322642 -0.120698628421155 -0.250371407818862 -0.645332570511012 -0.163798342599766 1.01888370989860 0.540639415534386 -0.127471933366851
1 0.340772728405964 0.838224292763078 -0.288758374276394 1.49648340985154 -1.23451014738436 0.798693259260368 1.10063261057001 -0.00250740006790817 2.58425637377091 -0.679299131782415
1 -1.71560516631176 0.424292504969418 0.281288918638829 0.00349210318719485 -0.365727548933831 0.321618847351486 2.14258386507404 1.31319349166273 -0.882899416778639 0.99474233192266
1 -1.71366308831273 0.738594886741254 0.206535399968686 0.0938956704420383 -1.33556249406762 0.451567198255021 -0.483177607110869 -0.0610600395052318 -2.23818841255305 1.05259088983595
1 -0.469640444315423 0.948365914127448 -0.0426289041004953 0.167640640541810 -1.20565341929614 -0.666030830689213 0.68443816739083 0.210066234046018 -0.302708500089978 1.79062387559759
1 0.662246257943412 -0.783941199261963 0.58237411441139 1.20895247325087 -0.579303947168871 -0.0758803167501548 -0.537616708412395 0.263930528783519 -0.533407829359924 -0.318959371795920
-1 0.772123331212218 2.00922158575752 1.11804493335886 1.86449630263902 0.486188888145716 1.48026444289180 0.370378264422125 1.61809253074378 0.0574647508206503 -1.51859227675650
-1 0.71586513591936 0.104897404069605 0.151250007272329 1.59790401881806 1.13555771831861 -0.486617071864022 1.81760774130892 -0.954921606605148 0.732625883934565 -0.7793985939809
1 0.689616244243863 -0.467389060483586 -0.053439205817372 -0.660392033087793 1.34624410990165 -0.581199872652732 0.128570632247327 -0.0221552839340769 -1.75722796774092 -1.02286570670253
-1 2.13067265111714 0.351584924139674 1.3509943708021 1.31476557895085 -0.169915251335179 1.94338898153245 0.375171256841745 0.292093262886935 1.41439727143870 0.903660015030818
1 0.397393312109708 -0.0363318903413514 -0.976649396807481 0.798657728426077 0.196869190910137 -0.71013345036592 0.155388455630193 0.619469170503511 1.51460062794588 0.786083282808732
1 1.05164932265534 0.626080875170437 0.980944508077877 -0.380890576258017 -1.30062087395764 1.84149362938819 1.55167028057677 -0.100922474916542 1.74917070550907 -1.84438402462177
-1 0.0230849474064561 0.359306287239594 1.06686188303036 0.182824494234455 -0.383437897357256 2.33688398315726 0.987715214323993 -0.49558066422422 -0.387907778806904 1.12798582772867
-1 0.744563987936881 -0.320915387940217 1.1553560745355 0.623662712737483 0.611102179206991 -0.47719238434602 1.30797880243977 0.931500809708602 0.477786527688524 0.120288006654362
-1 1.68260824790862 -0.0288099003832106 1.77472823007333 -0.596793724170835 0.164367184879985 0.62469544808441 0.0130353795729263 0.128040095108818 0.0277472952233283 -0.9221921112464
1 -0.130845747235011 -1.52492949912728 -1.23260393223072 -0.425606621323401 1.41527474037616 -3.45975633697375 0.76521933764519 -0.517097649544885 1.25895758715597 -0.138676648701505
-1 0.123922303177023 2.121502300788 0.821678762092478 0.192267225739257 0.728879519698278 -0.460804000348385 0.783496224365894 1.51269340595603 -0.257300082237854 3.60140251186044
1 0.528929314358759 -1.65132302267443 -0.00567654982026377 0.431698114693366 -0.315787143712624 -2.07042631555751 -0.66062060133047 -1.54628024041450 -0.817793289011887 -0.546313199980711
1 1.25026477046896 0.167095693359915 0.101148473363281 -1.04761838329236 -0.119080067128955 -2.63134042828672 -0.354431692531541 -1.01984617777955 0.561601098552223 -0.0294801027282207
1 0.668834260766261 -0.172396480244890 -1.23178010468879 -1.42371550539593 -0.351190215333073 -0.101033052752241 0.414970079783928 1.89602368457594 -0.609300320688199 -0.510521598310829
1 0.331286588008241 0.0032973431694681 0.0100988736157043 1.8167687934985 1.65283808130871 1.19917204062580 -0.557791850837697 -0.24679066758651 -0.691493226991178 -1.14485389732016
1 -1.6660231149691 -0.377961074219651 0.635641471664513 -0.507752423486463 0.419075780427591 -1.06489651748297 -0.207944312010346 -0.115611931801138 0.200111989649604 -1.35813888111424
1 1.20548185449798 -1.46349673165189 -0.214434525278839 -1.32001496088831 0.41535873111405 1.80499247533383 0.398115400590178 0.587135973095339 0.948368785673147 0.484670855764358
1 -0.108635744425739 0.416683618362576 -1.22720368400220 -1.16505428410420 -1.29364855505566 -0.522511519577015 0.739135426042658 0.441432259599383 -2.3552213599783 0.64038989992711
1 -0.252355358390719 0.346818585692769 -0.0292198348830306 0.719380469477356 -0.476972672720464 -0.827658993012564 0.807935484554508 2.03030583037881 0.910075289559805 -1.77963685117107
1 1.95467819832387 -1.61482477701059 0.287040731427744 -0.781572291394433 -0.540187293642207 1.63161245492849 -1.34734834244723 0.366217536980048 0.572951139958118 2.63911504640396
1 -1.64302920550383 1.54261374362485 0.188340749613299 0.659480505336975 -0.176493251911555 -1.32966915672373 1.94655408389945 -0.848865145380808 0.406182196870879 -0.406303726970545
-1 1.38010186683638 0.587611520417506 -0.483897350792856 2.05622533851426 -0.0992444513657748 0.466440949477915 1.38250322724335 0.146396920656945 0.0625067960482715 -0.0930897470983775
1 -0.791687409850555 1.96094119812149 1.31683297592362 -1.19923303853921 0.0604625733253354 -2.45627050001121 -0.153009233875838 -0.449135920498298 -0.415875155286148 -0.855021603906416
-1 -0.219627234055043 1.3822499094968 -1.36619598350016 0.754869392783978 0.629187582835361 1.21402200426337 2.03277334891086 1.41123047185847 0.333103827055642 1.6802597794651
-1 2.18797706780059 1.52238490700076 0.289561947005181 0.891840888822138 2.08006148907877 -0.636730581750162 -0.445112808470926 1.70746737591312 0.621015267118044 0.897054614501944
1 -0.0961035093521113 -1.05984528265207 -0.696145469196008 0.429463927671877 -1.10094647391225 0.40619419666393 -1.42331633529801 -0.464721081261055 0.0862541262629762 0.793894748576633
1 -0.398610000698693 0.38913861751987 0.0748722126932067 0.728760890655647 0.0955508203290808 1.21124135455383 0.922689268492734 0.591120693755005 1.14286435475095 -1.91690127284912
-1 1.53370366149763 1.70047621991663 1.56949479168106 0.735418737525014 0.318682777110795 1.49388271788103 -0.196022868906024 0.691711594921968 1.84642355682968 1.78825161085969
1 -1.40248096155018 -0.00715201234360128 1.33380317299796 0.611375954398007 0.116746309745729 -0.519940218056995 0.967930732486824 0.051660279858914 1.95527156289690 -0.498076118599525
1 -0.785675582255485 0.808957249243891 -1.47852980339062 -0.583240031027949 0.305451458572431 0.0260421054182972 0.389515920123957 0.700999701642863 -0.258676515986089 1.58370173165151
-1 -0.0210777711510978 0.480946999995969 1.22884382976456 1.16140759950393 0.586100078947922 -1.66680211209496 0.0595937921060117 1.02056165767858 1.05147028438697 0.929992688230821
-1 0.0908171120009792 0.337262401485543 0.377127815764069 -0.70306218621206 0.454058621187021 2.16814245225587 1.00116172463215 0.5846272881265 2.45911177782548 1.25178215573343
-1 2.03563445317096 -1.03748501368024 1.37139417332785 0.245894896040969 2.31918433093287 -0.622906144240419 0.0495275639074566 -0.272557040178839 0.573178148458266 0.386273765270573
-1 0.803125265174893 -0.383518214585953 0.83230970508067 -1.29793801057986 -1.12810433207562 1.41472967911306 1.01926567916669 2.11466142998258 0.355446344370875 0.219057624016981
1 -0.688991303281395 -0.801890040482682 -0.327066455104620 -0.573507740420467 -0.138002400976524 0.0854345974658083 0.207440220834051 0.435030036048238 -0.951552786851787 -0.88699329641488
1 0.618129930333193 0.105294910257048 -0.0129879880914221 0.98668263598697 -2.01574393986605 -0.85427237271776 -0.123588429017824 1.74065758180431 0.184614467546074 -0.818365184405485
-1 0.298011099112113 0.0735253351035565 0.628386120849076 -0.887460656617498 1.8817497360403 1.22305058492534 0.445467007734369 0.328564178851021 0.93016741983284 1.72221330824385
1 0.503887174483292 0.967229201007989 0.819495143784422 -0.817650991336317 -0.787478645951861 -0.566599701471222 1.00946504164081 -0.981756634648322 1.06950654103077 -0.0336388315670723
1 -0.94116859500556 0.982785519865407 -0.406790134654062 -1.34899824409329 -0.130979613142315 -0.429832668940808 -0.315929377651281 1.11189761433003 0.96682847722145 0.220070824128491
-1 0.942365077012279 -0.421133801101791 1.06449443267844 1.02525506119516 0.28852401619834 1.03282679056471 1.52940579795259 1.20265345201458 0.435974610773649 0.449323305487273
1 0.920441090317958 -0.769289099719288 0.166110926912937 -0.958451842247087 1.18161831863604 0.131868740864279 2.38349787555651 -0.808649714528787 0.792178640166747 0.175185265672158
1 -3.19541475611742 0.334458832720659 -0.82641708015493 1.99339322289486 -0.00502917001120159 0.221095405524684 -1.51560129099075 -0.724385132833393 -0.0602817899389074 -1.50448715919275
1 1.44818577161947 0.132053051420126 -0.53406337105384 0.70236151274098 -0.460648070045228 0.542412659917208 0.376752578011886 -1.39829890100713 -0.425526089037158 0.136620117282139
-1 1.71443360878488 -0.442406206259094 0.432683789704178 0.86353069206401 -0.0579451676616959 1.20604962839508 0.849373840487994 1.74065168314277 1.47203062048540 0.556203638006012
-1 0.3103178984893 0.749114780454598 -0.468474090524796 0.387188979544074 1.73812972285275 -0.675382601407507 1.95984645995217 0.736200744316793 0.686240495281982 0.640947738124184
1 -0.110731303013558 0.680418654674251 -1.20720654780485 1.09667443389023 0.0259103727602012 -1.57775889526322 -0.278803443971474 0.586877887627322 1.04126033520909 -0.337469718281
-1 0.471414331063541 2.21200769774485 1.95291765706081 -0.350112207008791 1.14331917027794 1.16606651617733 0.233046649977847 1.28287806119860 0.157588225823448 -0.228691762093248
1 0.096870329024796 -0.369276953559991 -0.0738714136373689 -2.47309951674752 0.474686586825352 1.80025607085702 -0.953374337765454 -1.50590324499779 -0.256654740488089 0.251333598924803
-1 1.21167266580504 0.856957983655935 0.409233516393179 0.526570948424652 1.90905053977775 0.403884636640088 -0.038104246649856 0.879877390287287 0.329810253947334 0.203461292904892
-1 -0.888927286583156 -0.0968940817710613 0.947792516271567 1.10274904026159 0.149922831088896 0.185184613927648 0.648968470862005 0.798348753089755 1.17109033474986 0.898318723607403
1 0.505938259719639 0.850059519680518 -0.684286191919155 -0.842902343085072 0.717458073036654 -0.112943189982065 0.260737348306476 0.672148058873665 -0.403574105164796 -0.471765176344588
1 -2.85347661505802 -0.272365373899712 0.770329267217457 -2.03498204002648 -0.68160213692793 0.299093818387706 -0.944925132403729 -0.950529839315743 -1.26582908772916 1.98778599923379
-1 0.417906689380051 1.26575597861310 0.0936967338467994 0.113440095212483 1.06556994796191 0.363919613885577 0.559914508734004 0.200962940143519 0.436121721246736 0.774091066718405
1 -1.62261803133760 -0.106311760170012 0.190808707718294 -1.37500981549324 -0.241319582808855 0.876172823152954 0.592398356014563 -1.02975476934645 -0.542684850890086 0.52499963967201
1 -0.77838435576748 0.416781180750377 -1.05191806928753 -1.86231602347194 -0.876494041629119 0.692101991949248 -0.992230476330093 0.0835893246425017 -0.338317281868158 -0.224187381308418
1 -0.947473794046711 -1.39934541875547 -1.01151017108523 3.44055618548611 -0.0825330955266917 -0.247820308229981 0.118787511013393 -0.059212599951094 -1.02767158337525 0.984102417991375
1 0.455699402329284 1.67759476953765 0.0351750276557576 0.99463807962793 0.832064362152708 -0.561024217840819 0.494965410784614 -0.296280804975117 -1.02768639645992 -0.734599389983855
-1 1.15956180523584 -0.126805250138098 0.682064295222176 0.346913708572313 0.629707817931817 -0.981164848980987 1.56041823187369 1.20899240274951 -2.68225336882452 2.5492604488321
1 0.0773035615893169 -1.18306152290753 1.01828759604859 0.758850085011027 -1.91745985435808 0.1584102887108 2.22097125437463 1.16831879849758 0.284862693592516 2.23424444369043
1 1.34342727046654 1.22400082783114 -2.69925783108722 1.30897272849297 -0.144427102204722 -1.17487937337283 -1.31686810855966 1.25813935826076 -0.280691118938265 -0.614467213476139
1 -1.65643838678697 -0.269281724973932 -0.773026968754859 -0.225402222575294 -0.415039639426642 -1.56978295171193 0.825731639174977 1.71583660708499 1.06499798737059 -0.194761331624335
1 0.642178847236695 -0.264045227240888 -0.0949467660775176 -0.272947289733917 0.800508741051712 -0.028691619781159 -0.104929580417003 0.155977236532305 -1.97239206221385 1.25124583169702
1 0.107106527677824 -1.88319000414959 0.404058010352219 0.271906030693743 1.15884532530471 -0.333066971821274 0.65827925923724 0.617923219149244 0.158823452659965 -1.30750621418527
-1 1.16650886194544 1.21877505788999 0.243924080682992 0.444769522945161 -0.630807576328659 1.88021846765386 -0.472730476471477 2.50951574911218 -0.235030186676511 -1.30793671967235
-1 0.832021817867028 1.02587516162236 -1.44761075896899 1.93225258515193 0.134085182547935 0.852585235274896 1.29081163829500 1.34447813483782 0.622691338523646 1.9295012857132
-1 1.95520354493597 -1.48735513482427 0.153469890971338 0.632887740348722 -0.853780846245832 1.30909677097297 0.873350137732589 -1.55438721318672 1.61943521843114 1.37215167672803
-1 0.179854658907651 1.03947746444902 0.418116601855749 0.350227147479239 -1.06958764115949 0.484787059249186 0.949456785089367 0.970505858326663 1.07394077497835 0.330870920183314
-1 1.51892326700292 0.969566535010848 0.00927807736673247 0.636960678104795 0.642126608663734 0.815080319463573 0.476839437622994 1.22020188614125 1.36872987024266 -0.168314258351646
-1 1.87690171162228 0.061974218057088 1.25969051073542 -0.0566772256354644 -1.12125583369659 0.560760892304234 -0.777597808936446 0.524948453952266 0.404070234907735 0.210879346522410
-1 0.408366867556418 1.78765131285643 1.91588794369086 -0.407989078145698 -0.296619116209391 1.28643049096642 0.349741284879559 0.765483026729768 -0.303103362624740 -0.198563242746469
-1 0.88986045749078 1.24800192951324 -0.430603252733843 0.140378331375462 1.47614802813872 -0.84528032965764 -0.80429999565085 0.891317463921338 1.36185983744373 1.91054496828297
1 0.641536367269613 -0.685220596544188 -0.0243248751467310 -0.201354802297649 0.399766012204763 0.462101666244566 -0.354698539455468 -1.33702724415737 1.69363936235203 -1.07589294255660
-1 1.12680611641819 1.90742627893114 1.35672997467507 -0.756539199202803 0.600910024445554 -0.342022965369171 0.124686334836174 1.25978976303053 1.73659027623149 1.20347973318264
-1 -0.73236787378666 0.685282531134062 -0.0691971396180454 1.23548639701023 0.915285381450849 -0.247118585653285 -1.02809694454234 0.537177128189162 1.01554766451078 0.774277484648622
1 0.425369417296563 0.685709764569627 -0.95942624745165 -0.25906701822944 -0.364485442123577 -1.20899861380054 1.22903552171684 -1.08438114528060 0.00385749142207333 0.259416476356910
-1 -1.07827545130142 -0.507444002871368 1.05458632574699 1.45292845656222 1.31544394450097 1.32244954064728 0.0775230352370362 2.10283735495269 0.578603516518236 1.08031037929292
-1 2.26822885924370 -1.02757701456961 -0.486605981542767 -0.757547876316985 1.17870708726070 -0.7023273439348 1.06482555117336 0.767009858792054 0.164233117211674 -1.08238329307578
1 2.37372081853082 -1.93555803707770 -0.881648876466687 0.87492844538513 -0.140949356419244 0.318592246921396 -0.293835126830134 -0.88815320761748 2.6908016646826 -1.49270677448282
-1 -0.141836099207459 -0.0163125219418725 0.81114751425676 0.0343425332095554 0.259636420179579 0.402204347479654 -0.296784921196596 0.463677442940684 0.486372398942502 0.798492097251643
-1 0.951807286312018 -0.293612573974444 -0.0755134721442318 1.15911777433742 1.15069484585665 -0.132978495180379 0.89756901325913 0.559495152450095 1.14626695305462 1.18526154806357
1 -0.0457519095806126 0.906643552252736 1.54474498496153 -1.5012176854402 -0.159236952854916 2.35315956802158 -0.126318779067300 -0.00605805634576203 -0.56592325230461 -0.201769623008123
1 -0.527382907560657 -0.36128745606213 2.01950218240746 0.229451523678638 1.11289388039199 -0.390208190506032 1.57059870305953 -0.286233472596868 0.200336113319436 -2.12624476105839
1 0.778883638259491 0.328548496917199 -0.486597060585969 1.04305204553929 1.57876682881025 0.121849676965986 0.710315663251503 -0.253624795372573 -0.774187768737912 -0.624671140529925
-1 0.81974149877633 1.55822716976594 1.35701523516731 0.301009182319057 0.332186803294096 -1.13386376293305 0.125421427705014 -0.138631002345927 2.25572510674444 1.02625827691118
1 0.307715423980944 0.69605823954804 -0.399538580647607 1.16438359984361 -0.521414402067677 -0.622936205712678 -0.489275698963406 0.738852907395118 -0.248731551131939 -0.155507996902600
1 -0.792988260804149 -0.771150815719142 0.202330014416275 -0.396879090814979 -1.86903211633545 0.98846898661475 -0.962128543913222 -1.69331360552657 0.634259934104623 -0.0966514689258789
-1 0.328242852640071 0.416915513431229 -0.69229482658699 0.162391058535694 1.00096203625433 0.711391335678241 1.47493768282079 1.68230413709416 -1.52923279941964 0.727875589252979
-1 1.38031454899350 2.55074985686262 0.745842188724307 -1.27160229321897 -0.374801009893813 0.218565454206943 1.62184408852029 0.363866450292339 1.59828894870659 0.434206829570579
1 0.753236531850046 -2.44491386475084 -0.631059867821554 1.10694239665547 0.616763096569913 0.867593569257387 -2.05295360295045 -0.427156030109923 -0.422116021626832 -1.05739405094747
-1 -1.31199242213448 2.34879265933471 -0.0548666256179782 2.11255939712661 0.749441258166748 -0.724248030587123 -0.0795287296275845 1.67628213886794 -0.296538515475547 -1.42625072956495
-1 1.13326528845354 1.04995530202368 2.60098985140334 0.823740599851952 1.25232338337623 1.02522960531755 0.378581024165694 0.931217169198998 -0.158753934123666 -1.24795002817046
1 0.633480493129386 0.351565937066713 0.356666764640042 -0.0370122092969186 1.02821175537908 0.855114774085915 1.05349677484691 -1.71032071231274 0.222820955360556 -0.0727075808817219
-1 2.21601929433705 1.69143160622495 0.517048711044041 0.58845632815413 0.0107598444007587 -0.244344732608733 -0.141808139763759 -0.126492174181030 -0.139008952427173 -0.529590571755807
-1 1.03978848257128 0.873100865433867 -0.493174119101078 0.470320495343944 1.14364062353201 0.627568159178285 -0.516702316007855 -0.0145687273953435 0.217958073467811 1.01032772690873
-1 -1.66286559903646 0.724357412152406 0.7892932174215 0.475476804931496 -0.254333899483218 -1.18197404008680 1.46404972427270 0.812530336854234 1.09170362956402 -0.151895561472421
-1 0.570400477843812 1.74944785315211 1.62364660726567 -0.830785313866781 0.864973030398911 2.03921921154675 1.27756855476123 2.39610716494636 -0.177742627999458 0.95278166974928
-1 0.88620203798012 0.770464594360386 -0.432257917423925 0.572784429933133 1.04517250359606 0.556134857692805 1.07373113044994 1.05176622180473 0.774192013767068 -1.4324460410142
1 0.633816287292925 -0.367705067087074 -0.18285484350278 -1.25247355437576 0.438531196219591 2.46322374815474 -1.68191906448737 -0.0216069747671271 0.626500639700427 0.258534404968975
-1 0.390536804451772 0.198574269742352 1.44396201033626 -0.634949211439894 0.84087422581807 0.983011033426826 0.836088539878558 -0.914369596259538 0.0890318932402873 1.68646421345366
-1 0.340073801402094 -0.145840747988922 0.99490905638596 0.0507765805944348 1.70400976339242 1.42170746244227 0.785596378079885 1.73718088302313 0.836161469296045 -1.02623708109281
1 -0.94545853296484 -0.930475121954157 -0.0127106060071190 0.201910289901597 0.00302179775159747 0.218468068914324 -0.926355061884962 -0.741019094346457 1.56476194984713 0.0466392624033248
-1 0.229816247113440 0.401711856992662 -0.813300447544057 1.63546317268298 0.888261983699025 0.115513839150216 0.857495103185113 -1.02732255167022 1.58519689409761 -0.432115594569843
1 -0.686291971276552 1.37338699526993 0.650227376999839 -0.526435368486742 -0.580397876133031 0.955368289131796 0.394434374746467 0.340835144655178 -0.215614983874321 0.245546473543487
1 0.575914232595391 -0.660329920692351 -0.176117410114861 0.262659815636372 0.944971388868198 -0.395074164764539 2.28354015808011 -0.510295518795989 0.232302737845929 1.33631263562244
-1 -0.345088748124555 1.28697654883570 1.63989260155882 -0.196498433104966 0.492239853547551 0.312708366814558 1.73843866446618 0.73864571041178 1.99864062573269 0.97375879240700
1 -1.29382094867318 0.512845312308485 0.359584524118925 0.652535330517397 0.796021281169262 1.00946052172780 -2.01610368506955 -1.31570808842678 0.739778698672248 0.695955027605217
1 0.147606659417117 -0.335604355284989 0.273935268665197 0.880524740677585 -1.74104296739166 -0.663541624390166 0.982825194462166 -0.104537494411507 0.0119951970705138 -0.14650291608767
-1 -0.300702115340463 2.62925153837606 2.09967506057021 -0.846084119865348 0.636173512677509 0.437112910621232 2.97734589972057 -1.00357082862848 1.45789219369641 0.689949803734777
-1 -0.936216026270128 0.399171120579917 1.08720373677465 1.17949267070362 -0.636614359470734 1.13089281732723 -0.462870447821463 0.0314692957498647 0.253400419817404 0.983284671485082
-1 -0.479526299926689 0.927474290669209 0.350280491651379 0.280072168472391 1.22093137260639 0.765630921628497 1.92962212089770 0.629807511169096 1.72921021779619 0.766435415045669
-1 1.22012731478988 1.36301055622461 0.834563947057947 0.89091305993741 0.124345533481876 1.31080789560518 1.43680515823218 2.88935550376822 0.6190095627091 -0.221498522799996
-1 -0.183263964600073 0.326657337228746 0.178874735307773 0.568296684287536 0.563318669171208 -0.51673252011063 1.12645018634392 0.625007665319039 2.07375428604265 -2.01666252636529
-1 1.53102070864219 1.86095197260389 -1.16849379215099 1.87629892566741 -0.721301800808138 1.25998042941044 0.625469003162184 1.31953734718719 0.360847751047376 2.04894971053977
-1 0.775546518007613 0.0836265543604242 0.0254689347482531 0.336622287009391 -0.497165985613596 1.87578597254793 1.89208798035334 0.172605726473825 0.957609183847605 0.693858567547831
1 1.47579269250420 -0.0948306296810003 -2.40230859828189 1.78429356101199 -0.85630999663569 -1.15350193232574 1.35781262827680 0.996768034829556 -0.616865270486074 0.250343155698443
1 0.583943433807751 -0.0797719147798182 -0.0416736891545597 1.37696569594818 -2.55299604230832 0.709109457395587 0.321543139081121 -0.149828170204067 -1.74440724814621 0.8662322660234
-1 2.21934250264964 -1.63615186142918 1.17426627837049 0.528262213875042 -0.0167738774383398 0.447551056856 0.977439255867803 1.96614346883665 1.20407114547649 -0.254111266789133
1 -2.34501480804326 -1.84408323993642 -0.185733993037837 -0.819348095401073 -0.847784255713167 0.881677000958326 -0.465218107709399 0.0528561985927782 -0.47274323083912 -1.20319570117994
1 0.456448502337701 0.0452607019833507 -0.752644520754817 1.69893911765913 -1.18347142480623 0.866489241111651 1.48066284137613 0.873147872581332 -0.066109824308177 0.188886012650337
1 1.17364821080558 -1.22800098505383 -0.818537204777982 1.69534029386173 1.64272529146070 0.579078868315417 0.683684466561894 -0.209635606941258 2.66403438423309 -0.317471089456071
-1 -1.68297233454970 1.54279935731958 -0.56807470045268 3.30082812621113 1.22933262237242 0.726434602536963 1.89159816127435 0.095547046152026 0.220417836065312 -0.372619821282089
1 0.58382992349159 -2.19367889297529 0.886388891379537 0.703679123377227 1.1210704280655 0.806658139001844 -0.194606344446383 0.856447352206645 -0.652289832188782 -0.0889965436103755
1 0.560297557905593 -0.422410213776799 0.452600606860805 -0.136104753010481 0.191420933647734 -0.540885509694886 1.7586248996653 0.606868798877565 -0.573563294785073 0.641713099951664
1 0.661765572137525 -0.0539718445260122 0.364220085854076 -1.09898793445552 -0.62989881748234 1.16318153712705 0.176513560621653 0.251744603719208 0.110726759610684 -0.865290861605586
-1 1.93006332137794 0.686004417068064 0.824670612034185 -0.678227438865826 0.868261918337098 0.331236893980923 0.53079609564119 -1.84849975511858 -0.0179710583323783 2.25426646667716
1 0.113318998114276 0.994244928449317 0.270388408002431 1.52140222386034 -1.05914611977879 -0.563253780827683 0.378538952659345 0.159046492254389 -1.15090975446082 -0.217660099568179
-1 0.0919574321082836 1.40407413566776 -0.774639716237974 0.0555716917019541 -0.862462164990068 0.338894802151601 -0.165183863738649 -0.814822078889757 0.153309633621106 -0.585788043957153
-1 0.601848959255017 0.416458544130114 0.267750176779458 2.25096381183183 0.610981216109253 1.40455758622088 -0.158762718413504 -0.185540354916064 2.09248961378897 -0.930812801692645
-1 0.988151070337731 -0.0976328536105014 -0.239284457895093 1.44954747375742 -0.0891404474759393 1.98257684290034 0.802692445454156 0.582511667553237 -1.20486978700342 0.562010683912667
-1 2.07976861674329 0.268980722747191 0.290573391266298 1.62092923653759 2.90118781935248 2.33755802496692 0.248025741911517 2.01818604674928 -0.620530921234174 2.15163033466089
-1 2.36753485436594 2.36006430095449 1.46553972031653 1.02699650404442 -1.16599826235095 1.15777492773908 -0.804183969628419 2.71355160100565 2.69263918017551 1.08708072250124
-1 0.496722266285061 0.689702519400351 0.460324696657292 1.01071930962085 1.22937130849919 0.870926443043804 1.47798421768002 0.399715315991948 0.476899128846998 0.495799369355574
-1 1.19679215561601 0.471990150706333 0.437820327482406 1.22388427831298 0.514852748933993 0.305412137130833 1.04233752856337 -0.784037509641518 0.329747595041916 0.785509393650552
1 0.241688364827702 0.261824089404028 -0.424010513656926 0.276969289540388 -1.27452150490719 -0.38773919158976 -0.566771544414042 -0.889359220429984 0.95880657534987 1.05464721491414
-1 0.39156591523776 1.59000946711077 2.56601504422309 2.30407702910647 -1.19983075151044 0.726247746681496 -0.671132497196489 0.0800212885689847 -2.15950168275368 -0.784378480330851
-1 1.54129992211311 1.74351966780968 2.78660056585925 2.36124258584293 2.77625241939101 1.03031464394783 0.362246980468225 0.826016120747148 1.38415159142387 0.092692736485984
-1 1.14235389422219 0.253770862987974 0.134131044815493 -0.934245373425794 1.50967402392534 -2.33226013215665 0.283319868734629 1.06373353908864 1.95981548289573 -0.163471451604554
-1 -0.375641616502209 -0.115530034419725 -0.225860272670764 0.390424647082677 -1.03214466514910 0.873986707199669 0.135900393981780 0.0287618940317474 0.241163590255193 0.630006515256148
-1 -0.13536968372255 0.333269210947279 0.358167986102491 2.52423407290731 1.74067391820563 0.92595552690015 0.520966734440125 -0.422330047278599 0.622521177905542 0.369712184571813
1 0.85270410843651 -0.0885794264810424 -0.624407949586266 1.07799791315456 1.51753434987921 -0.401528013675829 0.609391435627671 0.462331413368401 -0.194722732545224 0.0253917666005765
-1 0.411787109741695 0.802573678862415 0.0648541728640374 0.648663292013689 1.14009109269648 0.640860030865269 1.36288098083840 0.664491513792646 -1.74202693773733 1.60024887119433
-1 -0.904820820353249 1.02001802842575 0.39445667558552 1.09524903027574 -0.512572992104798 0.700061675866225 -0.0149094731639143 0.241226555695706 2.74166889925302 1.00594695516402
1 -2.07157214034606 1.12483504741146 0.347964201194343 -1.75018272571758 1.77854254512865 0.97117349274988 0.0623488669021614 -0.359942308067929 0.673028148205452 -0.116941459011497
-1 -0.894022253519944 0.214012500742223 -0.0564903967972731 0.513604713109183 0.862001396367375 2.4352095997032 -0.814077520523875 0.562484541668527 3.22586074934453 -0.127079009246054
1 1.44201565738209 0.0458169769969406 1.67334292295977 -0.551602007719669 -1.46532339990669 -1.3946363951799 0.304262853689006 2.60126732034089 -0.276669781367882 0.306711641127133
-1 -1.13774970460134 0.869848545017765 0.265581245462633 -1.00346134749749 0.753327039095687 -0.715540544859684 0.68461306200002 -0.69161897303979 2.69548088594162 1.80043761600181
-1 1.39675990526971 -0.0124589458692425 1.61359475126431 -0.427173919698534 0.860861154689675 1.73981416956143 0.342846730825001 0.253205045774414 -0.561499194231946 3.25588660698961
1 1.30516558957993 1.12094365750476 0.998616684989779 -0.0124808789310279 -0.108198160721184 0.385270494937522 -1.32128595791171 0.150469371343116 0.808630075688014 0.546283097491412
1 -0.73031282323739 -0.468964642004466 1.68442395384391 -0.268269984742242 -1.19455113204809 -0.381933463308331 0.81154591158389 0.323407922175341 -1.43651554451478 0.8763391062567
1 0.247110668394276 -0.457196311813877 0.0779237447418344 1.08618515999391 0.551512449397085 -1.05599704969355 -0.185202640824909 0.560537769504431 0.583560651970635 1.56761240146032
1 0.126975547879195 -0.686542127911435 0.571028906894494 -0.737440514108932 1.04662196725117 -0.0476939937537198 -1.51066483393245 -1.27176197955513 -1.01543893240172 0.429646030893294
1 -0.41209959930663 -1.54737508671495 -0.127090927414873 -1.80628180501397 -0.225249926890307 0.246671059768411 -0.00944758252248295 0.587916312079979 -1.06709100365788 -0.249432494787214
-1 -0.780976694906837 1.18505594642831 0.0456589450177659 0.499324565970284 0.551479562574464 0.646821674952233 -0.276710729526929 1.71287515449504 -1.07179021511464 -0.141070571593563
1 -0.00928256098774308 0.998293662265283 3.54848224227501 2.12078678774054 -0.128106218982757 -0.282362667360845 0.359061711810758 -1.18426833348005 -2.00248409549378 1.48979152446321
1 0.288111153454716 -0.84390815687935 -0.527071582930951 1.05990440024076 -0.138167864427883 -0.335654349546177 0.48474865221051 -0.170353697682906 -1.08548292640340 -1.24764612995043
1 2.0467278385539 -0.449794416364371 1.08682605815711 -1.44466340027964 -0.654858802647717 0.776541496691448 0.85641097603985 0.052892260666609 0.654199682056723 -1.26846896849204
1 -0.555498446256988 -0.219051672396107 -0.466840400131435 -0.109108430556814 1.70140005099156 -0.455472497009922 -0.326877398083672 -1.00735269371957 1.07380771749798 -0.178121244979071
1 0.0311254814516323 -0.0781698301094682 -1.04757820877152 1.40239896958453 0.434137160087169 0.383190942885782 -1.31613394715889 0.51242932382092 -0.806516976726676 -1.28235519465920
-1 2.69528954484958 0.706666285055976 0.877804604972812 0.399119371620785 2.4673633724828 1.61630774232136 0.289459337512510 2.15292035284477 -0.93494082397122 0.730509811767254
1 0.338836619803873 0.96772381262977 -0.316042309153437 0.927492824031239 2.09040313907263 1.44493890555937 0.351698964816544 1.12648992150607 -0.607890497576806 -0.75252050208962
-1 -0.581975009125961 0.899731610606787 0.965862638485093 3.38303765728705 0.121618552987674 1.66398201421965 0.558276905200205 1.36103803702103 -0.786117462866151 -0.517854644222958
1 -2.06062963247923 -0.950700424186173 -2.37494853857499 -0.969288388146441 -0.767039015398521 0.545367890187062 -2.11788022865856 0.519743502873947 0.137303698403306 0.824617815273031
1 -0.59452486269406 -0.25595713739298 0.244297968067651 0.188015293291874 -0.645062135399164 0.795102865880568 -1.1685568807946 1.01333396495325 -0.0487704857880513 -0.650297147559246
-1 0.0943652003734734 0.0727315733847526 0.128207150767880 0.745683121649612 -0.653873401250484 0.950067011007206 0.162943169437249 0.434012285281861 0.391097282613134 1.06235433683269
1 0.433971658649081 -0.757533586223891 1.43361564862344 -1.40421572010325 -0.607009802227981 -0.991838385098583 -1.12934210749686 1.06963733537367 -0.258450180497872 -0.912277369806148
1 -1.79209248413292 1.27648238374164 -0.752768878952196 0.703871342920098 0.075018707179451 0.789976036039767 0.0534700890836493 0.745005339143587 0.526955398156024 3.29016637574634
1 0.843199727520433 1.16205136639187 0.0891984004882765 0.122084618128733 2.14469802516757 -0.431776129339824 1.68354496467547 -0.463306072253662 -0.258085278001407 -0.604760502776194
-1 -0.279813722878195 0.562442432919374 0.271804176054105 0.761243289520838 0.733814562824266 1.88880461546925 0.0170969742584467 0.49858650118894 1.66627769570749 0.6442094987814
1 1.15068134602025 0.824757128996984 -0.733911018657366 1.96140253299792 0.986409562204983 -3.11837004752008 -0.61975482539625 0.589582252320957 -0.0719395049327694 1.10816276324038
-1 0.542961840564884 -0.684743373375356 -1.31712563609367 0.521846265238637 0.260555505543285 0.95961924028176 1.54025734005069 -0.245875679580838 1.65771218273267 0.355305593332308
1 -1.18352505422591 1.94300529201691 -0.242578311535010 -0.140183753226682 -0.804320885342287 0.533618901475108 -0.944646287206676 -0.714099662749404 -1.45621616790242 -1.08189726803165
1 -0.426186693066111 -0.866660427760831 1.26393567385454 1.53483639807388 0.613211593553601 0.0617578076717581 1.18299591319633 0.844945145078646 -0.149536610599601 0.260999503489979
-1 0.351126223938916 0.138003352392139 0.533209342521401 0.456500571954527 1.40265863375670 -0.676840147449727 0.0104958962702844 0.293602850079448 1.30329385763084 0.218333043918954
1 0.225398635355581 -1.65945382196693 -0.196390291515344 -0.458550843537834 1.21098808990635 1.21819857514069 0.220877184456126 0.692156614533492 1.16076231643396 0.602148778475335
1 -0.946773890627217 1.60871442713760 -0.434592335695123 -0.0109391557220091 -0.556485520393163 -1.20745498199352 -0.529412742886072 0.348795073261787 -0.078327125051586 -0.424020970367589
-1 1.50707603692100 -0.24240972303305 0.722249358478281 1.80319919915493 0.47394801813965 -0.223921284665584 -0.839386048532978 0.818862059583172 0.423486121071758 0.537949230121303
1 0.360198378661288 1.93805749614404 1.29540030939594 -1.14767473177610 -1.00383986059957 0.574098512031322 -0.0401486940862211 -0.358898687837933 -0.0357707427740428 -0.322100391083738
1 -0.366739292027367 0.863231075265755 0.401604838695 -0.792836138172395 -0.252121252556883 0.68186324677996 -0.564664888878563 0.0463854574627594 -0.941937513138712 -0.737935508907143
1 0.738591506933153 0.278836243091217 1.28497416278708 -0.0732419882699072 -0.285061661619688 2.18774159841787 -1.05180212377897 0.185976804976802 -0.129714408439684 0.872349858276191
1 -1.04987082041611 0.561748883838041 1.68569962539829 -0.855788729122024 -0.369513839016711 -2.11602772094482 0.522802733968256 -1.55497177174639 -1.08658708891231 -0.409842832766493
-1 0.789950038502275 -0.565609371117995 0.606766741235295 2.11324373962951 0.299841277697524 -0.681408277529341 2.96079678863035 -1.04275262301069 1.55359085435483 0.447513355997687
-1 -0.31878600159877 2.17613930502014 0.532649633931227 0.0330862190415924 0.694892189064491 2.61304039525059 -0.80458770301785 1.31960244249967 0.527242586603459 0.835913591423723
1 -0.274057913174219 -0.778678594759677 0.897870545007474 -0.569124691778739 -2.69465239895556 -1.41076517000178 0.169362942744607 -1.13457929766533 0.278560746151110 1.24302039528422
-1 0.632201997855818 1.35113941924602 1.35937107184923 0.467967859806712 0.85258794498645 -0.840126066737506 0.214452734723007 0.532553671110511 1.97862436710642 0.291176854364189
1 -2.15818121723306 1.06255500229181 1.26724499361981 -0.758818118928019 0.0471413868702298 -0.766043957461916 0.229181753447577 -0.350397790895824 0.332208680209912 0.413090668119022
1 0.336146438370802 -1.10509402302518 0.218279320408770 0.720999782727023 0.634451022552896 -0.628114305570361 0.322576018224678 -1.00323221392921 -0.149032616783386 0.588732106767521
-1 -0.599360422809318 0.740737870765713 1.53184466734552 0.611592911074986 0.87939206555394 0.639524984114586 1.03154263606006 -0.191635036528044 0.184846941979933 -0.427887626196452
-1 1.39020597018253 1.13059805642568 1.25423941112395 -0.717407756939105 -1.59855792048252 -1.58320820250972 -0.182347601526707 0.506607236922169 0.420421973433493 1.99185140109890
1 -2.26560307235143 -1.28692869664830 -0.832073734376598 -0.592036952360099 0.712755631597166 0.287791458008143 1.40711831832070 0.923710928170535 0.186869064531450 -1.94699526625562
1 0.683531061350754 0.853570560469733 -1.68799320664341 0.851023650342144 0.150403583004434 -0.963010344443008 -0.482448922219197 1.09908051268291 -0.633283518863555 -0.355927547463241
1 0.756206536610629 0.206242092586927 -0.259498099652467 -0.0885731785926576 -1.11669097092331 -0.854681181607336 -1.02739402699494 -0.919163963517327 -0.0769325632570398 0.0302068389838623
1 -1.25758217426193 -1.16914616583884 -0.112143556134940 -0.218179411701060 1.04057645702260 -0.138758167368232 -0.407702669307177 -0.387510054149817 0.311309645681495 0.953684488638769
1 -1.3523556018752 -0.401474263683020 1.90636038591427 -1.20922904275439 2.07530121810613 0.306332803062556 0.755196219968163 -0.675482545951984 0.478033749351734 0.709043703766072
-1 -2.06343196756909 1.24662383997279 1.03426627790384 0.580009125059046 1.14518327245134 0.537648858604364 1.52637464061602 -2.12938534303517 1.91551956579653 0.487339828930652
-1 2.01102060453437 0.364336294858632 1.30347259648988 0.758307778370167 1.03049626640857 1.78058567819755 0.995534584822026 0.616458106701453 0.274432155363968 0.574110098101006
1 -0.150014711077819 -0.747355099855679 -0.185627674410480 1.59436996307778 0.867739844414469 -0.928113969837093 0.0694638850173 -0.727508795490565 0.262270705944978 1.24531369428408
-1 1.40210399940609 -0.84670562126826 0.199463541273192 0.392490352316625 1.13767768528804 0.678590714550424 0.512444834106228 -0.376529687352768 1.03304993095346 -0.950743740090454
1 -0.40332702022728 1.25385333572501 -0.4542692773249 0.846695646896208 -1.47696505061903 1.63252432132861 0.0824251243849963 -0.168826882346837 0.466636721709354 1.07699539899178
1 1.0085396445364 -0.143868080668752 2.07234379834918 -1.03942604567572 1.13581710488855 0.192635813697993 -0.0803589257610973 0.861254637211279 0.265988651923504 -0.912524786070085
-1 0.50040313484866 1.47316551540189 1.72311384355678 0.676268186302275 0.197625785661615 1.93948859684640 0.0476400444912921 -0.766338980009009 1.41449141127338 0.942421929164173
1 2.46618981736199 0.351518790266481 2.64483534171415 1.98353501141974 0.0934533555942935 -0.102551519353211 -0.473238763520741 1.74483909184104 -0.940827833375262 -1.25308007785948
1 -1.57159300303841 -1.6412255607 0.180737228772177 -1.08698744931336 -0.25342954455617 -0.128116282230178 -0.0553971845506495 -0.741473050805808 0.363818119454426 -0.179018659259099
1 1.49089407114385 0.837173562635318 -1.25512420617251 0.0159366714379969 1.39181233983906 0.801645053325919 2.38560907258633 -0.536168398847991 0.07248978934125 0.272928221695766
1 0.0792516108811385 -0.700201086606654 0.643357294796443 -0.143215247831272 -0.747698674568473 1.03858891511567 -0.417877016825498 0.960190078816417 -0.475767468391544 -0.120754542641840
-1 1.83086121271637 -0.0711404687056922 1.52266493575665 -0.0383314625399936 0.894856609524124 1.71676232788245 1.78298068424765 0.792015657418123 1.34743411957370 0.732087273804882
-1 3.37432322510924 0.468302592768844 -0.47498355937597 0.572301438821416 0.0619583664562852 0.79794344586485 0.623345435993231 0.340719785030983 1.32530207337382 -0.123630891364949
1 0.305388773307671 0.274032994386287 0.767340773768656 -0.0999966021742574 -0.08557709666784 -0.114052599044354 0.684282270944828 0.00630689641492121 0.434555170321722 0.461452405387414
-1 2.05389090606323 0.591615423974448 2.70167464316201 -0.123888614154217 0.575487573449613 -0.0138590704392438 0.96265175094491 1.55058695975037 -0.184235589516145 1.48560083011787
-1 -0.334540256732532 0.49705462465943 0.145183221292360 0.94394692936311 0.10501562380133 -0.729525008549241 0.642292551810486 0.502958164158674 0.836665887425861 -0.597247923324706
-1 -0.242259907616082 1.52643941518936 1.66959210756792 1.70287672243277 1.58871052083305 0.987261772043123 1.67103385851888 0.56342040827983 0.994983626557511 1.42714678266278
-1 1.21586680874950 1.86686717418288 1.61266791908227 1.04384835591302 2.13021937159508 0.833866365498049 0.63855596761944 1.13323390503112 -0.192177244313503 1.27385586466921
1 -0.416032451618679 -0.624591507465244 -1.20052552900876 -0.88140751372575 -0.34607769360137 2.49314239013155 -0.62551699691187 0.269367140802296 -1.65258865688956 0.481675338248074
1 0.478541607068346 -2.10355533208285 -0.42711139697533 -0.726119093969244 1.08542191723193 -1.52865550712585 -0.114344795450800 -0.408191904849644 -0.332399357168839 1.06429861499878
-1 -0.378674860768600 1.15612606527105 -0.0218237048142749 -0.0665391998034444 1.20497636805863 0.0398821553762482 1.47087322756698 -0.744920337246725 2.18718905577790 0.538985183995654
-1 -0.10305312742836 0.214953757335925 0.644695174319875 -1.11294097798989 1.09644849623063 0.240527856854472 0.587424969524913 1.38664792465286 0.299150096711912 -0.217412857013743
1 0.854217945405348 -1.62712747039244 1.35355514769976 0.63203903618522 2.2831960274673 -1.14244851082159 -0.120179773840580 -0.62083005031298 0.655655823261573 -0.83341483346605
1 -0.197849666576119 -1.61273103527324 1.62903260865013 -0.295946097133571 1.30327944885394 -1.38279818708694 -0.355740397265112 -0.0368693717174324 1.67952910075367 -0.474635080665758
1 0.157376188182892 0.616832722951277 0.60494444978821 -1.22174102433863 -0.408105290348073 -0.749922441348128 -1.50565543175807 -0.615140813529486 -0.581900737782237 0.812980986654615
1 -0.601669040876395 -0.573781133899167 0.84912860833851 -1.65965808028886 -0.0341273363075138 -3.6893239949637 0.76855115038695 -1.09403494973801 0.283677066878271 0.0229006613215977
-1 2.27046706502489 2.81919473687691 0.372520921828131 0.528882105503199 0.865380490239003 2.23731054137502 0.916973661903673 1.99275432935246 0.235843161683678 0.392189278431744
-1 2.54568877770445 0.215877289358726 0.790495054755513 -1.33453837341929 1.36758768530807 -0.667027059795104 1.26907584673200 1.58590973767641 1.99053999437726 2.09921780675628
1 -1.73419541890509 1.10194647716341 -1.79516009997470 -0.0846545113466857 -2.09736734999248 0.0172584479944101 0.286843664186846 1.30752017572144 1.12056801445863 -0.744071309776473
1 -0.557160809979212 0.416995475999076 0.900201100622972 -1.10823863028020 -0.275335604765911 -0.40430575964681 -0.950712307549587 -0.587708035928189 0.790191271951795 1.47632376813733
-1 1.56171679761469 1.96379833793160 -0.540473104887354 -0.0328149680356117 -0.68862990432968 0.192756719348039 0.628091762751916 -0.150323138124350 0.916695200433226 1.98401260910446
1 -2.05166284350219 -2.14420192924916 0.0280849929703159 -1.9581807858729 -1.63210731239027 -1.15466918915279 0.576686898207297 0.681307200091485 -1.05352706754822 0.660268451216826
-1 -0.00395161667239086 0.586067977387306 0.0104261540652775 0.928324084112014 0.81599867787291 0.149966920121785 -0.0703532812612274 1.84430321740379 0.114694884229096 1.22975597732549
1 -1.30869660711991 -0.560293449802651 1.57563135486331 1.22766097481332 0.338246582626494 -0.140989386323485 1.96444826159746 0.00514201226549877 -0.694124533241754 -2.52602162038488
1 0.108079441698756 -2.05419692800397 0.908324848188924 1.73547209653514 -0.77789621557487 2.42831033098737 0.517096307453355 0.0947878725511311 0.49110358370677 -0.328974035347083
1 -0.288549457411124 -2.20074232796447 -1.21517296834655 -0.312922732588182 -1.14802075539351 -1.04364277704129 0.369908681388792 -1.47023647315802 0.554826205728777 0.157570115745816
-1 -0.878270057436129 0.368412136558714 0.673515939250641 -0.0841424663174224 0.81124225058135 1.55757330100074 0.0127874378343635 2.47706227879420 0.089765451305602 0.714253228051412
1 0.0235579317611647 0.625265186899705 -0.928881050833304 0.83237609559909 0.88114226291929 -1.59542508679683 1.23619224114829 -1.85332736059896 0.552322878487844 0.158568254444853
-1 0.412167075368018 -0.144878513515007 0.694851064329692 1.81433593701513 0.664237991615156 0.531234104488623 1.10756082770586 0.44185734765859 1.77303919772247 -0.891720134685663
-1 -0.0582568012023899 0.0437099172984475 0.376509654544197 1.05347805242861 0.789473650826339 -0.247252099083721 -0.805432923267159 2.04946159308572 1.94957942621401 2.68443492298342
1 0.0579736347303170 0.0198770323917200 -0.906773831124999 0.426072246875418 -0.0322746369058787 0.773172228602301 1.90344727439262 -1.57218939440635 0.376482441343046 -0.760182879052153
-1 0.927948164105607 -0.0901968406997353 0.120901955556581 0.443845834741798 0.537752296180966 0.106014663509184 -0.653180397347005 2.89261152257161 1.23790994210675 0.235025890191061
1 -0.96072447249794 0.769577829158379 -1.56587880696914 -0.838908171983077 0.0603763503604005 0.94235137371287 1.86384562308212 -1.49760830742453 1.59822042053536 -0.422534917208687
-1 1.93849666732594 1.38173297584266 0.646124404749906 -0.80813332461465 1.05849044297317 1.10565730508228 0.357704862130412 -0.824263154528027 -0.0361193259808574 0.777496697590718
-1 -0.636135854168009 0.213459188197874 0.799916996563306 -0.569257184021743 -0.218016196952709 0.085939308602312 0.978126433715712 -0.454680116196294 -0.492175832260185 -0.636591205535021
-1 1.62154840895777 0.563192238684682 0.368242045874211 0.143020038642752 0.749942949744329 0.841795353894436 0.603188548960958 0.706504718689891 1.23668117289164 0.0830045906380475
1 -0.807408675398574 1.36808575784938 2.41110780322694 -1.00397066883291 -0.217573014717797 0.741423594308787 -1.67429175053826 -1.70211697147484 -0.776792363292291 0.436065733534471
1 1.31559991577384 -1.2504725233538 -0.579261759186508 -0.568401447673491 -0.398251700080294 -1.36938217863875 -0.390348218407674 -0.556962338845835 0.549022206849501 0.579485127299704
-1 -0.204839723526618 1.81365120745799 -0.435953996747543 -0.267235255422482 -0.237266107061738 0.813766624788564 0.431161484348893 0.526078312049645 1.63028232229409 -0.950298981577309
-1 1.53717002627259 1.05076761403628 -0.0189824354593902 -0.224310685510018 0.902070039367832 0.17268992784673 0.669537448547727 0.165270769144623 0.373749680421424 1.91850082822681
1 -0.873073180089588 -1.14056847089673 -1.79471367742913 1.33144437295895 0.508709675164207 0.452962876974537 0.329448017410040 0.780246890205973 -2.09192661885462 -0.653210131992887
1 0.641809633042261 1.10890130657750 0.125031505433186 -0.256516279105562 -1.07107888121202 0.227436532433413 -0.279980772191051 0.79707503266574 -1.74430491803776 -0.333894272855935
1 0.455010760187688 -0.75622532315776 -1.18302374692789 0.638060256206069 -0.138479028933770 -0.526649452942305 -0.0608005797057328 -1.17343714412588 -0.263756972966752 -1.17244913568141
-1 0.634719105813752 1.56656384101577 -0.364485362489337 -0.594772862009936 1.61751514781138 1.50424862597037 0.394971987416504 -0.379160992067824 1.68790640591515 -0.361069788496864
1 0.530550740612497 -0.145779349660389 0.747877834719684 -0.517558645535037 0.220140119473097 0.458805142097299 -1.74015427393297 0.593464883546731 0.475259927123372 -0.238955023473211
-1 0.231456959821709 0.642333261758653 -0.664476909728475 -0.590522624708824 1.49849931051878 -1.25899286732428 0.537553102537926 0.506964176164412 -0.65864154134031 1.80505652819721
-1 1.16653038006929 0.390700966419968 0.471505186369433 -0.74542783854849 1.50632087755349 -0.179737681744237 -0.0577623422022946 0.179745085239775 -0.433004264841424 1.28142630845606
1 -1.62417050908069 -0.030740541261127 -0.0300659518401855 0.238365616715557 -2.25830486556374 -0.998989491567973 0.261709635940945 -1.14736456985625 0.60580890406498 -0.388719198158465
-1 -0.462795623571768 -0.223824679667557 1.83962200519545 -0.101097567051343 -0.201674737799037 -1.24232778349076 1.60419055710701 0.716774414531297 -0.103963286404681 0.873409347863134
1 -0.606102125150017 0.247136357586256 0.18769895067701 -0.328284209501038 1.85218557886597 1.55641813699413 1.53712707650710 -0.786182798649103 -0.00726196281113343 -0.182233704829447
1 -0.979844474060985 -0.263602131316030 0.184071140378809 -0.64437446157016 -0.62931404265122 0.422278127514389 -1.50153935871744 0.468785995243562 0.595289952854117 0.7622278873263
1 -0.60924544739283 1.18262908520902 -0.0845154492014377 1.77581726184793 -0.405567545872045 0.0035194616568818 -1.89633428710425 -0.37477915165641 -1.51192932268492 0.354790758158267
1 0.412172533171024 2.1338368022013 -0.656957859276103 0.267546668386043 1.32513024490474 0.49118351880415 0.051377455289747 -0.405954175621222 -1.12380258124412 -0.268174189797545
1 -1.28555764282655 0.400428720510855 -1.92958066314036 -0.252375103029469 -1.89704077684298 0.358641260558071 1.25315098933297 0.82808550894195 0.131710380580671 -0.583946397695072
-1 0.409877970098799 -0.67970991007541 1.52356780749337 0.103200822451950 -0.75038970825952 0.896271904407742 0.675131536592593 0.330961176182919 0.553056025284782 1.12470570021534
-1 0.402436093835866 -0.429681884273011 0.99514653823548 0.54579355744142 -0.646677840136486 -0.851385437667567 -0.537730034582579 0.496403802028722 1.04567291307722 0.790350928685687
1 -0.428268787585828 0.359121122163274 -1.22573347330293 0.0233642678951634 0.0465346881915785 -0.907747788962533 -0.469481684133378 -0.8313548666104 0.420693200335939 0.762958044198083
-1 -0.759636979462076 -0.769241103221722 1.28308947105941 1.62171560633816 1.28608682293121 1.49263828215459 -0.337899679151484 -0.450356024199953 1.47408755901188 -0.767790317764832
1 1.02859695876005 0.387449674550413 -0.190600878427487 1.12844979845596 1.59349418963996 1.02337274410491 -0.0105523097810491 -0.5106359708259 0.350648365077276 -0.237018260998845
1 0.437604927803015 1.05035303029757 2.02348247995370 -0.537774202686146 -0.387415717836770 -0.0739646075356533 0.35747833861613 0.426061573133411 -0.151213871929711 -0.39031565964412
1 -0.355951692104175 0.684971918282255 0.09179595174185 1.25779777877985 0.158850244708865 -1.27454039881967 0.299116226700044 1.28848962649338 -0.556458322713788 1.2934065423822
-1 0.312863071329899 0.392842091044478 0.183738768774473 0.601024121870199 1.26453360842249 1.29515981774963 0.517757951631973 -0.0904076839807594 -0.348076265625493 0.778047830524453
1 0.0407150397690806 1.32208796465827 -0.277612464648994 -0.84800685195648 -2.14775117501689 -0.0927656038298192 -0.624533510116872 0.177000251726471 0.678016220012754 -0.0941140541769286
1 -1.75627886655732 0.0405672163470513 0.803529457577054 0.561020809002745 -1.48364694232577 2.4087072312564 0.479346784897 0.261617901642812 -0.596047051028918 0.302125370730681
1 -0.677244340624596 0.474584178276844 -1.06935586860082 0.0833877607062131 0.9031988808633 0.045642080943331 0.0203307451067588 -0.0700395424063172 0.0964763239384555 0.0211084156365309
-1 -0.147745890205183 -0.572443478769607 0.828336264487773 0.422705611473302 0.762919956028745 -0.302901051397757 1.52041671339441 0.119372969472035 0.798962651414028 1.28236469816815
1 -0.261151652017301 -0.781521870415718 0.152384821685858 0.793667665676729 -1.51295543581507 0.215944384367817 0.825663150025734 0.0975652871385887 -0.99043962562776 1.09783366384027
-1 1.36476168606397 0.629898533761587 0.718400844785065 -0.785265832279136 1.57670863889504 -0.133952809297012 1.65306653960031 1.59338835726181 0.907988225144804 0.885490031894818
1 0.60991193781513 -0.668935654178037 0.678419085211952 0.982711353984736 1.33107438792610 -0.985707374019698 -0.0688510220003916 0.983123126288486 2.1463087958142 -0.70464751838962
1 -0.577342079644767 0.792412589583228 -1.55635757661665 -0.614827293048129 0.0591182628074873 0.142845242266829 0.266850591756767 0.856372428737868 -0.931672122960424 0.071083698197079
-1 -0.0294724264806973 -0.182140155112997 -1.28298199259442 -0.470797446662722 2.8139294608685 -0.303168889885395 -0.485297186698938 0.86161800277248 1.52393462904372 0.539403071527786
1 -1.08051288125965 0.656542042487689 1.35955140774060 -0.401246194055833 0.811407048155405 -0.360393379949252 0.604585274687412 0.339710148600919 0.671941565060463 -1.67622028626070
1 -1.98094387906910 -0.420442388764549 1.12141879850038 -0.394254562169999 -1.74643471897521 0.343022707144939 -0.405192963679439 -0.49604678482724 -0.392787172720867 2.03669465760856
-1 1.65090858036849 1.44206290110095 2.9371547849208 -0.531805530405198 -0.0576496401770585 -0.190350018766923 -0.0613547364867389 3.13588997329873 -1.25694879243828 -0.768172870706454
-1 1.58775433006421 0.186019449897732 -1.96117174984551 0.00422545301775734 0.903952300074528 1.84155879719132 0.542162731445081 -0.448356803123632 0.222350511466247 0.137488071878617
-1 1.99885365604974 -0.249000234787586 0.326335344979527 0.99451706512738 1.59395267078828 1.95197957170780 0.659134387200077 0.103229360577861 2.46879778610736 1.26362144511515
-1 2.42194111506632 0.774130158304724 1.51033766887941 1.30098632916646 -0.422593450053257 0.625869844366092 1.24644643067217 0.335289385286122 -2.06840531863415 0.901080593169863
1 -0.127785676352075 1.91611309460799 0.924698241562018 0.239870097928007 0.181194863347413 -1.66029746332289 1.18601289692679 -1.27941843494535 -1.38918920749555 1.48360003747303
-1 0.285477945589874 1.93441341619515 -1.75949230726571 0.0337554691192479 1.71461148411643 0.233646865607841 -0.182775276515735 0.344340659614053 1.29694296081352 1.4344345875677
1 -0.627646475114529 1.20015478649233 0.453528735233576 -0.505509215884377 2.28026424054949 0.104156981785411 2.26855905011267 0.299267569500909 -1.76080958265102 -0.116749872390273
-1 0.652996441901095 -1.01504151088186 0.418479279403039 0.108300910793424 -0.719637488290427 0.501304845730055 -0.784582005179871 -1.37093242687717 0.736891005477012 3.0048360752807
-1 0.211895066027337 2.59129925133150 2.29159414519033 0.213180820406495 0.359348989601423 0.956451627315502 0.828827427841922 1.53227727200475 1.14729953280183 -0.934941968366155
-1 -0.309188689751084 0.677648573374682 -0.382496827787336 1.12753548252799 -1.34877666509107 -0.910573190836734 1.14049454478269 -0.489036923660297 1.66614714049367 -1.61638699694604
-1 -0.368212298337043 1.07334494181945 0.62131472846146 1.21774760370480 1.69695282369707 0.626632164436626 0.71359049007615 0.434143596736845 -0.521852998338358 1.27366378666241
-1 1.39814752135550 -0.0178745839294604 -0.652051354399675 -0.587386431778835 -0.753098337181486 1.69549030107455 1.60372823544087 2.04530260135465 -1.34192543282859 0.601901933281932
1 -1.17243277578928 0.144531292572471 -0.535991774459587 -0.424309827509844 0.867450410248865 0.165574138835169 -0.547429721629525 -0.612067011628806 0.385600169786605 0.211169266192698
-1 0.64153485200067 3.21264452190280 1.42596429042244 1.38239039897447 0.653233658560343 0.370800229745701 -0.0663441008200453 0.484073605934624 -2.26595403490508 1.00158568835229
1 1.14982053222372 -1.72799991075896 -0.319995995628632 0.734313538076243 -0.327552539980117 0.833476341551024 -0.765747614272395 0.00825997200094826 -0.170899523819335 -0.310652477196304
-1 1.00185202803531 1.37425056317363 -0.164048187750510 -1.00727173530254 -0.154298601503807 1.24499709297006 -0.440541443541809 0.789271500358201 -0.0089769240577402 1.32636771558655
1 -0.424366996222176 -0.162226164925715 0.121490906475951 -1.10468853722214 1.11850708170323 -0.69242534312271 -2.28214094776602 0.285714059859865 -0.673318245053582 1.03934435706267
-1 1.25099011960331 0.785108041490437 1.42854246452588 -0.647343388915108 0.397738700040678 2.46439250307975 0.231893375795909 0.545124480208926 1.13238166073258 -0.336136599895153
-1 1.43639917493385 1.05453682603752 0.71038450703221 -0.433682482352369 2.07305892742926 0.204176846746165 -1.20614192574547 0.531344186168023 0.496128568630015 -0.0500826915410831
1 0.295737648365011 -0.96833836045861 0.586800739960918 -0.546094295363245 0.592964563716023 -0.907954358524545 0.600970298274597 0.572620321781893 -0.142118104886525 -0.0956031823381742
-1 1.19653304263262 1.27623272276935 1.28858387168090 0.868702847112348 3.57240624966739 -0.619519940867576 1.74579419153140 1.47143883226940 1.30378210490373 2.54639327848508
-1 2.99588224778185 0.312823933145461 0.485579906506099 2.54931699245355 1.22778893799268 0.979989023454664 0.730371456042199 -2.31089817771029 0.0912237332108132 1.20955369342559
-1 0.435171266793722 0.68017218035436 0.168495141137567 1.33913893164775 2.52629876043450 0.872582454460124 0.588600116307844 -0.760194277852265 -0.504301630660393 0.839063763993021
-1 0.52404879366066 1.38955085403418 -0.145286162600034 1.48445245576946 2.23866775533864 1.49373672513607 0.93628574220216 -0.411084275941736 -0.56910223518476 1.20007756724623
1 0.526867158422367 0.533236721093861 1.71410361658247 0.863534521886031 0.669157833389122 1.31523210880829 0.51776950784735 0.73798217476376 0.707873135698067 -0.162698873565225
-1 -0.647670036317099 -0.0403654267117164 2.13931018216114 0.617815692261561 0.576811638563118 -1.94335957402157 3.46142204732817 0.544430124552041 0.354422453162067 0.548188268862452
-1 0.265793341910081 1.33494957786148 0.373716786127790 1.40872929973176 1.23134700155698 1.23867165398474 0.289731618845248 -0.316884592878179 0.80736799812038 0.360987051949407
-1 -0.481768314951477 -0.0141034781993062 1.92069239664857 -0.287645316531085 0.630765438978514 0.199799843188233 -0.40864341919204 0.492433284190195 -1.73265315495845 1.11177326028421
1 -0.360836806123262 1.16924829114692 0.763985847085797 0.674265555734566 0.268170967920636 1.21101025147111 -0.965530342864332 -0.50236460341974 -0.241873435137216 0.560365297088837
-1 0.280043120522125 -1.02440903470256 -0.560036819622463 0.881839049729191 0.468081162981509 0.478144354965602 0.336279154874057 1.54313785482969 -0.189241583966616 2.11570280880639
-1 0.580695512322068 0.777547545901019 1.31260765465979 0.916367338365662 -0.995847963450878 1.42631531578030 -0.0828171559275922 0.996681035584875 -0.225964808801978 1.85972947830065
-1 1.24174654652674 0.120710462802496 1.14473769508095 -0.180443612079003 0.39103299973933 -0.296385747879295 2.12014409014618 -0.756902694236788 0.687759234693826 -1.02372423449172
-1 0.160898139413990 0.562622935920423 0.67286930181101 0.0296587494018081 1.65598729930651 0.87810002678664 2.72436325046439 0.729445691809025 2.19524406535595 0.486702556523774
1 0.186226240485496 1.09493373825902 -1.07119211308375 -1.75582395162131 0.383915373404370 -0.734125549992429 -0.579056317649584 -1.00267954693221 -0.137461324185727 -1.61254994422331
1 -1.47930169139888 1.97150194643808 -0.362901221223427 -0.667315527959889 -0.534659943183778 -0.30042551725963 0.95366763198632 0.113283611893669 -0.579691699772368 -1.81962512694804
-1 1.74099928467956 1.89320999791798 1.20373139089098 0.769466069316819 -0.283512029737563 -0.572659839414505 1.39349845851297 2.54522653444407 2.32758142376475 0.73771925092986
-1 1.09970235419296 1.26631216430380 -1.31512676104027 1.51890090794356 2.36963507247599 -0.712125045354614 1.03572173572305 -0.0291065465680727 0.722034522070845 0.898048007044797
-1 0.239626725027557 1.04611122666285 0.201694702817149 -1.36090257448989 2.09741016491829 0.944362201348342 3.58141834706859 -0.400375785924857 0.628811648513027 1.07593321544754
-1 2.06530341603248 1.57482448754574 1.29566832385187 1.25831676548988 -0.913733410749542 1.48052574739981 1.49439284075812 1.01807538809812 3.16584580005264 -0.49588842246417
1 0.667483107866101 -0.559130776486302 -0.205561190583599 0.38947234555978 -1.88654234183986 0.0813344305025163 0.330744962257836 1.51439255589138 1.58011746372412 1.29749638721653
-1 -1.07869304093827 -0.0769762973850268 1.48057286877479 1.48759288226147 3.25474806098881 0.115590890634931 0.0235194795661603 0.208790900437073 1.62997247735454 -0.0481096425292282
1 -0.167467604010390 -1.49939094578360 -1.15473317216917 -0.91827207018646 -1.03942748056018 -1.19497995030916 -0.091259254314613 1.94205305879320 -1.38355181139172 -0.326604469568761
1 -0.121642559465196 -2.25095366387370 0.386811227257652 1.03521156816430 0.433599955822699 -0.424745278128951 -0.266851549743222 -0.18656331584011 0.796801201671498 0.054851599103781
1 -0.280165976254029 -0.432009943190525 0.621547088822505 0.779486428147911 0.452070188629825 -1.93221569634369 -0.230217957361615 0.34120127603136 0.571943182973405 -0.793050085664373
-1 1.37543945496223 0.0698476379230514 2.55295932610186 0.44404484454134 0.451807964058788 1.20989401669478 0.148062019488164 1.06978601210284 2.79923858558001 0.660429108523621
-1 1.97806877154847 0.973559596690797 -0.153677667657275 0.558725864722486 -0.406799829883304 -0.221378647732843 -0.094311838401671 1.87062195739743 1.53042553176961 -0.115205835006990
-1 -0.80669222723053 -1.07595012940735 1.35570457348546 1.11144049194259 1.31083546752216 1.29575950031939 1.92046455374127 0.542072564097847 0.360679745113829 0.879551076168819
-1 0.60730817940311 1.41417252426415 1.11047608213807 0.204071574465274 1.45183213260166 0.606736327701908 0.665214737402655 0.87334568667212 2.36903836309685 0.255901491294743
1 -0.0767429371040893 1.07513856839227 -1.28615797888481 -2.01522097546926 -0.337453183012747 -0.419641344654286 0.102619876799139 -2.95211280024833 2.06338710849053 -2.11363894377908
1 0.538557904331397 -1.74132640827767 -0.96853247592303 0.426800034786849 1.4586192099479 -1.64357182229279 0.505152747695032 0.451625603784362 0.206463555795 -0.187336076094155
1 1.04619481798053 -0.925534366265454 0.866554028212314 0.6806139010607 -0.265303650680153 0.384190393190944 -0.911514370092924 -1.43285163523703 1.05178866771527 0.838590944885164
1 -0.794468197184788 0.480217132165968 -1.96207423678577 -1.29666618885365 0.0825916671271496 -1.1580982978467 -1.17765866228985 0.385297179940154 -2.44406545750586 -0.207026315791625
-1 0.161585745737181 1.84165627168922 0.274519453633318 -0.123162759026788 1.45084716207654 1.44107463804959 0.808125983115928 -1.85579071567303 -0.496880767310927 1.89595438517642
-1 2.22808951980051 1.95916837044769 1.49473177095130 0.190171291370968 -0.361350076810318 1.59956025585262 -0.0102724261950553 3.77333544764025 0.730071453905632 0.913693536966373
-1 0.00603904916946352 1.73857413606927 -0.698851073030995 0.503089800855478 -0.445880321716136 1.17788579070844 0.440321645247978 2.17811233587322 1.72350306844948 0.327792994180545
-1 0.61932092447006 2.87569968881876 0.633265926410448 0.439787963599037 -1.47220818247873 0.798084945894552 -1.07869773429818 2.32013102375142 0.703999703976422 1.92883808707352
1 -0.145407536537811 0.0301609177875334 0.0967991778051026 0.318252883334627 -0.760292479124406 0.35021589811804 0.134843280721596 0.048190678863872 0.283859682917872 -0.234442122747655
1 1.35677425273016 -1.56912124054498 -0.887053997891784 -0.729475987316563 -1.90493676087567 -0.437224043193188 -1.51266344276463 -0.793657619136052 1.37749264972276 1.65357618556083
1 -0.93692665992017 0.635099961240537 -0.539597552802751 0.178656766129092 -2.69991551564381 -1.23509403970771 0.41129434413426 -1.10747340772784 -1.43834801295673 -0.0801130209092163
-1 1.58363406761485 0.0563313693288221 0.0349067909221468 1.24493020247518 1.24597639490747 0.325412480711101 0.129322122751401 -0.0548095259357394 -0.242737910885926 0.253775138695101
-1 1.07927437990818 -1.57312067872279 3.39727855732609 1.33069216537862 -0.388143878901514 0.651147155259498 0.403661477578045 2.3415612660862 1.88371185399733 0.882375332805646
-1 1.06944382408041 1.43271769506635 0.548379064578079 0.250348712730179 0.991135263105733 1.76839919116933 -0.603598554659118 -0.630762419713318 -0.681788290042005 1.84681531090663
-1 0.480453308865589 1.52807438128288 0.565471332149793 1.77714437190147 0.197563931997325 0.165776969775936 -0.547882155163584 -0.119501248421342 0.823088924770392 1.36873772113140
-1 -0.24397673261044 1.01975826313779 2.35220604319561 -0.100356757421680 2.31218247332924 2.03144033788525 0.407746640205334 2.44356701752491 0.137005923670725 1.49229422715396
-1 1.59610398836879 0.0785987633457493 -0.165940841973374 0.460066003965698 -0.60812342192732 0.447171253652927 1.21703224507646 -0.0992256646073693 -1.26253389556840 0.473687670700155
1 -1.92386209739271 -1.50099602366034 1.18105527473511 1.26960647472219 0.70787418194735 2.09116493195394 0.568923555116158 -0.619816863684071 -0.119254947961018 0.854984078960658
-1 0.575274211177699 -0.0495325462006093 -1.98886628859669 0.798333849632831 2.25281916537456 3.27671069926643 0.547999948434241 0.236725173375409 1.15200641275194 1.37937810603833
-1 2.52561014490973 0.509839469952865 -2.47347739772688 -0.0186585642500959 -1.33635750890501 0.995897974869193 -0.68318507634941 0.824481774820939 0.766000421623556 1.76514476227558
-1 0.201275957137331 1.19609430977011 -0.942110487764673 -0.698650579027965 1.21337779802064 0.114508176980444 1.5526359588313 2.08675974116113 0.185759975062488 0.451072916620463
-1 0.578699012771296 -0.959012797983845 1.49351169635183 0.865065287984746 0.315846891968026 1.68051500221689 1.15815100911789 1.79185303979710 0.871198776855821 2.09087587419856
-1 -0.722046710322548 0.930608413575107 -0.860424558503345 1.09615264441890 1.13027140995159 1.07699604656795 0.257641876537928 0.708165916140064 -0.800680534037722 1.69540396142564
-1 -0.893441958018122 1.36584591131454 -1.29952152639645 -0.0123948518709013 1.57179711429609 -2.48116760781948 1.95835291645326 0.174150891146064 1.04472350802702 -0.865911088098659
-1 0.567179351919616 1.37375799070654 -0.539408181718595 -0.828030560155959 0.78705241432006 0.736903545974126 0.593092638859351 -0.27677975573268 1.07991400170338 0.898878286251303
-1 0.981630863793152 1.49232253246789 -0.197157074405648 -0.103216314460835 1.15607841241420 -0.170287733289483 0.676883565250023 1.04864493586874 0.265330058310217 2.4025981695868
-1 -0.600716946480537 0.0531388395784183 1.72572464317333 1.26609447605058 1.73279691940163 -0.917160250327337 -0.266220430422299 0.916088864685328 1.25706530932676 1.3101057134418
-1 1.48647593046961 0.418922680357896 2.23912581873486 -0.0452690750534995 2.26463758169525 2.16540554242681 1.33677782038412 3.70256043223558 0.739507752117495 1.44129343305144
-1 2.46260831312263 0.921709004828948 2.32783302983810 1.35137350721828 0.93755805215434 1.06678136644973 0.913783630835872 0.592570728998268 0.00970013991875152 1.02127855022065
-1 -0.370461214949874 1.74001493248277 1.25135359209615 1.91071094613098 1.41484471148089 -0.0399083720122004 -0.648307139340867 1.40031900936917 0.0805157154791333 0.633456055078989
-1 -0.316719437659157 0.619250182311062 0.184325959458233 0.950419162815992 1.92143055518327 0.109684675957939 -0.37679482421876 2.84903413287013 -0.43346757582376 -0.192233792821401
-1 1.09021361548849 1.57903368468940 0.451117320140419 0.758505618641642 2.25372665030206 1.34248316193649 1.67693324889973 0.0112819297939641 0.327964925198279 -1.23544311344804
-1 1.36542381224011 -1.40749653388045 1.36682978292268 0.0900381519986426 1.82366909205476 -0.233697545070646 -0.158237489177750 -0.135354371540285 1.07856222780052 0.544794498946036
-1 1.05250523073902 0.375682403787993 1.52842159856486 0.392524942791681 -0.288976998729397 1.34547809374405 1.84997481920601 0.720359815470868 1.54698324798839 0.383201521154967
-1 0.241666768430784 2.39672674659829 1.02534379700925 -0.00552234202523849 0.48662594037837 0.043920027016522 0.474311632385038 -0.131001496669633 1.52782581621680 0.0670216516387862
-1 -1.42830870906334 1.28180496346428 0.281731404128419 0.516145415638716 2.93596789782424 3.08577214901501 0.723923767618749 -0.0997171043807604 0.216869004887226 1.76511823778987
-1 1.22107976234814 0.392536160638234 0.379258521475281 0.288467297467537 0.313079636679821 1.20975106554839 1.97006448564325 1.59644900702967 -0.712297284189287 -0.298754449659332
1 2.71977291176279 -0.430418265613867 -0.654055284974399 -0.664167271026975 0.811828498392896 -2.35138255808662 -0.98213592773519 0.761894707780146 -0.313671737015473 0.688520804409579
1 -0.196368528127092 0.0677982929380154 -0.0144706612912443 0.255394868022927 -0.662814931185779 0.81921295009852 -1.25223183900664 -1.28299356211902 -0.488452612904994 2.77625145318532
1 0.276194795039681 0.91068841724952 0.623053458379966 -1.42324513751633 -0.487091491030259 -0.560041114169853 0.651766499532653 1.06769178971245 -1.78757364769736 -1.92118762186887
1 -0.956148901730917 1.35571139874075 0.00500963766769365 0.430136628319141 -1.38175104570561 0.62127048805808 -1.04342178184415 0.817732001102563 -1.01325391946212 -1.27824961378725
-1 0.327835790217615 -0.224975343123432 1.15787683983833 0.401812371785540 1.49827428233914 1.75468649819628 -1.22141378255584 0.466211883749963 1.07396669346924 1.25467140436634
1 0.665827153535033 0.461055262957959 0.0497051731882407 0.791980811069743 -0.7390264336146 1.53949034221563 -1.12819863115319 -0.0231740352258638 0.250112254459291 1.29839860498745
-1 1.41840658857966 0.166567586534915 -1.08518215163852 0.093160098415939 0.430059356242701 1.63036958820340 0.235593929724183 -0.530336058603287 1.02295931516952 -0.0521718748302632
1 0.279706623382374 -0.88762192278933 -0.673519659383143 0.709248856137377 0.98940806388288 1.04776443908199 -2.47982368334337 -0.723060907098556 -0.870958100381092 -1.12415760762329
-1 1.11133873394851 -0.433886380307188 0.293686626720312 0.338190357545679 1.67959930824978 3.37829361256065 0.118746843537348 0.377607611140732 2.2164672239256 -0.274754089798269
1 -0.559228002357385 -1.57125554599215 -1.23157581886665 -0.633117190351076 -0.979722390026512 0.690091633580003 1.8881802991613 -1.15392323361844 0.4183696929256 -0.582174351856382
-1 1.22200768366337 1.72899664085479 1.94713225308633 -0.409283752913476 1.81283857250442 0.94637127429303 0.878595982492801 0.334721782834282 0.183917272586128 -1.00327862397041
-1 0.88425814670488 0.81397945281761 0.0244392913813533 1.37520187965259 0.478589478688931 1.06619783656437 1.65543706862315 0.353265471206273 -0.168093233990989 0.285851815688898
-1 -0.280946275626938 1.02102294665023 -1.32017906991927 1.33057809041263 1.42216079877478 0.81110951561867 -0.931711202492389 1.24292266106294 -0.30587606575459 0.411314507236502
1 -1.02224845055987 1.32667050084386 -1.31866977556558 -0.156187229085948 0.893960613287255 0.277114772622884 0.0114383316688171 0.292312467351914 -1.67791721420575 0.544672642064331
-1 1.56253089587469 -0.242146411212066 0.351254966804455 -0.398327193160863 0.804357899768668 0.227807750482814 -0.272563648009561 0.835284750483112 0.143821828075255 -0.330711146977711
-1 -1.01589555626498 2.32812405828321 0.778945179307967 0.737624359865693 1.20565323952383 0.433273489056266 0.0580690725550325 0.821786800251381 1.60265057516851 1.01747600568659
-1 1.13900059594382 1.28183763295472 0.0904448137170775 0.198803626014527 1.38752097096312 1.55799636196414 1.90881204517767 1.37030654165161 2.53148310923393 2.73132055589084
-1 0.840872497502523 1.12876669931498 0.382404841829576 2.79246323044979 1.04414576897063 0.0110041849382009 -0.214558882898396 0.0104351965390149 1.25704431705549 2.17139082203278
1 -0.166643494267668 -0.475602366463109 -0.60145112071353 -0.540040369580932 0.613283663220161 1.03805420541329 1.68254453097991 -1.24943812345659 0.171609598283964 0.624684862603638
-1 -1.67433487108149 1.0096726480016 -0.488190044017305 -0.0758347675991994 0.253031901957190 0.905837253183672 0.981513355443654 0.00391863972051276 -0.141892514868466 0.523113877958124
1 0.426189201892132 -0.737966081712023 -0.743748877030793 1.15325642349442 1.41808172933364 0.0764509803042996 0.259891107955261 0.0422342916958478 1.03168727249159 -0.886267313766762
1 0.708938112318687 -0.920217927220406 0.303199238969404 -0.78279559118466 0.0556997910402926 0.0711403427951878 -0.68625156492195 -0.3555592166697 0.460285626884798 -2.46385697850388
-1 0.845817679299062 -0.19189915557019 1.42816013626427 2.08641178072376 2.14890256260634 -0.720776966583246 -0.142656984958794 -0.155506430048559 1.36832367812157 1.6282703650526
-1 0.083184522518351 1.43971912519837 0.396796132205349 1.32864198602001 -1.71793307614071 0.779353388109409 0.422429231666196 0.9702547720669 1.26250994201169 0.856860564438772
1 1.13162914478173 0.0359470765803336 -0.389895523713626 1.06266115669362 -0.359011784135572 -0.223572518949802 -1.17664663438295 -0.569043218323098 -0.510049207449148 0.774699455784876
-1 0.0888112735615827 -0.130077627356669 1.22715806427408 0.487465274651816 1.06398880876525 0.505451435141424 2.06262723781537 -1.23398373476809 2.0844348128217 2.07245296073027
-1 1.92067943929769 2.25536678149018 0.122688663428747 -1.09000481544710 1.76030405412067 1.38909124865060 1.12908555370715 1.57730052493157 2.10758400876013 0.815920621139378
-1 1.20355483710338 -1.18678894994955 0.286365873480783 1.22587527929989 0.0742651777433239 0.828027986333069 1.59193746088162 -0.529886785171789 0.937366635827638 1.08453323628068
-1 2.03894446226476 1.43564820011003 0.119544034438465 -1.04704092617644 0.155132355357528 -0.251978498245274 0.542679132253384 0.762237515630836 0.354889250342512 -0.371812783262453
-1 -1.24914912824010 -0.0253220391381180 0.445649033084773 0.590495709028858 0.521724145358206 0.353829161056598 0.0395050184549837 1.58424616710561 1.89672486668856 -2.12193458412519
-1 1.76599382889729 0.493920960502974 0.838899402715372 0.921917381297581 0.481781214181965 0.300637871856525 -0.802904029840403 0.625871466935222 0.33588510106419 0.83159436798212
-1 -1.17787825112749 2.08250366175776 1.12116017869941 -0.644689576285701 0.180573430220074 1.27970612558882 -0.961707928625771 0.00137319440627426 -0.225302931166706 0.348296084934764
-1 -1.60381461315865 0.0967269904803187 0.274675591200186 2.89254543797911 0.517302801095087 1.18066661389047 0.571396126668619 0.194416015200308 1.14127781964291 2.45409800606289
1 1.41620318673437 -0.133829319980546 1.19279385692710 -2.33912446747136 -0.133767332905617 -1.01893559655351 -0.752167663971054 -1.10979004315212 1.00233111581875 -0.748220637204823
1 -2.04029495171508 -0.189985844406154 0.08760307126171 0.523342690788816 0.599432610678799 -1.03869098808562 0.401322127435076 0.996039200799534 -0.329424018150888 -0.299303445077242
1 -1.19203781137018 1.51998940107887 -0.220393644780689 -1.42979019521632 0.341843004351712 1.66535643180223 -0.61300629532005 -0.887205751152516 0.00108964058509857 1.55761196119767
1 -1.10755222715431 -1.18075477592881 -0.349878937404674 -2.23721418861048 0.345928201977193 1.63035603640831 -0.599961988794279 -0.685792248541043 0.502679280855252 -0.428094388279201
-1 3.19868556713853 0.0227589098808497 0.482225753678874 0.115241855350425 0.552179050523335 0.646401996142408 -0.139398486159406 2.26146860789319 1.62591894854822 0.483576041854004
1 -0.466532528338758 -0.424194080580988 -0.265395650644748 -0.313642344478473 -0.73312223555764 -0.343722573251529 1.04614245544635 0.573716069717047 0.799019016468962 -0.676359604197662
-1 0.318660889921203 0.220461829429124 1.22462160167493 0.0989001058356915 -1.37209850644360 0.896120469303954 1.81521689199027 1.91691539694023 -0.331051578119312 2.38880647844915
1 -0.378087207188747 1.01622185305144 -0.461231128104074 -0.563260161462719 -1.03931056514296 1.39346986415685 0.642599107063229 -0.279995368794725 -0.183663535828016 -1.39645234183984
-1 2.7197483784088 0.468872981406484 -0.235469050185181 0.356722223906416 1.93317704959391 0.592803572225711 1.72698232224593 0.718151053622955 0.309803706227218 -0.0577882018289478
1 -0.193842013267819 -2.22315007737922 0.218764649230763 -2.17326799891487 -1.63180851339864 0.306721394822055 -1.56665307882613 1.15564361526599 0.0403527603867098 0.316778162759516
-1 0.806637158645692 1.28769587101538 -0.673451484737937 0.833131191686988 2.24660490277106 0.915240171552147 0.466107105991166 -0.88265918848363 0.624547391696639 0.0352089767027944
-1 1.54985021097433 0.414242867163201 1.93951921188391 1.10889172835156 -0.277877580116496 -1.62450087001479 0.373691039094531 -0.541073639259702 0.371620590746592 -0.252312902406376
-1 0.787683624069812 -0.132088151016114 0.65165572716705 0.573567564991418 1.07693053998182 0.203021289905386 0.331633922782206 -0.781035913101 2.15290612590983 -0.889751296694235
-1 1.03325145730020 -1.10971133782963 -0.341448760562826 0.565428433652575 1.29603007100553 -0.271966188237886 0.776313337215244 -0.0576021941988328 0.612159597832964 0.98410430276066
1 1.46433186912758 -0.653620307499003 -0.0897625408441166 -0.599364025101993 -0.453104458348031 -0.407997042910471 -0.95656178213059 1.25137237084115 -1.18661377886361 0.265303570459936
1 0.547963628076259 -0.791930819584085 0.171377536458413 -1.42290689114811 -0.401999663698278 -0.151918917256087 0.155121434844658 -0.79861247295852 0.144344062877556 0.714003671790354
1 1.19548045663285 0.938149103501078 -0.570872146473510 -0.169258771822136 0.193211515211532 -0.179735810372722 -0.6237865272531 -0.943803221321435 2.29958684083954 0.631475853411448
-1 0.173076197860643 0.733757726431296 -1.75769916232649 0.175567859633047 1.37633059450723 1.72888203391655 0.968771179608902 0.647210540186112 1.93956453572437 1.17020960733268
-1 -0.478065086962654 0.645442772995482 -0.350130998262514 0.462862160131657 1.37558673590808 -1.04583137383121 0.270374695397218 1.60896491732463 1.29592534711747 1.43601255996231
1 -0.585411539217667 -1.06378542345318 -0.552476247264857 -0.453871893582944 1.22491265598610 0.93399756395769 0.151986456329089 -1.31823315425259 1.54220543889414 0.422936312971914
-1 0.666490083074961 1.70972644211559 0.0857973726121842 0.890271096238817 0.370200416070193 -0.480099223794295 0.406562912826548 0.580701790639362 -0.409986502993600 2.09185098979000
1 0.305911493417417 0.682777000851476 -0.603991131778594 -0.919363281594386 0.657850270276863 -0.425537772374679 0.0387648379057548 0.0638767396152335 1.66571653271696 2.08421119206743
-1 1.11562682896992 1.42667927481117 -0.643061919693047 0.531978058669728 1.20784370155660 -0.0272233684070435 -0.107630529040715 1.52491694081461 1.50446640514274 0.166606412713575
1 -0.239756101911749 0.519180924690391 1.64268232201027 1.56114089503674 -3.19217408602497 -0.938234550765711 -0.608998769372761 2.94622602898279 0.945018429694284 -0.628168824925024
-1 0.861378646594724 0.515636481475185 -0.547124146590586 1.33701748092486 0.704656994005121 1.86433465372672 -0.465008775732637 -1.77326044795040 0.868125635411882 1.50700207811509
1 0.139572886636281 1.27335481422468 -0.748263564321044 -0.880596109053222 2.02240112895258 -1.17353295195597 0.268425370991845 1.41899670410924 -0.340346546526388 0.850022145605746
1 -1.50558112861290 1.07909018006233 1.06452571458283 -0.543674455118764 1.75705924672896 -0.339068361888933 -1.17596249460610 -1.08430699224803 1.61629553623067 1.27844749048254
-1 -1.15633663098619 -0.22854058715952 0.0586171944708465 -0.635385223168979 1.03134488965085 0.806792415422656 0.00611075928049742 0.500501293269918 1.34245944140931 1.24882380362407
-1 0.41319098157761 -0.133434552105520 1.49593661069960 -0.157302667935475 -0.984286517683816 0.0532292792729149 0.569412475566919 1.90287548227464 0.80661512578073 0.911945992165268
-1 1.17963285959820 0.83387059323999 0.658711645733517 -0.286265861704974 1.83526703951522 -0.341243798349902 0.807269226172918 0.865770266215004 0.769388532468802 1.07545695640938
1 -1.64619364183981 0.00290967694422219 -1.64514342291052 0.39336983446501 1.22170200807287 -1.37551827593092 0.0326083777555627 -0.438574410688722 -0.105422025295470 0.53758423666339
1 1.00695933364506 -1.62634032151856 2.70047218638671 -0.834636554019001 1.65776923992902 0.388865446731656 0.382346008273283 -0.445227530690141 -0.164574620909008 0.697907795891963
-1 0.0705138941000006 -0.120716588295883 0.987651619854272 1.33474029679620 1.42554687612681 0.942353862048136 1.54604264275735 0.34340987075679 0.485160021994944 1.74553177938907
1 -0.173510052200982 1.37659255659988 1.68517565258904 0.868141073092384 1.24184692941708 0.192374623613905 -1.45331547418635 -0.545469476867701 0.64851236210954 -0.424909388949807
-1 -0.385029119156318 0.104082595740542 -0.00459566514426002 2.38319772396780 1.95065720281160 -0.517676139560163 0.167305767434907 1.66842842735758 0.6239238279141 0.32711712861796
1 -0.884843933270297 -0.221296259890484 0.794239103499618 0.329211191369101 0.24472002029464 -0.606290927963533 -0.581869332590484 1.27554357080906 0.369982268812135 -1.44774904978816
1 -0.972943758666606 -1.54847380726805 0.765167585828278 0.119025282579514 0.286572785933383 0.596136438983983 -0.200516052971642 0.521049214958645 0.0894732196956497 0.173985657663209
1 1.9004846579427 0.83794401658254 -0.928284041656953 0.240259329824246 2.53683429242133 -1.17286555253433 -1.09984541764550 -1.80703517412767 1.60315145618093 1.36537457470723
1 0.425078210148324 0.46253526280154 0.420128068568367 0.417542466722058 -2.53314368098653 0.775747744645988 -0.540005220903515 -0.0842522710322943 0.72654207544067 -2.20172088014228
1 0.224743743900263 0.550986231470704 0.681257792078888 -0.517409285670546 -0.177582857966373 0.228581037883887 0.767511203213666 1.22737915212652 -0.405879503860888 -0.903951359408047
1 -1.72643134150571 0.959002457505047 -0.366528720924184 -0.659154083112959 -0.807570317864618 -0.60368336780789 -1.57639197953416 -1.81822911235950 0.2361029619059 0.12225847093965
1 1.01124482549381 -0.170828466870617 0.616267639689432 -1.05192839496957 -0.945684808090256 0.0650197415103109 -0.791985063964145 0.747575944931534 1.69756311655645 2.09363092400031
1 0.491487823233516 -0.763524140307157 -0.0498387439925537 -0.146686922056875 0.963666248518823 0.199962603467628 0.573711896235141 -0.71825852198766 -0.754848126505794 0.821207565861844
-1 0.318775794440195 1.64977595567427 1.22479719601422 0.439858576278032 0.70857689033635 1.52480406852116 -0.722604860237205 0.332970941601737 0.300533866239413 1.10706944536779
1 -0.633601987196591 1.12918239562344 0.52158760526586 -1.08345542596452 1.60098496256310 0.216820454888530 -1.53085803558516 0.529558578656168 0.314698781540985 -1.31050580489310
1 -0.30094876459707 1.01518589054932 0.93316327519524 0.30542233608514 0.360726835050172 -1.71807643564815 -0.70557747106829 -1.96982989458651 0.406430148425953 0.86568774507048
1 1.38109090157426 1.83513111714929 0.289677022774859 0.809827238338632 0.634664314047916 -0.384387777925919 2.40452820274279 -0.494851207814128 -0.399768217735237 0.236752372285597
-1 -1.79144467566369 1.49681798911697 0.458596874323541 0.327827215283632 -0.253068779518853 0.192578929759086 0.755784660410185 0.710584526995954 0.829634124909713 -1.12203106398659
1 0.305873090907433 -0.542760113617214 2.69236116248805 0.398713201638337 1.60769303966048 0.965891129284631 -0.85235267869923 1.06770180541330 0.148528975696240 1.0839493906431
-1 0.501316561220091 1.15093265416254 0.847817638100814 0.123538104727831 1.06709280358371 0.647071400174656 0.890110602173798 -0.250032034431048 1.63463130054459 -0.795306040011905
-1 1.87101353036967 -0.673860090574453 0.314113296027229 -0.054734147813277 0.546505307449412 1.35541824200154 1.70091145695628 1.06018754311257 1.34378675141654 0.328173715089056
-1 0.191550825383708 -0.104836798512256 -0.851623088048203 -0.396734711799266 -0.0805153237088045 0.346238182710257 -0.175367680558751 -0.419192230476079 0.297409746235355 1.81963694305187
-1 -1.98540257668114 0.915802887481327 -0.0788830900828061 0.334535887952238 1.20035390502180 -0.134154276718928 -0.689752613710383 1.24757329018060 0.0477281819421139 -0.192899545591142
1 -0.141415648651646 0.243988697858621 -0.713943715225004 -0.312404149634258 -0.832438556706006 -0.797140717537951 -2.13073648956829 -0.086291694204486 -1.5581071094883 0.946631503255762
-1 -0.468653114260161 -0.484740425883711 0.0444674457531662 1.14514549046399 0.504113767247035 0.870509320261956 1.1638060055438 2.14784424847593 0.171657687140442 -0.557867401729735
1 -1.60641209584695 0.179564738896331 0.730918194520647 0.409317960901105 0.241627689728805 0.943737684630294 -0.704645043720367 1.81057114485813 0.786920380761526 0.087094786203313
1 0.0715512738469894 1.85617825529309 -0.0114914271342859 0.751346232519779 -0.545973812139731 -0.458996900893098 -0.552978061866529 -0.093732307561765 -0.447417056294001 -0.0412474097078417
-1 0.776385445916109 0.872709708911817 -0.646868469934225 1.73128905118779 2.08889400929333 1.44390554107661 0.151040768995850 2.19220720072874 -0.213302065401427 1.45495092499470
1 1.07879864987910 -0.242656251686895 0.842944825765419 1.5545676811924 1.77703892590845 -0.83485381706631 -0.398482585613497 -0.313472624977854 0.750459803977093 -0.722102079889435
-1 -0.56498022559631 1.42980209289753 0.492059504133497 1.04717148943842 1.54243628756434 -1.24964070840945 2.31430455900282 -1.58528391126029 0.369005524617352 0.317294124212432
1 -0.352040660589599 0.995219230629234 -1.78699695264916 0.225249559933072 0.0432011892014341 0.200001095318985 0.041998250049244 0.109570401515699 1.28012540914938 -0.178052399886879
1 -1.35086084428031 1.50345425926142 1.29234374801704 1.46163396790609 -1.71906301565030 -0.623545371865053 -0.828712369452384 -0.596761082904241 0.132844520358348 -1.69610560323514
1 0.872802268572457 0.513548122263086 1.25891093037379 -0.595627442910715 0.477452141451604 1.20605258775168 -2.57801307280844 -0.479653545787055 -1.68445425253602 -0.238261756864784
-1 2.1660292418266 -0.121755412034535 0.961738115965336 0.175189033158081 1.17818541213967 1.04711108706931 1.61522611866941 -0.457797506421309 0.33138428528636 1.26109901327049
1 -0.204298340759064 -0.581199494058367 0.416930917191017 1.98486659056102 -1.80815164056451 -0.923839150922678 -1.36354279648513 -0.596980383355014 -1.12452482705872 0.542279294795026
