1 -0.908511597867021 -1.74401934666012
1 1.48963364959920 1.36141161696075
-1 2.05274199956086 2.27102031019796
1 -0.133592804853663 -0.812914336004639
-1 0.259435853372965 1.70476578262581
1 -0.136778458967099 -0.0699443997398182
-1 0.426514122234991 0.801520050093961
-1 0.491302669091256 1.65135743434723
1 0.0311291774474197 0.538446549429664
-1 0.31341546654816 1.32234231856769
1 0.464898995902208 -0.217350632519783
-1 0.822005957606348 1.70514612755807
-1 1.08228620716644 0.675999389354471
-1 0.820629883716568 1.90722083637853
1 1.04872513940909 -0.863133636082267
1 0.338129032197771 -1.71531485065980
1 -1.53286158465118 -1.76560190105012
-1 1.08565210180471 3.61919538861916
1 -1.15879937118441 -0.763102318130041
1 1.82462236026037 0.756932904242618
-1 2.51072333009966 2.03536184656181
1 -0.438076082339547 0.13964702293844
-1 2.41690878573304 3.69120266908028
-1 1.23362619322673 2.45836507749284
1 0.327831014051478 1.26716336526527
1 -0.543597420380856 1.01208050786689
-1 1.07569370161933 4.06695212911615
-1 -0.0382651708193211 1.31488709103522
-1 1.39110636225495 0.384434767638172
1 1.41277066254245 0.101220270847146
-1 1.49990344722215 -0.452993455841117
-1 1.94905594325421 0.839687891291777
-1 1.47688308074801 2.65099877864358
1 -1.53806738037401 0.571795010769379
-1 2.07845918958111 0.220960653031819
1 0.276881307547842 -0.471619375422648
-1 0.911767471309572 0.837354744435608
-1 1.85146270716943 1.58490327490792
1 -0.0122742539093357 0.767506898680735
-1 0.809623006805433 2.41501262728893
1 0.477461871691893 0.0972187537916888
-1 1.39053416881984 2.27203582541326
-1 2.61079861056676 1.751885981638
-1 1.14561384149874 1.49144238074766
1 0.43245185011946 1.31276885277289
-1 2.59710441590761 -0.844864961569358
-1 1.47247201019052 0.533728426231868
1 0.0661170729524016 -0.0815508839152876
1 -0.0584476146793081 -0.157839366937242
1 0.821541089656736 0.357619077959139
-1 2.18845233351076 0.838967294415207
1 0.633864009724665 0.508943198166559
1 0.994089299142023 0.320746071685245
1 -0.0375701013663588 -0.160710922121425
1 -0.0030526538454584 1.21331111561603
1 0.493963862464278 0.96804677770382
1 0.479706676999696 -0.79813981928744
1 1.38224460223101 0.0494758101839339
-1 1.73295984017923 -0.215664891595661
1 2.53744818571369 0.231757810137674
-1 1.50959292572187 1.99870124460294
1 -0.981095505287173 1.2422893884896
-1 2.17402782174515 0.698693505814502
1 -1.31708100872132 0.396077959552570
1 -0.184467662533633 1.23170763873119
-1 2.84927490206269 1.00365246609278
-1 2.85439327885478 1.40016396811907
-1 0.993058405726472 -0.543420770112529
-1 -0.24640867624444 0.689318443849225
1 -0.519557417186493 -0.52917970255755
-1 0.577388633162005 1.27033945352714
1 -0.149002931814631 -0.383570253243894
-1 1.36020828181031 0.227288408691333
-1 2.21628080701853 2.4410110188568
1 -1.32579126265532 0.250535799158341
1 -1.27083327720278 1.57658574792287
1 -0.433840394603374 0.88623014574708
-1 2.72678577239093 1.22651487366435
-1 1.50746825337494 1.36304530221374
1 -0.242777109995094 1.49509225548545
-1 2.05896842674096 2.58599481087565
-1 0.999625165904404 2.63598120207404
1 -0.103311543418075 0.0412629724890785
-1 2.49415013774321 1.78781409049772
-1 2.06497073977799 1.78454563434306
1 -2.37113365686960 1.29769050036511
-1 2.04480971507433 1.21820816970311
-1 2.15395098221709 2.28132638527264
1 -0.0780194224420032 0.0238341851397778
-1 0.78459995147679 1.59676354515605
1 0.111239293759108 -0.890712324461781
1 1.19530756484551 0.173229201164065
-1 2.45359730464874 -0.0128036020817395
1 -0.552487465157213 0.125972588357973
1 1.86880814277140 -0.25862159762195
-1 0.267056218225775 3.37351739773124
-1 1.79540862926486 1.35103523777378
1 -1.36589585000758 0.328299484198917
-1 1.74999550978614 0.565638480597733
-1 1.80867452876224 1.91720076342596
1 0.0384546709457398 0.916592356425469
-1 3.53515127742497 2.61160039584768
1 1.34053812156512 1.49887495527181
-1 0.570306276630091 1.80248003268153
1 0.15072989839925 0.526840128334334
-1 1.91848684011702 0.117688367502605
1 -0.802748139602105 -0.142296580075394
-1 -0.185975788190855 3.42595116885058
1 -0.528380703400075 -0.985345878722212
-1 0.72684998925723 0.269821201399975
1 -0.124329280330703 -0.772073907118996
1 0.237023864323178 0.263147007023902
-1 3.34303159540805 4.39362263307476
-1 1.07901624044698 -0.868377640788133
1 0.643586536918636 -1.19406808526494
-1 -0.162045210048637 -0.58553119893285
-1 1.77298436843790 2.38712741430132
1 -2.06623565779096 -0.605437520618982
-1 1.68235932452893 0.405084183337258
1 -1.81174383597584 -0.35922260097258
-1 2.18239574021773 1.21068527694032
1 0.759125609636119 -0.389501047666921
-1 1.77748656315687 1.95107325878122
-1 1.11841799067154 0.440507553053628
-1 1.53503073089056 1.5562502195889
-1 1.99049101561540 1.51708389517427
1 0.218190821694659 -0.9872664459057
-1 1.17146942521234 2.21363185075305
-1 1.61989628776611 0.505081016310117
-1 1.76133171446338 2.27035199141062
-1 2.10313618505831 0.86913414296714
1 -1.75219168609915 -0.901940424177804
1 0.0559461542679354 -0.69244754971377
-1 0.822742397257085 1.82504048645961
-1 1.64286801206995 0.821263466289004
1 -0.772124289461564 0.158858903313312
1 0.104233302661905 -0.00935884733580874
1 -0.464311116657932 0.00589512471037342
1 -0.857248370801852 -0.907456013247075
1 1.12310487968575 -1.36259911856620
1 0.308172745874627 -0.310151957979573
-1 0.859360450256495 -0.398313203155244
1 0.429113145961974 0.00911152491322403
-1 2.18946946485084 1.27312775146142
-1 1.30359660757512 1.81150438326335
1 -0.214312969650589 -0.994697925802447
1 0.641438196249275 -1.65162295367283
-1 1.10323554479971 2.33486407495215
-1 -0.186077069580916 1.40721306057483
1 0.302107643423940 -0.591090962602581
-1 2.35568565491607 0.729714855648885
1 -0.262629212127407 0.387372739526611
1 -0.206560878245133 1.01543652145127
-1 2.68598166232088 -0.0636444539704017
1 -0.314167684353198 0.223392050560214
-1 2.35637434343096 0.85541685706271
1 0.826032921315813 -0.558939988747933
-1 0.0535103152784269 0.211960294698369
-1 2.22816978025263 1.95275890387834
1 -0.909035227909548 0.104598579610947
1 0.148404299287876 -0.211373601253814
1 -1.85662672746384 -0.664728925660315
-1 1.25415857774849 1.70451883080019
-1 0.720812967749471 0.869560974650098
1 -1.28001137975830 0.00148616022746247
1 -1.36691901816809 -1.07827294575961
1 1.66531973130301 -1.33788535898957
-1 2.27440759022308 -0.376921076856943
1 0.0601677452076315 -0.202672408140961
1 1.28610646856589 -0.518917766968409
1 -0.195516038688313 0.09710059207432
-1 1.28517489999749 2.47720613481228
1 -0.317719044905145 -0.855276310118711
-1 0.115817793725177 1.97931350701733
1 -0.752670284676041 -1.02732553710433
1 -0.825139638317208 -0.0134615010490538
-1 -0.286521999127096 1.23802433653348
-1 1.85425171836436 3.44967737875236
1 1.44262074454681 0.138044844205131
1 -0.430578003008329 0.292719135082093
-1 1.53030380869395 -0.665406116440261
1 -1.49768602409759 1.20423297796753
1 -0.0636693343599145 1.25061546596996
1 0.877072225531065 2.08212852392178
1 -0.361961058272561 -0.8450911128665
-1 1.61977869914394 1.79313560192062
1 0.72410089840624 -0.530620938045839
1 0.838548491543038 0.330989435437027
-1 1.60647439318261 1.72703526380704
1 -0.722951319541962 0.0299205141723920
1 -0.497473544062605 -0.789352221268455
1 1.51888733171653 -0.106348077991135
-1 2.74664265211525 1.25511898766489
-1 0.329668134322065 1.39442627357086
1 -0.195926201960017 0.214863201241081
1 0.196736865004756 0.0762349939545409
1 -0.499786820181333 0.351723169575511
-1 2.62393412945318 0.775893008880404
1 -0.177849850829070 1.59779562486462
-1 0.0487570268255741 1.39769833628244
-1 1.55674129204386 1.75694487015538
-1 0.975556221989035 1.66035493535831
-1 2.12941865077057 2.44577739606726
-1 1.41497075446276 2.26514446185447
1 -0.102307496432073 2.05086511802654
-1 2.19708917732159 2.02035920020295
-1 1.88477217127240 0.93767302049524
1 0.54345879732522 0.47281676081723
1 0.395648499580774 -0.574391736511006
-1 0.850066387722996 2.03515813843379
1 1.23795868008465 -0.59987670123591
1 0.314056196318636 1.10080013694459
-1 1.79585041067082 0.497721929126287
1 0.181301425511128 1.54119774100827
1 0.937868862496655 -0.149885178413190
-1 1.18543388410660 1.46102015882237
1 -0.216865420432126 -1.13735929376117
-1 2.48661613470504 0.71327447019407
1 0.771508396725238 -0.951868600092894
-1 2.20890680217494 0.60215918552324
1 0.124001502941813 0.0433508161679554
1 0.220505181440366 -0.188932748478077
-1 1.95590037712223 0.307190842417134
-1 0.657470129468009 2.81840041757499
1 0.212780295950807 1.15844767571249
1 -1.15722121174701 0.492659797521739
-1 2.73798025964644 1.65366964051555
1 0.937354689622096 0.00391763895725695
-1 3.52454417315011 2.08576644585268
1 0.401803079432885 -0.00978814100744544
1 -0.92340800078065 -0.0929194463230359
-1 1.13084903546398 1.08577295099643
-1 0.88091070146274 0.393256404527647
1 -2.30723368494773 0.175307264949916
-1 1.42617532957697 2.89397726180360
1 -1.08082167302832 0.995284097907699
-1 1.06976120580914 0.851444933242928
1 0.555925709763663 0.549805732979269
-1 1.86704691126716 0.604621503801041
-1 0.906664106362922 1.32934239919792
1 -1.08068538117136 0.483138966386059
-1 2.87984068689055 0.191142872452545
1 0.914257059676247 -0.453582820046941
-1 0.461365030965481 1.41229440973205
1 -0.489861721336949 0.134186733619396
1 0.430401280858189 0.64001304627488
-1 2.24088941833358 -0.0106597301774465
1 2.29222905195372 0.733676797769473
-1 2.60104456356943 0.55759161532347
-1 2.50714654471229 -0.268616421302137
1 0.397309279183992 1.26329184891122
1 0.418165618724700 0.774185461293553
1 -1.38437335059574 -0.113725362150537
-1 0.870168855946859 0.586898374207914
1 -1.57539083860158 -1.10519694419660
-1 1.76301408858786 2.59726088886466
-1 1.3507154953867 0.301421930441401
1 2.14258994083394 -0.341612506347163
1 -0.64326733519551 1.81303981374527
-1 1.65861274026606 1.35554049558106
-1 2.78435558343945 1.92455593288584
-1 0.875013419400684 2.63423486542079
-1 0.760041345202699 0.703265221386471
1 0.0113611157465550 -0.465144320765051
1 -0.218984028879856 -0.161931183085584
-1 1.66496894903003 -0.748742259423476
-1 0.887277452357231 0.245366158950255
-1 3.55890413749437 1.51699795707066
-1 2.19974203589104 0.54650712652382
1 -0.501139027110446 0.956238491564519
1 1.20573413850057 1.05534837701577
1 0.639386814889966 -0.793621857644644
1 -0.205421408586433 1.08975809091728
-1 1.96785161380271 1.44180138288617
1 0.411678384322216 1.14526925377171
1 0.270470797332609 0.667518474344965
1 0.0560416243837122 -0.535220988281036
1 1.17269884641102 -1.91203976423918
1 -0.79306984544055 -0.527947583488935
-1 1.28372443257044 2.63700372816918
-1 2.57422125662663 -0.0349365203730780
-1 2.83128154066350 1.20967986221816
-1 0.970198114938363 1.47029920787191
1 -1.26566295035031 0.0566677648846472
1 -1.24186097287073 1.04684215748306
-1 3.03376774671394 2.68623073216073
1 1.14244978846731 -0.0429425098932818
-1 1.06304899841648 1.62219065441926
1 -2.48336406044400 0.214257103345160
1 0.0691659750024915 1.81377032142410
1 0.465918207913203 0.975368225081342
1 0.02867453806739 0.859323393687436
-1 0.586721404711219 1.79459179952308
-1 1.81030929102997 1.70702057652476
-1 2.36765246768714 0.304026168228455
-1 1.27389992207768 0.253726946532377
1 0.835577833764676 0.986375888368959
1 0.975109905972416 0.266872887544590
-1 2.99935043536554 0.914175648714966
-1 0.366279660157429 -0.483340820238007
-1 2.86805146976372 1.57350639447250
-1 0.672267668060718 1.36733666901962
1 -0.177757983160467 0.0669938792717879
-1 2.41370428433865 0.272668871041746
1 0.51794457446162 -0.491398303283796
-1 1.03684341212124 2.53594193032207
-1 0.210980295673340 0.892470008525146
1 -0.733408913933669 -0.976788378786872
1 -0.281556710451761 -1.05853831341645
1 -1.08218063915739 0.228890951019551
-1 1.55493992755616 2.41729489377242
-1 0.794880107464093 -0.197290678737984
-1 0.90199384046868 3.56313726832409
1 1.44321323666934 -1.70036567931378
1 -1.42997261815244 -1.34478300683274
1 2.90661344664818 2.04172312544579
1 0.0523589940132528 -0.710865820170185
-1 0.693813398582422 2.18501210557675
1 -0.165679937376633 -0.976929577408002
1 -1.79918558451293 -1.75005952310316
1 -0.212821471900046 1.03536454672763
-1 -0.110401901324838 1.30476870861479
1 1.10906485568222 -0.0608516526047916
-1 1.46346075352564 2.85100359179286
1 -0.163271778343867 0.71160371960088
-1 2.20095649032287 1.11198070965541
-1 0.547626368865524 3.006855439199
1 0.948212925000614 3.26888451537493
-1 1.76315025789424 1.45276806890914
-1 2.45105704133531 0.053430138088344
-1 3.12004724162353 -0.275968714090741
1 0.841745455060165 1.22097530660274
-1 1.79457430589447 0.915028900373352
1 1.41316588604488 0.7951735242343
-1 1.12386301841281 -0.0389672103945695
-1 1.11461081663266 0.93771647523080
1 -2.37124167741023 -0.592552018817876
-1 1.40177649666961 -0.136778663209742
1 -0.248388966558531 0.276565794947209
1 0.830340879082711 0.472188524779471
-1 1.69868881779093 0.084865344069432
1 -1.37722252024215 1.05344745393409
-1 -0.679571220065754 2.45263369591672
1 -0.491312867146451 -1.41863050433211
-1 1.88850295325507 1.98709348370948
1 0.0181878836611123 -0.00994510752682121
-1 1.16681181913229 2.28082987378580
1 -0.748228253657031 0.650403787000302
1 -0.341009317356858 0.927155987159286
-1 0.178788142943426 1.10956933085701
-1 1.60075245881738 3.15263464357021
-1 1.76227716391928 1.64094743526248
-1 -0.601058071218814 3.90412179223289
1 1.47837749535777 1.53320146057784
1 0.862102316308427 0.54736926536395
-1 2.85798179571195 2.24376848688018
-1 1.44453620209500 2.36863256895038
-1 0.556722851600889 2.60222832633363
-1 1.16681231480660 1.64061294205892
1 1.33940178557234 0.621643702925615
1 0.0792354027229145 -1.65913410727508
1 0.398421696781789 -0.488176196566286
-1 0.328779391218945 0.653368015090804
-1 0.464413163279579 2.44623406371394
1 -0.0280162314010156 -0.339446608317655
-1 0.954400712185838 1.18486403694964
1 0.504751816184158 0.00452197184381483
-1 1.49927780734193 2.64467103585668
1 0.821830851537915 0.365766769625136
1 -0.231830521284462 -0.216206355688684
1 0.989276619332772 1.52811885189377
-1 -0.0221176336585429 1.50592197661680
1 -0.794212207487024 -2.34195445465627
-1 -0.211672216508235 0.0636135084094245
1 -1.19068520388039 -1.04591734254425
1 3.39973626527689 -1.56057887953659
-1 1.75614311986194 0.58367606270098
1 0.574529722906293 0.292187511739076
-1 1.91848898157102 2.19732608966713
1 0.216773284010497 -0.483789138662446
-1 1.57640515823432 -0.483932057569594
-1 -0.840794109422028 3.24542483685877
-1 2.44131791020195 2.82353045953082
1 1.26510253962325 -0.473293519555697
1 -1.06773058616571 -0.865012964003356
1 0.195638400613810 -0.352589635605184
1 0.342568313570251 0.692806096786252
-1 -0.552388098442659 0.990643713777181
-1 1.15850465179280 1.91216853435581
-1 0.89797047760907 -0.412247737265051
-1 0.856882137508694 2.02285984383747
-1 -0.338332290620876 0.483000274561621
1 0.918018002168494 0.0180647876486682
1 -0.264433441353966 -0.447156656310444
-1 1.06418795972054 0.250185419061166
-1 1.04729738716803 0.980222234243696
1 -0.336531762577050 -0.728585124293928
1 0.945165651051029 -0.475111684150641
1 1.18042591232084 -0.30808213576319
1 -0.00162952921285895 -0.628215775131217
-1 -0.0546472557349513 1.67201418487463
-1 0.850581175073245 1.52986831155027
1 0.846732191443506 1.07768452093194
-1 2.08055285966346 3.98853749732164
-1 2.36954427327302 2.04187439636916
1 0.840911784151885 -0.408490113356291
-1 2.79594032815181 0.917002609218567
-1 1.24454131286193 1.76700631820636
1 0.278587843836978 -0.421496551514743
1 0.476156202757839 -1.8719134548365
1 0.43849174091936 -1.12313869987393
1 -0.583402577010762 -0.349480127990778
-1 1.67370632619194 1.42152090555580
1 -0.560995082295968 1.48353914597468
1 0.994923447207015 0.69251195387051
1 0.81441227409776 -0.538909486721839
1 -0.169943216427096 0.479706171393715
1 -1.31288133726945 -0.0925174425259333
-1 0.73437224316437 3.12892034195238
1 0.690630715361003 -0.144335586971403
-1 3.44366083945553 1.07863820550824
-1 -0.0191693113071971 1.79459174465846
1 -0.721799874075932 -0.619333095689052
-1 0.999568980319752 1.48178420810231
1 0.563558570653796 -0.111380653920135
1 -1.08219561705510 -0.247322634298963
-1 2.12301418511807 1.99559045539662
-1 1.09557221767228 -0.379038064014515
-1 -0.207461534661592 3.93940003518163
1 -0.547082177192245 -2.27690865049122
1 -1.04326367344058 -1.18664988582515
1 -0.85764142440506 0.319204902694089
-1 1.05449622334820 2.5358689480567
-1 0.749478194023971 1.14910509716784
-1 1.04694165189080 1.28629921356005
-1 1.95216100540313 1.17654622731206
-1 0.63698395603031 2.56425471564826
1 1.09151393152540 1.3765198869434
1 1.1518477892238 -2.30419142008525
1 1.62153183552078 0.141539537009655
-1 2.01761721514265 0.376251920801539
1 -1.78262114726588 -0.190526087764369
-1 2.30749164604292 1.95066227236184
1 -0.428347780098685 0.66021931561136
1 -0.994086907056327 -0.466108981411823
1 0.797978443469604 1.15426696079707
-1 0.584957345242425 1.08099484385767
-1 -0.778661791155848 0.286280856826897
1 0.190410699159561 0.257431462485314
-1 0.757304429536607 1.98677330739121
1 1.65826909827025 -0.0313888469577498
-1 1.06505202759698 0.81517047000311
1 0.300071179916935 1.21009975002288
-1 0.547472426003629 1.47920370024776
1 -0.399162925339913 2.02281704825351
1 1.14322937660427 0.35420370366398
1 0.994154203040488 -0.302913625802423
1 1.10180461399896 0.94491230743297
1 0.00613826815980692 -1.25340295715367
-1 3.03041359743228 1.18776675872074
-1 2.54325088212127 0.82724795595045
1 -1.47922018527844 0.296222518086092
-1 -0.644738450001304 -0.117667000727914
-1 -0.0576980717383069 -0.0829818000154063
-1 0.897725622434772 2.33067702428554
1 0.092692864909262 0.974590704221496
1 -0.494724214068642 -0.527890394949155
1 -0.992786205328676 0.24814267576044
1 -0.0449352818144405 0.41324603531939
1 1.11776820756773 0.179355288088346
1 0.393678803236965 1.35950233297653
1 -1.05779102891175 0.727457391278491
-1 0.64176329218469 0.689789464924783
1 -2.00318357966002 -0.63507914260992
-1 0.614373454873852 2.13876499801159
-1 0.32021549984388 3.96466295908225
-1 -0.176432153781479 -0.237134019912488
-1 1.60133509106101 0.945700568188798
1 0.358055948001078 1.41950088131216
-1 2.48753287696472 0.0615980732649455
-1 2.46687647839608 0.473967440366686
-1 -0.595612208436372 1.90408262843423
-1 1.24058622040788 2.43081355913897
-1 0.551236014792841 0.319900163695739
-1 0.535820533914619 0.393514963911077
1 -1.20942329320772 0.0743802761487866
-1 2.13589986676016 0.052517924341231
-1 -0.560586336706238 0.710880540655716
-1 0.279923119463164 1.19942530628756
-1 2.56460682844457 2.27980366754933
1 -1.29504006645439 -0.63700464382797
1 0.340007656431694 -1.27961187609641
-1 1.91045762437031 0.46342585476863
-1 1.27791046799076 1.08268598358249
-1 0.993629775207928 0.99383159749251
1 0.228013671578766 -0.445748790997445
1 -0.682784799817809 1.26841254123747
1 -0.235644080735007 0.0668045428629114
-1 2.75356956403605 2.28532748321450
-1 0.771376058198412 2.07168462456769
