1 0.600954845552347 -0.223247909944184 0.299364691708438 -0.121837412416641 0.606952725423226 -1.20474500773378 0.405213379756638 0.356613783423027 0.601570959753572 -0.85357124438134
1 0.541407754881345 0.276042759465364 0.656331050286713 -2.18398842097775 1.80244319372069 -0.986692145637323 -0.64615294232779 -0.516072949703888 1.17348404667507 0.834102106950806
-1 -0.611393569448677 1.46355276316364 0.27055128332331 2.73491793564086 -0.820265804488837 -0.569501885653618 1.494913342708 2.5205708727446 0.110190687426204 -2.08179511753056
1 -0.046884862356635 0.680975205869476 0.335349674627123 1.02180597645019 0.181697728844287 0.703713475331385 0.76578072565978 -0.0612415513422288 0.0530047927443295 -1.30135979593870
1 1.43217421620940 0.82235792308302 1.20142572133172 0.271498466062465 -0.681157050983596 -1.01754888822167 -1.15784934371402 0.220293515864206 -0.174121165117082 -1.38184986791883
1 1.05497178949482 0.0312183476485719 -1.25184183590490 -0.786926652446121 0.825977172836935 -0.926692776417663 -0.894762923900279 0.658628428460194 0.848549415490578 0.334338981093791
-1 1.09236583041138 -0.977983760250531 0.802759334712794 0.632210645777291 1.47249864158401 2.01927924068277 1.16313068569680 1.43279715100556 0.430705628113929 1.09579570789184
-1 2.09444838542985 0.835915251369199 -0.694690709014957 1.68936556620354 1.68653610733111 -0.0297728273661036 0.304858565286235 -1.08246359529522 0.45367504806555 0.235978205142102
-1 -0.125448756674768 -0.356041739776443 0.845675385707418 -0.0728848849692317 0.67293748991667 -1.17564945190657 -1.35505987874588 -2.71107946091956 0.154192564260166 0.99148619013349
1 -0.49269788962809 0.839013426586275 -0.872781353838512 0.287937504632254 -0.601310542792385 0.588886371806959 0.97818759451701 0.93196569414534 1.21500770020424 1.23570955430819
1 0.271510077462601 -0.431581019646422 -0.291219854984515 0.249916252128038 -0.0695160458848815 -1.60994468669027 -0.176734857498236 0.47682602701667 1.45736398069237 -0.94253744615765
-1 0.057985611384724 -0.00610702742070901 1.21734960603163 1.30301867530814 0.79999106065574 -0.289082559432055 1.89970824150613 1.23558311871503 -0.308661411565288 0.494471681312519
1 -1.42021222168610 0.814436849585615 0.464461434564623 -0.603776973203226 0.860492389631023 0.580232887201048 -0.0870318117030065 -0.219348809212297 0.672594064820888 0.595533673260171
-1 0.394470379201819 -0.603150023515241 -0.0797819919350263 -0.943778720595982 0.515569727886746 0.985736611716967 0.76848817497671 2.26427300106620 0.94573571951067 1.30437862144562
1 -0.710541343676378 0.278011496504856 -0.412296259279226 0.935954632566081 1.11963549756293 1.41618536672999 1.80913464778497 0.94450210010117 -1.31363927808180 1.63659269844304
-1 1.54244777575571 2.52222957596565 0.960427808926417 -0.344234860145032 -1.89660609019257 -0.165473520830319 -0.272649325086756 1.20778758498684 -0.742917084702703 1.37019347773649
-1 1.90132665868413 0.222007572953264 0.0834407693298729 0.557181071272243 0.330000596570335 0.255702636460436 0.696496372154104 0.151416154836673 -1.16286078208430 2.06184173603192
1 1.32862778133713 -0.193493325645952 -0.197966008304165 -0.616216101282812 -1.06843161494575 0.0446158062517166 0.0196026168998861 0.215132133772547 -0.178490655323091 0.464509891903115
1 -1.15425862272699 0.864263361037114 -1.25408445689005 1.50320908565821 1.05399681725713 0.232173887042107 1.30891310903873 -0.456431801286874 0.114579206598956 1.09601065710178
1 0.464740531961905 0.687251114196345 -1.40921814722680 1.46519166588207 -0.642961853468731 -0.780930328465864 0.0827511937109292 -0.622635966748005 -2.63538522927653 0.446697534082937
-1 0.805188591364807 -1.66082977238674 0.449451296501632 0.677496396497346 0.99660945975269 2.17722900916824 -0.766939977599468 0.587758783916697 -1.73006177323078 0.85049954806094
-1 2.4306431429081 0.833639435785042 1.25228712521371 0.0082815490513325 0.641222325635834 1.61632578609890 -0.47712779132786 1.93070891834277 -1.83556937635039 0.00427428156071996
1 -1.06573429740720 1.10928477770452 1.27509884089096 1.57702666574222 -1.60706646265383 -1.05345771929883 0.414082420458706 1.40621365888187 -0.337716364331308 0.521323934085273
1 0.66618653034984 1.49753941971068 -0.234297306700687 -1.49848035036403 -0.93404603993323 0.301500787494885 -0.307729141684761 0.335028859036563 -0.0535341780082849 1.26987995060463
1 0.267361506337837 -0.987152079775556 0.299007657944670 1.34179143512080 -0.947466503839222 -0.218391326040451 0.671858830144055 0.443032447626755 -1.90326772003405 -0.155428678807329
-1 1.03549389348386 -0.558157546230577 -0.590704368765747 0.214610477780191 1.11457388005138 0.439747301403953 0.986631829298015 -0.290457244841309 1.20004163851431 1.10860017765415
1 0.774658666030019 -2.01690519764849 -0.444834629527712 0.0113780657042424 -0.74725578779917 0.288205808336379 -0.467983726956219 0.411286364065484 1.43569882953937 -1.48318573201813
-1 -0.440236910897747 1.77404258676024 1.47665823207946 -0.598520565784297 0.811311790433535 1.13073257965679 -0.00505682308082467 0.487626483269446 1.92846460676756 1.94932295941760
1 1.86364759274164 -2.13614715158899 1.65941698824145 1.20698202640175 -0.704068402121849 0.486785360682646 -1.37614489968898 -0.783583157640549 -0.371727026818542 -1.24781100718388
-1 0.946643964175494 2.2368976179255 1.36982783407829 -0.00108029426956469 -0.348110587130155 1.86982511382850 0.173809293523970 0.687345577265388 0.614378899214761 1.56373074195376
-1 0.823729842703395 0.154829557430957 1.31242748174185 -0.446129473186511 0.114750611793163 -0.371282559869177 1.86239201483672 -0.251277802771644 -1.46163433937219 1.14009179845172
1 -1.24454382427831 -0.772049999386709 0.932651350877015 -1.52752749561569 0.365560206139755 -0.35139464438474 1.19368977986601 -0.307513314775226 1.46835203540423 2.13804731260607
1 -0.414564927481437 -0.131616902152831 -2.29245652463286 -0.676863111365505 -0.75619518132156 0.942698038011787 0.0353161074423864 0.422635046075126 -0.0923753812544322 0.790562334885097
1 -0.53000305772517 -1.50706022220019 -0.218807749999434 0.103547891909938 0.270714496285983 2.06273173144514 -0.933498938317745 0.507907220257309 -0.829762172515062 -0.864094802261795
-1 0.433495227792446 0.40567157205735 0.954497436182264 2.22799134428553 1.10332535111497 2.08420235384956 0.830964083890912 0.775448711066987 1.76979334720924 -0.423806472070761
-1 -0.774575758999921 0.458276808727101 1.85946834901204 2.13934685991345 0.614253732979144 1.46221252588825 1.3387568798272 -0.473130027835574 0.750205844624957 2.24258058497492
-1 0.466093201298173 -0.141537071733911 -0.939617496241357 0.294057261708853 -0.0640052608829077 -0.353766466809189 0.753848260557031 1.69275501784373 2.00162812274854 0.292790195237983
1 -0.586377897428906 1.38349922503670 -0.0503800981902592 0.146188388840708 0.660133447666933 -0.391403546518973 0.58155646765951 -2.10309354226541 0.914472409361466 -0.0561625418415606
-1 3.55670917248998 0.773788189320508 0.262158333681107 1.83155158902858 -0.0228205121955519 1.90094674439076 0.287131772842049 2.49372756357673 -0.462813487682845 1.29888687607953
1 0.854777727009426 -0.305692771781203 1.00232372422301 -0.366267621095936 -1.48166967089288 -2.07418283595420 0.827480631056562 -0.998475044184768 -1.24249755554913 -1.84383004833805
-1 0.581928363874099 -0.720560138987936 1.95416164370871 0.54810137429725 -0.362524463532326 1.82121823199218 0.209700756342896 -1.38181785080687 1.78318587655135 0.852135630745195
1 -0.901368333860174 0.516733403368773 -0.00973760632986551 -1.04565942878607 -0.210430417028151 2.47179804716107 0.853383971087024 1.29360439287626 0.254288729554805 -0.204883883432066
1 0.684255233446862 0.953267163915392 1.98270549543236 -0.695599380650283 -1.00567128450442 -1.01032851874985 -1.10515845309733 -0.741157567369999 -0.914368546463039 0.0261636320149424
-1 -1.09725964381379 1.32172513370841 0.112938506189725 0.250126303708528 1.38979029320147 1.83544992953149 1.06536819125365 1.39423783003252 0.421588727733683 2.05260198611014
1 0.578022208958592 -0.371435896414269 -0.494383662768068 -1.99408250505269 0.795461415623594 -0.855282070483603 -2.04687611339528 1.59899217001212 1.55007024415407 -0.65582760328369
1 -0.213246817795913 -0.736602110553276 1.51784599711991 0.238771760338433 -0.782536505999515 -0.278422895404433 0.773707906938579 0.791791087543405 -0.999462783702644 0.579164651861314
1 0.63809879610109 1.28036724193268 -0.599334850566777 -0.80620200368299 1.44240692581538 0.401419197511184 -1.21488002872478 0.565892960223775 1.80895049895941 -0.673020941661377
-1 0.879298091477382 0.939043574491726 0.500052813741879 1.86285238684691 -0.460540958841262 1.30035278384995 -1.19211530290876 -0.143348921899549 1.00082204543527 1.08186939699884
1 -1.63728593930378 -0.601441605012651 -0.404321495387489 -0.187460550414052 -0.0648746712270133 -0.568297027226253 -0.613576821563879 -1.81632922880231 0.431843255990177 -0.419726118214864
1 0.324763692350316 -2.20199967620758 0.78578142236151 0.0387100810162860 -0.231776569304727 -0.398298183570773 1.25168611688164 -1.05527596302750 0.2353782885521 -0.512606400585947
1 -0.658183180224382 -0.227399226737353 -0.0645331464121829 1.56374130459758 0.139163914115886 0.608980479949892 -0.61647303485652 -0.435335232996814 -0.443687238309556 1.35359210661154
1 -0.647784230326782 -2.36750130825632 0.741172788441999 -1.05673294434207 -1.05424509000176 -0.624697378928968 0.683243341582155 -0.243227770413319 -0.932695683581713 -0.503209810646765
1 0.389621153247259 -0.618288266166203 -1.10647570212819 -0.549492000018596 0.716013849602313 -0.233566004571262 -0.762980017816603 -0.279900329490104 -0.704387227382444 -0.472609079500010
1 0.737988394725836 -0.678250526344702 0.715444654337277 -0.242607333772406 -2.28954295871853 -2.64178440344291 -2.44897336136617 0.282875435056162 0.726792922968047 -0.0794768922256803
1 -0.0965708023954168 0.0880300243982492 0.650519261643643 0.745476777029035 0.894791654619393 -0.252965904056033 -1.67386032205424 -0.220444340615082 0.779178618946717 0.435582662045356
1 0.728682882382556 -1.49308153193769 1.25663697765820 2.0369905474216 -0.00395273107884854 -0.182086258984036 -1.08024649936972 0.300507578764958 1.84672728084849 0.127249238866646
-1 -0.413446496296874 1.37364389366727 1.42959395578216 1.81998228539461 0.959335407954692 -0.97721738405174 2.33998308589804 1.14469526425346 0.55985593369068 0.824448251248269
1 0.408185646080476 -0.51734729318591 1.44494931411071 -1.71989356090427 -1.10859377187162 1.65719899226287 -0.25178570507668 0.596193607951088 1.29183825861326 -0.00791499158013291
-1 1.59619058460855 1.29712677673656 1.52242245327286 0.292947705208672 0.468614465682036 -0.599747818881526 -1.68639685960466 1.15536686450199 1.89703528862134 1.18321746180890
1 -1.28930227673781 -0.432977404652353 -1.00826369926507 0.529977576429508 -0.475639982816248 0.484817375596752 0.133624912833454 0.657747680744673 0.740864000818173 0.38503797809907
1 0.178421729974697 1.43015876735653 0.381383677972184 0.253938553449429 -0.0904741256017815 -1.25562303685570 -0.263679713113557 0.372759155629089 0.907794310650742 0.0156469792111392
-1 0.350255171840654 0.346855493142811 2.66753264987640 2.51136994122580 1.10091648944442 0.7439906561475 -0.300929922614630 1.53697534976331 0.594818342056329 1.06104581836585
-1 0.511189047702276 0.666766890605659 2.14632633034546 1.04634596235935 1.77550235690250 0.796597405140615 0.818335494771814 1.06957855055834 -0.453591917344085 0.692186856762772
1 -1.58065366691875 1.66215286363777 0.844713624059396 -0.640316912283924 0.702766174894999 0.507204290132169 -1.76869302748884 0.341225887385466 0.130546281848599 -0.92202439020897
-1 -0.190128267737276 1.62163970091255 -0.63726747884363 2.44397861908674 0.0809329358552487 1.21931640785219 1.49848847273221 2.54656180420469 -1.15000119708623 0.197807303554852
1 -0.0731471063523329 -0.456319596704389 1.40388970902805 -1.38348094780886 -0.255346126522324 -1.65610522277966 -0.246774509091420 2.53109255803495 -1.52931520278710 0.923414850648114
-1 1.18229149390110 -0.569610320109247 1.86727894075241 1.25792004100428 1.89475158200659 3.06348692955798 2.12172718210542 2.31690338569463 1.95470249041446 0.175856007918327
1 1.18432778803990 0.0133852272774496 0.96181289398318 -0.339252535329036 -0.224547625541676 -0.242060516722309 -0.967626334343808 0.679254930389081 0.514377090925952 0.0519385512672007
-1 -1.07019985998388 0.263130994736965 1.86399467606402 -0.352923922484440 0.0894217871383041 -0.395190198530341 0.733569425763081 1.22113971576770 2.32929286277713 1.57320267468421
1 0.43163383360335 -0.130960958647187 0.440713291421882 -1.82001107058016 0.97979948651161 1.90363514775321 0.83685745698921 0.375300759847104 1.86840411963430 0.972874910730079
-1 1.27812420908247 -0.306202640878351 1.44352674959138 -1.79980664104225 1.77132835231473 2.19872925436541 0.590807417785306 0.0215751500326943 1.98547914442397 0.338348031448761
-1 -0.120815932327779 -0.849825650147038 -1.25959910602291 1.21186966848564 1.27570181160900 1.11714837644693 1.94800018471498 0.389129298020424 -0.680453425435319 1.37964387320400
-1 0.619014672750856 0.661221698869975 -0.340462889078130 1.63329114192866 2.06438609315482 1.98679561570740 0.892225009709946 -0.221669638082138 1.86368794704556 1.05359024054916
1 1.33445560457535 1.94849095591301 0.647103089335721 -1.31155027299783 0.271539997911202 0.376283333630103 0.337968816423932 -1.23636587769188 -0.617104332645134 0.420280669997715
1 1.60667557855814 -0.0317891201779387 -0.394551729850546 0.487203932895367 1.17623848814020 0.758995165342393 0.208577293432235 -0.571824494182455 0.684928335175806 0.983074897371718
-1 0.986542458002037 1.35184881995343 0.812936674656291 1.19259839823396 0.92109499619075 -0.142721523543083 1.12463098584147 2.07816218202055 1.91258875671349 1.95121066756272
1 0.887078399341576 0.997679837707548 0.334432934065571 -1.19016731802146 0.468022990241231 -2.63196268243061 1.19584230929288 1.81420143729079 0.00779036324035963 0.947584936290587
-1 1.63860192459491 -0.719526991302164 1.12681302588911 2.03101979366685 1.01114365926950 0.832750181017634 -0.290154393413408 -0.631029113286148 1.45418618599487 3.58830268027675
-1 0.921014285443426 0.559298919823018 2.95003324930575 -0.427342915435349 0.601052726366649 -0.912964399267245 -1.18527722286448 1.55408050966929 1.80791143828683 0.777673965691245
1 0.62444813331662 0.749301130713871 0.319468533622498 -1.49339567101826 -0.172406139885906 -0.835396713081342 -1.23650905280826 0.481913984980383 0.144394241364022 0.989739589237783
-1 -0.454616284089855 0.485926529212311 3.67047568726017 0.271879867319131 0.66755773270412 -1.20311166748817 -0.337996710090722 1.66926319941515 1.19353051628343 2.11154049755725
1 -0.901013280159078 2.16417134832373 -0.0965983100740274 -0.167800506409648 -0.181611308168775 0.0822830774357381 -0.983607479525183 -0.300808028152283 0.0457817477421593 0.779848155263543
-1 -0.0585161971204333 0.111933958382931 1.17612664666717 -0.401271797286417 -0.530619923390857 1.28987160765408 0.0270353023268349 1.39082248479034 -0.325161754969635 1.18796718363703
1 -0.173607940017204 0.61999734177476 1.73768071102459 1.49863746175521 -0.184944574814720 0.472548497401661 0.992821544131953 0.248758793208466 0.606705200733576 0.228111067980885
-1 0.224139908157720 0.191492786545758 0.47896984429955 0.367431908276753 -0.193346034655768 2.56143158074181 0.968285667596683 0.118134399163866 2.75770405857942 0.141257058564034
1 -0.197561403426068 -1.09307401258071 1.12256184353766 0.0266459389471964 0.0936041928538466 -2.17161178540199 0.327835122707464 0.304178920387035 -2.33393051806523 0.463330954648243
1 -0.584190244047683 2.1838646642389 -0.818379226616828 2.70637582622246 0.309437410090000 -1.35401497083980 0.404073660980499 2.35225651161763 1.33631355661642 -0.200716992907189
1 0.903999571088015 -0.549144989836857 -0.306371157218168 0.204980805221679 0.76094667372952 -0.743086965692941 0.0942578322072264 -0.0575021526078356 1.25338621597049 -0.486604482882047
1 0.376282685258824 0.259517165392650 -1.51024505195717 0.117009901902453 -0.166196605939387 -0.987891070664328 1.25031087866113 -0.165221562414989 -0.123653639028180 -1.28266935582560
1 -0.340924310566038 0.0529535876069892 0.649984962378227 0.616569002679285 0.945594198019927 0.761254245183733 -0.0427035387186753 1.16884435487815 -0.690185368504217 -0.92029391787566
-1 1.27899090003359 0.922921125885358 1.7316898664869 0.0924049246355797 -0.565935715836017 1.54862718780197 0.180127508305667 -0.240506395958853 -1.00997606685141 -0.373368221641707
-1 -0.0896783120241782 1.13646181913583 1.06743693395668 -1.07586616905530 0.582032707222952 0.841223799283637 1.83078869670685 0.589534661692025 -0.255929302118567 1.11155182475769
1 0.96942750391347 -0.636713339713682 1.42212149077069 1.08436311543714 -1.19329532074145 0.118746819573006 2.04967404750006 0.303178331042737 0.581562329689616 1.43768264717496
-1 0.596912817648017 0.387802848861213 1.36078911618995 1.06409386040844 -0.430179542613925 -1.94387884642358 -1.09940352946372 1.42441514548052 1.69049230764367 -0.111267094743760
-1 1.78704938556821 0.576299076713793 -0.573551832517693 -0.0239841213291615 1.77596563317812 1.36304899258234 0.186141769944939 -0.376393851558196 0.260988745997435 1.26726323545611
-1 -0.800506685769426 -0.153336833030714 -2.05203041175194 0.000857184253038268 2.20677790393115 -0.305525812503972 1.34832548763311 1.72492188435079 0.510271443111543 2.15381240010745
-1 0.327797519573849 -1.21346922256498 0.80429402259496 1.82730232528047 1.57776926511357 0.743218384902693 -0.420246284856244 -0.537427068786214 0.259371384853141 0.067101053855658
-1 -0.245988804632201 -0.0747109808497026 1.46650613602533 1.81817582036028 2.24134152519985 0.419649117433017 -0.197913977392891 2.21934837300140 2.33355594352035 -0.412456978697149
-1 0.50355710950048 0.407922834188041 0.0734925270456394 -0.745816799699638 -0.967696536249215 1.80313638548614 0.670249314827892 0.703198875212942 0.470500216628789 0.938723008469073
1 0.951192046594793 -0.0002307112679296 -0.610233200282717 1.92602008197818 0.061628321478338 0.354459302833818 0.29329841361761 -0.516898142956294 -0.304581631008178 -0.142356843823481
-1 1.00837921798261 1.51845348629989 0.817975820416567 0.489820651461733 0.133215134774072 0.287222410477164 -0.489805578532514 0.847800023897453 2.38664321541365 1.82925473499270
-1 0.741912644307477 -0.583457501565024 1.50620329888007 0.865862175591377 -0.387796985010755 -0.291153336891113 1.90050112586683 0.69698371791001 2.08576380777450 2.15789851067960
-1 1.75763889623218 -0.338280162779382 1.68687054774275 0.44544052367317 0.524850110672213 1.39803066176118 -0.0425316055744966 1.2757569256595 1.66570488303051 1.40509450306081
1 0.0972592543825392 -1.37587703712492 0.326306565418654 0.48773446024523 -0.601731082096725 2.20964532983788 0.844427114394166 2.4035161369836 -2.08441751271846 -2.75968427967846
1 -2.15748888333177 -0.532647276374085 -1.68321941982231 1.21671445553805 1.0824440750877 -0.321748287045662 -1.59120804009218 -1.70735334239869 -1.32342694762329 1.54801430375870
-1 0.449598308601328 1.19604132905499 3.04472228022875 0.336768734268210 0.794926305680411 -0.615185139342566 0.420743017611804 1.09815020073458 0.659097564781105 3.20019073925548
-1 0.385483907347489 -0.541647684373732 0.205015674305567 1.70628887814700 0.902693995494888 1.76395861775764 0.71756850565701 -0.0918319637700267 1.21661189578619 1.20168859693902
-1 0.745576353654445 1.72911364462055 0.319999726672766 -0.153453183694901 -0.437802069387358 -1.1692340570215 1.57985963537296 0.756473395181406 0.0106040415447696 0.734535515840026
1 -1.55155274264698 1.18305397268966 0.616674399459612 -0.198329112433253 -0.177661782726741 -0.88473295675809 -0.452540301348224 0.614339284393172 -1.36149331062581 -0.768025971134845
1 -0.517790509954456 -0.779062437325774 -0.535277555415203 -0.104746174426658 -0.420267413056014 0.081071675062514 1.26941323226381 1.32150215832538 0.356249282652788 -0.963456774253895
1 1.34546925754527 -0.363093071483593 -1.48743217085591 0.392659861368636 -1.19256087587116 0.205192754333150 0.998037258753605 -0.157348987201554 0.0840089667285968 -0.0100688289695634
-1 0.425569732415300 0.805115028757378 2.56814881468270 1.01617754751626 -0.321651940650958 -0.232165135629568 -0.411529686664896 -1.35695028455993 -1.00834035581241 -0.641394117766603
1 -0.0356215315852714 0.972348010334227 0.188986115489993 0.50363974805625 0.0408968070011688 -0.204420146879978 0.78811678613064 2.43344013148441 -0.0535890547524291 -0.616121004532844
-1 -1.000546228948 0.944229691841727 0.910658667825884 -0.249786346598299 0.6152872529063 1.06341966221526 0.129438566385326 2.41029404759983 0.838859783891865 -0.722034130138116
-1 1.88118042010032 -0.304381329414903 -0.465827937100573 2.13015914562807 0.596758957213169 2.40237073781514 0.143749607017574 1.68357512857756 -0.173865943160094 1.73706552916976
-1 1.58233577896494 0.618760167140727 1.61109800837348 0.0172442981428217 1.77584240125019 0.235183374952042 -0.249080610438265 -1.07218101180984 2.62046233963985 0.650755466604307
-1 -0.569369461055275 1.48603898557862 2.03092832315055 0.975285297794573 1.01092623499486 0.274110978437096 0.390407527922829 2.03347417644231 0.831186509600265 -0.754539127524459
-1 0.391188794872822 1.72755386129499 -0.393465282358848 0.81140427067269 0.217096620876289 0.989117565088748 1.15165989605254 -0.954040339482845 1.31222380144891 1.3432025573865
1 1.94297085485305 -2.28196830218961 -0.605710340059479 -0.0856060231128713 0.312217677776294 -0.28952540574645 0.828721962438422 -0.771708866224812 1.89094716319676 0.483128166622634
1 0.265291943690733 0.47040499257926 -0.541920803524938 0.298151995086254 -2.06223737660009 -0.639344211997842 0.540883841655848 -0.228975828301976 0.524787593428647 -0.674462104244401
-1 0.431273598944816 0.971150178490504 0.00809912441648986 0.171990645310334 0.431676508478837 1.03150880950752 -0.316289398867865 0.663865069861655 2.44710002016879 1.16709031334604
1 -1.20448124470972 -0.519363153691769 1.01618178093246 0.816037211299724 -0.624122339068746 0.4065085557284 -1.01336659026144 0.320698707176718 -1.23754977541361 0.411234578265493
1 -1.33812552852934 0.938549725261427 -0.744238712665131 -0.0427898022369573 -0.284381710393087 0.957927795125605 0.331210211732225 -2.88093493041311 1.10712528313105 -0.427703837053065
-1 -1.62470119352383 -0.146658732763005 -0.512250712046785 -2.93170575858845 -0.195776965950991 1.35730187569517 2.1678228428503 0.165219250031901 -0.0280463882742105 -1.61143121626770
1 2.15436928808609 -0.0413452059206041 0.207109770155611 -0.392669888484895 -0.185648846568116 0.12013309533984 0.179437988863206 -1.30621031614077 -0.384261371198329 0.173991004879462
-1 -2.44338313967596 0.724911589538884 0.872634149143513 0.217883856437384 0.200151688093383 0.844810399482112 -0.627209413458646 1.37541840565856 -0.850549524465448 -0.984479919663042
1 -1.39211756298675 -0.416561297513638 -0.920098264655531 0.66383303222699 0.28481230926424 -0.101432527557146 -0.168908073512361 1.80289615728372 0.476280677267192 0.268227006129952
1 0.155405239962769 0.134535100752923 0.670661160617569 0.55812676995115 -0.396084460169452 -0.367034414522293 -0.598341888770606 0.338599823035881 1.36526993234739 1.12061897487832
1 1.48500425740049 -0.300651212640208 -0.628993399759087 -0.415323416590682 -0.612960848837262 -1.64596923453485 0.487466398349228 -0.519296848322398 -1.58288454302004 -1.49917701228438
-1 0.863560041324646 0.410836515925481 1.40188023220247 0.73644833741466 0.914294676750132 -0.708084139379977 0.707378464504263 -0.872842996173752 -0.368963009127823 0.269941365915760
-1 -0.0113455794853693 -0.16078075809007 -0.590022456466868 0.751098238364874 2.68842452737920 -0.333341407451081 0.473903808860311 1.12441622329656 1.59716767964584 1.04105130534147
-1 0.744818295937166 0.86509444372045 -0.464613234192163 -0.29198781353963 -1.22944899293876 1.34791564634704 -0.0839315569620707 -1.02995716746797 -0.00695750814575558 1.51065665581870
-1 0.123849845972099 2.75163925335449 0.227537716670686 0.441735655636672 1.03652334718621 2.3557176155059 0.645572801847733 -1.58435941307206 0.746414017402594 1.32595239207202
-1 0.988270267740369 0.662407175778413 2.09798362958139 -0.0722300470986826 2.55629027084624 1.46302323367797 0.244944441859034 2.05640143799714 1.7765174260778 1.20949584224848
1 -0.92809264910482 0.0502901362451887 -0.824499642903714 1.65793254935511 -0.103614669572511 1.38494844701641 0.175439534582757 -2.18674776803481 1.29215505950398 -1.17592267300826
-1 0.691418576075034 1.81973775554550 -0.0489841586112907 1.16203957740271 0.375412341125389 0.0199230119913851 0.7040352977979 -0.889684990010854 1.38636320009884 -0.0350044022106599
-1 -0.287359283063446 0.763243047378305 0.0377486826831661 1.26602179730613 1.05358610318606 -0.561853480999005 -0.280597286088437 2.33498200829556 1.14596775827359 1.21170210305786
1 -0.313561207378613 -0.0919319089378148 -1.64668204477893 0.169353720120091 -0.912290110214562 -0.173254524034397 1.50393676417356 -0.574158375806566 0.584832701130882 -0.199271652000318
1 -0.0476995284634458 -0.0663221623981385 -0.255036437895595 0.686832196927907 -0.640929575514252 -0.843762475891035 1.00285408525274 0.0973698308394918 -0.784864701454675 -0.381183566338403
1 -0.564789154583305 -0.624656427055969 1.45307186735388 0.856206931889422 0.352124819912777 1.03150366710235 0.197446156946679 1.01348055764137 0.999031411442795 0.792510254418071
1 0.0280672918701032 0.79397441280729 -0.710699553957112 -0.213683211003731 1.03365047379902 1.53810503095292 0.632354870108252 0.570752382109365 0.709016432406451 -0.934645366953991
-1 -0.455977432670904 0.113452877474773 0.287858016308379 2.16546989025558 0.343932248004069 1.31810003892343 -0.209814556134998 0.104598908455454 0.295699796676188 0.328519663796630
-1 1.10037321366753 0.154691018859875 -0.174444451518812 1.59485958478517 0.264376323736755 1.26616286380518 1.45714593008454 0.658235196728328 0.0378292868776932 0.779469911988465
1 -0.755276789550627 -0.278729873746489 -1.11816946476387 -1.94801406332471 -0.117640084123514 -0.792872031844547 0.869360444063836 0.587813941822308 0.114462570391507 2.41716137226223
-1 2.35415936963373 1.34638694112990 0.198683940519631 0.996412742127694 0.00465835155822214 1.21489508328076 1.89778393279665 -0.273837081346017 0.310490788904694 1.10475154015846
-1 -0.351085247163418 2.11877176868596 -1.05072662554279 1.0693523839694 -0.714717374236395 -0.115849605469220 -1.24494313787509 0.643436676160276 -0.404702903695705 -0.454616488074650
1 1.08064953962482 0.72560552842993 -0.769688864817533 0.0228874319249140 1.42094537130186 -0.277162656383366 -1.69725152667111 1.40728420213480 1.49506154090425 1.02785770695991
-1 2.39441539482558 1.68902286093906 1.73371247903787 1.94326868337308 1.66956875392520 -0.70314105664614 -0.642097686797066 -0.201325627607564 2.14714393857277 1.50121043694386
-1 0.690603328892405 0.00383246083199773 -0.32302666710432 0.777794283474672 0.70207338931221 0.813013628879514 2.47128518649371 1.64481703663708 0.618573268411315 -0.85003744913505
-1 0.213606690279120 0.0836282969675232 0.127538393246494 2.25049690283564 -0.177955027926810 -0.0162307521942301 -0.434711984448969 1.40647570495248 1.76155082375827 0.357459637995733
1 -0.145333274930668 0.511806452227766 -1.70530116061382 -1.02448142205504 -2.07300981127414 -0.264811208532642 0.826996481328984 0.699382074973607 0.616386812297187 0.484906229447723
-1 1.15840512102142 0.985220111631775 -1.16926939999670 -0.0682017557312861 -1.31617684873878 1.50536068292577 -0.22168927835364 0.51566161560169 -0.468763925414795 2.01453397761028
1 -0.997575311802035 0.608957690606629 0.0223867983567629 0.406256014191996 0.557646234613075 -0.678728046062768 0.423608517569640 -1.69542278849647 -0.809192389558094 0.741406702824392
1 -1.71083357500872 -1.57013215925169 1.61849727437406 -1.74956717277317 0.433674785300753 0.731792278745429 -0.416958844111781 1.11368613282033 -0.073082385705554 0.527085341844186
1 0.789894435494127 1.83251672174558 1.16092441719955 0.171873395489488 -0.30648778890831 0.720725706913496 -1.08433743797689 0.257847318609728 -0.0250188916721186 -1.38650096198382
-1 1.57404121460098 0.493441301663686 -1.97225119111154 -0.602864445013357 0.405444989064747 0.911086749088472 1.34461849981053 1.83972225434589 -0.272800004007509 0.535621902978856
1 -0.544334815892641 -0.0881938899647003 0.91277813677805 0.212101885019348 -0.137360634350813 -0.279601441853481 0.368779451851199 0.0148837830737714 -0.48430855255036 -0.593634271252741
1 -0.741339366205975 -0.42157413648048 -0.101600844494137 0.94832934941112 -0.550388893596126 1.93491808247744 -0.141885009271758 0.299539854288268 0.725909738948168 0.749013645456824
-1 -0.788379525879488 1.51418187456826 0.61153573204372 0.614016259079715 0.772787303284538 1.71509772298064 -0.628202779912253 1.89918440484795 1.01246906433883 0.6643682369224
1 1.46242049534566 -0.657517380262915 0.110800580841885 2.06551644513964 -0.337457346736136 -0.00187016122931897 1.1518556431975 0.849813655516125 0.185347950926050 0.196626410840398
1 -0.903896076731911 -0.588248844850562 2.18359112608767 -0.0586616805353779 -1.87921229034463 -0.679937969699341 -1.21729326877842 0.781638507256918 -0.263026661738939 0.591611758574628
-1 -0.61098526950817 1.09963239353967 0.361839776040958 -0.740040291777111 0.105143383047073 1.08734215882446 1.6795807990787 -0.84465658526841 1.30197113983892 0.171092517910804
-1 1.28182869281255 -0.477060257897866 0.89844334367166 0.46654515134689 0.117880847897767 -0.423982054786414 1.51757819737543 1.26080181313028 -0.625743422028769 -0.812689052784631
1 -0.335832431759397 0.893040052113307 0.0658189529975879 0.63999530212483 -0.598135697013757 0.817256348706479 0.917302977285378 0.428800211224238 -2.05355979571134 0.64156184960272
1 2.90910481019308 0.732730599236534 0.541555361835859 0.5448391119356 0.568297793069101 -0.0519849251992058 -0.705888207437464 -1.07615939139703 -0.217765488460363 -0.274002326023345
-1 -0.164372299396038 -0.349532299532106 0.480863267514022 0.264886996066986 2.30372503854340 1.02860563912805 1.72077072898567 -0.854874265176146 0.291791293428565 0.80541244495708
-1 0.851694909389832 1.09616508548220 0.649721925646033 0.603012495082602 0.999479657119088 0.55825395971458 -1.07459247869188 0.458711322923654 2.40342628441137 0.0577117695496832
1 2.28008333466478 -1.43922191048888 -0.397733568050209 -0.275192626854380 -0.161305209487853 -0.371142274671355 0.295688370241024 2.50002463309047 0.525398476387999 0.604796382531944
-1 -0.582297865219056 1.46851270831553 0.995012702805766 1.03893268144999 1.65310298820592 1.12362340835133 1.68376309342506 -1.01026170705485 0.990937860957327 0.243582112112327
1 -2.00911537363669 -0.894310585241199 0.901987670785817 0.937944029900003 0.119558060426641 -0.0536772463428753 0.593883895370833 0.424616958662762 -0.829264440550429 -0.408883741597675
1 -0.389612042617727 1.28675896807831 1.50132479412675 1.35674910603897 -1.05402093070487 0.35238516173911 -0.177904672488630 1.63274041787826 -0.0295271411553893 1.99185055770294
1 0.149271990088600 -0.0391961540199572 -0.727793839689236 0.970939691538368 0.428881372406903 -0.378816013864989 0.75537933910847 0.200205319560228 -0.769016865131491 -1.59001548545762
1 1.02740542932570 0.991276245295528 1.52818966562070 -2.3540584315897 0.374671193445168 -2.35105481741821 -0.974065993046508 -1.06697738632731 0.819861488313201 1.37327070694798
1 0.484210441497206 1.63338427355131 0.04671426287871 0.101118235349644 0.119365175035690 -0.4248878153448 0.836261996338554 1.09481705583368 -1.14814413158194 -0.30261801888544
-1 1.44897194513364 -0.640162820086302 -0.698923955590608 -0.40988530524499 1.01444412014609 -2.18705180789234 0.68026519649737 0.060846834011447 0.0889061910711111 0.444507507751832
-1 0.0714012551809853 1.57896120897197 0.897703230073009 0.870233118468962 1.59557410690155 -0.430990608366061 1.68782904342925 2.45962967967931 -0.083151006445664 1.15162360686279
1 -1.21859119694476 -1.30251620928867 -0.154874838375482 1.54575740086825 -1.20229616808972 0.745025044513974 -2.19755091056379 1.01530230635164 -0.350627199855627 0.624175181164744
-1 1.52179285377941 0.271372032508811 -0.184979885835651 -2.28241900822803 -0.823058801580897 -0.411450314103042 1.79217571001531 0.157952952328587 -1.23930927436417 0.706604329477916
-1 -0.6019612629827 0.0151787841284928 0.807965439357995 0.245162991632875 1.06567677176321 1.33892638902033 0.335848516913591 -0.091967481179314 -0.312768949114415 2.41835432336009
1 -0.983025600745717 -1.28553251817346 1.14508868702757 0.350998234211873 -0.488317115178998 -0.339470385880093 0.70633918526672 -0.695935042701813 -0.306537989445061 -0.89307277834879
-1 -0.343700644136966 1.44121817001910 -3.40706144005548 2.30940170376578 0.439868006104835 0.75773189001226 1.74198362278584 0.525238504500244 2.28420942496902 -1.47462114501701
-1 -0.0417532662242489 1.04593486888717 0.900269513595091 -0.724150302210427 -0.420691452965484 -0.546651879462698 2.31936658084016 0.302104179073546 -0.188759701292482 -0.706584653667754
1 -1.03143762032826 -0.860701695582858 1.08699053828256 2.30626078351883 -0.597500861526455 2.66033202164946 0.863477941974321 1.97379782749859 1.40594663631498 0.555260380405042
1 0.288459932556787 1.24724568820810 -0.136660762603845 -0.696118150971606 -0.300587957407494 0.509674808118929 -2.48057946167018 1.13456492666256 -0.863338065634651 -1.27116913053124
1 -0.492719578626888 1.97471026375069 -1.79412504204252 -0.715447258020574 1.63647074622498 -1.38457122158853 -0.401397317579509 0.65878149960015 1.12442973854582 -0.485158505153532
-1 0.312911376278396 -0.0595726396795452 0.616508876131309 -0.161474179372229 1.35812821753438 0.000784423364435072 -0.682511705490622 0.558971303087866 1.22674614461077 0.22398589229572
1 0.197675730360067 -0.99716519574261 -1.52379044962354 -1.35713260411500 0.218349301328161 -1.05366476075074 0.0585484010745405 -1.82856019904876 0.23589555447042 -1.69967595301393
1 0.350127914243772 0.558893953890137 -0.294596986280850 1.47109609461636 1.15103333385224 0.105651687299272 -0.00859923716982469 -0.190158569629591 -1.10117574328006 0.913630801512547
1 -0.906495706546596 -0.0448044976351511 0.724209065216546 -1.70796897941518 1.11840912489671 0.800940072106954 1.64193442336482 -0.940842310265676 -0.786850111138787 0.951779036948525
-1 -0.0171861314437217 1.85427327693986 1.76242487605071 0.0409175839316446 0.578445940671865 -0.596640941453133 1.48650261188419 -1.49663641229535 -0.287676199998800 -0.580582560557067
1 1.04449501826903 -1.10597002946352 -0.489478640931781 -0.858988253665799 -0.0757776432418229 -0.531559483344679 0.124853269890137 0.260380092517145 -1.01286543885709 1.47405280983419
-1 0.203359627964892 -0.845999493581063 0.423894606826453 -0.377364006836037 -0.263679990951614 2.24917981377896 2.57760404222532 -0.445764282006232 1.17196231932210 -0.11826947669359
1 0.467877599553229 -0.0911148703753332 0.516259782816573 -0.676144120928862 -0.561956252905603 -0.626614415883262 -1.23548920904876 -0.460553048705802 0.080886461462897 1.06083934055272
1 -1.10213048712895 0.421912751290793 0.224317972553614 -0.712847234982703 0.711600788242415 -0.235038878647082 -0.363190425948712 -2.13906959488804 -0.825204987815604 -0.366379253704513
1 0.436683330114172 -0.112292106196270 -1.01177588443882 1.41266153488657 1.05749615968079 0.890163071650353 -0.466603996393388 0.325508355080963 0.199119369929953 0.828069936259994
1 0.541710413225007 -0.219560825591210 0.22179263461148 0.0309549336108119 -1.20383802894473 0.0900733933830619 1.42753613460405 1.18539038591716 0.0329441933058467 2.74179563697422
1 0.360802253898132 0.416229278023493 -0.663348106312156 -1.89819690601522 1.52858639193810 -0.925169125082723 -0.652033736557319 -0.481098720400307 -0.80973203879514 0.20832289008115
1 1.86622803778322 -0.234239312735864 -1.25435922783625 0.410770505571472 0.0546576733605192 0.060847943264371 -2.1278301163304 -0.94660062153079 0.720032230057058 1.01262113951687
1 0.41891019421414 -0.304168190222605 0.232693362744148 -0.0201840399856763 -1.23359084357295 0.743316010250081 -2.52614030756291 -0.329588181450906 -0.547262376546317 0.00671809398574772
-1 0.240504062639450 1.14111855306007 0.0539944917663178 -0.109988062790717 -0.0777678425985868 1.82173829327169 1.15347529207822 0.582320996664376 -0.562363841068208 2.15914886616524
-1 -0.332989715465395 -0.198740998828235 1.19419943337425 0.726288562217161 -0.104227064460789 2.16580832006366 -0.724576396268861 -0.670472808510746 -0.177856120455290 1.12240128291889
1 0.59838121872872 1.36630163596675 0.477350936971849 -0.996323349763043 1.01952909000576 -2.45474466506339 -1.32985350105841 -0.587842129553488 -0.138604697983734 0.640026083510152
1 0.14855587799572 0.718180925737572 0.104255380053082 0.883291721020833 1.10244250408682 0.238865809510368 -0.651866462153096 -0.786749745076065 -1.99388374289117 -0.59534090726747
-1 -0.98929637064826 1.66040257060376 2.33553539573870 0.951207070805096 0.406371040128431 -0.073029257402309 0.165780652580493 1.56899404233014 0.538294066932522 0.908073227187606
-1 0.389333876467195 1.32322957118299 0.80653429329979 -1.33719808568957 1.26408695366868 0.991808618592661 0.763854294462192 0.294965440133611 1.5477048677421 0.984176967914411
1 1.34403651680578 -0.545762356885228 1.01608243586679 -1.64917426362614 -0.620346554829566 -0.175472468762970 0.679398150520437 1.00621477668656 1.00335528608556 0.454207306189345
1 -0.95053033250307 1.71370990434169 1.32448285318964 1.46384664870088 0.0842383960511132 -0.520165351039877 -1.66741123888902 0.946883506709808 0.289519627634691 0.518617494860303
-1 -0.0431530359483007 0.93183713975668 3.06322273860725 1.45417862803995 -1.91477978005568 0.716236346979763 -0.970257265825983 0.119723988403658 0.133794033928364 2.47924116398586
-1 -2.2053479321217 0.440863299613128 1.08246498960474 -0.20343705229102 2.381028479498 1.67954409433893 0.54086339111159 0.365145526326258 1.34966090788373 2.02157668165366
-1 1.59741548876693 0.940538074922173 1.83579806323338 -0.181977573469019 1.59151929889107 1.63527918836049 1.18405569218794 -0.85115418831023 1.37720887450701 -0.80247422891078
1 2.33896240350159 -0.0878733336980522 -1.32579593348964 1.36591729027342 -0.234080707330366 0.499070468847358 -0.177622530587281 -0.661719440124618 1.72022194712322 -1.82466116100181
1 0.134657753486346 1.22584420470041 -1.47992640262362 -0.798391836271795 -0.406955852547302 0.548065501731797 1.03085854062683 1.12291040777555 -0.236843670507205 1.25926059183952
-1 0.77452343684532 1.34983203978250 0.943293048092506 -0.359180121330065 0.380200195966659 2.18066203742778 -1.33512035642611 0.341016535284333 1.97678123580563 2.06920481782024
1 0.412785950534862 0.228416230061035 0.83427129490065 0.273683567870122 -0.386543550759854 -1.56115866140209 1.62912991435149 1.19545926185051 0.735751232880542 1.92443965160581
1 0.507034596038129 1.43636683625523 -1.94772238979181 0.714409378734814 0.194131223473315 -0.0512965867887013 -0.711483061994317 0.5647874024114 0.854983540102436 0.646377522856183
1 -0.208500400080742 0.514584847262679 -0.385775184970737 1.08141742320214 -0.0393880606704606 -0.124424787112209 -1.02815069859759 -0.156757050262989 -0.0604006293763869 1.12729873931145
1 -0.0824944445864598 -0.12846870245572 1.17999611622155 -1.41797514431257 1.22156244754559 -0.881629681568593 0.385447843945068 -0.224899405156375 2.20901982802560 1.18060341120546
-1 0.138328702739974 3.04446632664666 -1.10502037490950 0.267884325436813 1.59939949755660 1.19093724722306 0.65600900985725 -0.660993447175618 1.76386787944221 -0.0135612182578578
1 -0.946677247948311 0.832071430407742 1.68697167667747 0.206497321051712 -0.623880187083654 0.407846376514119 -0.839076951763725 0.279743887950466 -0.1523376770203 -2.28392953823918
-1 1.73790678978807 0.431017370853292 1.41073107751815 0.670769336019711 0.857730250022456 1.07565511873140 0.0929466448535649 -0.808573942375342 0.86826251026306 0.559118862938321
1 1.80924928518977 0.471274605721062 -0.253431020689706 0.0550442075144957 1.38556721463985 -0.0161074517607154 0.255340163070415 -0.679933128047330 1.29686088375025 0.0537201989678717
1 -2.34195853272543 -0.128975177721796 -0.658198168990385 -0.742596282170963 0.447862012365882 -0.553452393109071 0.989217056505816 0.344346708080666 -0.684214521569792 0.712167871034645
1 0.662905739039942 0.941836353437575 2.00443382732088 1.53228669727133 0.926593272742973 -0.061877513661027 0.364266255246139 0.549355466667063 0.718817918811572 -0.614531963782185
1 -0.700825537455586 0.884553216812284 0.150720908561898 0.893257764451774 -0.472051033303543 0.208407094106317 1.12121373954024 -0.392921615205809 0.544822075119864 0.427927691308376
-1 -0.509130537299804 0.902836649501311 1.17191642113223 0.922401409047391 1.35553203801378 1.76997997754659 0.850294330826119 -0.119076712749605 -0.720282174812585 1.19035233313118
-1 -0.718198244929005 1.52394620484996 2.07872275213589 -0.0438582987081665 1.523893167776 1.38453216375324 0.810198193584754 -2.26181874914695 -0.959445076065937 0.975658762109909
1 0.699396871474422 -0.408349572650713 -1.48596121583258 0.216568380021924 1.97035258895184 1.11836166672414 0.755293511692633 1.93281648126045 -0.508055381996531 -1.75293759799641
-1 0.720807429117147 0.261590671026257 2.12414887170544 2.23440328398015 -0.294581422711839 0.582294395190495 0.989706772834295 1.55984319904388 0.0225778546873626 -1.88537987510398
-1 0.471636750230529 -2.20914605190481 -1.55598129325885 -0.105815077070299 0.818596498146448 1.07643792870938 0.98303298134338 2.27518266436717 -0.501165774647931 1.64973593751842
1 -1.04355985534390 0.916434934525545 1.10067471673133 -1.96740991912456 -0.140305119747453 -2.88180564400557 -0.379001470934011 -0.189613394471507 -1.93640063344362 0.0346863635848072
1 -0.380681162886356 -0.534263429743057 1.9913436113663 0.413449226383841 -0.0368789995121384 0.834027079907222 -0.296393736908262 -1.12656165719750 -0.746922218492333 -0.0482107883551393
1 -0.140174246147112 0.560293809265804 -1.99049528933666 -0.0128613131545674 1.23662358586774 0.82868463619036 0.814626973091846 0.377839466627742 0.609839126021353 -0.478777237450935
1 -1.53952517815036 -0.270755830497758 -0.366919519884729 -0.810673581618134 0.116588335445355 1.00187421272467 -1.00625153306179 2.34089029704237 0.583257569331355 1.43387377927324
-1 1.64771314022831 -2.11583214179966 1.49985185009936 0.540646885610049 0.658742825410805 -0.425096467258957 0.277707191543618 -0.153966549261509 0.345186050106513 1.51851061779181
-1 0.946399823214586 2.38545596113468 0.421476899599554 2.51046862614096 1.55277633650876 1.15516835687334 1.28949770002697 -0.164233700649312 0.78940130094445 -0.028018304715157
1 0.384369468057345 2.01518762191354 -0.31394677266635 -1.78584043560961 1.74932058344561 -0.457726800355124 2.31685432154632 0.651104044157344 1.61342435044926 -1.76455106402403
-1 0.588702260645835 -0.294948773742280 0.395739730150697 0.0879799298609335 -0.65226095615049 1.11948112629610 0.577065499891053 1.45343545200175 0.665206808686219 1.75444744383016
-1 -1.35528242946526 -0.191575195461283 1.91940550877373 0.764257977397132 0.396953644570198 2.12805939346124 -0.0667423839081333 0.850845495559042 -0.987921304581883 0.572134023896502
-1 2.12955341781897 1.60906813181316 -0.494639046715081 1.10094736218704 0.944209311003522 1.2290984581461 1.10073085372280 0.468494225334737 1.04226141490117 -1.74357483639151
-1 1.74037149914023 1.42559327847409 -0.5265201864561 0.689068352694348 -0.443210971500281 1.18851598695187 -0.0981076738308506 0.639921295452022 -0.299058157590948 -0.205263596213176
-1 -0.593261634360065 1.09976725377818 1.07525889897723 -0.025877794989547 0.262954651956133 0.304119866895647 2.23604973580341 -0.41695231162503 -0.908547223293794 -0.0895419505049183
1 -0.892076048561556 0.628665913493652 -0.413631438776502 1.47335858100305 0.275337950977595 -1.12606164401844 -1.10223866611137 2.09132851130447 -0.98733237444128 -0.335897682746572
1 -1.73042337344917 -1.29383124719968 0.259226166267457 -0.205819650909315 -0.298175692710936 0.147794841967484 -1.13668164250120 -0.883522083913652 0.287607760377457 0.113071469666724
1 -0.456337319099234 -0.649369846242981 -0.839555513548771 -0.255529257561475 1.26836449749472 0.291786329510039 0.96544098696815 -1.02301101691784 -0.195270221100209 -0.191535801950456
-1 1.53966963359764 0.729498196284586 0.738573915973763 0.914691277256836 0.0380579172436443 0.448878171911252 0.917063580248108 0.0330260070024941 2.05612038794646 2.12538849388953
-1 1.22853911974016 0.598035560182596 1.82739623051656 0.248856449716432 -0.0467494569778559 -0.264878489506628 -0.272189529054915 1.76342794454838 1.87950526884021 1.79484614216193
-1 1.24877276837847 0.579089054726683 0.794082682294598 1.07343686262767 0.758885324493338 0.379984342551703 0.418852939306795 0.857206260018194 1.00228757241558 0.140818092844565
-1 1.6617345575796 2.17236040565132 2.45503004274062 -0.497948939322899 0.8976635164165 1.42165015071896 0.841551208765425 -0.546837535699592 0.944093122536617 0.543757989262342
-1 0.299300922052307 -0.504366891931234 0.64060443397946 -0.484240615703476 1.08233523032379 0.787393995605694 2.32915480417908 0.444909249833588 1.15126571989361 1.00579911976634
1 0.199958515514351 -0.264328593685659 -1.42655651033744 -1.00871907674484 -0.0575085276103245 -0.570168583595934 1.09346188619590 -1.93820195091289 0.91356005191652 0.49085807075876
1 -1.18191845183909 -0.219668727903209 0.227677004395917 -0.541387565926315 1.43531560665495 -0.622829446675988 0.560129428869331 -1.05820227631255 -0.918973455661426 -0.164343954082016
1 0.3909765949988 -0.81703009535453 -0.784666234611021 0.188189492256960 -0.315511071011381 -1.57008531357894 0.324519660237308 0.160934962096091 0.607196156525667 1.05718351265374
-1 0.62939912552561 1.95608049210354 0.748665643728701 -0.188395101677673 0.145110087023936 0.310493043398617 -0.403887364823071 1.22290047720776 -0.098068827184709 -0.978067743561228
-1 -0.693581031111142 1.48333232792657 -0.341577414282113 -0.074642435295908 -1.42305544251176 1.27107306176181 1.10526994273885 1.19596872280947 0.885093695099017 0.0144451729218803
-1 0.926535036927748 1.73388016843067 0.522951055396202 1.52502973784195 0.79009927985459 2.38294803683669 0.402476130411497 2.33284041376389 0.206528733744353 3.44272228279443
1 -0.693175192735102 -0.0222335268143937 -0.320786285342766 0.853803452079518 -0.550527395383837 2.10699369481447 0.334985689183164 1.47991420688408 0.0933661953889421 -0.0618309925898934
1 1.18338776457599 0.612066335912054 0.564965604115535 1.17767217783368 0.2558171674149 0.564556190067804 -1.13866882248063 1.38911076493306 1.19511226317605 0.964365457869912
1 1.30553450099255 0.595717312498969 2.08385808107718 -0.0887991093305574 -1.31143132722630 -0.432771621435704 -0.266068354505477 -0.838692407408433 0.342177495396035 -1.30460100167105
1 0.677153782551993 0.421705381710649 1.46595248621652 0.182942911924650 -0.0547109845922725 0.272970176081479 -1.97035474500948 -0.257887506737841 -0.793080994971428 -0.661554046218441
-1 0.200920969018153 -0.460185185972377 -0.204069002970309 -0.487819260776341 0.133331411053388 0.117751777256972 0.511521916745543 1.58837354757628 -0.716857509694311 -0.455317864844988
1 -0.465147265120551 -0.599651161129993 -1.65765830187650 0.555601255357375 0.783469474020407 -0.00349387694376031 0.192116796005647 -0.258381625469549 -0.360601626002091 -0.426291253771349
1 -1.30308580416886 -1.37982164992787 0.986852391705328 -0.883006636771503 1.13307296230842 0.279288313428659 -1.63397381445641 0.188184309470512 -0.953194211804097 -0.0499170253655227
1 1.31376783637039 0.162600328547095 0.332503621801345 -0.193709318379859 0.81671576071267 -1.84446304981969 0.0751570567215811 -1.45917575288548 0.174400497886586 -0.845201323128838
1 -0.378980638468253 -1.04893690089678 0.694800971224742 -0.667911545226997 2.00721925001113 -0.0472335929521113 1.28811493060189 1.7385230522578 0.215562844555465 0.612369829126813
-1 -1.38682171802242 0.359538957271549 -0.446507174916878 -0.619772037180979 0.83009897946788 2.00584092204936 1.82515031064963 1.61117198718696 2.48106371039138 -0.244292313112264
1 1.06728481235049 0.254080173566287 -0.960144797400286 -0.215936666156142 0.813699024497611 -1.02264116471041 -0.8865606692823 -0.126867031531378 1.19241859388088 0.576539379788014
1 0.628675953150091 -0.595104300334369 1.03990519433574 -0.747592272729069 0.192896983540935 -0.369571905771021 0.277901771485082 -1.37998337794730 -0.26941463740725 -0.680729569551986
1 -0.473731988717564 -0.413034271619062 0.261416087450735 -1.96382205620636 -0.595882701649821 -0.58186712225998 -2.42043038507106 -0.525396534923664 0.911928896485055 -0.224206185291730
-1 -0.582425359950787 0.857257801921254 0.286984265519475 0.684502901348273 1.73933775060860 0.583176884289837 -1.23812780358613 -1.02117628938548 0.197478933716844 1.49346678111729
-1 -0.0526690459253032 2.71734611637617 1.10937895923212 -0.956922062181937 1.50611118465645 0.0114048184697482 2.02883872277202 -0.0384867322514321 0.987083464174402 0.190642717191351
-1 1.53213217043078 0.305460233972386 1.07278210848282 0.517763514834995 0.262253975114169 0.0845628219469065 1.33777020915335 2.07291425778287 2.77250158446577 0.964244248042516
-1 0.766892846283308 2.83518692847182 -0.0168030136735784 0.220871592308588 2.19374138167713 1.77508552961867 1.17353441268784 0.824565499438696 3.14366726560767 1.79372339518466
-1 0.86528205619371 1.30503569510049 1.49294849613696 1.92335708626276 1.61125649637326 0.936918910277247 0.872828413179808 1.45524991875798 -0.0211446324605385 0.0925297695330918
1 -0.382043105581256 1.29784958152952 1.16395947367115 1.06931706078934 -0.455278677122993 -1.22056876548211 0.230947596979701 -0.217568524670758 -0.649483414378608 -0.128058296966836
-1 0.404343564182744 0.282376440742150 0.91508541557279 0.873134446207174 -1.43652788370015 2.10869206864939 1.75129380533019 1.20686032746863 0.589939622485289 1.08845472608843
1 0.229048939511766 -0.641256706467845 0.486652355949455 1.19408026693056 0.369141099863585 1.55227442980627 -0.0853413576270247 -0.879672264081819 -1.69109234163753 -0.630273474256822
-1 -0.255002368600952 0.957707859308155 0.796941192142477 0.964979682032432 0.907200544086144 0.472479276666975 0.3493344980353 -0.478573980433174 0.453493019177937 1.63012150822155
1 1.72606328381118 0.180170192758629 1.11327540754107 0.72135104274067 0.172239358395211 -0.838622665869524 0.344427217300802 -1.52298863354842 -0.665326365934163 -0.365914472878189
-1 0.0814389009891376 1.82483925200352 1.51769347126025 0.921424283218336 0.243104395161753 0.42704180294498 -0.492219487124986 1.44281698561441 -0.278384767985965 0.239822101122451
1 0.634637574383864 -0.885984793262962 0.275150690741358 -1.42054586850869 -1.69789435845382 -1.66099014870293 -0.579177413346586 0.140636645241813 -2.12368067812478 -1.82052828821438
-1 1.11135853105507 -0.245829479264572 0.184684454322488 -0.199657978528227 0.217966573164523 -0.133689637150993 2.20742239927861 -0.469086965530341 -1.02210550724708 0.443005908796653
1 -1.88355359816284 0.865086818228029 -0.0551434232347667 0.79440666334873 -0.525228371620576 1.13507580087922 -1.42966705475943 -1.95537104683647 -0.110738653642988 -0.20056537296952
-1 0.536018613420159 1.09515557895741 2.27991863185461 1.77385346612105 2.16850327763456 2.27358823550037 1.66556837439283 0.673845296330112 2.91443550576518 2.01228854412911
-1 1.08333125041626 1.72943889337104 0.136068690986757 -0.246709728411360 1.58470682903036 1.12500415798719 -0.0986160263105553 0.644168079737864 1.39198039993994 0.341300030342205
-1 0.461107088226343 1.47107478292697 -1.14014021904120 -0.488229989157561 1.42159609982312 0.795148728619248 0.990010159363138 0.990004359475862 2.00652252786030 -0.698336660730184
1 -0.367483804219351 -1.52861016634129 -0.063275636139934 -0.64934741112224 0.763288141930093 -0.0345400164699719 2.17073173152481 -0.111322502684029 0.101119163680186 0.474313466933097
1 1.11290521626558 -0.677732675463361 -0.115351796578454 -0.253722250326608 -0.665640242631434 1.35491312686273 -0.440676607047248 0.116943049758223 -0.229014150650683 -0.0522501993495339
1 0.588801567416881 -0.107883948963380 0.80258627775196 -0.693725263095829 0.083463069619396 -0.59119429295017 1.03911848442886 -0.746085590698474 -0.131844469760287 -0.904328621386905
-1 1.21266581868864 1.87855877883988 3.18046841892952 -1.46654689589970 -0.253924572982478 0.918904506287812 -0.180215904175947 1.07161544105642 -0.161514476054128 -0.066252314194939
1 0.114537174271242 -0.849954011848352 0.877509643934557 0.465626584564842 -2.19974385107970 0.648219832053525 -0.89035321901262 -1.03891346915995 0.130580434778786 0.718078336248416
1 1.05330987518137 0.887776812254884 -0.729148211946364 -1.54363802362942 -2.02535007418137 -0.846699162580397 -0.580874584492579 1.03538209784111 0.3423600961953 1.26034210659648
-1 1.16447644013562 0.375751776966567 0.142366114255701 0.0331516218629806 0.576804461091266 0.866042718259267 0.402066515489741 -0.589021075212315 1.72129599005914 1.89870715922027
-1 -0.0258908044522976 -0.610961041620805 -0.0211855520465932 0.00589517069642365 2.19179293300616 1.73937424593059 -0.228445852552859 -0.200208829042919 -0.549332636041426 0.628117160534521
-1 2.09632958173247 0.99694954327538 1.15434156383843 -0.291522134837831 0.201045130872362 -0.703424570315099 0.533183771034855 2.52312246853735 -0.832796372891281 -0.202460746065236
-1 2.19102778062943 0.770968062253448 0.894186231391095 1.32278334926239 0.80295594208001 0.0547597303874026 1.70669576041324 0.461202376956555 1.74431691741006 0.94769539603715
-1 -0.177966913969357 2.23949732491005 2.37661064500733 2.85687604867085 0.700264501075764 2.05379829521184 2.21291081109422 0.889498092956833 0.638794051470546 2.06839909518464
-1 0.198046097863960 0.239608956495071 -0.414018271740264 -1.28526364362413 0.679931594138855 1.1138212177423 1.18627383064816 -0.805780575474028 1.25298515137013 1.06276667965797
1 0.113699202716737 0.799620253318757 -1.63002441415111 0.511119633705774 2.62184230782134 0.809897979499951 -1.07006121294150 -0.995662625033862 -0.0685716640915454 0.920414562074747
-1 0.525341842805021 2.37161857780397 2.10588100191829 -1.29255069372172 0.15678731227917 1.17592538607211 0.169842860071027 0.73794749808485 -1.84642631532891 0.342729581058609
-1 2.70674296435005 0.341252779096701 0.507885827208198 -0.566329116473354 -1.48997917808146 -1.78818941020465 1.02984823914292 -0.00455608955395748 0.672867256711606 0.258830222218974
-1 0.0229086498293712 1.94103994921142 1.51138325353607 0.253777710149522 -0.113321776050215 0.49576058282329 0.75280660696756 -0.77791665851509 0.735830152857647 -0.375089476358829
1 -0.626577003284437 0.224168989169367 -0.247638720021811 0.0349214159841228 -0.421314949337789 -1.13924680539618 0.622363826636523 -0.110164271831511 -1.13049961117449 0.859340090082961
-1 -1.00934427467434 -0.687494177663581 0.286740728726762 0.590524714647006 1.68058399368069 -0.225448323663907 -0.634893720133782 -0.170612438278535 -0.27356750355603 1.32511385588435
1 1.27422206965905 -1.35171579502104 0.274183736511305 -1.87381069904052 -0.185583300003133 1.77138879111411 -0.529845032862866 0.70315327851465 0.362138735213359 0.294905984244246
1 0.634565488299894 -0.280923705432207 0.340941831812901 0.874446280872941 0.662575729728759 -1.10200609161315 0.709090691340348 -1.03073330050360 -0.221439026501643 1.32717549853862
-1 -0.91741087539692 -0.659024783487671 1.5023765970693 0.536509752927439 1.54972863726355 -0.0634460584067745 1.35181000150964 0.882087294417097 0.0334763636036446 -0.394938382570025
-1 0.834757767769952 0.373607712712389 -2.24871543876442 -0.98370214679395 0.30347158079567 2.02704590608924 -1.59398850344963 -0.114143994095932 -0.195168388455868 0.00259705458702397
1 -0.136286782769958 -0.272940711000966 -0.842767510607462 -0.649182851250184 -2.30393389592560 0.492088199219586 -0.416727241072851 1.59167988043441 1.81747016383107 -1.23677744430647
1 0.0155024886959308 -2.26489040797341 -1.03376244167026 -1.29176793992561 -0.405640514202265 -0.721747315574223 0.664572106046707 1.47209540843465 -1.47573447339887 0.638090608456574
-1 1.08382624686287 1.38063248663133 0.695378507341543 0.509699622030603 1.12656026155749 -0.888183950678869 0.791115353228033 0.565106973761869 -0.625485276787185 0.066361237573692
1 0.614293456015805 0.655068708496853 1.5301639529936 0.25452263221966 -0.981140558781661 -2.02125675876604 0.559334572544838 -0.065882547963188 -0.0799868304927522 1.39739065602910
1 -0.764247260680334 1.07801746871661 1.26619651353145 -0.674078669404237 -0.0674495024388271 -0.852650485402285 -0.404955071608118 -0.419381511076988 -0.345177753434820 2.11414771781133
-1 0.604735174173886 -0.142341978946568 0.457870073987050 1.23690376485400 -0.773666051592588 0.441508193593418 0.944907547225372 -0.134425963727112 0.231115594279783 2.34465665965958
-1 0.423016462123272 1.14414174032871 1.49512216857136 1.07191271849599 0.883720682598475 0.775301720602538 0.247675333897544 0.791262054485827 -0.947849888909064 0.906293328343862
1 -0.298639810904631 0.683338079389846 0.189514639221494 -0.241207904006094 0.774611974437098 1.15454369714065 -2.02188730149981 -0.938438349068594 -0.00396081921507676 0.0882114639862623
-1 -0.0521410900767884 0.419763981747866 -0.276076225776143 0.451646638714719 1.28663880942479 0.392071621440534 0.132060638356410 -0.0628291747071243 1.69952329509634 0.550102320644664
-1 -0.84180171058563 1.33658655122789 1.22690460665485 0.203208076247323 -0.726449199691725 0.0533741169004047 -1.36999812048715 -1.01201082131497 0.0169030862363606 0.646164587595006
-1 0.710583443853558 0.301840906073072 0.105106644167929 1.92143040172748 1.52441647061102 1.01744456152653 0.701199479130496 2.38260262816403 3.64138684896371 -0.0385257692910735
-1 -1.61565145184139 1.49364867497457 0.86972614310846 0.572183318422678 -0.0729348613402446 0.60636868080363 1.34010752496142 -1.59387538974637 1.76387754861953 -0.676596260766966
-1 0.752137803823647 2.04140550326476 2.10471747477592 0.3621877511633 0.13397696776078 0.806733977061351 3.43678455126253 0.418224428848969 0.189412234274760 2.66816167714314
-1 0.0195157415328726 2.26757694779978 0.835985082674861 -0.140271232195672 0.0508059667215609 2.04751492392784 -0.202475336794430 -0.77438282809085 2.34698350037307 0.868110286252528
1 -0.600357293986137 0.0719046369703522 -0.642419685771741 -0.40672747638339 -1.17796623918964 -1.27237085689872 -2.07420028157595 -0.914523078126204 0.0739311003972297 -1.80554748771938
1 0.670573573526291 0.67066455776991 -0.940551266255186 -0.250810038325066 0.0921796261856381 -0.91761589945312 -0.640082724364951 -0.55963845560976 -0.377013878265116 -0.0184005419911949
1 0.958101023181128 1.08798925424472 1.66138993068067 -0.589329420081282 0.178149009764277 -1.07009169830819 0.74715704699738 0.532007770242206 -1.00996082627538 -1.59912518438107
-1 2.39174169464884 2.20441102767046 0.149708925528712 -0.0731600995147829 0.584092750799388 -0.689391717967724 -0.210529111338704 1.95193548633737 0.0552934781749584 0.667204585373032
1 -0.342190923698142 -0.498989966349044 -0.788678732056014 -1.20122441688823 0.358296479095328 -0.768649991994266 0.583282664943996 -0.849885914397334 -0.0129412510687338 0.399751413537237
-1 -0.207357568590087 0.418961471425195 -0.961369597969892 2.06127079177782 -1.11447456300079 0.241609780114097 2.7122760350399 -0.360205205197724 -0.278965707323709 1.65712664305617
-1 0.759557439520786 0.545226685042639 0.631717773900414 1.34411562965043 0.382796695655772 0.313336562020274 -1.03082818752948 0.3164890566111 0.353425493616485 -0.0590903826433197
1 -0.0535846683181251 0.358449154957938 -0.546702577513506 -1.43218914684617 0.517170004933924 -3.73513177491292 -0.31672300805147 -0.466343820992085 2.00574803326945 1.24458360382444
1 1.19121268061411 0.838735496785579 -0.160905167809861 -0.7870114138033 -0.734482452379857 -0.981198616541613 -0.922756201900354 -1.13456066687659 0.370277117215965 -0.780904475344098
-1 0.702376495093176 1.07325115493640 -0.172001011644968 2.80022628993445 0.910966455954177 1.96815350686123 -0.415586916854101 0.414568184246391 -1.82108581671374 0.481281697915262
-1 1.58500930300646 1.06752808348197 0.534777865407683 0.0161791515344425 0.414819657893376 0.934807608876548 1.53543898229338 -0.80391820215293 0.601112581373549 0.553686530664594
-1 0.698975033599107 2.13133537239388 -0.0858178354723854 -0.200684189590425 -0.699929938246901 1.24717952794173 1.15835218523163 0.0728907936045119 1.70107909679312 0.566875373790391
1 -0.549196841177287 1.32293357043392 -2.98540393945364 -0.0794453089243581 -1.97982165864030 -0.377350496623253 0.253610383702458 0.161161780574069 1.03287823385185 -1.39086985092309
1 -0.290504540497762 1.16473393410947 0.35618524739147 0.0573233748300787 -1.54772090194199 0.113624279128360 1.14619322823498 0.294354957806527 -0.280561235037472 -0.853358365127349
1 -0.938471551256466 -2.26341816926044 -0.45875424594112 -0.0311287455336258 -0.507695601472495 -1.47300719055881 -0.0651107639519356 1.60848748447939 -0.906222640559682 -0.108960562101251
1 -0.312115974237668 0.648749587732309 -0.748086075712295 0.385763387290331 0.190998770457036 -0.112234684698219 0.437607103916738 -1.81181411573876 0.508249321092345 0.632742544336856
1 -0.760763633004763 -0.765901647679305 1.55351586435944 0.753166531370715 -1.04727862568896 0.903912187152748 -1.52711817234015 0.605859137804879 -1.23394973587059 0.756092408030793
-1 1.17150525484873 -1.18368106179397 2.94549767637769 -0.655476387778522 -0.296608263325216 1.11279544550524 1.73407004994396 0.895393883095643 -0.561080271290574 0.169057369844138
-1 0.217316398839145 1.00823122193059 0.98833648509175 0.465047081600504 -0.173178418839947 0.928319572197343 1.59898261548668 1.62255612359855 -0.498559514862168 -0.0462044237652519
1 -1.10317022436594 -0.4551798527187 -0.667026439721693 0.982354934457348 -0.381870792817769 0.634940401040396 -0.384489596832242 -1.07036558979391 0.412844777473967 -1.19644514561165
1 -0.679382477101082 0.112888564187731 -0.302082304281170 -0.345314790715136 -0.898013840671572 -0.688344289568642 0.492624046897499 -0.976544736771735 -0.134404176469256 -0.639206152190429
1 0.177829449588179 1.37751286457718 -0.393819471253586 -0.0815763539772966 -0.452286182713289 -0.0871992832329868 -0.178663124143853 -1.62034612267907 -0.269825123774112 1.14714841193951
1 -0.384529888150848 0.495114848613664 -1.93303039590988 -0.332388506166474 0.167430450074498 0.0161535426740550 -1.34559269462552 -0.0422229413620461 0.158325039612507 -1.18236344405402
-1 -0.333920779543886 1.05387817150371 0.216006959978058 1.60892037532756 -0.915344312555411 1.18018087104551 0.778645583970516 0.292724898516144 0.740561050973963 0.419486351879826
-1 1.16396436578307 0.106388588859229 0.103040326281431 0.0970843014396517 0.336767988743528 -0.90785295347084 0.320420001917276 0.586585104586735 -0.111031590725682 0.285485138014673
-1 -0.492796447008855 -1.19458773233707 -0.0353633499932681 1.02101753468437 0.937684034638037 -1.17219673947938 1.85237984435646 0.0527397467725025 0.294881259270175 -0.131044944619226
-1 0.525593992073355 1.20631628860743 -0.29699731994787 1.76907113337016 0.634803423921312 0.0213015744220397 1.99184299423869 1.04955242604306 -1.549931594149 1.32060519891798
-1 3.00820281049835 0.526679329761872 0.727132212416702 -0.769686399703185 0.727139448307813 0.737823375176112 1.29919998091559 -0.606891828039404 0.710910256262618 2.65131916686194
1 0.875860218436177 0.683127035946303 -1.52880015366356 -1.17069644868249 0.773794651771972 -0.0269939833432458 -0.0633682233832213 0.329384642486294 0.73175601686372 2.50223716957210
1 -0.762517869031165 0.421643864643055 -0.683869182167713 1.64218378121649 -1.21104688001354 0.252763043107921 -0.9988242183321 -1.15012430188691 0.436811005272091 0.770416836029142
-1 0.0816782940756897 0.539780254351504 -0.168527668721923 -0.630691726048741 -1.60744534450317 1.83445042276424 1.44266952396033 0.493287939631989 1.90165729171512 0.904465416086574
-1 -0.311367070416015 2.2521022100276 1.29539126580248 -0.354891774086463 0.541570311484277 1.27228043601165 0.939012292414205 0.585005426457402 -1.39915035515074 -1.21353891809693
1 -1.39660328963268 -0.805222133029898 -0.503984953835636 -0.822732097725563 0.564202944818467 0.24146095771359 2.28854359575293 1.01115885809159 -0.249689940561084 2.70010807427432
-1 0.908732804729992 -0.890093846615087 -0.228110610447562 2.52308278873473 -0.115797507643325 1.90121527298644 0.401156586825688 1.40375161592868 1.59896655395529 -0.0825300423472302
1 0.999231366202924 0.868124557253737 -0.95465775003199 -0.595010215169339 0.707707340224356 0.181624380862636 -0.950008592365102 1.9182836926651 -0.118327573643993 0.817766285799934
1 0.78692872184547 -0.332962722730446 -0.937199915075068 1.31374791115859 -0.306909541066985 -1.13708098399469 0.939002964701924 -1.29133488099283 -1.50518550164456 -0.500080815930085
1 1.51335792581161 0.591093953280551 0.92357393031254 0.423753737122701 -1.62213117317665 -0.852970444511358 1.60026493038284 0.477833752843693 -1.1082793189512 -0.135550807355033
-1 0.474195812760811 0.873743265200712 -0.328236471893976 0.00372041798866241 1.75512711086630 0.0062042928764936 -1.56319154336399 -1.05575875645177 0.103260668812496 0.62823801466185
-1 0.889712789968211 0.386814280632822 1.23110236341947 0.690567571792822 0.749960490300716 1.42913715451205 0.433970656113874 -1.18968460721768 0.84589727675256 -1.08684973028732
1 -0.355045261194048 0.215410998122048 0.0168105597581937 -0.733781817806674 -0.539131385416152 0.159438253301761 -1.40227203505723 0.0868780531507676 -0.052958225395283 -1.84671494021250
1 0.434958008052097 0.797605025488668 -0.843360898869962 -0.212037284234848 -0.0745214725339087 0.852018940902602 -1.08560047348415 -0.105490753882964 0.112611009551944 1.52858956854188
-1 2.00184177197768 -0.417695135310011 1.60688979842466 -0.826074975802342 1.75187428222691 0.371487599845868 -0.0465836106446493 1.90148743773803 1.72048157046011 0.464025631575764
1 -0.929424280007655 0.0502139860626628 0.776916777846808 0.392082874632281 -0.0583851845721119 -0.492535104082119 -0.257850272524005 -0.519710395744548 -0.261420804791556 -0.240709807973489
1 -0.00345940773022996 0.786958387671073 0.047892641533751 0.230398312963039 0.152680724747239 0.517482104482705 0.765908286063192 1.29187819756919 1.12821938679938 0.83248651941392
-1 0.400745540704454 2.17697947252119 -0.173835893294073 0.560590320962137 0.326595924737983 1.31436969421801 1.06005113546937 1.031070121701 0.397846839026263 0.95375588722161
-1 -0.638516669989217 -0.113067759384086 2.10878238560320 2.53669716910567 0.66642119392829 -0.710489503928634 1.70942717695525 -0.142333452295104 2.50751827329757 0.0513528543452817
-1 1.06931596329154 -1.22050373880955 0.465145842318387 1.74818586660805 1.08706877176474 1.12720803723786 -0.302848913198552 0.811106143340054 -0.579430579184291 1.72599476885646
1 1.29857966824548 -0.423129898192069 1.32298971956099 0.0326030827684769 0.893113473619265 -0.604081805905837 0.687491293378764 0.681811480178946 0.285129847788036 -0.200235387517959
-1 -0.321545306808117 0.640153510655243 0.876285080884058 1.46229817357248 -0.971186347451748 0.959342241424367 0.400868675554055 0.432080705727536 1.41501152116277 -0.95319910330474
1 1.21306411347597 -1.03966422747472 1.29200584693842 -0.0346621474753309 0.627163146220426 1.52763431768656 -1.45683375602557 0.749916010481429 -1.69517931302346 1.29448715420808
-1 1.57046472606153 0.510185454344575 0.049099536797609 -1.23520176562676 1.65424869768226 -0.419948755861239 -0.964908254715314 -0.669627215546516 -0.297042730993269 -0.0448893131380866
-1 -0.426680304613708 2.492967431172 0.821085212681742 0.522600665665341 1.51074159307598 1.76514586145288 1.44084522413760 1.01887318864645 1.09841689813347 1.39304851557961
1 -0.927173182854891 -0.695249649463706 0.189112727435596 -1.16321863516895 0.0514853041008505 1.58179880058863 -0.0909075199205296 0.519588686419171 -1.94056394891658 1.80136978942288
1 -0.429292683254553 -0.197133316911761 -1.60607435943266 -0.0805183719174262 -0.752796316189565 -0.643006648567007 -1.21073481592757 0.0693451771060468 -0.876356457222733 -0.0575177270662854
-1 -0.313277195660706 -1.76245884995187 -0.550069723478633 1.38198982136936 -0.145341940172041 -0.80011144464918 -0.610233419450315 -0.376836823366873 1.13296876197318 0.146252312574131
1 0.632255049437173 0.95694958374226 0.83606214913999 1.15474743667932 -0.320819279541381 1.78475998053777 -0.309297570786597 1.44677571082496 -1.20597683718865 -0.930877222814284
1 -0.584048463693587 0.562528257030641 0.689755373330074 0.0440544852837085 1.05210699657373 -0.214061734900249 0.341295355245091 0.144925115932039 1.14981275612822 1.51798877374786
-1 1.2009674260068 0.62608610664766 1.16858862554327 0.336639364541409 -0.682620547475865 0.879971142025706 0.222879414711027 3.29250496951154 1.32996089749297 1.4882893016016
1 0.492420275646288 -0.730584163169841 -0.843490608318064 -0.267165772514438 1.05071548386709 0.2305491436859 0.451130696513490 -0.388390106689376 1.30131374398871 1.27446312461093
-1 0.69569745453882 0.46312059354422 -0.818942217007687 0.998483257886359 1.33594708015878 0.696341931571292 1.5275437693275 0.443141484819197 1.96683821937248 1.72401426470814
-1 -0.272198061660643 -0.44607707226009 1.38940656398874 0.410901412789789 0.0615379031639954 1.43037290230144 -1.89827914280001 0.48519933478218 1.46010198501476 -0.105949914526391
-1 1.17914584739934 1.1184533118307 2.09619868045974 0.97073555742466 2.59502622251445 0.275416350049401 1.12241670578719 1.17703594070748 -0.828002463875668 -0.79401150761587
-1 -0.291604937713212 -0.986246508738458 -0.173718962768518 -0.843802699037838 1.34143263545604 2.75258850526722 0.736489850016535 -0.536862637415947 -0.422275050971845 1.30316461080302
-1 -0.141336238511464 -1.19030415937595 -1.29974127154021 0.411853265895500 3.50486661699814 0.512697365392218 -0.834659098852058 1.05799752372452 0.95009185169939 0.118230759476608
-1 -0.826007356596121 1.12891726951374 0.560648722307106 -0.378651999464316 0.604458279964398 0.556670630658172 0.436525100859208 1.28889463371697 0.73276054870759 -0.958937880755993
1 0.129479401454258 -0.276417275829242 1.10131081788364 -0.111130343514243 0.587150171859249 -0.515068353281863 -0.815059322356794 1.45692052121896 1.35383385516137 -1.43558588630679
-1 0.42654613442525 -0.212430807721907 1.04364007514687 1.00221382966676 0.962083685962748 1.21640780695534 0.857823331552716 1.75708632906923 0.350362021029703 -0.370191672012937
1 -1.06354724633952 -0.219687062172565 -0.492667168191781 1.10024206562032 -0.180533939030766 -1.7821824308107 1.09153188074120 0.440567153854621 0.269919473400917 0.465073457973279
-1 0.877938750631596 1.44777563962157 1.291361517966 0.102618287650099 0.185876402707609 -0.416983420747807 -0.385477952280686 -0.290261715484074 0.68628789790927 -0.18218756032172
-1 0.111625007540316 -0.447146374921918 2.15510909156530 0.824804471465654 0.488976321737915 -1.24959851166448 0.98665232428541 0.706971479519906 1.18977296395596 2.09686237835806
-1 0.723983226788502 1.01409398416028 1.02283455082342 -1.55360013419256 -0.547391896591769 0.901225170000718 -0.212421589345942 2.01753913912474 0.617434115987017 2.2325419151902
-1 -0.136438558612940 0.224006852145647 1.85915422073481 1.4337303259321 1.06343872627872 -0.659215184187432 0.75332207691831 -0.408847531927371 0.737518840482606 2.29191600887200
-1 1.53123120023174 0.491988636903548 0.272523388768554 1.80360635909638 0.53578327206252 0.689240452370205 2.12443191044528 1.87776982689037 -0.221105886973444 0.971646632910222
-1 0.511660614861895 0.649592789076463 0.408986727847691 -0.560433901247692 1.87308846976498 0.678332548109999 1.11035265719405 0.0107883597867841 2.78900262232923 0.764690205739935
1 1.48730443247461 -0.540902693353036 0.945837147970444 -0.183369958985371 0.0120152153107092 0.635656599028275 -0.156138475559692 2.47290396479481 2.14357732474782 0.880351378527525
-1 0.342034579528604 1.27907975157454 2.07939776951569 1.31726635472800 2.56978863110605 0.24408379264657 -1.69986820683544 1.17343728152198 -0.580412743832216 0.891694340986146
-1 2.81174736432189 0.717359476963549 2.38976018376410 0.917296000766869 0.15769253091112 -0.0936599781239348 1.16038339174505 -0.0196522840387681 1.34120815474332 0.919823613781941
1 0.82552386620315 -0.0438103834576552 -1.56218079761090 0.0350246822829364 -1.17833066233021 -0.0664633961592713 -0.428689028672832 1.11368224239726 -0.294452120840213 0.267579350722987
1 1.52325711089195 -0.240313737130262 -1.05958147331440 -0.984976369063355 -0.746423729939883 -0.106364823104136 0.495198376301429 1.37997673673906 -0.0517146678705363 -0.466683895157455
-1 0.517549942095042 0.711500086631572 1.52766027574226 0.93433608341336 0.250393125004883 0.629113378249203 -0.283857123192198 0.120946778002956 1.57331676510883 1.02872765325838
-1 -0.313220341173113 1.39343012743030 0.413042432758988 1.99120041946333 0.619465650129042 1.56449468721927 0.224775644613974 1.24036444743227 -0.259788594009172 0.325799064095837
1 -0.2746161527452 0.173673095024071 -0.880848349406244 -0.307695275349466 -1.00700889929919 -1.67865430108963 -0.554804876308763 0.879950342407209 0.272368732011151 -1.38514831251218
1 0.354285230351557 1.89625457695712 1.08345568619875 0.969863178295348 -0.882534005516712 1.29551473802110 0.0463729782644607 1.02819416814579 -1.35927716989296 1.84154928794628
1 0.319506987014169 0.293899929409817 -0.724188643760887 0.625742398114659 1.13666649749941 -0.250148735640309 -0.143132106381779 -1.25492452598031 0.133421437501419 0.179979018304586
-1 0.844808861464538 1.79232957184222 1.05840269402174 1.3435330974637 0.825922048433279 0.215080233028642 0.576844294828065 1.09162790356972 1.59946562157901 0.772533188327328
1 -1.34196984515702 -0.154803120940914 0.234174062856257 -1.39466896765704 0.808729115397359 1.28022779554881 0.622032098952084 -0.242872537884659 -0.670039790254644 0.251829460039036
1 -1.17885966012836 1.00884669457219 -0.873657235215279 1.01864823221939 -0.183846277146662 0.603499393777355 0.0521166876062371 0.636871177099884 0.329379639544573 0.568253606313919
1 0.521539942540026 -0.297340776887121 0.429707510716773 -2.72165169470811 -0.649995544547053 0.0668817998400642 0.528402102122511 0.0295059753028686 -0.300290983769455 0.743401543849022
1 -0.164203883750676 0.492746617142516 1.01217725802625 -0.0254375404959124 0.894861029687693 -0.375634149615744 -1.69111230614583 -0.113280524793383 0.0835592133165878 0.0241635668611636
-1 0.471457052654788 1.10086612615941 0.227483092051988 -0.620684479561035 0.623032483602037 1.45966809056059 2.30908594260983 0.188825964519411 -0.0370104119365535 -0.167620939968199
-1 -0.120144925616323 2.33633073744704 1.01019100268256 1.17667478861658 0.388844498124540 0.709535865601863 1.12323328002404 0.805275654985064 -0.846158351421898 0.354581747951101
1 -1.0910800016168 -1.90687839549441 -0.771322883687572 -1.07826474271002 -1.96567724529258 0.433003383603891 -2.35065068250841 1.80397036632570 -3.00722441544064 -0.216732153014902
1 -0.503251737234938 -1.31165276045150 1.25646923955076 -1.49000012073333 1.12442062589745 -0.435972945516265 -0.0241807514096495 -0.424549858719274 0.864035804756645 -0.255948845743096
1 0.838300615446477 -0.939672004207092 0.500071636255454 -0.806565168030705 0.167280097947952 1.28676930986054 -0.112711150880569 0.760775428493649 -1.21603932958415 -0.484359700159688
1 -0.322399316878752 -1.81429800902623 0.699997594068458 -0.729706842161007 0.436346234253384 -0.346943332567472 -0.494621195449899 0.7050971767962 0.506614573720548 1.57283835055084
1 0.67203010964713 0.471360587103966 1.63447750231451 0.559825966873066 -0.863043631022503 2.40182482916080 0.912179430956644 1.05788443528885 1.54935243618662 1.28543634332204
-1 -0.800423605886988 0.256019948338024 0.147549908404918 0.489876647104826 0.0293605911884591 -0.463017891623322 -0.0267242404196048 1.18843492659761 0.65103928172637 1.22708854638464
1 -0.258527711187546 -0.119782819769356 2.98610722249277 0.565973941734557 0.140079659777605 0.96932666728513 -0.383102735182913 0.43880515493252 0.120137425385742 0.257853824513484
1 -0.231332505428542 1.09204956438571 -1.21044114353592 -0.170735357987851 -1.26995344611733 -1.66686117281724 -0.188091950015005 -0.944048445058644 0.548806967717498 0.847007429078387
1 0.215050846504975 0.19263245285987 -0.537627313739246 2.89108791064188 -0.443201036913696 -0.0486842477466522 1.15007468981654 0.861953289688303 1.04205031944953 -1.35528515970577
1 0.392118178007246 -0.768381460733084 0.675300416295854 -0.590881310391295 0.00694788675958801 -0.0694919833341849 0.539432279923294 -1.48668445690154 0.641273588476552 -0.330215233166207
-1 1.27133069940043 0.827203030347816 -0.876932583951441 1.26525199747608 1.95791876094593 1.61556327135287 2.46854453736070 2.18275467060077 0.0654055569930443 1.63978664779539
1 -0.385182464913246 -0.0918688104244312 1.03343190424657 1.37710493999380 -1.00949810460413 -0.539064238650601 -0.741093343858207 0.483127182625824 -0.542374314259933 1.03817572960330
1 2.06315025301792 -0.610066970314849 0.186855626977254 -0.712412997986593 -0.350126471764507 -1.51431032660162 2.4549061512161 0.422068874246921 0.203413620534399 -0.339777721769381
-1 1.77144359013160 -1.07947311576332 0.82442769826256 -1.96763395495130 -0.760097630081988 1.57793894337789 -0.598916493728897 0.224653126130563 0.205676128449523 0.162292922351376
1 -0.275319274253365 -0.283648867378512 -1.37095750002862 0.285375262203148 1.13402787990504 0.235788361389883 0.299960608736214 1.86126597845809 2.74668490587177 0.489546169570918
-1 1.20409211184680 0.111724153473005 0.807553183242023 1.47568137741086 -0.341362743261347 0.277054869534603 0.917831681407882 0.474754119018221 1.16733661464429 0.714768600878142
-1 0.684851044966133 -0.485282267196457 0.0962407883748944 -0.286795791185722 2.24923095568899 0.0887623207565449 0.679148936537899 1.16087068526080 0.772168452929814 0.6125359086895
1 1.86310459475448 0.814000295500247 0.81439837702524 0.78311706968809 -0.0577385104334086 1.25182601914417 0.360747493357524 0.0338950881042267 0.254109843108660 -0.0782820487967138
1 -0.983391377909025 0.842962741820572 0.637498847051847 0.364729066650280 -1.71331933779717 -1.36987325759654 -0.390967235581564 -0.186291864823460 -0.910045215435727 -0.44778599106828
1 0.0597645561909305 -0.442723003654769 1.99825194566201 -0.071201083191745 1.35936456450510 1.23790635577719 0.462952680989934 0.250935864685793 0.0145311603664337 -1.83087040291256
1 -0.215672894092098 -0.44144692480692 0.864629397381905 -1.03246716996092 -1.07044500482198 2.00127631852538 -0.519152080464795 -0.760229587334939 0.461828247704665 0.49463353081156
-1 -0.562353791629132 -1.23620433278781 0.636175925119942 0.358612277189897 -0.189901656906556 -0.232667676804295 -0.600379173126195 -0.217964571110612 0.217310331441968 2.57669107102401
-1 -0.47676068403058 -0.453658680061316 1.22829233972480 0.567488152932997 0.211992971423873 2.43703042717356 0.230884364206270 -1.11836515517394 -0.297916653284735 0.721660434511854
-1 0.80392399196301 0.760171762709474 1.4773298568758 0.729605741973504 1.40719127193758 1.39156538164614 0.0244433278074887 0.239280287927451 1.32740489105095 0.207004172708131
1 -2.14851703655855 -0.225948370858038 1.21750023529463 -0.83443451974528 -0.256019510302281 0.70204714955439 -0.540762219067404 0.834614026616493 0.806495721119082 0.318158257840643
1 -0.659665786793738 -0.55214017344214 1.60592567281126 0.226437774914906 2.09642628811266 1.29724324817583 1.80840998766433 -0.236847970428063 1.55719459361177 -1.04240694493070
1 -0.677479915644799 1.32166175425279 -0.589655350668561 -1.22747292714378 -1.30079611241219 -1.83631900616988 0.405729792627483 0.195164121555723 -1.26237319253940 -0.734525935279989
1 0.573018787822311 1.02138777018262 1.48207720727491 -0.375126387554253 -0.845189707175775 0.174233850097889 -0.940585718106135 0.477228180655465 -0.246239162069541 -1.02867326346289
1 -0.747351261582625 -1.17185725507495 -0.137158968842785 -1.49930124253688 -2.05998661397439 1.22903090484577 -0.515071171446368 -0.320309652514336 1.77244047742716 0.384515306945046
-1 1.13192963320747 3.25916288149742 0.84334187451392 -0.87683456382189 0.95326474626866 1.82843023189138 0.140212569039084 1.11640616529025 0.339069913571347 -0.0903948845253119
1 -0.181110597247933 0.723067080449994 2.06373101178073 1.55270576021300 0.643182055917451 -0.287545856126998 0.328280408266982 0.464651225556457 -1.38395333858700 0.0566674322798913
-1 1.70724709076786 1.40184326638540 0.121490725662615 0.587430791977817 0.542055931926443 0.632017567618883 1.64989261737101 -1.78991902365007 1.41688471902905 0.502749396276385
-1 0.916555091591398 0.991516524817293 -2.93213211436042 -0.369060865000099 -0.449768644625607 0.0869582107349522 0.0336404734114639 2.23361458032427 1.16984250775659 -0.326228215289615
-1 0.525610319893519 0.804038813465126 -0.438734324920102 -0.0974408493301056 -0.0663095306673158 0.742576160406186 -0.567785106705977 0.9054279113742 0.64333856069445 0.150931957179347
1 0.47351608587622 0.828969811690434 1.20174945490470 0.782512452845164 -0.275016562353241 0.0974094321931522 -0.105129212029774 -0.0922474138384232 0.200946219647097 -1.56588044523500
1 0.225089459467695 0.327031054020527 -0.820288934846372 -0.298217863633131 1.10926732314012 1.51729332765570 0.693030534516204 0.493097267563876 -0.201848000327799 -0.578650981284696
-1 1.52883858147779 0.950276887468488 2.60584603769457 3.2178597306063 1.14450123926354 0.876813202183863 1.24580055708666 -0.664475595414134 0.582396818473178 0.549267555553583
-1 2.42623317172757 2.56234846954407 1.17184750580453 0.976155274855016 1.79068908217850 0.136685529174003 0.670839151326488 1.58530093863603 0.190079429682054 0.860863866689755
1 -0.680005266147495 -0.120436267205589 0.313287947919926 -0.213203972550163 -1.63020572330681 -0.661440621246128 0.400494977128581 -1.00286004004596 0.697033157326524 -0.295961941512027
1 -1.49215388639257 0.0597019708315349 -1.52766900916485 -2.12936020242402 1.28539687944348 0.256338177806393 -0.578494930564478 0.343412643761430 0.401988267350266 -0.64134258847529
1 -1.42508137298939 0.98459337825213 -0.921771442153537 2.42869387607092 0.973431771848946 0.286461716201020 0.685234382388547 0.164886114281498 0.63286611116841 -1.06448846701352
1 -0.980404213042081 0.290398159197055 -1.06635836415661 -2.45366625561082 -0.0922201984919295 -1.70161741474020 0.810722847953527 -0.279884072417199 1.14964587902951 -0.940987283348376
1 0.807690059749175 0.320470612786889 0.0739242259883941 0.0525614959107473 0.0110953286227812 0.656735052406561 -0.96544823180133 -1.21782646147926 -1.46640750591501 -0.471595241990989
-1 1.90425086230472 -0.161650800346572 0.620421193494352 0.89693385448494 2.82862570416074 0.997076024810595 0.892885565239168 0.958867888856014 1.01415540498634 -0.296054782175252
-1 -0.823237470197716 -0.818941207242087 0.457576701429548 1.40078425527283 -0.0231346659299195 0.0459801131911053 -0.222406676426017 -0.70271174583705 -0.409764113561226 -0.641782693618604
-1 0.542721136602989 1.09965274104397 1.34793194508566 0.959824840992732 0.303187100527896 0.265541108902115 1.12888150231688 0.329733269252947 2.07182769986133 -0.78774190340565
-1 0.704866098692063 2.12445946786838 -0.82494303313812 0.182671646620499 0.454712048203620 1.33170730488070 1.18764559465878 1.70117797178213 0.801599264947436 1.90960818547842
1 0.500921314247548 -0.668928911610068 0.948928198189664 1.35354211943495 0.121238648003451 1.32959774087132 2.20444432756507 1.13906772181574 2.06934077792864 1.00101445296610
1 -1.46395216582784 -0.844093081755977 0.545971922142734 0.171183199075575 -0.783760521680904 1.01674689489062 1.65508231844609 -0.945871604601103 -0.430143246055168 -0.79541115229504
1 0.51690578248435 -0.212464320994149 0.979816773968819 0.908618579698519 -0.0977865697602685 -0.196126836569253 2.37353877559496 -0.907861934850381 0.50060882984804 0.887953582652276
1 0.331267513962853 2.05677729387170 2.2303265340327 -0.315568951967621 -2.0683103877308 -0.771765883854714 -0.566419496396139 1.81150611025347 -1.71939228154324 -1.11239223380600
-1 1.34712952087287 0.0818129729064049 1.65980765151787 0.87279650758548 1.15348509211707 1.14968933810853 0.97213624916453 1.15659794270024 0.00990419077481475 3.21009139850358
1 1.01776894227589 -0.687211452783893 -0.81566408496906 -1.97746076989151 -1.08324523863160 -0.948107169143325 0.493872357601922 1.50063530700502 0.437804416446702 0.160814993563652
-1 -0.0249687903069216 0.487022453387204 -0.629956166295052 0.397250604240552 0.0585199885834655 1.65170329059685 0.631426515144783 -0.268006564775753 0.966191137185416 2.68442434703009
-1 0.0533551888392177 1.88523975527118 -0.297881265922645 1.24392530181987 0.370209953204551 1.66002757439962 0.806368323936387 1.17285801986988 0.212210850895553 1.80611264908185
1 0.944360478837455 -0.0181820988960266 -1.80046974544139 -0.459151683143899 -0.786724165268379 0.449361842200941 1.17983534647484 1.04296526997806 -0.757047702974945 0.246019411078037
-1 -0.681342105390943 2.39970237070553 -0.720101425680382 0.525104816446781 1.51623550391873 -0.181435386141767 0.262423543499059 -0.211453009789573 1.73271270805062 1.65824545049696
-1 0.0177588740190314 -0.281031576240185 0.0319994553925188 0.751387034870052 -0.443671901574824 0.399168712184642 3.71878766843055 -0.715170093811802 0.682441272210207 0.153836726750873
-1 1.35748246958237 0.666391967325177 0.307553873739975 0.110728945289792 0.190762281155677 0.830668531481908 -1.45972792846189 1.15490638108019 0.223170563844915 2.01847221951452
-1 0.685868335720037 -0.319013890682703 -0.97763210090182 0.438518099987639 -0.602687526805973 0.684042828383335 0.285487848553491 1.8393784113109 0.676274118861373 1.90420350366728
1 -0.391266381566074 -1.20771473823383 0.364968108334907 -1.01871779882470 0.682056178081266 0.0265928157301433 -1.12142988227477 0.454279046786451 0.718155343789845 -2.70701468479447
-1 1.60368303138238 1.06752709423740 -0.164716616208616 1.50256744250343 1.68136301747371 2.33241633009182 2.60915682015188 -1.09292937760822 -1.73160791815847 -0.0118379769382617
1 -0.159744957639301 -1.45120206936605 1.57803393341149 2.32695636750721 0.752563702288583 1.97484209976752 -0.847038614008644 0.0449808784273129 0.549686070557928 0.663021128846727
-1 0.5890042436286 0.230969508652467 -0.548962077750918 0.367519941780098 0.445624687268893 2.27492077450634 2.01447056914051 0.517375908312121 -1.48228602557757 0.276563236786213
-1 0.426307621754127 -0.156867636468467 0.974909681655544 1.33580561464921 -2.44826854562571 -0.0353710151580439 2.55874511373646 2.18785252092673 0.251371879444275 -0.545663129020798
-1 1.38194698519260 0.357773312186143 0.883488081184533 1.09778911378556 2.53802423230360 1.81774483788674 2.10543878021790 0.803202589918874 0.396570623177302 -1.56932178576926
-1 1.11565531766790 0.629870059373781 0.930689046818567 -0.660585489996833 0.907819378788218 0.807615276414274 0.0643766976872459 1.27282716707137 0.288324873158948 1.10493463535538
-1 1.32970611216993 1.21199085789053 -0.167664842188975 -0.797044822942554 -0.384662031347967 2.2988870386021 1.67085417904259 0.81035813209211 1.22918208491618 0.365923659288588
-1 2.12621702366704 -0.166502368651584 0.498058099852923 -1.13309321396791 0.200046927733976 0.806314500962903 -0.341188939728315 0.95247131203077 0.151176378870484 2.08153985046940
1 1.33171032417659 -1.34943179512418 1.13137692677587 1.97822502117612 -2.51174845154604 1.57215055866688 0.244050219319838 -0.379234271010196 0.99803957217712 -0.0481073982414202
-1 1.05633637327507 1.03893754042147 1.88316343625748 0.0758365891354515 0.44877979662273 1.25991913787252 1.36027474377991 -2.90024265200461 0.0187056323318002 0.498537079906951
-1 0.539216049942767 -0.27892137209001 -0.014462716152561 0.421934068568957 0.92553009401283 -0.0244057523987408 0.753985830536667 -1.14493060857211 2.25273058920591 1.42627666710693
1 0.591371712365516 -0.730981594923073 0.0966702345228038 0.53221199719336 -0.698810395310571 2.39955510011034 -0.875539960034733 -0.77473311408363 -0.777312984527424 -0.602229524520158
1 0.0168096723378923 -0.459017081660729 -1.23341413137643 0.76391026836375 0.0751249609774111 0.946638259708109 0.482750844484335 0.517692036597617 -0.0971000900420588 0.155137305462206
-1 2.15831860152951 0.340725940675986 0.247473074269658 0.978446914189662 2.39424306415329 0.275583174521247 0.130291092677622 1.79664636287227 -0.920687463126805 1.4888658110502
1 -0.347738679212366 -0.927522409818336 1.59559324367218 -0.663019332870055 0.999213718247044 0.0185170478692914 0.119102583901266 1.36475110183999 0.744027520662436 0.296539884847247
-1 0.595160605403523 1.57999415338364 0.605959408985871 0.235373801608021 1.15171094070691 1.22848950611204 -0.165290256066175 1.17943449628056 1.69736325658312 0.189683380526063
1 0.387853372618709 0.0735642233399855 -1.79263841593664 -1.53797264322128 1.11461986578893 0.0413412238755511 -0.185699207275646 0.706225381597323 -1.23982991970964 0.129488314883719
1 0.737185096177103 0.912076252194372 -0.141781183970131 -0.674856490206375 0.608933010833328 1.6434560825582 0.164746940985541 1.43533087153169 0.666024180462754 0.93582352470991
-1 -2.36964553502046 1.17250369384164 0.0344895636240233 1.38703523163866 -1.48121954158672 0.95787106801578 1.82973684050378 0.0496188289868873 0.349112780358526 0.179967700509787
1 -0.00380546181352791 0.765275655436860 -0.0654060512089306 -1.37876540966214 0.193683719415847 -0.303027346980549 0.990898439470104 -0.243406136877933 -0.613361983970176 -0.869562136184015
1 0.70794561690889 3.26620430371932 -0.236382709747892 0.972428954233081 -0.511170945044689 -0.403924641880751 2.59642424695473 -0.331423816416763 -0.217723491025074 -0.518549804838072
-1 0.54196776394406 0.201174297019306 1.71050490812383 0.273613476076226 1.58506804630438 -0.257800771952294 1.30947197812354 0.276159262813257 1.86003537137471 0.238888285849630
1 1.58323482473732 1.50700371507321 -1.25803379400067 -0.0236509003416426 -0.285544506341600 0.716475093834367 0.0986867252847814 -1.12124175985814 0.956509334580455 -1.72505396174581
1 2.35625093442008 -0.392340856022166 -0.388177297103147 0.323523215391684 -0.850694869692044 -0.434145846166658 -0.57184431380301 -0.0896911442242393 0.350191823595905 0.757218688326204
-1 0.203147897546847 0.47739559287273 -0.335563250717189 1.69185308753527 -0.124544227178358 2.68320891207703 0.211722925014059 1.84353818132500 0.832906726471968 0.975792703748864
1 0.562940277068801 0.401712830770528 0.902863537825533 1.52643085349737 -0.869270364530592 1.16029365184207 1.15680849364407 0.0917339239813336 -0.989286765248304 0.898687760504766
-1 1.68914162523990 1.96407915308089 0.568024085022486 -0.0947960523561376 0.328382969966503 -0.552181662109318 0.0611213737129854 -0.563501431914139 1.34667945376542 0.619916501146722
