1 0.525867290989203 -1.37446333446910 0.241336021179432 -1.08378467796717 -1.15242989489862 0.496170603292625 -0.839084116828594 0.00258972331723009 -0.366508481895307 1.15605531884792
1 0.598958798126131 0.882593071880556 -2.03358072766795 -0.442160712879310 0.930591295151286 -1.50434762015569 -1.59345627863188 1.09419714746329 0.32274156227096 -0.402688249373019
1 -0.651001490774509 2.53047628379882 -0.00891409530415842 0.0264660064579129 -0.207522246149801 0.366419138126341 -1.07826119576390 0.316993847174815 0.187749788966247 -0.238917513227004
-1 0.331348284176128 -0.0348703804550540 1.64045708234945 1.30690552625804 0.361627332824345 1.63538736033394 -0.0472681790254962 1.64495861779940 1.23391208306019 1.49534386931555
-1 -0.106697134565777 0.382058009532638 0.862066345002686 1.08296878697703 1.75695627494524 1.28996804086266 -0.629701086550203 0.746566093347221 0.967188649411932 -0.819566189836193
-1 2.30473558032045 -1.30913130494625 1.39097376123790 1.72874049476138 1.11527140726417 2.54070090117291 -1.24816259184450 -1.39030877435264 0.125410191853839 1.21444014489243
1 0.657325379708177 1.13958080544201 -1.42583604376375 -0.563440791820449 1.64280097760018 1.62176830664598 -1.18908371657266 -0.698160554514027 0.573140557099931 -0.210402060165919
1 1.21830939894201 0.996167371056358 0.876570400798248 0.348027027398194 -0.636128227995382 -0.406636134596773 1.58971546632742 0.78660512372613 2.36135406909897 0.640731695387459
-1 0.107074629855908 -1.67765341168042 1.0186003193822 -0.363484539523094 0.901568062609088 0.906792161461542 0.0605998038888773 0.429527825629452 1.05160266380904 0.413649988571144
1 1.17465601338641 1.91212719788678 -0.443838285977734 -0.423312615877991 -0.0134132049142196 0.245695385344240 -2.59829574453306 -0.0761470301776366 -0.856331292362199 0.70472934856231
1 0.267572606299894 0.72694196623678 -0.116898970708647 1.04496034663118 -0.8234599539164 -1.83729583593715 0.7056786771203 0.595642983099917 -0.0287432090501966 -1.81346439405198
-1 -0.292753635140534 0.775239426485202 2.17737670135252 -1.86848444202136 1.74651899765935 0.0345080322020519 1.04766918596446 -0.581307575125705 -1.68732064196775 1.45057099539598
1 0.909492603002697 0.453529560442391 -1.12175163098682 -1.16309431363772 -0.101361102815192 1.82422089307817 1.23867509553653 -0.555200140300561 0.177065488595408 -0.874608980100517
1 -0.744664898200862 1.19193730124317 -0.580237158230795 -0.888468682493576 -0.348995134518875 0.60237114672621 -0.936354800348402 0.268923030397912 -1.39595015257139 -0.113263720915683
1 -0.351022261344012 0.40109675982813 0.518922500090495 -0.215750660228083 0.0511702511154333 1.20740862415446 0.00665541611574751 0.087715610520828 -1.21943383356624 1.77823349200164
-1 1.24660415474306 0.618247368795071 0.244926286907764 0.42197896187593 0.191371143852655 0.773522632340373 0.0908204055747301 0.191640874576853 0.604597816557282 1.66965807946943
-1 1.95278528528574 2.10119930657361 1.18041316714099 1.30336624655034 1.41417631251656 0.00612199184749185 0.659798599763303 -1.16831877326005 -0.275228468605798 0.346508786366646
1 0.880201931221548 -0.296760784684792 0.0823862217436495 -1.2606318308535 -0.472294386190688 -2.27731216118385 -0.0888727817801954 -0.418954463308775 1.76395187882356 0.675649826148863
-1 -0.251946807007253 0.301523331882143 1.31410492269427 -0.739831787512123 0.34965455405299 0.315756311756208 0.88794911129265 0.265342401470899 0.525882943025865 -0.113396335985406
1 -0.553073312177374 0.722603034403905 1.84646070362790 -0.483999776444729 -2.57364624450837 1.08390890035717 -0.297104520593678 -1.6616711162226 1.08654301395359 1.27629890570807
-1 2.10911558699804 0.525634831774059 1.84618784923489 2.57717742933344 0.139305224121084 -0.341753683930435 0.567211910196787 0.214680986875351 2.14399294430607 0.969109570260763
-1 1.42380123938373 0.775406022014257 0.115175530049461 -0.212443777271744 1.11419766478610 0.910712713982953 -0.362253545628259 -0.679803662202031 2.10850409702404 1.18514318867579
-1 0.296358064250283 -0.882980793254141 1.51513751465158 1.60988024398345 0.965655348934529 0.0372111170933092 0.799418534813408 -1.60327766435950 0.710570504093323 0.394352957928527
-1 -0.122001013062623 1.43170023318693 0.263207211008047 1.37030666267135 2.33323966982732 -1.25980300344422 1.34335865391538 0.315583742929185 1.28101038694488 0.409936355816893
-1 1.57432005635202 1.63762416926916 1.13136180925581 0.421504022541350 0.165411002219841 0.727351921939974 0.626500838798978 1.64419056997235 -0.461535737078792 1.85074511638747
-1 0.0476129447956852 -1.27239060309010 0.347418168379132 1.49030242388732 0.465625986906059 -1.74821743236203 0.885731449986167 -1.84627523699288 -0.0472724479884012 0.362642717550232
-1 0.696540228846086 0.160683881118125 2.19529752277282 -0.117285832304398 1.68011263200192 0.204721573921696 0.7574215288847 1.16215072994766 1.51173272150804 0.998420503973175
1 0.0298914044937489 2.52752568936802 -0.99821255553944 -0.234420851076542 -1.18704795645731 -1.88616330210143 0.559181650460537 -0.969002934243103 0.383430112776028 -0.794552148054956
-1 2.27737678722228 -0.363013718680678 1.47248412703503 0.984785094076065 0.067065713020518 0.0134551511024943 1.40266374110184 3.37792155817051 -0.393114143077632 0.885414852565112
1 -0.225719764605139 -0.811477778232911 0.522178826279902 -0.604997112846815 -0.45380518680911 -1.09958027389660 -0.84928185630385 0.822090846075783 -1.81504219532457 0.162748005245571
1 2.22249721653611 1.15981277489573 -0.736534850550227 -0.871889058506246 -0.0554025366986321 -0.984433639006026 0.0430581475705306 -0.265518285554246 0.191605376277366 -0.160636977617554
1 0.354199511061506 -1.27411589930449 0.919731327656512 -1.09718470860601 0.482024585237424 -0.133889395322156 0.65376481265838 -1.64889000945213 0.0797176895446853 -0.838812910427498
1 1.85310062244801 -0.178530772979344 0.0236538524055563 0.028065818060161 1.06728508840792 1.47385741160913 -0.340384749203087 -0.52743597014598 -1.45880218302894 -0.634675514128139
1 1.31285940715489 -0.302153225303833 -0.0810562396983787 -2.33191851649493 1.43152341807608 -0.523516029736249 -0.802209023425441 -0.898687652439077 -1.65867320534672 -1.48686203988242
-1 2.25212771359429 -0.52904408374385 1.41636933695196 1.30988211106515 1.54429961263385 0.286832676639998 1.90993316351955 -0.552137720871469 1.11478370392700 -0.640050297181323
1 0.0918556442188858 -1.24394397462543 0.245934141243968 1.26881677106783 -0.158039737701742 -1.10391537364697 -0.51498868766404 1.47211353697674 0.454948542155948 -1.37248924690978
1 0.911277462079088 -1.54800833290953 -0.758490988906252 -1.08145187095704 0.51121593660678 0.363461486305275 0.0799371985774168 0.54752863963877 1.36792476617802 0.628887449364611
-1 1.25515930071312 3.63293092410372 1.85272730525366 1.68355401715082 -0.150584307991092 -0.167571743083758 1.31388131170253 0.612187695181792 1.35325032601195 0.936631153512225
1 -1.61321982599696 -1.02285957363502 0.416804610644074 1.13206195636446 0.147762032256526 -0.20467026870987 0.296203422833952 -0.26422516634152 0.665221195836449 -0.955669093351438
1 0.685421506388591 -0.592738567724857 0.691991396479271 -0.688247461766617 0.763566241326552 -0.00746736030186035 2.01684380670837 0.673970817080596 1.08608995888513 -1.63186895504522
-1 0.951609165105622 1.01073853742110 0.882565701235854 -0.186851398992599 1.26586624196224 -0.926734095803987 -1.07942559287654 0.668272699838392 -0.868672348324163 0.658626942886041
1 1.27716495370846 1.37273899385068 0.311911672834126 0.474427909311598 1.62271682201668 0.357630014614756 0.384610911064635 -0.502874738089129 -0.676173774228063 -0.320831356076616
-1 -0.556146993565905 1.03677021372460 -1.96113153437737 2.36842907600535 1.36336310962173 2.58188947625741 -0.116949051952027 1.26473773964810 1.20395025252626 0.678315475071727
-1 0.664917200712026 -1.00679320177917 2.24132788455307 -0.420540051140843 0.887989471221518 -0.271443022942944 0.825587315497275 0.0259981869854178 1.19951798133023 2.40662865086564
-1 0.829051593368721 -0.524953994715189 -0.221822048850197 -0.606347697217813 0.933502334656525 -0.570268555518539 2.10794972349742 -1.87496102459000 0.399385411556419 -0.218954505684492
1 0.320420266088707 0.437320591355296 -0.101946383781347 0.302018077191549 -1.43641463685518 1.16527010751377 -0.670422876012626 -0.171653196774136 0.273064591760297 -0.318168124642563
-1 1.11417345926549 -0.566943252830414 1.64395204254711 -0.215673659182624 1.32724319137768 1.76194683570523 0.889133349451791 -0.185735483037439 1.51526461108382 -1.96330188550265
-1 0.00127999408094204 0.149058321122152 -0.277900374041442 0.762810594921155 -0.0106775760119433 0.281035129090157 -1.68276568664567 0.291663068673935 1.52625607107824 -1.19412628614910
-1 -0.351946509747283 0.221334767971582 -0.869620100282314 0.24768744431663 1.46199541799719 0.436774727935445 1.84245869133996 2.12891186897288 0.576293841444785 0.528675769269586
1 -0.677405668717238 0.49247509512371 -0.908626082115981 0.104476126350202 0.750847995994564 -0.262421450088744 -0.269694116828501 0.303909452737398 -0.839512021752393 -1.00973342762254
-1 2.83072372085393 1.05926489280883 1.65802667395350 1.04238715703173 0.864549144625312 -0.37873506516273 -0.0609108716943912 0.560643600508287 1.12458768875394 -1.04144434412170
1 -0.214912895889539 0.512767802937423 -0.0109963553729771 -0.311313623984291 -0.93566727552156 0.250989177396277 -2.27851586333556 -1.10999148846641 0.718665920915715 1.89996688800348
-1 1.1460945826685 -0.492178259231246 0.442585991558016 0.0689776696713504 0.0840212343710404 2.35506624493591 0.548359700677538 0.626077079725397 1.05694122745021 2.34359543158684
1 -0.77464905134641 -2.30369510004371 1.00785525179317 -1.67564963969053 0.105820211288383 0.173102663553841 1.41935266253756 -0.57630748270737 1.34259011908549 2.24948500913749
1 0.603429410999682 -1.39906623082112 0.619051364365875 0.414813302447745 0.374379583453068 1.52539856504974 -2.23051128039668 -0.351577619943804 -1.33617606757866 0.491596101316033
-1 0.596241912859126 -1.45103595628762 -0.650935339819819 0.629021715705499 0.367517086584308 -0.0541949518762419 0.155838531201255 0.725979068073472 0.329672822659518 -0.547853812006766
1 -0.180984017178779 0.380249406882323 -0.622205658757466 -0.818406260935805 0.67179949414886 -0.560086152423531 -0.350152943957066 0.526901721464993 -0.715979255533761 0.144209095727661
1 -0.231999912741364 0.483465518989626 -1.11135111438017 -0.678039953789176 -0.154290771899919 -0.855085643279472 -0.839721440204118 -0.0809255320080634 0.576490065372338 1.23568546838614
-1 -0.0290814569948412 0.110049602705547 0.526640016953071 0.310750428544731 0.461719744615178 -0.741395182177566 -0.301172312550922 2.91071796573878 0.312209058080312 0.0273341488461580
-1 0.387095521846231 -0.190910267259582 1.29099791438260 0.377974778981004 1.63680143404065 0.327109640026298 1.18592719505397 0.0574814898844734 -0.69243327264116 1.24524300629455
1 0.0198865868585531 1.66378086094948 0.501956787028506 -0.314689355053433 -0.42662311796622 1.07303457225507 0.294090833077296 -0.189226996842250 -0.597411684119704 -0.0150823921618419
1 -1.35734947644284 0.496450900540625 0.668275692495605 0.11526302723588 -2.02429067444677 -0.354150269719121 0.298123414211783 -0.998055301433164 0.913190135285516 -1.38156434716223
-1 0.535823385703577 1.14851484497871 -0.0829963724439342 -1.55598969490036 1.05330861913063 -0.864185554456297 0.933806005409548 -0.795214910184428 0.796739130575133 0.390693476437777
-1 0.284135920709312 0.892092157927461 1.17744471917141 2.23988286420435 0.84277624091352 -0.0678657295199081 -0.363125139502451 1.48886828540006 0.613177834181709 0.882961611669381
-1 0.485509389443771 -0.732876572254707 1.74817536097166 -1.22007060036007 2.12473668637375 1.77780136116694 -1.43938941136592 1.55972095562983 1.29798730261869 2.99437733318664
1 1.93568154421894 -0.699011905442606 1.39287892627394 -0.00311888199702729 -0.102912770192243 2.06025207927165 1.14053344246722 -0.229703546228039 -0.663974321837419 0.321879157890735
1 0.378627596093847 -0.033835356152209 1.00960380229423 -0.0700509005352103 -0.199263258581902 -0.542621171369693 0.765706250535746 -1.35140095118976 -0.527344582657608 -0.260407140703332
-1 -0.125187572250244 0.266793515849349 2.16017621086770 2.37953073886052 2.10280287366235 2.49938343246043 1.22345692316084 -0.0308953102080793 0.261831617313331 -1.37333914147327
-1 0.088682964523581 0.577476823114522 1.97164209071830 0.604150630494247 2.15032286789082 0.383525349003219 2.41125997115284 0.201597415973627 1.86887606816443 -0.987655968872706
1 -0.503397730593812 -0.552894147064946 0.859324376876008 1.90726467789345 -0.975289813953356 0.411820541686184 -0.177997651020728 -1.88896200347942 0.580301564323786 -1.0992831806756
-1 -0.595551342164459 0.608617593054922 1.83945569181223 1.17743169727450 -0.0787851539651319 0.429914411880002 0.108928679990744 1.71046084715219 0.304307359174264 0.408283961232412
-1 0.231242106025383 0.00345603971100972 0.760908622952945 0.421073052270505 -0.66879404923027 0.195812010689126 0.153006823080474 0.198584762302619 -0.126872276615272 1.71096268413437
-1 -0.239717038510028 0.516948107535228 0.447246904964467 1.28509789682238 0.405031298145834 -0.381064774395235 0.799351991403863 -0.860320928304006 -0.90332950237012 0.847371996224908
-1 -0.159690457208516 2.10955749524390 1.02222197269626 0.674687965100644 0.873151169030181 1.51931026454117 0.460456707303906 1.14397444557641 -0.0616058342208649 0.209015560429109
1 0.93926559409416 0.661045947137406 -0.161815149940796 -1.57260228373671 -0.0275671098247745 -0.835182607893176 1.50437455325993 0.811554568958057 -0.577136824054433 -1.36112795454789
-1 2.05800893361220 -0.0786053811697563 2.01940196698574 3.50537841825870 2.76815318793642 -1.19943291340285 0.503907787078343 0.851672694716456 -1.83330472219570 -0.140935636066112
1 1.18300839996673 -0.7856932396445 -1.52252595195561 -1.60499765420644 0.342013728299388 -1.58485773904252 0.183974549036192 -1.00233518313272 -0.255626913739923 -0.0363520201457773
1 -0.576686541506255 1.60720203555962 0.482091898260962 1.31159415713309 2.44453781882748 0.177135816804614 -1.00351659442853 -0.0766320728772577 0.195591708526546 1.71561277867566
-1 -0.177594156893375 0.495481054897414 2.07091337861102 1.18833944100683 1.99686731735143 -1.02211992127893 1.53173233060740 1.55161334633620 0.159407828919095 -0.972211386811536
-1 0.315780050299561 1.01668763878419 0.122277211576285 1.26382600680084 2.07909384955852 1.07662342105858 2.35328634280711 1.64283192144101 -1.30970729240519 -0.689080318742849
1 -0.868959821261098 -0.490845586819662 -1.70851312456853 -1.28023120241457 -0.825342861966506 -0.337484170456851 -2.40922558389998 0.155057040362619 -0.895428100586733 1.07821339900612
-1 0.616033891304405 1.57898473422099 -0.050750103752987 0.936118070716988 -0.00309327060823905 -0.74521622668697 -1.14327647289374 -0.805123260869776 -0.914836609207089 -0.83504124764146
-1 0.485214484361007 1.26928493685153 2.75504922487458 1.10914825314916 0.444324987908644 0.882517243652096 2.04472201375608 -0.241297671885618 0.0929485070168513 0.380711822520398
1 1.63735997489777 -0.914826391811207 -0.804898452670228 -0.488240782532997 1.39727018623841 -0.225529204779218 0.75509776841611 -1.55777808989750 -0.878575440323211 0.0317272953274066
-1 1.30176542075673 1.08908245063867 -0.123372448872615 0.555238557464269 0.230262771327493 2.23465514182801 0.890562813615926 1.49511625599005 -1.07490856217639 -0.305965997229578
-1 1.69449613448604 0.280649385261830 0.398902925531852 1.26595262968678 0.452332998736517 0.321758919688100 1.64588094909337 1.21529294071693 0.0428381221778256 0.937999273703738
1 -0.397544561823237 0.935367804835145 0.624230527891699 -1.28589196746167 0.40088487400551 -1.7563286806404 -0.584113860586208 0.120737870770229 -0.791222996222009 0.739604315735304
-1 -0.267082384645331 1.26851050598457 0.919108701287035 1.26722424999419 0.810299629259948 -0.828371715021119 -0.117898996653059 2.11593938296601 -0.578283540206372 2.03536140732665
-1 1.19981044318867 1.07384792852195 1.40767819809561 1.40649124094289 -1.15392791262977 1.12146973522446 1.04662318951630 -0.00218694129891939 0.772211168502185 2.31034496948021
1 0.140973427967776 -0.0937881189632076 1.86360728137923 0.147153216593562 -2.62245403835199 -2.08884438119745 -0.636316545684333 -0.306733167177055 1.07829851070559 0.205607365266636
-1 2.19519268744026 -0.698141125332039 -0.6001798553695 1.03207858906069 0.40726724264249 0.185959380399512 2.82439257506954 1.31208615419968 1.44230086285773 1.53044168562171
1 -0.312419099492808 -0.895397866225844 0.0228365843998546 0.880982953657885 -1.87590643781235 -0.334840496739834 -0.876509080914001 0.0645112602161988 -0.379458468074843 -1.06055451395230
-1 0.278892419762972 -0.919671694749404 0.650193313297582 1.80330308334869 0.0903426818981412 0.93974399633919 1.46619435908083 1.08175357149342 0.942988309704185 -0.350467359822426
-1 0.911816920063245 2.21991598420243 0.211090201431564 0.837399163710767 1.32933533146682 -1.13246141457056 1.61453232516287 -0.0338846536705634 0.989930577945082 0.472822783338477
-1 -0.129303643701069 1.74200641466471 -0.445601125815862 -0.214498965153041 2.07121643127149 1.59356073166748 0.746979910581206 1.03309197600718 1.67086823784536 1.19964009546777
-1 2.18046214640028 -0.842623388135795 0.80846553149549 -0.36716313756612 -0.262186268730184 0.108663924602414 -0.300402928943515 -0.255897893363858 1.12032487500765 -0.0512434941673664
1 1.11158191989051 -0.278481012377148 0.105430512936574 0.745470690816473 -1.19274035408943 -1.35240869209908 -1.84839136564152 1.01568048717700 1.11473907521172 -0.204505477085481
-1 0.148188192068176 -0.562307815255243 1.41469932910987 0.381210681754496 -0.340213303008072 -1.92505569278466 2.87347672749023 0.089681511673083 1.28324475780023 -0.0788469795321304
1 -0.339408612781475 -0.720116464871267 -0.630288267432091 -0.447593931315415 -1.16109037064929 0.683054772023321 2.40565705059212 -0.312901680231443 -1.36014880822172 -0.647319222421354
-1 -0.97758070466457 -0.0860221105584518 0.324292449993798 -0.312399929888525 2.89920810038241 0.454348969212563 0.77014700520322 1.35764932887207 0.188609473964565 0.788409508218143
1 -1.47347076201995 -0.328679121670676 0.247256722364896 0.0334423251883169 -0.744068203950357 -1.16061800633874 -1.00012557506137 -0.785820989867003 -0.656878185211253 0.385852737255922
1 -0.304295571403677 0.145525706610085 1.87980113308304 -0.465127525996126 -1.59363549457512 0.506122412436443 -1.20111710967872 0.182674415738123 -0.639368187309094 -1.23237949380757
1 -1.33331532356005 -0.725493971208654 -0.198716123806444 2.42527952016683 0.565824254707856 0.509445806787225 -0.354420269552916 -0.136127552415206 -1.48826432108990 1.24640981604943
1 -2.12567006348867 -1.88780798855677 -0.0437596274136571 0.872312143030995 1.39686183000828 -0.241812152657780 1.35169463743438 -1.04003588201253 0.332971406644537 1.34371783514395
1 -0.284062141770034 2.26505930488632 0.749264143884413 0.587919961368586 0.15117995159941 0.77160528948334 -1.67966257501259 -0.469829759056086 0.163378715061372 0.585381518293811
1 0.484613429255701 -0.0977951643329362 -1.23235506757434 0.959267219397634 0.457696877757178 1.03309007160187 -0.957223732638592 0.46145775185994 1.4525252915767 0.350080784309593
-1 0.86035015648429 -0.370158444278712 1.23217221306618 0.0537760251328653 1.66086879824016 0.300370048089298 0.828703026611563 0.96440997960056 0.258239948646090 0.29192410144712
1 -0.277175916144834 -1.04075879110775 -0.244382876501441 1.68965823087938 -0.500944749506134 0.340634890362617 0.982079566011313 0.120280129079928 -0.365693894479256 -0.0529615975935064
1 0.79066773226802 -1.38007383099095 -0.487928888228555 -1.29168916035598 0.661570170891284 1.00420285055364 -0.75649628528443 -1.88468571114638 -0.138756267831068 -1.33075280957232
-1 1.11961967153502 -1.45162655333326 -0.106331750922143 2.21296543919289 0.503448189666698 -1.02406817929707 0.32197318173539 0.0111654143085624 0.472236871816193 -0.164638045631237
-1 0.484341984557372 0.0900862010784399 1.42174857238437 0.399397522909846 0.337382308104281 1.14634268463772 0.172055794029981 1.70389492300364 -1.01978263065468 1.17021709777255
1 1.33242482542350 -0.300978834915443 -0.880553356491276 1.01650930061560 1.47789359154878 0.907723248725113 2.05335883127442 1.43668195124747 0.905482933423066 2.18168198146431
-1 -0.0307080544768542 1.93159128566074 -0.126059085678305 1.04624475548481 1.89398662323566 0.563449192103377 -0.217321180948744 0.76392720846439 0.279630168584867 0.221489498925824
-1 1.79449828185039 -1.17945207799339 0.000777894736891604 1.04638360369458 0.311445986879959 1.16108150805587 2.28626316889292 0.294545507369645 -0.812063873141419 0.212131794616940
-1 1.73812233980959 1.07888124408206 0.654904587509434 2.48286877189342 1.47210143147246 0.856575442424228 0.225472101634006 -0.0753940558061279 1.01025584101544 0.539032757540058
-1 0.0400890800294542 1.05089487477608 -0.33640868442145 0.164192130240132 1.17521870815681 1.77062888910896 -1.16179499099024 1.94407310793282 0.82815679134952 0.73137681052266
-1 -0.0319978555282079 0.243176334922091 -0.984737155906337 1.00369812361819 0.581041395949446 0.797434163522759 -0.575588255864713 0.357784165372154 1.75113293013752 1.63231439916293
-1 1.29495437093913 -0.055007650941383 0.943498091317264 0.62786633473333 -0.449006033220599 -0.359337231616731 -0.650887882797054 2.87579578079735 0.487594717792937 0.528508121000861
-1 3.29236676253521 0.689136004703682 -0.480596022806966 0.251214961490836 -0.553967886674952 0.807761029447564 1.31921212284470 1.00568137676559 -0.377155589359259 0.507571877225254
-1 0.176747654201379 0.998084865630176 2.02736650242625 -0.138738471189832 1.09971862517777 0.956208020888574 1.10858476015048 1.65609808743084 0.0139937898706580 -1.37194821092274
-1 -1.22179771050080 1.88405785592817 -0.147386177915846 -0.476728700205283 1.18432227568509 0.452931950333949 -0.431383168379842 1.77387979117575 1.14827041778920 1.63432897985538
-1 -1.23725418151251 0.0890904331556066 2.89134625194960 1.81516808174676 -0.355019841567358 -0.49679189128845 0.395607226988146 0.316268323803087 1.13461497885479 1.06311902971448
-1 0.587104041247026 0.166836301148033 1.25919669721905 0.473483763526604 2.22768724015172 0.262265956539927 1.67210236093237 1.09987552940924 2.30504184612511 2.23524268872014
1 0.287926860818712 0.351731772595501 0.123698087795612 1.44064740544031 -0.0252530323697990 0.141369043505467 -1.26245860924343 0.512010296914025 0.586672353522961 -1.67654608522693
1 -0.388484622115089 0.0833188642563433 -0.0452668417974484 0.106033105525149 0.571654284658044 -0.896286353010205 0.912046368195394 -0.143452406555636 0.94473372993019 -0.0268123139188619
1 -0.074501030080379 -2.53843566556961 -0.350720651858768 -0.788765906021135 0.0107796047739149 0.315178058913878 -0.788657782425876 0.365954079029295 0.837272596503591 -2.01713005176738
-1 2.64655287685422 -0.81837583170956 1.45854849409335 0.488241055189105 -0.428519448248589 1.52104547902242 2.04627665121206 -5.8931968095921e-05 1.96104591099915 -1.20057880231854
1 -0.86899184968521 -0.189761851381197 1.37575451462002 0.0602061160990218 0.218299452372708 1.07831453979366 0.826953352533539 -0.785037834931254 0.169648541714586 0.165420116198127
-1 2.70667999064507 1.00228595130119 0.580226468594589 0.69052139571501 0.53818992211512 -0.0536846977041661 1.36554332383204 -0.0769192770688658 0.589902322011432 2.12974480610779
-1 0.291072983791840 0.566612097303021 -0.260862012934484 2.24471337402431 1.35346229384262 0.281565707387695 0.978638561997953 0.335251627506463 2.07437874376341 0.81111957131813
1 -0.00187486941403156 -0.124973115064781 0.340620436827166 1.37576681523627 0.764701664286244 -0.702597036018274 -1.03764295659394 -0.683723180678157 0.113438938513899 -0.352595742812703
1 1.14904613822082 -1.50167954884126 -0.454472559265938 1.05850962579041 -0.521846519086977 0.458718737812181 0.809262142907914 -0.954352236301488 -0.114676918130643 1.4338717646191
1 -0.0221496877095131 0.395912682548946 0.144998081898531 -0.474421304487929 -0.125562842967236 0.0105300942672926 0.0534521357360982 2.00502936468315 1.2489371705841 -1.11797481685617
-1 0.118240740519293 0.330833725795703 -0.203614760462314 1.77174138110948 -0.0501321533072967 1.88384991095732 -0.245841973815482 1.33788178206193 0.529280465639284 0.746187770810407
-1 0.867270942500669 0.384575377133445 -0.890172626298337 -0.524132547498113 -0.368423761699627 0.237025086895911 0.0843658479310728 0.151533124022449 0.0563150522362189 -0.81166462139168
-1 0.334368217206939 2.08438553764471 0.296968450856633 -0.201390383142355 -0.663157893162035 0.712231348339027 1.89504701582604 0.551623392486914 1.12550783608278 -0.97288542258697
-1 2.03313843071603 0.699434848098026 1.29448976327125 1.01670220544415 1.94622361338994 1.65479326017259 0.385964329199293 0.16700610004999 -0.706194539860497 -0.573735190697644
1 0.693659072000378 -0.911758495774491 -0.663367371459546 -1.26029883834175 0.161629852925044 -0.390184159402185 0.640970816145758 1.42610701811711 0.402623625953133 -0.315439356303248
-1 1.00703995808539 -0.702099460625564 -0.174648050436608 0.522487704347589 0.555765660001679 0.675043942915674 0.974138867932137 0.225691315637282 1.98818868596006 0.160268221098476
1 -0.581648343215893 0.600596979878431 -0.725998300003257 -0.0683484904669066 0.396413874312299 0.192796187102534 1.16578131913974 -1.8200932185705 0.473316808384656 -1.44021023384456
1 -0.244645715014983 -0.339387527191229 -0.787164891744909 -0.793569708699374 0.467033155187110 -1.00680019547961 -0.772100180500117 0.0333335122399807 0.352186385189207 -0.697962881777058
1 -2.70757416115763 -0.760585495696071 0.792311565860376 -0.488297045028638 0.666081586492355 -0.798903877051676 1.51516122366489 -1.42421901001904 1.05611228617767 -0.549676091075454
1 -0.74496493108171 -0.0510562542674509 0.365769697599505 0.230610675896256 0.581952396345728 -1.37782289640247 -2.02205738318063 1.67419390992672 -0.0087290325369806 -1.68096023204129
1 -0.105831736607713 -0.0338643719366481 -1.16799424159556 1.49096853297916 -1.30723576244007 0.503246432706325 1.82881115475662 -0.352667131462623 -0.941045337014054 0.402414113005835
-1 0.292196580437877 1.95478834831981 0.284437311978507 0.947284895721025 0.492133187295298 0.0857181633214705 1.4330132818181 0.586697163345209 1.18298928628821 1.38978555065263
1 0.907272086738544 0.0273853641234558 0.0819898150140499 0.39647036926074 1.09907166527469 0.71017675099979 -1.41956245036637 -0.217958425573423 2.03486707887905 1.85947944860845
1 1.88723677732186 -1.14684008785806 -0.981613544557043 -1.53728024219247 1.35042688703595 -0.605097241651752 0.731006438685168 -0.0258825141798198 0.76967660262515 -0.0665036756006967
1 -0.349366622482073 0.217409678153925 0.388395749780836 -0.89776298612328 0.302003482851029 -0.123929215032485 -0.540560706574607 -0.0619350002662089 1.86756551753619 0.0557459432747405
-1 -1.29080263015935 1.40015048933821 1.6771609274016 0.335320369734954 0.876139628711677 0.170616008463328 1.83359390571375 -0.0525021932477624 0.858302291863372 0.863244266729522
1 0.188110750773465 -1.75338698610008 -0.0346641771104462 0.979846262065658 0.485240516832999 -0.355988811582415 0.0159615461843714 -0.753962508770487 -1.48208566590296 -0.255659673938889
1 -0.0434275054037148 0.388180578835813 -1.42976432750210 2.2116964366586 -0.451915319638301 -0.983212704530037 -1.95022631271221 -0.356228832874708 0.179014221289708 0.207814056164936
1 -0.723345244343619 1.16018424098003 1.06814562291645 0.162146357779009 -0.7620861571426 -2.02409954410702 1.77123120796964 -0.627552219022166 -0.277072921003087 1.57122378970895
1 -0.370148387387639 0.292641895314439 -0.754489775895782 -1.0867922164971 0.37026222661697 0.849055925138953 -1.34612438298788 1.34893908219419 -0.543457845737141 -1.52071793862057
-1 1.88556486570026 0.492380620931578 2.86528901582258 1.49492352953434 -0.26353419173393 0.395720920314136 -0.732001707455482 1.95417948734709 -1.61847544570556 -0.810912632877777
1 -0.165651777084571 -0.89917708075071 -0.0397396760866763 -0.275891602292674 -0.567977998038804 -1.18466022890463 -0.399797938727968 1.10129837840761 -1.43563830832266 -0.141038318216999
1 -0.204401021160832 -0.597589144507163 0.248662665425644 -0.459402957629309 -1.01111814223848 -0.338370409210727 -0.223780851450581 -0.749765310247032 0.00897623923389571 -0.461379761895145
1 0.612633850749893 0.392558779920776 1.1075298357708 0.126374137924292 0.795849781558713 1.07812039805406 -1.35986841455023 1.69990160423567 0.617326471380646 1.69769299281972
1 -0.417897905021669 -2.50655366555813 1.07408699315572 -0.186676984027654 -0.394490525516938 -0.101068753283982 0.959253228281973 1.02312858174590 1.56767407539639 0.58484989446759
-1 1.18878922044497 1.95229273276785 -0.624790649159407 -0.108401588313776 -1.92807734274405 0.886693225444655 -0.243003525764584 1.21637795906415 -0.940759103648268 0.883454931363814
-1 0.95029754830072 2.43617806957091 1.31643677283310 0.826693882081043 -0.350342970463509 -0.361146434164425 0.140296079775939 0.919007913529666 0.797959520701874 0.963955143478859
-1 0.912307283070436 0.92484757916973 -0.433530965462353 -0.0175608909456165 1.31013160256282 2.35355874654002 -0.496005741517787 -0.48202077687306 0.768031700071517 -0.309894918964487
1 1.24656209461667 -0.357510115145921 0.800504802971877 -0.416963433404094 -0.253919774271144 -0.66252293358574 -0.628938021913741 -1.52925878541766 -1.11995647445067 -0.0406657103776116
1 0.419015197947021 0.095287399991263 1.15194991479355 0.570806238000807 -0.129154122259477 0.800494059542098 1.26256607465242 1.08010124483040 -0.2245889880162 1.85795480757658
-1 0.308001346539242 0.73431905112692 0.754036315763678 1.57182868098194 1.75222460612789 0.42248252988754 -0.483971418596898 0.308670948030658 0.0339402909072416 -0.0480580233261014
1 -0.328455202708335 2.49156969728713 2.33788297236878 -0.170669950094594 -1.50350929790579 -0.980691166822026 -0.572637157639155 0.340643740718016 1.35427478323297 -0.5234014432294
-1 2.23218334205939 -0.1069355395519 0.561254634340247 0.473968076063636 0.208979023888394 -1.29918429219264 1.09129423860217 0.891499923680827 -0.0559342812696401 -0.568282056529514
-1 0.175562895716272 -0.0580875196195977 0.565371264696157 1.58285728861448 0.82595892594261 0.886211680009 -0.503198263886759 1.43673810911198 -0.0680216360504793 0.670483722709768
-1 0.726768737050808 -0.060808078311955 1.55230332189417 -0.489560372209554 1.11699457795583 1.64101063975817 1.71084591929567 2.11953911607374 -0.491549397206954 1.19711957139848
-1 0.313797587626269 -0.577808980287823 0.323202885986739 1.87158785971157 -2.19348051188750 0.61276313029514 0.0543940122302606 -1.48979405742633 -0.0707606741929173 0.786450184149272
1 -0.159263783157552 -0.183033707677970 0.661042917596303 -0.358778656854697 -1.61074397748845 0.504725902682069 1.25999560601806 -0.465492451835662 1.46579473620573 -0.934797638471243
1 0.304123737223758 0.353666904972665 0.886532799384886 2.03319985970041 0.318659224823239 -1.94024168084431 0.553619325443744 0.160608562496943 -0.295799342112258 -0.314770407405165
1 -0.179406698266840 0.233806018029160 0.0778062121680853 -0.823969647244691 -0.255036336216155 -1.50681628353614 -0.478719758022532 -1.16220966522651 0.313547358081814 0.260026337272897
1 -0.547196629480817 -0.114893523059510 1.83503612837486 -2.30028210381561 -0.458145009461877 0.525375596343 -0.743400949103562 -0.0928155328715757 1.70518296469927 -0.69171887680989
-1 0.864910346509515 1.38834124583197 0.722871000149213 0.951477967066216 0.0146686629550844 1.86087482339148 0.613307572627177 0.710647003251811 0.977803592221387 1.49044503066700
-1 2.44999259039177 0.848422326040074 0.338432544121769 -0.50834637697595 -0.156634065230110 0.561803623806273 0.73402257915918 1.42807924237728 1.73509995205767 -0.0113937244969272
1 1.52845061225008 -0.0310914366532819 -0.411850463563006 0.317117068003759 -0.178317991177623 -0.244765642540265 1.17098851133598 -0.555921344927535 1.76489067476695 0.609776643339261
1 -1.84240049301752 0.262825721556182 -1.16580593131917 1.27568429253244 0.313057446609984 0.703767971171473 2.21766922208122 -0.0109386019516463 0.678942287596329 -0.262088372007386
1 1.00272453119219 -0.441461922588333 -2.64607038987072 -1.28166547260979 -2.30794491354218 1.24737965643270 -0.513301940390608 2.30110976236690 -0.302831535486353 1.02576591831217
1 -1.13929396219930 0.720549849028789 1.08073141401070 -0.563794520793252 -0.227486022171625 -0.925980230581608 -0.780518599550566 2.65393902279700 0.00572705622907788 0.864502793334265
1 0.766223466466304 1.09017895252890 0.858028584861386 -0.958737444948619 -1.22470696648549 1.27970085082343 1.28067355223151 -0.0893598317054187 1.37813668473419 0.798690429249125
-1 0.88723496747075 0.865991019122388 0.908922854171567 0.921304677693408 0.355489291504484 1.80726689375734 0.437198599685876 -1.6363054539208 0.291161984123159 -0.731936571417644
1 0.197021799734960 -0.141146544534019 1.76479562976385 0.658692264431064 -0.957045395375724 -0.233788851116516 0.951402718072247 1.19445814312301 0.633006316241768 -0.75138177178266
1 0.633327598171155 -0.25450105628936 0.384057381780511 -1.83365213663886 0.430953234161501 0.299484990295265 0.153276167169323 0.450090841889454 2.10902645465223 0.176494681067379
-1 -0.542845454694598 1.26900802460584 0.758593759546082 0.889913381190496 2.58742281749696 -0.309262397907713 0.065240659712334 1.34771233795650 -0.119186252785229 1.81320296244134
-1 0.430841630965449 2.46618521657506 -0.676922931259793 1.34768293183696 -0.148583150271386 3.02875676719204 0.600154755806599 -0.183228150879365 1.28458138958138 0.0854313044201106
1 0.154250159006991 0.0939042866300406 -1.22023989486956 1.14382309120188 -1.10970669832019 0.893288344617438 -2.24102891044451 1.28824960255502 1.09676689204374 0.542054558432032
1 0.149290613656142 0.328900618821476 0.211992901757631 -2.95066435293666 0.0781537861792786 -1.66814513205468 -0.299702249215611 -2.64792593535396 0.945590113075405 -1.78837308438205
1 0.526808047452846 -1.9686588335302 -0.0112971520801908 0.170298982444947 -0.36546543895059 -1.65803297048248 0.63450468334826 0.534027593869767 1.09458383847796 -0.705305996793265
-1 1.49701029622805 1.31514794892897 0.911377963150251 0.348071956266169 -0.860093981079818 2.99930666839422 2.12760823686861 1.38429092748904 1.01018573264006 0.910142657358948
-1 3.52820992977732 0.889534935718194 -1.29980970996031 -0.171003560254746 0.989833649673642 1.92924792914302 0.440370728806073 -0.295594971839235 1.46928515442612 -0.76594826348356
-1 0.525525225676061 1.17077296440882 0.592107244192401 -0.0324033271610781 1.38177228827864 -0.416738467645158 1.07977791913081 2.15523415977666 0.831809746628305 0.0704901836396978
1 1.42454647708747 -0.248164551434082 -0.941424115914034 -2.24209788363869 -0.488423930358433 -0.633386857422102 0.634134143865996 -0.830174237561684 0.279054133217238 -0.172996075003113
1 0.649089522831553 1.16002677797965 0.32404517517289 0.173965990217395 -0.220687338936686 -0.329019702251879 0.083396592370935 -0.899119605437918 -1.88050371937790 1.32771937335091
1 1.10543168234173 -1.58564692830108 -0.844035780348513 1.16278707096498 2.17728654436506 -2.17690244858150 -0.525070469716446 -0.75042118005845 1.81745547586283 -0.880885918781862
1 0.256880582542931 0.117604460577309 -1.14968894194911 0.529042524662828 0.852642158535769 0.694535834585454 -1.07104006457169 -2.17024392377500 -0.703334232296708 -0.150993700081870
1 0.253770194186806 -0.380150899907155 -0.75159166757759 -1.88027819087837 -0.852520934449881 0.668007221226059 -1.14289590729915 1.27536820049093 0.95608037248724 0.707093959654044
1 -0.767930159821014 0.631420265329752 -1.75452664455661 2.11928428616616 0.54065389537164 -0.522278073933605 -0.989434221256817 -0.108799114468553 -1.90143783226950 -0.122255190712516
-1 -0.457639619106615 -0.654900695159743 0.36846272014835 -0.825580190599948 0.20131428362605 2.47156307664892 -0.398186402296495 0.820091777963986 2.35063369674307 -1.32114840674686
1 -0.117229968393904 1.31554250994654 0.857781697132279 -0.703230553916357 0.94075709015888 -1.17464912731624 2.04090346860491 0.860598635905886 1.15514456064577 -2.39097552377304
1 0.376757246394727 0.0282433140861913 0.107440302779169 0.552931012042277 0.662907593404867 0.532653887561871 -2.58082306211468 0.119846718881190 -0.454380241772591 0.432512113356171
1 -0.498847829337266 -1.36383890405084 -0.0985200079544673 -1.61995169060254 0.565028228902344 0.371828155379503 1.62571432278764 -0.0140451616596517 0.860028063047192 0.0060166965039795
-1 -0.0697815055853974 -0.253258793416791 -0.316817306824158 0.277766590287354 0.193149454343591 1.13325105991331 -0.729216108266401 2.01082002359179 1.20402799561098 0.736230908466266
1 -2.39711190377518 0.266638908908518 -0.389785055845432 -0.937738618304151 0.247089113480775 -0.619006936092237 0.360514032476027 0.819372395492727 0.569596286949276 1.27931489795139
1 0.460640257267684 -1.13075674265882 -2.59802773499513 1.37449449910996 -0.688666597353068 -0.47467580276195 1.43309158895624 -0.366261015263877 0.292423215614587 0.403914756180097
1 -2.17644784669791 -0.372306418739899 1.52420740062989 -0.647440452975566 -0.592803640398422 -0.970305772587435 -0.265363830143757 0.907763471692184 -0.365668073889525 -0.246188026420397
-1 2.93501842206977 -0.521598252487379 1.68109167995452 1.00152954326321 1.00388864877188 0.584096625889547 -1.55526672501027 0.234287180832711 2.28051367633496 0.483751345849825
-1 -0.281478168084792 0.655483808373056 1.34471745498540 -0.0410316450254099 3.0215393277528 0.803809978907187 0.187962669858231 -1.07195466470562 0.710919506687688 -1.89465883204114
-1 -0.34921000984442 0.218678552660422 0.61535395825572 0.905967241838147 1.44225272190624 0.900237568957214 0.229159604544096 0.0334082920251743 -1.60187948197723 0.555042255369102
-1 2.05534367478037 1.17361866313598 2.75102966697774 0.692582058157051 9.1089331314409e-06 0.502262695819309 1.28634399185243 0.264592259125837 0.755362948936205 0.301739868708659
-1 -1.17359652733310 1.79478085598374 -0.149747024045389 2.24819291710307 0.7403791384782 2.01965235768144 2.18009275628012 0.575452644866162 -0.623278633228976 -1.91333103963322
-1 1.37039065154054 -0.245980125510254 1.59893329613054 1.22467261605877 1.02573408229977 2.51310065378752 1.42157017266189 1.5015125446062 0.360836472004481 1.00675938228568
-1 1.39326152796765 1.11374787644904 0.534796793072427 0.683297024110006 1.09911372168658 0.296460999646423 0.21873610762807 1.07979517468136 2.13016216980518 -0.241441971753889
1 -0.406220780250872 -0.924367468927314 0.969514725602209 -0.0582535494612262 -0.101244968663757 0.245927321254571 1.06123282774064 -1.14601031511760 0.834778981523845 -0.630383784837763
1 -1.71148201418093 0.961826091609643 -0.736253135594754 -0.167047011125245 0.269504513615991 1.42633070816486 -1.13566660409529 0.708245217872411 1.48382885378357 0.854671549132374
-1 0.177773180317161 1.15866497531695 0.400849234170982 -0.419338661521381 1.76935866808395 0.846086328601505 1.29229724278772 0.768200715055622 3.61817816638417 0.963806258095492
-1 2.18684239702986 1.64451905782071 0.191164491174712 1.55132570900713 2.32531861610667 -0.806184677276802 1.44123820198162 -0.72435547101923 -0.816511017521127 1.76201184973273
1 0.211799279663593 -0.37819620823112 1.24381683337459 -1.41270407758785 -1.21053457006480 0.345531829317531 0.165487912488782 0.0775085321791599 -0.817540711009917 0.530680972866747
-1 -0.60765797100823 1.59166039400963 2.80416121521037 0.60145782477435 -0.683958043571186 2.31047939369511 1.81523762663178 2.73380924946318 -0.636711174846066 -1.67314069435287
-1 1.53915846648211 0.0622803153091311 0.183372382024374 2.07290367911618 -0.909145201968128 0.0652554936772143 0.604796718036562 0.427961099019154 0.527417234335242 1.04761558742309
-1 1.50113250678874 -0.239129609932935 0.699545186173547 1.06355119626185 0.0721354465796452 1.49551827848410 -0.139961802372938 0.9857477013528 -0.54899961910019 1.55931930307918
-1 0.642813203964911 0.429200193341744 -0.607381407895203 1.42988357210549 0.888462871049951 1.80374087491884 -1.08209670904079 -0.157602487113647 1.16676123561919 0.752684200473441
-1 -0.891093566721329 -0.919362231302715 -0.314777846193086 -0.309284478147343 0.76662333980767 0.300042299461697 0.383980005729555 0.0337792667177762 0.0108886230428061 3.04073313723825
1 -1.45784166515531 -0.67128295602577 1.56087553256152 -0.938622020709332 -0.0880497348522495 -0.194746969472162 -0.580396028604125 0.204097344023822 -1.24220215511477 -0.492386047121685
1 0.0256322441275646 -0.0799930402476092 -0.291430848754965 0.060067539453558 -1.17966445930759 -1.16817918518289 1.27572570148385 1.06040354941361 0.696967768421761 1.13888521659048
1 0.661145764536102 0.696750409856725 1.32994199463938 -0.296469350763713 0.400499187584996 0.662091192902858 -0.621860872164497 1.62798776030966 -0.550001557123514 -1.86808687516767
1 -1.48854431235818 0.429206699823564 -0.906100824671294 0.117022941939629 -0.86945147125411 1.71688363755130 -0.346552575863105 0.428232409988551 -0.972579190311802 0.586624656521707
-1 2.62477566470246 1.58980292981029 0.290653498232259 0.0239368708775435 0.371679960883353 -0.152461509522492 2.39161465194031 -0.324720598649109 0.344383632225191 0.97392145997467
1 0.540318415643384 1.9752826834785 0.466604872238921 0.699197359870665 -0.973739017519326 -0.0135130694676675 0.488619194945115 -0.814296368634975 0.86577799169956 -1.28849065022978
-1 2.0465278963765 -0.739419040319242 -0.0337512975167199 -0.574626404648273 1.65186815348923 0.532587436421986 0.354890390802665 -0.178492790016396 -0.166993616105288 0.491449015703715
-1 -0.253402284140668 0.970990538184579 1.72874169692926 0.396809067224066 -0.44590141696996 0.77531633511891 -0.722155852537043 0.353891873106098 0.81600919772522 0.968327616902071
1 -0.19417129390893 -0.230949795036093 1.98669780073512 0.0434462010334181 1.09036070434213 -0.0522242382432535 -1.32943926702242 1.20535752083297 -0.747091484055628 -0.358745615150211
1 -0.566151756706903 3.98114407318426 0.757630587280839 1.12515918488763 -0.990935252289022 0.57093164378521 -0.0137826353675566 -1.65451418277399 -0.0846250973539066 1.07520903145572
-1 0.678382453862263 -0.806592598611258 0.746581687562703 1.91988520359254 0.696257480853355 0.041199896301125 1.19787465524072 0.502530290882239 -0.151291311431827 1.40347942868597
-1 1.6830029570429 -0.0413765848659005 1.62478413167802 1.55573900044088 1.13712521631941 0.227992485744215 -0.456005026380703 0.115875086466603 0.287432394586608 -0.845907393685703
-1 0.99094153900841 3.72686762561331 -0.350774089551953 1.91090466219722 0.897920148516972 1.24764867064837 0.899776125144118 -0.412893930602709 0.847120428964822 0.92836574745612
-1 1.28729534463026 0.983632461259034 1.94197268383356 3.70591529425017 -0.115324696250388 2.46848955996005 0.68540305648047 0.164240903759021 0.945717732547962 1.13729327578120
1 -0.63423168533715 1.25969103037727 -1.08391318616612 -0.0165506739772566 0.617377815913288 0.403502265377433 2.13398404411920 -0.0706153530545882 0.383703712977804 0.657398784399765
1 -0.447422686847003 1.09441682901394 0.375883452565868 2.17986062974399 -1.39104690243277 -1.52594690904194 -0.294539813820806 0.281763121425438 0.117798924216934 0.638637579992728
1 -0.294471576243506 -0.131838873326649 0.135386703918824 -0.728531014191755 -0.186789282002735 0.951594654526933 -2.06864988025569 1.99305766302615 0.158650984816049 1.00035203044549
-1 1.75824514124636 1.35339499105878 1.68176313166381 1.23101909495075 0.117021245535924 0.959877447376349 0.0482087217940537 1.89245722717424 0.521250916479749 1.22571361520095
1 -1.57895681415827 -0.0451800260147757 0.371324782216193 -0.00544796935505977 0.91843900693038 -0.539371688415107 2.39626889561926 -0.950603221862222 1.15118360796331 0.989782352427394
-1 0.222886716459823 -0.0283182171924915 -0.344545819953528 0.322277537901917 1.81329468223501 -1.38230935013955 2.24166329105015 -0.0662838245212913 -0.297127612784857 1.02923513533098
1 1.70393164733708 0.271603733403654 0.182101338090888 -1.05513892813876 0.279870762017839 0.277235497368583 1.72617895052263 0.774699945037573 -0.236890612522216 1.17485972174551
-1 0.705857347266897 -1.13363076865196 0.441856643141053 1.66480394648771 0.198826333877729 1.30591246188759 1.95076302401574 0.694969439370935 -1.47950139440348 0.355195501656831
-1 -0.884679402420087 1.25561698481576 0.332730788448922 0.586659906281217 0.191492448012744 -0.065015724899473 0.957599921979815 -1.33735351050782 1.79532869048055 -1.61643073281776
-1 0.743846845433033 0.975437400290893 2.65846089126595 -0.84627623657485 0.791401733724063 -0.222687136328235 1.20088238079587 -0.090182276405581 -0.148373200041031 1.27644660828357
-1 0.985788697041814 0.642322359508082 1.10480449830314 1.46121653247802 1.23597606529221 1.13190429520181 2.27266010980385 0.303261743368592 0.68835753493514 1.86988599612743
1 -0.105756636255435 1.27390226963848 -0.0718032251397945 0.114342256673273 -0.551035788899256 -0.251136290642513 2.39630409040122 -0.98125285511677 0.40987949078027 1.65781675324601
-1 1.71919456476411 -0.451955206510044 1.61519395226503 -0.0605592651815492 -1.05413265444560 -0.0403048971165066 -0.0255497792768223 0.669802229817699 0.347768704303139 0.732566571161472
1 -0.542254393594141 -0.250613331229228 -0.712023513216862 1.19879148274714 0.74358494332578 -0.0572246647561136 -1.32816216947447 -1.5269307419327 0.0508358726286109 -0.591120621133263
1 2.07304620538136 0.275022548873746 1.70064753435089 0.283585401726178 1.50217229842537 -0.778902536119472 1.21649265976805 -1.76497012504673 1.60652569162334 1.12208924788542
-1 -0.554489503337847 1.08659139571973 0.373931521123641 -0.836451860790217 1.36894968327907 -0.0565461535641049 0.914229820150493 -1.72229786752071 1.75882688782044 0.213426137360624
-1 -1.30259360687473 0.429364319290936 0.652168445039637 0.387426348802432 3.97066213441469 1.10645133896514 0.207126947592435 -0.440721084771372 1.82421607904824 -0.0293923159811532
-1 1.40674198109778 0.389162258211215 0.547776558197724 -0.0594545790412737 0.437232624564852 0.511884375682657 -0.414231436496268 0.964201770544685 -0.0966172486654383 1.18398474518298
1 -1.54425095210428 -0.169373195672716 0.262140721612202 -0.196773889765142 -1.09836794686808 0.833012442994225 -0.352755010146493 -1.35619698801437 0.88548945291106 -1.80723443778461
1 1.16037849718772 1.11918742503976 0.0841287619265085 -2.90633956049215 0.495606748891823 -1.23853273144279 -0.810534827414167 -0.735262801300808 0.929566462203631 0.21946664573262
-1 0.380308039364672 0.844760270302565 0.402368599541916 1.31292140665814 0.467533368946301 0.342091742562048 0.249058263762085 -0.282308215182154 2.35016268683190 -0.104685832519825
-1 2.36985796983129 -0.552756184436636 0.551809134944249 0.0999017278862696 -0.241432499680039 1.59945192210287 -0.187558387024564 0.802367127199721 2.07439124273289 0.572905423824137
-1 1.81705625853774 -0.456516190997321 0.649374246000203 0.577573068204917 0.618310814549992 -1.09364306970268 -0.358669716361303 2.78966395784952 -0.206862399108766 1.00310793653393
1 -1.62627412570832 -0.382610940879813 -0.646273313410008 -1.72267875574044 -0.578387028093287 -1.48696811073576 0.434507654472366 -1.65829388311448 0.154798931188303 -1.85697455655378
1 -1.14733791941123 2.1714181870119 -0.341229960479819 0.0331238370036901 0.64610881354878 -1.33607925965788 0.978034051437295 -1.63547108952157 -0.120423642474004 -0.927556844897098
-1 0.725883178695365 0.750617386561708 2.54407943515487 0.146357529682242 1.86048220726317 1.45896541713280 1.72106204721741 0.307132950775202 1.04885949559682 1.70104419077492
-1 0.0030652368248012 -0.806748108578153 1.32056702294303 1.14216659180856 1.90405539371062 1.31629004058662 0.296291244571541 -0.0634435645744875 -1.28729362400993 0.503909800425118
1 -1.44775091090302 -0.0338007435079554 0.646611605762425 0.838318753667369 1.01779956662160 -0.929841120550602 -0.751027855672324 -0.0849624144832734 0.204774134885684 -0.0622998656624974
-1 1.11919358814852 0.673537188586012 1.52585866211267 -0.299227124079284 -0.677327105711622 1.35918000856869 -0.75874270188225 0.150602423855778 0.231576228046136 0.883641532193236
1 -0.334988482492615 0.922774026129072 1.50947238312213 -0.254413299481091 0.21830255760348 0.744264327126051 1.20127524875535 0.607380078703178 0.920802591298083 -0.58264162608625
1 -0.779813699414209 1.6840650298038 1.42141775915407 0.0038857105251692 1.70706852918626 0.599292018894147 0.456008386297316 0.958333586988958 0.250784935184829 -1.49315664775966
-1 1.44490142663586 1.51273456794769 -0.294435120141038 2.30085889928873 1.44090754056482 -0.718634729373385 1.59176883841115 -0.0475883805860633 -1.71075057909753 0.74765034884055
-1 -0.797467415462129 0.688804734150592 -0.705875236466846 -0.323723568810481 0.745682459685958 0.170072065324263 0.334168819363459 -0.486639311175993 0.80729191194809 1.70920777413073
-1 1.210719104209 1.43180598063289 0.8686063513257 0.673027330767071 1.31589814931686 1.23922550420462 0.63514239360753 0.370905442428211 -0.302857621981378 -0.502822783317950
1 0.541115892769842 1.4098222003411 -0.202024287658363 1.20886746552359 0.467158787963917 -0.783911796513549 -0.680093902595488 -0.0786668089262961 -0.0635924769922353 0.155639443942302
-1 -0.71714337926231 2.30618901105128 2.36937119400425 0.61597862748591 0.0337266526775336 0.651269961857012 1.59213986466925 -0.633026107053305 0.34386674166595 1.91004469866760
-1 -0.462668333655007 1.84517462036257 0.707327649514595 0.360330179563175 -0.494137615066274 1.14640654469053 0.61089044528468 0.538162195510627 2.3734885403004 0.0962688213693261
1 -0.0872694002158783 -0.616421119792158 0.930762296485411 -0.127644826234616 -1.47634585395922 0.466214886898674 -3.05739562287037 -0.95602299086552 1.37615131000258 -0.572237731666238
1 1.73933677043121 0.671956204448591 -0.271684070751522 0.415986785314378 -0.576280741787218 0.862307983383555 -2.03005039376214 -0.309000728754819 -1.10807306759791 -2.16170919207978
1 -0.619701626480914 1.14607208575517 -1.23614733806359 0.367793019486546 1.06175357017728 -0.134589136907356 0.981676800057295 -1.32097223319216 -0.72146592815858 -1.15436229618334
-1 -0.630122191541331 -0.82221413549215 1.50171043828723 1.95226054356387 0.37249682605582 -0.481005267497792 -1.02892408518631 -0.320751686944719 0.520716094020223 1.91036870870180
1 -0.310328160284394 -0.251305215543698 0.57970701763847 0.791523475679354 1.91233049388603 1.40008610881481 -0.231088830695728 -1.84385146450978 -0.486639844836601 -0.420452407891891
-1 -1.14908243465305 0.353200270412327 -0.681202940899293 -0.146312113438803 -0.503844539655504 -1.46443997473136 1.59009219013049 0.131095652294783 0.337695211380049 1.46256486056832
1 0.0986046244504584 -1.51711874377918 0.943942615120227 -1.31897416900681 -0.85721829126851 0.851460846348709 0.578209723042093 0.164416623180547 -0.203383999867575 0.488414151771226
-1 0.572843759166446 -0.061002858898264 1.02474889571536 1.86954862279588 0.509347808899293 1.15409903435046 -0.268061657119487 1.15234308803797 0.461599207424141 -0.202301223662358
1 -0.277509375612163 0.0983302183862438 1.25226269738171 2.52191447518131 1.26828244312668 -0.57325426050349 0.384479146269367 0.95695516446315 1.49039899360748 -2.6212200859847
1 1.07565582276395 1.23805619914902 -0.65717070171242 0.294508196222277 0.890055893863213 0.357102694733515 1.57900094723296 1.36061017627957 1.93194316883945 0.955510775377924
-1 -0.674136340442372 0.771866532579871 -0.00528004711369245 0.264340889367663 0.893018621750074 -0.143257705734706 -0.240939543021637 -1.01323322565568 2.30485567129616 0.166746202125941
-1 -0.372185551510467 0.211974973540662 1.63094864123913 -0.725432399471617 -0.0253168677819374 -0.866805441458503 0.869230080652223 1.33628482316863 0.363617947014419 0.623557382377937
-1 0.595251434633344 0.253568116691184 -0.282333357514881 0.482214131886822 1.73629313336868 -1.58820763482419 1.06106257752247 1.38125371829541 1.59470446391847 -0.203419164134580
-1 0.774888356845337 0.822715559097546 0.185617229076396 1.66914202106859 -0.140399636255383 0.00980651993469006 1.66244367544670 -0.664775803338417 0.886445351193945 -0.316138375627092
1 -1.66038351895959 0.617642417094013 -0.370241933247118 0.363148438521769 -0.336497032600969 0.386668226222093 0.294808429269644 0.154171196020268 -0.333505028966658 0.64314165818335
1 0.953705038742655 0.718575498099083 -0.0891247203754538 1.53452884559675 0.640528063238356 -2.13464741948470 -0.537775310026971 1.95534403026691 -1.55726736721102 1.25242924209154
-1 -0.908653626504622 1.48882159240091 -1.83203715747486 0.374575283836374 1.61136044559782 -1.37674994678868 1.90608838966829 0.524698121171197 0.902142953915407 -2.14715605615310
-1 -1.50923045099931 0.736413248547885 0.811929025095829 0.195536815129987 0.955642268130856 0.162778676727516 1.90859202354054 2.96273181100617 0.98712000357524 0.777244167985753
1 -1.05636258218047 0.532034850716463 1.68451995261669 1.34891887391208 -1.87451059843805 0.961449157382689 -1.65997197834196 -0.451074181834798 -1.87631768542225 -0.344555512560366
-1 0.79582293508159 2.13613948653731 -1.06883381564278 1.98173779769255 1.70878233679456 1.14532142330820 -0.168789525536853 1.50876436583716 -0.112903816483251 0.706542333421085
-1 -0.343064096823318 -1.60675800051926 0.808513389581784 0.929664252910841 -0.167377406681998 1.54372682849564 1.15730297841128 -0.165943455117306 1.81449178483722 -0.348230321509567
-1 1.53860646130782 2.61231241126969 -0.830452108430251 0.237491119645478 0.476413062887103 -0.172347573711827 0.143698743882606 1.33629598130001 0.892206561683978 -1.63445046066587
-1 -0.485701306024125 1.84484721853203 1.42140749792216 0.998983304189424 0.986575529675088 2.65196615325775 0.00666689480537686 -1.01497551269976 1.18472552855367 1.48136524790650
-1 -0.188131034553123 0.446880874813924 -1.02494909351999 2.04300668666668 -1.09572346997991 1.38933960687507 1.93433372962697 2.63683356226460 0.0467053736539024 -0.0843071228238315
-1 -1.91216818121369 1.51569902156799 0.315820441532681 -0.221952213761236 -0.0936065179872211 -2.18484064336903 -1.17746732422796 -0.568719240814771 0.651975561756207 0.366685755147154
1 -0.880435183816139 0.880579879979536 -0.794968977771682 1.22756563882599 0.83793872480552 1.77084356699267 -0.275943248534191 -1.47540518405226 0.219480923140929 -0.320114872246464
-1 -0.0177190468698291 0.445370332874843 0.913259747382684 -0.74493234202301 -0.113803407229482 2.20705172862385 -0.73622865294279 0.926140981354837 1.40748283162718 2.78183776931290
-1 1.49872228875663 1.12201682844907 0.726403395874514 -0.132189902354240 0.551562153232062 -1.51702215506566 0.654945565343379 0.971467371639655 1.10152050676780 0.331712581075956
1 -0.190535345666901 1.49194254890824 -1.65324546138078 2.37215306995412 0.939850868311183 1.57620060457984 0.685263646442352 -0.597390337263543 -0.217244609301015 -0.115910561828456
-1 -0.362393334477566 0.105109934774017 0.441424062179309 0.950528831755722 -0.4513349477526 1.19999668703595 1.22692973319202 -0.126863920312474 1.09083534073468 1.61226171783075
1 0.176878555373528 1.24451206048915 1.22735178267135 -1.38798270911247 1.09804892492922 0.321712037284055 -0.998778570258506 1.28873020035686 0.669140756302808 0.87690552619822
-1 1.64858922027160 1.25137697018017 1.01802700565129 0.234683965491848 1.02706132500313 -0.640589628800503 1.14639036437601 2.81855507441606 0.254162322799881 1.94491851445823
1 -0.919316462577646 -0.0589237414459896 -0.80483342786872 0.430053988644756 0.246331529242931 0.718071159398961 -0.828298734582824 0.384772939897843 -0.342307471544688 0.790063592009197
-1 0.106746009977175 0.730607661252542 0.940681865240652 0.321030646023443 1.63398354591229 0.95812165082528 0.382333312447116 0.349937285857320 1.47461388208838 -0.0105832657994324
1 0.0305622896621552 -0.287884130290284 0.672739959433302 -0.50238880285207 1.33595871046968 0.171265500365741 0.631448753222427 0.280867158977934 -0.906935972141637 -0.315076419643813
-1 1.18422071675777 2.81732417211706 0.111278555405349 1.45857786449534 2.40829396258902 -0.674681096723308 1.62009270878478 -0.659301206638505 -0.53671349188308 2.33510645248022
-1 -0.628269270150081 1.19908631898051 1.59648822928223 0.61478789152174 -0.0663456425670208 1.26076079744402 1.20958878457263 1.19344449702998 0.81237377513641 -0.204911807307230
-1 1.33379194103214 1.98528611107667 1.88164718267852 0.64904876690639 2.33778377344650 -1.45210423950046 -0.544279783984964 2.39511781144123 1.53091557190112 -1.34043667086929
-1 1.21378172332488 3.11636492824854 -0.629444256846164 0.325394646850695 0.386507729406107 -0.922174178675547 0.576752402574602 2.26518223078377 0.314598586187451 1.41737879154871
1 1.10064061271107 -0.728782403072333 1.47803419719835 -2.23881838057882 0.360277463306553 -1.91426884658003 1.69506617474053 -0.271023178464378 -0.911218103084795 0.22895631369283
1 0.530840132501398 -0.361162966613822 -0.00396715254013057 0.00211586598985282 0.484539227413741 0.362258726909407 -0.152806021340944 0.457537050152782 -0.456263575195484 -0.2556179035934
1 0.134081210140498 -0.0278321245807328 -1.02357959608745 0.929403311526748 0.0131778358288479 0.776167860347405 1.65442000686431 1.70217938034248 0.544573865681376 0.0522952839786597
1 -0.0410212431491564 0.226632903516347 0.0897158915147861 1.89814778629109 -0.473135770071015 -1.65489197641969 -0.179123464622438 2.70458102055762 -0.995508141338266 -0.75910510260834
1 -2.01639510239326 -0.582505737926542 -1.31494747613525 -2.50261883465949 1.01179485684939 0.284772841655738 1.31924931351635 0.242808903287429 0.740776942377687 -2.29984885338558
-1 -1.69361183350566 -0.192627631562073 -0.0254538461821422 -0.147573088176596 1.70936723993208 1.85625160362039 0.316604400237211 0.83311773734573 1.94434845615609 0.920728194775212
-1 -0.0408325362434871 -0.584382693948875 1.57541628465514 0.356354352667378 0.659307820188155 0.870842340322192 2.28227697658979 -0.508614233691897 0.428723005957945 -0.867563483335044
1 0.337277092531469 0.710073169784049 0.590469122632748 0.587626229534025 0.649305656325009 0.368977558775194 1.22576163268048 0.411607875123404 0.424990722392952 0.72502007573085
1 -0.640780665651564 -0.107253169988076 -0.947239397402542 -1.51623093552278 -1.52332436305252 0.650669203914955 1.21048020463440 1.09831625531629 -0.810667435601758 -1.49841312551119
-1 0.000745689398940153 2.40567298528888 1.27981868293378 0.435339517794583 0.125291561606770 0.946525045168321 1.16808756411294 -0.455351156736057 1.09355198831867 -0.200149648348644
1 -0.485399168436161 -1.70251674455774 0.260992308583127 0.352843313326309 -0.438605555834425 -0.721421039559702 -0.254516435475419 1.93153979815120 0.75731494399907 -0.821171550124083
1 0.258416637851295 0.592972409489506 -0.533099687466349 1.20841722554512 1.1821114415036 -1.80762848808718 -0.00601003842223174 -0.847544246508633 -1.4639590961459 0.223281296891906
1 0.2984022826814 -1.23804131580749 -0.887823470603143 -0.712278787685245 1.28655558270458 2.26799650672901 -0.410403175194817 -0.573235997276314 -1.11577314963380 -0.0980429409930988
-1 2.04329584668308 1.38917850348198 0.41450439086971 -0.338668455865353 1.51876967873310 -1.25088948664800 0.610329732024823 1.28201989777492 0.633288311868144 0.146124533156286
1 2.05038325779685 -1.00634009997092 -0.0478155563147442 -0.779891979860377 0.618635961935686 -1.09960686035335 -0.931079641340917 0.940907077249936 1.17689411574840 -1.33375311833530
1 -1.12097791385052 -1.33870567361506 -0.268206981150822 1.25872500591189 1.28867263202395 -1.60965019382943 -0.527228506477545 0.418387450477132 0.4466239693405 0.275108533415271
1 0.00537376079113783 0.651045452742427 1.93013196544631 -1.20989559867332 0.377215815812042 1.69613232408486 0.965651705035225 1.60781932929474 2.20420691692337 -0.269729867200861
-1 0.601563765343892 1.06176406624507 0.406906932716137 3.50157841605004 1.32531367809710 2.18528893245539 0.0287570956490015 -0.101359124039035 -0.665317479809589 1.13026038486666
1 -1.55861255866396 0.62548259982231 -0.99980745768326 0.320774321553116 -0.472846997335296 0.168602602640586 0.152565506879764 1.27604739813614 -2.11474832558251 -0.0774610218150147
-1 0.89390697987907 1.07274441803495 1.3748498807861 2.46468455098153 0.970277887952517 0.151249298779217 -0.625699950545385 2.00962851962812 1.63437342815378 -2.15929454432032
-1 -2.62560507433091 -0.216939862510088 -1.21513403314426 -0.430195974358475 3.48688382371117 -0.236700824677230 0.882599891041721 -0.850528755506598 0.571078869195614 -0.337514922491502
1 -1.13636304168692 -0.0625038083139003 -0.810615315539293 0.00930591332541936 -0.480049898185786 1.97094751853043 0.471696144744873 1.99562625757284 -1.74600267755978 1.43409672541942
1 -0.272801746863592 -1.66573791801583 2.94543152801477 -1.28987495010225 -1.67929795365524 -0.130966996083493 -1.15696082102723 0.563195351351839 -1.88222297781137 -0.275034011483855
-1 2.61642839524482 0.444862150019807 0.720249002161504 1.19142890313522 0.751163229814775 0.475381040122721 1.75110219686047 0.456548033695435 0.385340238339056 1.32576514010265
1 -0.253615464449222 0.164416604963368 -0.0366126808358267 0.477515140328708 -0.45476662883679 -1.31119278102785 0.168241653893575 -0.610334429367003 -1.06202574933489 0.433050074263284
-1 0.869235208430621 0.276138991982476 1.07478796768576 0.990616285324395 1.14773404763831 -0.283748041983672 0.219259022139117 2.80299850414861 1.71434448665437 1.50663463769323
1 0.234128667882588 -0.789255356662071 0.81783001338073 0.578022462730826 -0.177056858074545 -0.120505643430105 0.701707928358143 -0.605128407659779 -0.586495436027733 0.0924788706720093
-1 1.16881204086728 1.81486886601820 -0.122218238781474 -0.0296837281481591 -0.144337332355892 2.51279257949587 0.929384029736802 0.219211025596950 -0.604112052895073 0.131393077428117
1 1.60550571803119 1.89795166314173 -0.61386451885086 -1.11175878883805 1.92015737801899 -0.508938640568057 0.984455275790703 0.655194742880599 -1.18583016809598 0.09432548601277
-1 1.12907642148817 1.44719096187415 0.0523517744445545 0.435828750755386 -0.201351139696516 1.10498719549864 2.90319310733866 0.694694817437638 0.271381701993286 0.529107782332406
-1 -1.3767938422372 1.01742841731549 1.50947522255191 0.551041260051182 0.191140605957633 0.747113729513824 0.730253442671968 1.69747361107345 0.654348100138476 0.662290848100707
-1 2.37180604059592 1.019983082022 0.408805853111031 1.29361834865467 0.969691339233828 -0.878827066345047 1.44412526177796 -0.851765254515574 -0.590782254475784 -0.0358063424558459
1 0.335767129077268 -0.00186150393212744 0.407937303862572 0.651016962865612 0.0642755901605707 -0.946901442282195 -0.573601047457289 1.43939032647969 0.131930691750360 0.548993282188671
1 0.383527032610226 0.069594168409916 -0.0953010045472621 -0.037024698419343 0.151982695778339 -0.813151760702838 -1.68999579488076 -0.974303681720501 0.155322185425411 0.867638481785547
-1 1.36318392883326 0.888063598521817 1.03535329480616 0.241666107211726 -1.42916054925047 -0.411215917721626 0.882500035307032 1.89293410050468 1.35401663470381 0.896790672023241
-1 0.901635772153848 3.20540183066431 -1.62991801214502 0.142154155459102 1.76164915530642 -0.67163329007068 0.771308788002386 -0.513805796136499 2.78175699756902 2.17752579896708
-1 -1.15794237669501 0.381917368775656 2.10268280439524 0.952761072306377 1.05896556727188 0.0221191683470711 -0.600759701295202 -1.25805458752726 -1.95896788388336 1.21229505573741
-1 -0.345684517130512 1.48473012124933 1.99841591824020 0.800681609144654 0.449272268660261 0.919929631181474 -0.834392255216366 1.57418393325872 0.609860177345505 1.14568563039339
1 -1.13586536244115 1.59354133910942 -1.02669094978228 -0.86700128128668 -0.285187852382899 -0.84120263717985 0.237406153331686 0.237934524610740 -0.840300123108134 0.377826386469245
1 0.452562297691712 0.825370252832768 -1.5901791669517 -0.0386625624561 0.993854245033837 -2.22088030795376 1.16595485050946 1.59584857149738 0.320197234328106 0.416780721936573
-1 0.283595930236246 -0.117449374140636 0.95981127678824 2.42007351748873 0.691366676547607 1.34620133415060 -1.66867507434769 -0.983164601994726 0.264723427867744 -0.0555216770143625
1 -1.30130978847613 0.56891077668899 0.823139126521818 0.753799104877287 -0.722071048357662 -1.11215581418735 0.5317760119116 -1.83209660487893 1.9859513288652 -0.427770085789131
1 0.0361997105715406 -0.249510005204211 0.54895211712918 -0.0847016610644712 0.769068940723036 -0.0740066134381351 -0.951921758873024 1.55009485102143 0.760479327266958 -0.710059134379162
1 0.966819652816374 -0.973342593668287 0.215194425646931 1.72641028051243 -0.292632849444967 0.273632314663772 0.332121857207338 -0.863973670886807 -0.426619149088009 -0.769532060664786
1 0.088152093704794 -1.08854213503710 -0.661216446952078 -1.06778533841336 0.279050859985486 -2.00909370001620 -0.615739552332059 0.970642402516517 -0.0861548445168032 1.78828198524544
1 0.586187942975471 -1.18666915574974 1.04077989688811 0.317103313305991 -0.0449454493215962 -0.792803711806176 -1.26826782515080 -1.33041052423506 0.680354646252638 0.873720742704276
-1 1.74650314279292 1.82593657276815 1.34218030953716 -0.393675447819442 1.95987023522611 -0.2014372284737 -0.348614605593402 2.50500561750030 0.561312674376779 0.609426075505145
1 -0.475681042040591 2.23615436050703 1.07948089327530 -1.46233552778751 -1.01432488906205 -0.468040793410379 2.20765304334454 -1.15638074040444 0.637693180888258 1.59017404654169
-1 -0.0149441624226522 0.967139565586171 0.788421121315822 1.64020768419740 1.21119113777013 2.82310615190849 0.491481921643353 -1.03297712114015 2.00923166431265 0.612660639739251
-1 1.92446955722243 -0.0340470991847333 0.503506344427654 0.212223663693883 0.0339036546719015 0.956315887393285 1.79515877418601 -0.0329879515214359 0.0561310431378714 0.628457242850511
1 1.41615947964058 -0.463411679636354 1.84688341421728 -0.265298429400392 -1.31027554961729 0.435517091081743 0.956523437037591 -1.748162822113 -1.15589224614446 0.0747473233614021
1 1.16614032722607 0.29413219976518 -0.629367458898707 -2.36332206705195 -2.57559733643657 -0.0127740339112645 0.000517367367660816 -1.22542362822739 0.793090617024865 0.564422860015823
-1 1.41609941272679 0.105940700514678 0.783229296505908 1.22000999587033 -0.136502447175406 0.69357490825561 -1.68111753732226 1.57615279361127 1.01650284396827 0.741525504983783
-1 -0.658874232392517 3.19814210659274 -0.0171636302755975 2.04632364738708 0.447241134281844 0.728148032305528 1.24291222564352 0.467223680830766 1.51421479435846 1.17667202041452
-1 -0.70588050862953 0.460489149735411 1.18465830685406 1.53325777593745 1.57545287037028 1.27873592549318 0.101902658943676 0.557692867561327 -1.08886756418460 0.758372761020046
1 0.257689004869999 0.109356184619644 -0.645307883858923 0.0452743184311121 -0.802072889965193 1.46171889525700 1.99632835870847 -2.2358298144411 -1.82769987399422 1.24226275808879
1 1.24164594718860 1.60367383277183 -0.996522501393432 0.80249924798996 -1.81839595720193 -0.208546259838039 1.75237316962038 1.84227157468529 -2.22418011424807 -1.22955910652700
-1 -0.0989859979309847 0.976648345861195 1.27634519942282 2.13399579530467 1.63720800597075 1.3183089415644 -0.425009693102346 1.19000641703948 1.20776959436038 1.04566871712663
1 0.886402332075694 0.182253004496725 -0.91133686882821 1.67242684477946 1.23394668599212 -1.99008838305041 -1.21998275020295 -1.20029027814627 0.636186328513721 0.874107301801289
-1 0.0924516311475155 -1.38692716548827 1.75417389232658 0.126397677537957 0.745808943417759 0.473989285986834 0.494730833084052 1.20402492532875 -0.680350384520079 1.82733375893462
1 0.718177719468706 -0.461744913094259 0.186937034368022 -0.900607118947059 -1.19422130004284 -0.281207806695420 -1.98517922276254 1.04383057477263 -0.823119512042114 0.0103236134800155
1 0.919134694006926 0.412064428187295 0.781347038623319 -1.13913584422218 -0.95153915528173 -0.295500325816711 0.101199124148813 -0.695978157988018 1.86327122344129 2.02088320756870
1 -2.22999514459367 -0.510273671257697 0.569541241135838 0.628766006518222 -0.0164405958859039 -1.72158265483614 -0.220859942042816 0.584612271574531 0.384356250413609 1.41655925912668
1 -0.957819901864093 0.618913177434974 1.28598806980861 0.274875640473776 -0.381030230274991 0.881202332628877 0.654129814143196 -0.526165428384782 -1.09026225030916 -0.351684422202021
-1 0.705805369901443 0.980202017702245 0.720913481249204 0.885977862499333 -0.224770729073148 0.293562775479378 0.515410168729212 1.03751269726705 -0.438315433014347 0.41263506185931
-1 1.98887028273010 1.46311821730268 0.526591347838321 1.24180804833792 -0.121015830610579 0.58573854300863 0.512282605113753 1.34203034002912 1.27944879941249 2.75492745786020
-1 0.825107117937708 -0.274582878896101 -0.0491151926204216 0.500489363938693 -0.126788354960082 -0.373472773732233 0.539638022316529 -0.239274536946173 0.913798200395343 -0.763368887886857
1 0.744292369079938 -1.37457780523363 -1.14841635557032 1.09357203347162 0.883540505361697 -2.05458565205701 0.59484943235841 0.938950676868819 0.181021532014407 -1.26855619384122
-1 1.27836674596253 0.353023692770465 0.389683487727726 1.89012030528070 0.407526753127831 0.631561063421972 1.31870392152577 -0.0286451013308855 0.120639506359701 -1.67678669756753
-1 -0.203112928556633 0.990916724718364 0.0302032016029647 1.89031107521417 1.41829528033837 1.89410621095657 -0.566475579258466 0.98296719310094 1.02576338985005 -0.896532595659021
-1 1.54034812649415 2.04924221326266 1.29135065858961 0.62202803802173 -0.00955699071635385 0.783415311088386 -0.89118431388879 -0.0275301864041865 -0.0114293132518853 1.30322730434873
1 0.0197160536686822 -0.747364336599226 -0.779411374115356 0.334426546457595 -0.985395350818968 1.07465925891380 0.619905019064596 -2.98315389385033 1.62065658959343 1.87576507320707
1 0.738210943802929 -0.385546338824361 0.305681316750252 0.0822173432084905 0.992200848730852 0.46508053366809 -0.245985798271155 0.643465658432019 -0.519086383929125 -0.684349812065381
-1 -0.0917528314266108 2.51150113573503 0.54469288442791 0.0483890188119178 0.94541903140783 -1.38803795461203 -0.127771602007345 2.40005354499204 -1.97777661156979 0.731626273593468
1 0.622116565720049 1.21345774274669 -0.461967049148558 -1.09518811440081 0.678050752878359 0.889100908574699 -0.893464040684824 -1.10056157420177 0.832265177856411 -0.302373272302860
-1 0.473165175520298 1.25659360447130 -0.798911801015693 -0.7847024228557 1.19134208233264 2.62234068809529 1.13130195675596 1.20785675140133 0.586856909686651 0.676917217272679
-1 -0.953397503698797 1.56362064859406 -0.65179028695965 0.58817994634725 -0.0724259834878912 -0.123169325177101 -0.234896542723982 3.54691255727624 0.350545151658859 -0.0646502894693459
-1 -0.204382795583026 0.92258174494988 1.09060740487978 2.36269797635093 -0.842648911491912 -0.736283953477111 3.18825042273769 -0.713162569330304 1.33165812536588 2.88495087748588
-1 1.27131594474131 -0.95465339550854 0.650216597740457 2.54359100016586 -0.136846153316913 1.24499067055405 0.633299853653248 3.13568072936433 -0.126519695192651 0.0536525781645377
-1 0.529763665800213 -0.502202564127216 2.20481507026271 0.673574932637041 1.40186120059946 0.44077777179824 1.32101719656784 1.11549913769871 0.218330076333163 1.48588305190572
1 -0.381368369833698 0.3135635609305 -0.646516811393761 1.68571370047477 0.289487126333201 -0.629206251350932 -0.372784981084516 -0.478901621491824 -0.617350697097848 0.51038492871227
1 1.45773546856203 -1.25622396573005 1.0721236868292 0.325717729017337 -0.173245076130602 -0.0952913612982597 -0.210576892774074 1.70391716771815 2.21376781748542 0.404512236857196
-1 -0.212007388844620 0.665484411134106 0.993245799043022 -0.563116369535973 0.588432671288216 -0.664751996984076 -0.859977484350414 0.693427700568654 1.14883947583675 2.85750034056134
-1 -0.667912024952279 0.617979931084953 0.175322094100136 2.37564500800274 -0.137967018303702 0.501648416516179 0.283712644429065 0.816756982957134 -0.631840026951224 -0.399348805406339
1 -0.958844480124972 -0.383080045622103 1.43450493736601 0.0620173261754949 -0.342761301348981 -0.647058571285853 0.320969457813298 -0.310428812837416 0.737267016423375 1.00055375809341
1 -0.527159087895844 0.324293549289081 -0.771154373822676 1.85351620063434 -0.639529733196207 -1.44709557680896 1.65823236247562 0.253480297950223 0.0617366306818864 -1.06736969621986
-1 1.42340919642932 -0.466551874499104 1.80649287563144 2.75904732003839 1.35508099288083 -1.69321751429764 -0.404489960910121 1.42267259238830 0.669591607151196 -0.758779834522914
-1 -0.233109191630202 0.644624008571674 0.693862373071881 -0.174306364228405 0.890510816888843 1.69365068481150 3.11144942809931 2.65901038460044 -0.743209746647117 0.197877030330731
1 0.562098105472383 0.727098987349637 0.161366035036617 -0.0482031668207927 0.0382220114968391 0.145612055216004 0.305439306219392 0.0221072948394097 -0.0564956386382558 -1.66853779249674
1 1.76578676251609 0.971013602021213 -0.224671233003716 -1.09059400060108 -0.518667378936865 -0.132856676489747 -0.264045125565753 0.294671805746368 -0.475308556260357 -0.549338711567717
-1 0.949724304174691 0.28629831432736 0.108214349889951 1.37046828330682 3.10267041952794 1.52849535960192 2.17437665200846 1.79874715907692 1.92732575058959 1.80937122214445
-1 -0.590565440656437 -0.550406752626304 -1.06716032273234 -1.14827096746013 2.64384950124274 -0.590377391309621 -1.21815299770322 2.16105335401272 -0.892199365213356 0.900803719872467
-1 -0.234021461225868 1.84129685516462 -0.238195669386631 0.927542984386017 -1.54667296808616 2.02704132761992 1.61857762818416 -0.65318914178217 0.401541135268524 0.239457115053505
-1 1.72990204987433 1.02511575314981 0.654371922862593 0.731939415903809 -0.427651389818241 2.34507566160514 0.82312020603608 -0.38619712111891 1.05468417628809 -0.201349628066945
-1 -0.00195853281058955 1.42401364004294 1.13242724596075 1.42413645910461 0.915670449218202 1.08379906270056 0.0224113106368321 -0.9619539200247 0.549829237197865 0.730208029593124
-1 1.03576082955770 -0.73613043568112 0.604797167095962 1.32160270396002 1.68270738566896 0.71786469521775 -0.466882168238895 -0.134538639741693 1.04166837503969 0.446103323806933
1 -0.103271109195209 -1.23055129118888 -0.08661689702916 0.447080756794281 -1.39886264611643 -0.207573843697206 -0.27959322583837 0.998584682641496 1.34415604695751 0.219490386083547
-1 -0.701720881982494 0.604431516612358 0.778334748612044 0.572771837658879 -0.692110420410893 0.437205528986551 0.116286997948422 1.14260765522831 0.714020293291105 1.06857260974288
-1 -0.294597163074346 0.756544743227521 0.558508098721641 0.528026694773478 0.0981875225220812 -1.4252742532233 -1.80066680767752 3.17017019877962 -0.741205678001261 0.352509534653276
1 -0.711397874465831 0.546457163686233 -0.906154509107453 -0.434178146138284 -0.256107499365763 0.0294416589248529 -1.6109105902203 -0.987177246138635 -0.259873760206675 -0.292676575645977
-1 1.35324311724950 -0.67585340419027 1.17021663359562 2.45090031228915 -1.44697143206210 0.484709215965718 0.57195400402866 1.42720250101244 0.0832477891379317 -1.32167298117035
-1 2.11457862974750 -0.204261695657793 0.0248294475705008 -1.13000404203807 1.25277246093694 -0.784837374943871 1.51888605497317 0.174160734339163 2.68240051318939 0.730963588132968
1 0.178209402272429 -0.239237196375458 -1.54246475140115 -0.0918225759597397 1.27814586622727 0.143553322299908 0.513248938871373 0.540137053519916 0.108554951115783 0.731422544724363
1 0.583810216726048 -0.8311070010553 -1.30091853037233 0.277056700034227 -0.0676900107901007 1.23707303335508 -0.269398576075573 1.17606733210687 1.71535737072628 0.4750513967939
1 -0.737464977721887 -0.615712752750392 -0.841663299493247 0.482569085369274 0.810345340590408 0.260495587068152 -0.392967038224739 0.623290848503039 -0.389189126928513 0.892412791456792
1 1.21105362133038 -0.222987622178 0.432839040015578 2.50393529415589 -0.573416136560612 -0.494529905328962 -1.44302136723962 0.093287305835877 -0.242929651682838 -0.00231261162496101
1 1.38497003294496 0.453759528206478 0.137342945730729 0.0241368710676989 0.127310152401762 -0.68155710379769 -1.21455004157110 0.324685713763759 0.254139121293681 -0.332106982439366
1 0.996807764157144 -0.268592260407430 -0.536183739421962 0.522094728252884 1.61228148708035 2.32565152814139 -0.5106979202912 -1.25528227080272 -0.17678036809372 0.819568324705897
-1 1.12995044927744 1.16467016807484 0.704212104642249 0.328350292430194 -0.388261737756036 -0.88016645660171 2.00791090064588 1.29972479868241 -0.0717636439487314 2.52360569117423
-1 0.645165169533146 -0.257220865541374 0.668171528436677 0.433756552497682 1.3240407919536 0.253530928119602 2.46204421700008 0.513890301552406 2.14355501716772 2.23157570231357
1 0.520433296903754 0.163667812205468 -1.89083791258606 -2.40398735295630 0.83715200851996 0.395338018985424 1.04961302860553 1.62716971204289 -0.290724088432297 0.343208443903281
1 0.574544972491181 0.158617134005463 0.755650316061066 -1.30337861335882 -0.901822238110664 1.95416894765795 0.838187193075569 -1.15175176420795 -0.408324800852018 0.0160553579385018
-1 -0.37293634461219 0.785254478139111 1.37436704699371 0.404622828350788 2.26131999903912 2.26833264628041 1.35222702116358 0.822056640951511 1.18656987784775 1.23163493999195
-1 1.14115087626703 1.62982803726076 -1.09613715776246 0.0154345346165319 0.809086704368105 0.208651720596413 0.587637903673466 0.638748463705778 0.163223120309191 0.82552904429619
1 1.07694665797735 -0.160098614021864 -0.301205700909060 -1.72705365169834 0.279295241604224 1.81217416681244 0.266996129161851 1.05963216156074 1.16416609551223 0.512196502697964
1 -1.22856889901206 0.55958705280372 0.318170908220564 0.448896378518133 1.10649686369489 0.785582476931561 0.603068268141397 -0.634188588485072 -0.196202914478329 -0.582031879163013
1 -0.441985515830729 -0.173591949360450 -0.196496265941532 -0.791758141023545 -1.24109760963310 0.165643010867675 -2.53893779440512 -0.560831017020534 0.891725361815811 -0.489083203337634
-1 -0.637469387578132 -1.07919598013927 1.13492772580762 1.03009238137581 1.75431039717157 0.432868959251139 1.18838974097277 1.17158448600345 1.06737068271687 0.899961839472908
-1 1.14902662063357 0.120746544057059 0.345103487376749 1.60340672778228 1.05241141736236 0.0757109763649211 1.04032042898413 0.486003055431949 -0.491642167287288 1.67619485906734
1 -0.00542043866794512 1.53568700620145 1.65206584151543 -1.59535431471324 0.168005098714420 0.781773589959685 -0.130371920154608 -1.49969910452257 0.371742291465271 -0.336704109394914
-1 1.55542307775419 0.964392256135587 2.31764035125558 0.718393512742172 0.225219859597391 -1.15764490203171 0.160907533658090 -0.37027325764998 -0.572036966808892 2.3318337364138
-1 -0.932128049647476 0.457380645500085 -0.938210195567764 -1.30636088018721 2.46570440743801 1.61917896048990 -0.854911931195393 -0.103739442354040 1.45964375067807 0.137593725073544
-1 3.38585650017016 1.39077956631416 2.52007453734100 0.128079391943340 0.418716162216312 1.21806653950727 1.42101848545075 -0.641428097847983 0.219055659478973 -0.589681678172057
-1 0.334350550700893 1.00907390842464 1.40013373427310 -0.00535394170291392 0.828175981414432 0.991335051384155 0.852270082780985 1.10044674117066 1.65975556242918 -0.686542296031395
1 -1.80151641155218 1.80339539455317 -1.08191358748415 0.816161796193383 0.0940735800607746 -1.12639739904649 0.565923006209457 -0.359316947912212 -0.868195686744394 -0.465168374475497
1 1.55557075163315 -1.19166644527567 0.993849968151917 0.542898723959488 -1.26287053284852 0.4282880944813 -0.30477994254832 -0.61760864430766 -0.677623009832426 -0.0686826093766168
1 -1.54355816895151 -0.466548258852296 -0.610176513443911 -0.457042897652393 0.355530308656509 -2.10355783408421 -0.799732587194896 1.69890788525684 -1.50562816728168 -1.51348298412249
-1 -0.0178961105306011 -0.324370621181536 -0.781820573931021 1.12759740922236 0.652366356080203 0.854610148068403 0.320855300035499 -0.190686762026896 -1.64837070725891 -0.302125998832961
1 0.614791113215061 0.88239950896218 1.82652295470759 1.02529325292087 -0.165589057991720 -0.188745726218568 -0.456017070861226 1.0615419755837 -0.845926465079437 0.532116903340711
1 -1.4426021074237 -0.549511642744372 0.402754062048355 0.0149244472086101 1.16181622297459 -0.790776501039987 -0.055942109705966 -0.300237940128663 0.0474705918043359 -1.16447264327009
1 -0.111896417120629 -0.725087160978262 -0.164858817078505 0.467661075309061 -2.25968947713432 0.445007231423446 -0.907975925261499 -0.214363153565364 0.437739459230066 -0.110555394982142
-1 0.82376493699778 0.0230163067439183 0.656967724206891 2.0900904134531 2.21137817389513 -0.981319910637743 1.58906926398053 1.70528751759312 0.96313996528209 -0.443379792368037
-1 0.622594048557694 0.173175271172846 1.22958364276122 -0.440983681589375 -0.195471734651398 -0.31969134611636 0.776534869287883 1.20265398188935 2.21058384937932 0.57985141483169
-1 1.46226930052508 0.37681439178266 0.523262072367294 -0.870263499455846 0.446980397383602 -0.0129466817027238 1.12180003028905 0.515144951599271 0.545905896890814 0.500950140923809
1 -1.09677610570126 -0.508449662296521 -1.36976250782031 -0.857851204624441 -0.603487126187122 0.385910172997488 -0.218367883024277 -0.277775594945776 0.647429076604443 -0.844344500084516
1 1.32310627026964 -0.810065436481687 -0.0244916425035357 0.0519155941497773 -0.311578341105405 1.65172294915666 -1.10962862028968 -0.718074828646082 -0.412101075493863 2.02973767046341
1 1.29803588721134 1.17485419376770 1.83163989134032 0.689389934711677 -0.321906932329332 1.12509586500408 -0.833656541815472 -0.405597014601016 -0.743251931056694 -0.0289121805213118
1 -0.656931280075333 0.493995366067661 0.937493533366741 1.56211045444026 -1.36503148347352 0.476952882369658 -1.73995345173630 0.138696242852731 -0.094447078917885 0.128746230961932
-1 0.736361386862624 0.461101801973489 0.24797557926191 1.2706729832981 -0.673987186154692 -0.604949481909754 2.79992934134128 1.20193999157102 0.630551439681682 0.559870426458001
-1 -0.429724619395953 0.419862761857845 1.99876866387269 -1.41772705806536 1.13783426866371 0.838000313866508 0.0220307262822619 0.492125132174197 -0.0499627537787173 0.87339226528084
1 -0.962376977101049 -0.175695188034242 -0.0596733276359944 0.189225002225511 -0.95271340476294 -0.0621746337603917 -0.943466599421129 -0.327916890998675 -0.294613990420759 -0.543625098942512
-1 1.26557153761179 0.687467367088309 0.455546832456629 0.584170037890584 0.167602547903559 0.691394636711222 1.54242910562466 -0.0907287129568474 0.888318326246882 1.99638203274394
1 -1.11046814849991 -0.354494307672054 -0.188186456746069 0.119890094866471 0.213553911978981 -0.0421891015702489 0.343811597096683 -0.481757832069556 -0.73585437733929 -0.082279349715772
1 2.07576218288463 -0.547519233121413 0.232095962866126 -0.799679757911837 1.4722003961973 0.933610008763965 -1.98256752626401 0.482964105507966 -0.335034304080137 -0.410052530778418
-1 0.82838427868379 -1.09317510258724 1.24175982437935 -0.33140967169504 1.03454886772664 1.14724201332764 1.70325134961019 1.25784281335667 1.02266115860042 0.7631701077735
1 -0.278206443902068 1.07417201257771 -0.964562902067326 1.50609678698036 -0.139447615398757 0.869892034503615 0.856459210549115 -0.398025080056193 1.687311136178 0.966721984421062
1 -0.0459268217912253 -0.705436121496787 1.18889635462943 0.737457947494797 0.07291144983333 -1.3699438133235 1.2674293467576 1.23934834219557 0.0178540757933427 -0.359199070031849
1 -0.825669318735973 1.68646549687159 -0.207925925368516 -0.154893177505324 0.606138395690493 -0.053379791248748 0.505287307239454 0.975946250562846 -0.895246316424376 -1.70238582317573
1 0.631091125192363 0.219792617266426 -0.421950966015018 0.746593341099287 -1.23347742603411 1.18149003335472 -1.3032125070092 0.701819994273217 0.874011640170517 -1.34464099988387
-1 0.0359484785420778 0.461617740039783 0.167952662172525 0.212541534820376 1.22660907316367 0.720105155083942 0.411150691074366 0.827815050266082 1.02420410848969 0.2047818463105
-1 1.79660813323339 -1.23890412056016 0.293776080682329 -0.585317661556621 1.04322763191165 0.830015117957345 -0.302544983833150 0.989840563512587 2.33636429451275 0.777960760717322
-1 0.201191566944325 0.739273440071518 0.0486735790342446 1.42324814442139 -0.203352079053931 1.88776805502579 0.324639500111306 2.29692711759096 0.208347316427144 0.282791548978034
-1 1.09861143548313 0.891534784049257 0.785268235871526 0.0796131190153468 -0.338065793127666 -0.247857058563032 0.422449613506994 1.55710944355505 0.873312413425713 -0.039908363106287
-1 0.221317913758812 -1.39111592918794 0.974214677942871 0.868497279456407 -0.713757763078389 1.12008277352540 0.218980597576800 -0.162198925351753 1.30301185223787 -1.10989044842570
1 -0.944042977813183 -0.0619631824993507 -0.785138953179603 0.318766319471811 0.472178083584667 -0.880682850102577 -1.97085114004761 0.129714330402184 -0.303783800610988 0.601005849802223
1 2.27658173325594 0.143452880358269 -0.478181199223599 -1.60856685223276 -0.219811438143586 -0.758467856503423 0.200967472412976 0.535368362446946 -0.128156795164686 -0.67605259835124
1 -0.939438539699429 0.801766122019753 0.708738803214394 0.272853009675419 0.505951183300138 0.0782578013936529 -0.882714840192062 0.208236634871838 0.144223740408358 0.450514998755914
1 1.86772692220403 -1.15378288267087 -1.40153426619209 -0.272285108324935 0.182042645127176 0.192385371546292 -3.10939381434846 0.893797361906688 0.788016115046467 0.879897206467541
1 0.390365799562861 0.33934428089778 -0.803744078415638 -0.34887368441432 0.95041618277405 -0.0987652191659008 -0.0820264617681374 1.67051535000609 1.80614187243974 -0.430453143681167
-1 1.54004953731590 0.951046786796205 0.471004565707243 1.09404040303234 1.32551221279555 0.0337243003952956 1.03738860664949 1.61723583955241 -0.299910662605303 0.0494351109335069
1 0.335607463563083 -0.426402089127996 2.93545306196059 -0.704691627303975 -0.952852949120833 0.534829375119268 -0.554734832155341 -0.497736731911687 0.384579579397639 2.57537343343862
1 -0.661157492163521 0.0333498259019403 1.81260594461260 -0.791249773881162 0.169041226882598 -0.0290014953114741 1.36757395751536 0.39448808462751 -1.14188788949727 1.73897256815249
1 -0.704011736731264 1.56991572955030 -1.20030999461953 0.481121180070091 0.294631087954209 0.774817684118 0.192509172893496 -0.0228905621233054 0.00962192313339095 0.0112161814217571
-1 0.57231438327333 1.16164849427837 0.577785510180647 0.862510836685914 -0.587151649438714 -0.362369542452113 -0.85775203043958 0.282169054399506 2.56951791187415 -0.268010940018039
-1 0.865935237456076 0.536351212196599 1.65774119111176 -0.761593464426794 0.354010133725935 2.02409910742241 1.21045382038603 1.08258364295737 -1.28763967983796 -1.26762216527997
-1 1.15916074659563 1.41369000999007 0.108631118039818 0.876635461733255 -0.74970132034498 1.23573269937486 1.08385637573939 1.19882954544796 -0.725822337273424 -0.124065051913258
-1 0.918125540297525 -0.269096678823965 1.1003718995332 0.884568863728482 0.442153174220958 -0.00940010011613934 2.64135784142013 0.754686287814843 1.67675393883411 -1.48461640893973
1 0.0780323428031585 0.181476323582013 1.93312826709812 1.7541847978608 0.573852778308374 1.13702239197648 -0.660493024192151 -1.19741621442214 0.543322025536752 0.29584448384231
1 1.22125979832351 0.336919976769102 -0.245557596224971 -1.01607821974428 -2.05528406759121 1.23487214989616 1.40635918128445 -0.208471261950128 -0.364075077882989 -0.792145808157755
1 -1.07251294755377 -0.656132301573175 0.713959859337651 0.220366829528483 -1.84872394889975 0.712699825028657 -0.104838442770332 0.319816543134603 0.927820020475277 -1.11844884131411
-1 0.663405834629618 -1.30831333857231 1.16794490235623 0.994947242383305 0.180775868172041 -0.0352681458512001 -1.44252392272479 1.70074682133657 0.242972663330873 0.817660117555012
1 0.120204234799148 0.0963779001390042 0.638178923304028 -0.681792205751348 1.02239436187693 0.279316301883445 0.395916267004327 0.257860594744273 -0.183821524674576 2.21056648254358
-1 -1.12471110960776 0.627919527730504 -0.144221587588276 0.314241989356378 1.12158419267871 0.849563711674837 -0.153062857171660 0.281851713429401 0.99330995778996 0.677901692462705
1 0.551848144090935 0.421867802764153 -1.99478440608619 0.0390212405564076 -0.693575960703634 0.234520712733963 -1.81642748899314 2.29141596924902 1.38151078086737 0.662354266491975
1 0.95409660215478 -0.892632022723669 0.231778164144391 -0.661894339318675 1.19804795370644 0.479156978391862 -0.988819755365133 0.493402462290154 -0.763856439984524 0.0322181411884552
-1 -0.780021293939854 3.41366813868957 0.170379446464995 -0.619836161762843 0.571337005328806 2.30249923750761 0.277881165778054 -0.419389208851407 2.95572851224615 1.21228460290318
1 -0.529237165051817 -1.07063998076896 -2.22537102756657 0.401026481862122 -0.166145504768196 -0.218795832431046 -2.08803268078958 0.975067126350159 1.04923944573980 -0.399092838942798
-1 1.39624128188968 0.708740926461188 0.142774488811695 1.17443335223024 1.45336749063570 1.35424630979817 2.29966096004435 0.927578262482296 2.73749099859952 -0.112801949517506
1 1.83106426798008 -1.92966378833244 -0.801795970577178 0.63484034402531 0.160413829729503 -0.664980081662465 0.280249417967945 -1.2364488644367 0.671646603059116 -0.0742897787927749
1 -0.110937134359449 -0.743986315558013 0.475592960760294 0.0483243424191315 -0.984443387330246 2.90404159710831 0.565980419554192 0.481252044650912 -1.32745270108576 0.0750723844631614
-1 1.39214563918471 1.4104356364948 1.95414340992316 1.79062185536797 -1.27066998727586 -0.998076351860584 -0.409147930081443 -1.79747374045418 2.30040538020765 1.56724063927345
1 0.546795751955562 0.468741960773428 0.918088033534129 -0.609841774333805 -0.128931510612148 0.661661793082741 -1.69979028015719 -0.95441710643097 -1.37169934477587 -1.32806421140082
-1 0.576735075263822 -0.596284425067704 0.388580993086001 0.720701160280197 0.0449828053232858 1.09523255204692 -0.874015690902269 -0.311865882116025 0.496420686314167 1.23185983039205
-1 -0.727384318561796 0.193460084346225 -1.83822242932986 -1.38282700037233 -0.620199432115905 0.867431791915156 1.43044775398083 -1.58669408675401 1.04391274187278 0.303609784246896
1 0.303571552957012 0.7578799954737 -1.93518238033737 -0.882553764473318 -0.301228893759749 -2.31944354915678 -0.702117512148016 -0.591815095850465 0.931380087142657 -1.93372607838724
1 -1.08057295182285 -0.375235282772074 1.31730459761751 0.498307755030232 -1.85383779703246 0.315845470602833 1.90281261345885 1.24628999503612 0.104609765449138 -1.97744115850874
-1 0.818508181037376 1.03134644346234 0.743628542791915 0.172302199421197 0.700192749447784 0.859668834422279 2.89544166825473 0.194141407471187 2.84039769324449 0.218366769203206
-1 -1.12788787764492 0.543045326140584 0.232516369544074 -1.25548421864809 0.876974113222808 -0.853553991369334 1.45379154630938 1.27665320692358 1.36865318075020 -0.872356438473184
