-1 2.09141903187236 -0.453388243002404 1.60121475796637 -0.40955716746951 -1.01778984706721 0.296059804290634 3.3342816270945 0.501418283248009 0.218893490529707 -0.685423654514747
-1 1.31048795213364 0.354334591346512 -0.0688491204223325 0.654970529189016 -0.90363038284566 -1.02531845681905 -0.255530442399011 0.712625236223418 -0.165142281956315 -2.36149942968986
1 -0.294954452888085 0.0874072902027408 0.65401215094722 1.15375882591577 0.970403920849186 0.607645835537125 -1.25904230703107 0.0599796060279678 0.802395090646777 -0.412561582245200
-1 -2.36221766364164 1.94733907736386 0.460965206451180 0.745313230768823 0.502635302680858 0.465524305434676 0.137965954022393 1.17075666056143 2.09261436655255 0.649520095915618
1 0.138265940620549 -0.0385375072603398 0.428865692094512 -0.620538864333151 -0.636668531099128 0.160880947574970 -0.756089455095962 -0.520861561552786 2.25055860759661 -0.0175779577687648
1 -1.33814470569018 0.190944911746820 -1.13157604915081 -0.226988920705680 1.32715886394572 -0.751936960000901 0.844632519468133 -0.335279738319661 -0.870222899211774 0.314177286488699
1 0.107439470682589 0.869375251439595 0.172658585483165 -1.11653593562250 -0.0853747213460828 0.140131096275305 -0.656698397923693 0.127215138309583 2.16720568304599 0.153695952333961
1 -0.445217641162492 -0.687525289859885 0.9693238415589 -0.477619441391709 -1.99214893917692 0.703494717509882 1.48950824870117 0.852536921940281 -0.470550854057054 0.658203654122323
-1 2.3054965602522 1.18466516782854 0.92742149484321 2.14398447674029 2.53280219249398 0.119104795323552 -0.197631294014574 -0.461157314444877 -0.592200677041974 -0.767297101288768
1 -0.15677212026102 2.51020272887774 1.16787327972107 2.48567384240282 -1.47801032406964 0.430729891706534 1.87041878019555 -0.353135487992304 -1.28451317341496 0.0465204594090912
-1 0.881335414412227 0.493920357113924 1.15905098905233 -0.168870850219940 -1.15355040307023 2.48137280182863 0.851230558847721 0.630193139405528 1.19609580335456 0.341994471718390
-1 2.11532500440609 1.07416943465590 -0.525949515230392 0.591840459822681 -0.750838200886783 1.30758376384641 -1.07869850168477 -0.188701301537154 0.701644823780797 1.07073014959971
-1 1.66712971525226 0.0202619878175798 -0.159611599965744 0.848840227957486 2.50513798307299 0.958860559903312 1.62820530541951 0.783934656471102 0.781235645568266 0.557737753557437
1 -0.228294069208910 0.313491097589794 -0.0165726875811435 0.831588123117324 2.62697026893280 -0.438123874960169 -1.53581987874455 0.180751476333467 -1.41760867846689 -0.0999864391094375
-1 -0.592555261345152 0.383661082711746 0.711725656705627 0.456516591967405 0.331065780928707 0.56753851667825 -0.44261630492845 0.736591848075102 0.227558119594364 -0.00589435958817519
1 -1.71427521112150 -1.40681568936663 0.273269041004329 0.492596779924922 -0.0756335853171594 -0.475011146751464 -0.82085140710985 0.7818526967156 0.78544888658921 -1.84410709180356
-1 -0.443353113423472 -0.266825958551067 1.70734170364982 1.20831610157478 0.260432382876886 1.84822034184255 1.03796124431627 0.812811997578565 1.62438020380076 1.18722798235590
1 -0.761777621995382 -0.192942758918286 2.07571478877998 -0.601886868899203 -0.846881859747222 0.556521852563576 2.97863978416893 -0.862473559879435 -0.000186852381750434 0.279553095717764
-1 0.718391670441108 0.226869319115529 1.03132193818560 -1.68418969005956 1.79799603938241 0.00529561605501272 -0.627182953938734 -1.07148945164975 0.199126471155162 0.319462600070475
-1 0.947943712824202 0.510308756143824 -0.619515417743378 -0.758948286548817 -0.342806058407426 0.459864486789255 0.421540071561135 1.54597034547455 -0.87930312418913 0.706741807253441
-1 0.422166360148652 0.119407939172097 1.13926964207417 2.36621619865107 0.846335419132876 1.98064451407472 1.0626719076015 -0.667302095630336 1.63631598421806 0.202668350492483
-1 0.104052144548770 1.81394274327812 2.34091050658442 -0.553117897582314 -1.708888462988 1.53609637438123 -0.955893336405431 1.86035815064994 1.60702251983148 2.13635905959910
1 -0.618054985408376 0.0164084013885062 -1.05603553694570 0.0859137954217694 -0.661063564328884 0.189731654573392 -0.404693761582097 0.202761253173102 0.104938870397827 0.371141848092795
1 0.381904186004121 1.35377774978792 2.44782798359725 -0.431632437520768 -1.71399112482605 -0.468528855941541 -0.586453083099781 1.13857448952175 0.486513376069178 0.976163217333933
1 -0.146217271827271 -2.13961012845725 0.700118061176843 -0.329062441627873 0.270475548913872 -0.880184428174172 -0.863600368798917 1.29760171789534 -0.396300308257406 2.95210327915956
1 -1.77313390656665 1.23669286740177 2.55547926446687 0.601840712276136 0.677031969848723 -0.0382502543295630 0.788316543236978 -1.73372059189402 -0.853996371858317 -0.227384629178145
1 0.0161346561084033 -0.749928111857582 0.818850408890173 1.04456737502122 0.544406208490564 0.250643620242824 -0.743213048240858 2.25201383580587 0.429918957596557 2.13021190415004
-1 1.35995714154203 1.25442005472631 1.25925391904722 0.444307128822193 1.31461573739700 0.225950741964946 3.0541988701003 2.49874105978931 -0.656992580533433 1.57626619952141
-1 1.39564205283073 0.482154068495844 -1.19548356352539 0.457484419002464 -0.426046097220031 1.04765642240657 1.18439758933060 1.17301602640189 -0.340562339356881 -0.22495643593545
-1 0.00154816546965886 1.23401006761523 0.0367496938322485 0.501711953025483 1.22835634118597 -0.757620839954119 0.364788207355774 -1.02461152339518 1.42322683734137 1.92845544159010
-1 1.56009992524502 -1.07340527344775 1.95450216566117 0.126346323007916 0.404865028544613 2.73724037468549 0.725823907296949 -0.182353635227565 -1.50858563789859 0.369328676577291
-1 1.66827393018775 0.963586232763156 -0.347009908665667 1.93627899409963 0.136201212596732 1.01562631121508 1.26632265864059 0.483355827169981 -0.214643398285520 1.04942269370006
-1 0.864978612200267 1.51396882835697 -0.949397048184174 0.140207552311821 0.149780094803940 0.163047499857321 2.12665494645902 1.13210729750321 0.860810265505447 0.532586209207822
-1 -0.300784561525182 0.0142834194916338 0.938193718963094 2.13427915286677 0.476472502366674 1.35685779607944 0.432659928868571 1.45021746908549 -0.262083323533554 1.77975108138953
1 0.200214329529640 0.224693177069999 0.616380280359904 -0.487494839000635 0.0285194428157436 -0.62751943607927 -0.397733784113991 1.60843392385122 1.07243935605250 0.40984936580513
-1 -0.215769695202039 -0.835146002155702 -0.576466872686384 0.762854159829209 0.175189427698276 2.17414556392115 1.06059953099719 1.34329378086219 -1.15542165368919 -0.785629535770811
1 -0.048880754783707 -0.239320261439754 0.5779985099088 -0.525398516729767 -1.57110115777108 1.24140681333306 -0.0909653820344453 0.00162528747096907 0.687584538410158 -0.0554439845255152
-1 1.93976387754918 1.46774152503192 0.219793816924120 1.66625864993198 1.09641484336985 -0.736420719260596 0.101341906698526 0.711711414233045 1.83328937758773 1.39609525427202
1 -1.02498714694007 0.800038365082173 0.810182102393888 0.209655072047413 0.979801059536666 -1.36555413303225 0.673204167172309 -0.250714547552003 0.952770838033163 0.0394983374898160
1 0.485522037604983 -2.56321556382421 -0.803232746239441 -1.17256715729398 -0.397726468266745 -0.309081733498489 -0.0435914910612479 -1.80524158212553 -0.292654315208742 -0.579100240025292
-1 1.69055878844655 1.61706643649853 0.915361211739288 0.137240270979392 -1.36768715430745 1.67480119184739 0.9511518537256 0.687063610817808 -0.143262278296586 -0.52369755690138
1 0.898942526716306 0.370045519177856 1.06439479345262 1.03986324595731 0.322691531173653 0.028182183012203 0.428412402281867 0.502109071940473 -1.67791945899795 0.308285045732396
1 -0.340494105327819 -0.510017770272708 0.86761774591841 0.564478226042929 -1.68930236062872 0.743315940159535 -0.103025599339298 0.678596706101245 0.250838449247685 0.847393169999496
1 0.137717379447928 -0.357903746273713 -0.935269485113151 -0.418396203747451 0.607019474382287 2.07269687342453 0.213446970987469 -1.49688529528007 -0.095118142405466 1.14822968099674
1 -0.463503567393855 0.289231813444349 -0.102992754581115 -0.307443059250404 1.08087140028649 -0.0497686417651422 -0.977514224548054 -1.62365241698957 0.483561642691159 0.794555312529646
-1 1.02776353105784 -0.102629798451004 1.30272480858106 0.345697502174075 1.46294405984848 0.314055138353879 0.505693004507784 1.55921358761515 1.77447913108526 -0.161685203308198
-1 2.92248136650580 1.83221933501640 0.0775532689364864 2.00499211006109 -2.72314036232283 1.67138201116998 1.74762690212440 0.694640514269053 0.299500891370372 1.76729097307772
1 -1.05957266454231 0.954801188780643 -0.16251988936589 -2.26191445626920 0.531181972235613 1.73452730038526 -1.17902550184749 -0.816513621504833 2.66225114276106 -0.826056452624671
-1 0.331845333900816 0.139346496479686 -1.10479689981099 0.693777892795131 0.96144876515983 0.934166097891406 0.447847062776019 -0.280408651238744 -0.215674328717183 1.52808504189314
1 -0.14722218215916 1.86599445279461 -0.525543526361097 0.0485330070891504 -0.793567912824003 1.06856759159633 -0.628759563686936 -0.185902494838057 0.552862035201745 -1.03689700897662
1 -0.730643239032295 -0.298822955235663 -0.187223755543957 -1.81328698513080 -1.10689857117177 0.996577771100568 0.110561438918614 -0.147264553934681 -1.18590583808729 -0.710812796667607
1 -0.0446386490870293 1.70772365031627 -1.31747616155356 -0.323357069237579 1.58717002334691 -0.697208455287635 -1.65414217335465 0.290564887823461 0.125682647546387 -0.0219994684933753
1 -0.686094821801105 -1.13350266748072 -0.412634677943532 -0.353267537201345 0.910137549262058 -1.00246355371994 -0.537055987738394 1.46031717705563 0.876053409419103 -0.27102117261474
1 0.491162562275478 -1.01382259072081 -0.0961011220366979 -0.907368726113218 -1.13624738881753 -1.05688265326147 -1.12534216581152 -0.745820027060466 2.03559516270812 0.505836149096051
1 -1.28032704665057 0.7435872218948 0.0626307011585232 0.266688214039837 0.568770484073232 -0.564619631495068 -0.525954798711872 -0.318028723384208 -0.184233776481302 0.288472796774177
-1 1.80807051774807 1.02592515424457 0.280097363551591 -0.291464046158389 2.46325063807858 -0.884601002961234 0.539870842491274 -0.936730626155381 0.0554752344590276 1.85347024663973
1 -0.829254550883966 2.30683695267705 1.28273693956585 -0.308909472746923 0.279994262126598 -0.280695220480342 0.598637622428246 0.205039132529038 -1.06670937829192 -0.819873642509206
1 0.390545923763455 1.62103544512407 -0.223697195073615 0.608271188514235 0.832559845937757 -0.551912995330329 -1.05749616110988 0.430475235921948 -1.74642870420804 0.105152588093251
-1 0.163359623141632 -1.16409549113893 -1.67618492097665 -0.504611447071644 0.630643707132505 1.83278760371662 -0.00074922205136052 0.652943579439329 0.951850168658894 2.29508320821285
-1 1.02085881591627 2.28317115275402 -0.346248898598326 1.05082282726095 0.975180568843881 0.96518218889326 0.587015212115744 -0.312183922389467 0.779129955537202 0.790458098022244
1 0.660376581493752 -0.254581640899667 -1.95332999836044 -0.355475458107376 -1.25304563026223 -0.964317066408309 -0.733419348034385 0.142806092392891 -0.784186774415687 0.131256446795415
1 1.00899638042270 -1.52964344274257 1.24082511624888 -0.83782962133221 -0.164295435386276 1.47927580422686 1.46479866026638 -0.894027535883918 0.287048909526289 -2.25503990410593
1 1.23603131701210 -0.212730487127527 0.057089146686844 -0.121362033392190 0.918433643561756 -1.09129563336179 -1.28798524127692 -0.355265237847277 1.08968495944833 -0.974561845561112
1 0.746689391363363 1.64680359770615 -0.436870693152336 0.910766354854618 0.809355430290579 0.986547943803555 0.444270961643988 -1.50823432784844 -2.53546483629134 -0.520894807735044
1 -1.35559247441974 -1.27564662602536 -1.53135130420683 -1.41633828339785 -0.260705009279638 1.73770935986384 -0.137493340207072 1.15226310019789 0.821676252816018 -0.303539922780293
-1 1.12647607326226 0.459507829396986 0.77881618004946 -0.207637469425576 0.979931570482275 1.40959260812744 1.1071946047816 0.283537152427953 0.76348321360611 1.02546423570080
-1 -0.000682798853915867 -0.536968904669163 1.01459773203178 1.30171774233756 -0.236857389151347 -0.705113988770035 2.51177894554948 -0.590184968312271 0.75099754971538 0.806696949199337
1 0.458696277111459 0.630920008722802 0.828104207645312 0.104640616779227 -0.801174781880923 1.75126976080372 1.53082509338692 1.29190753000387 0.723347894249115 1.31855283793271
-1 0.921015627181493 1.54759537194334 -0.658903443050005 0.960046619137833 1.57606324596322 1.71429004554365 0.590503736515336 1.05074619811513 1.05985203074309 2.04040178137745
-1 1.86440283919072 -0.597900944560537 2.24316820418433 0.309434985876243 1.58567587256076 -0.344534248887064 1.28028904189195 0.981456115459284 1.61300669041277 -0.195557388556226
1 -1.28276114786098 0.923256476914186 1.92406595608451 0.370836684136736 0.329762042378828 -0.482070029324709 0.197124149661879 0.0500022436838073 1.08727479320093 0.310589454773027
1 1.50480203088308 -1.15442111450727 -0.187221130453136 1.04408974029743 -2.51989103652461 -1.47550748528080 -0.19404070211161 -1.56519316837021 1.43599225773724 0.104592755428352
1 -0.417335580371054 -0.214904651283578 0.420177112180938 -0.316925267476506 -2.02065500285540 -0.445209343099942 0.156921842295006 -0.700132335575202 1.00490621206729 0.643678235429448
1 1.04247480090809 0.693102671258827 -0.291375373951753 1.14665029197756 -0.697073667079218 -1.07148728218252 -0.809793826065019 0.328871207153878 0.720271552654082 -0.65123245632271
1 -0.169055776053378 0.464697314865157 0.183303455411960 0.208021279385586 0.4124762453815 -1.17408618603452 -0.891015776173767 1.66058818966201 -1.63844302195998 -0.267433500265505
1 -0.379723115909398 0.396082277011463 -1.21665748045769 -0.428582486862277 -0.882661854264409 -1.95519203663572 0.0944762801193705 0.493194123341884 1.84655193380239 0.202253942186955
-1 1.86341539530804 1.53460905593031 1.03268448205706 2.84557287080229 1.93913075954516 0.735380494061808 1.01975284856013 0.185044742923912 -0.252637869857345 0.934650043529347
1 1.08389666468858 -0.69026764382824 0.332769406747474 1.37515035286968 0.626253775375869 0.0743215149629224 -0.321036003524137 -0.505027234436918 -1.50962240842448 -0.244043822015484
1 0.803052776802903 0.671161396688 -0.87067924656415 -0.317029655011836 -0.917413586314689 0.0294874516195771 -0.90121211214403 1.21326266418471 0.320448871260251 1.84463216906135
-1 0.371814002744893 0.858807685501247 0.776750909976862 0.334349801174802 1.48433149935317 -0.557541366881765 0.138279653562609 1.02150196288164 2.46109257660372 -0.617189599725183
-1 0.0805966267533114 1.28290975776033 -0.80998138143401 1.10945808017536 2.65119243140546 2.08545240045472 2.20807997342022 2.91418183175812 0.572999088568801 2.00141655107146
1 0.597003349349082 0.749943700074186 0.96492783076189 -0.426229521580696 -0.319973587951342 -0.982022186354435 -0.737089023541063 0.454228022481177 1.77580695726812 1.13485016574213
1 1.69659096579608 -0.0666289079063717 1.06805392763876 -0.0629675905026961 -0.0165668016332620 -0.986689252306433 0.816873152817936 2.3803856860856e-05 -0.904880025497901 0.727064875947473
1 -1.35561280406584 0.207695428079219 -0.377961971837464 -0.00427636808112869 0.0212488098244707 -1.77911702415473 1.86694300368259 -0.633856664996813 0.339520872156575 -1.46801143984178
1 0.023967481983121 -0.192170500424545 0.205784871714945 0.163922361884052 -0.416684098069227 -1.75945829341472 -0.446139425964797 1.02462184055437 1.33099919986302 1.01226842348775
1 1.19225212693360 0.103945198865000 1.98645129944278 -1.29229331947646 -1.76984282116499 0.591591471052814 -1.28861241371459 0.245360151558756 0.746587346135554 0.184114359361425
-1 -0.866617409308339 2.79792501362494 2.34452962887149 0.769608499445644 1.35473571307038 2.04277273040924 -0.339105568873439 0.359074283206300 1.22206276783823 1.63667929376858
1 1.11752211228794 0.0684105189142845 -3.01786614749722 -0.592846075859662 -0.745394489061149 -0.568338878025739 0.568880293939584 1.28928485318111 0.860586693131697 -0.635417348588541
-1 -0.0776721860743694 -0.00122424029340362 -0.35527391949642 0.624574002065175 0.916203803230734 -1.39109651560059 1.84212175413910 -0.197531090232214 -0.658504385649783 2.26806837120785
1 -0.719424110250128 0.857744513216115 0.96930357561420 -0.187443187935666 -0.0253878108046221 0.475362402663982 0.102012963066674 -0.509376623989494 -0.478257071663358 -0.0448028836088973
-1 0.456961698145409 -0.74846952284287 2.17914498460164 0.484841813320138 -0.00854470553933662 0.742850752426035 1.25798477748809 0.596398124459111 0.141737656336310 -0.298215809361818
-1 2.04234865738934 1.82228120524458 1.74489424071809 -1.03666776219043 0.568559100781522 -0.382782500219388 1.09627197766262 1.08425962535476 0.201178500781568 0.455284730277488
-1 1.49666065362471 2.50908334246762 -0.0586155458556611 0.254991053594532 1.99287583758024 1.48494351646705 2.18321165529869 1.19623580263405 -0.318931598182024 0.164104846821665
1 0.391906404958862 0.785716270204709 -0.287865975848673 0.206344448720213 1.08039577058179 1.36993571544765 -0.329402689522695 0.096488362940013 -0.591750554679935 1.23765625670899
1 -1.21122057987077 -0.632232240580675 -0.442053005764281 -1.23656805224405 0.1882687715752 2.44260392348461 0.191200173571306 -0.579686599802978 0.329087954398189 -0.49854436532874
-1 0.706573138461479 1.28405896256927 3.87914382376634 0.407090963649956 0.260233166401604 -0.0982932666354948 0.834475754412497 2.59455789060465 0.83526709441517 -1.36665511728195
1 0.898838859156191 2.94316173471693 -0.454062433844622 -0.609991004862066 -0.0771857107474951 -0.169791729131887 0.024813857311926 -1.03843637850375 0.77648651602846 0.0890816277074675
1 -1.27286634943678 -0.496108998104294 1.02339177807677 0.96097161335322 -0.0741898631092722 -1.11633755307848 1.60677735916562 0.618671074765542 -0.320485921698391 1.00351100892089
-1 0.0362921056466415 1.62512894706414 -0.102241895150567 1.03922549329571 0.574565914898545 1.57640859734327 0.505165508979082 1.50397411372352 1.85921466232171 0.280231418346327
1 0.85356934585114 0.499784117017794 1.03530082978301 -0.296098152448836 -0.252419739583293 -0.43991731308038 -0.136180088080267 -0.974158266582185 -0.162905573387903 -0.564941287157051
1 -2.06298569975864 0.348766264736766 -1.37421413263319 0.0311070164592517 0.523486810114667 -0.226763256728284 0.0386264636100091 -0.379679555882046 1.997675362324 0.917070588725048
-1 -0.224989770569489 0.00705979879064511 -0.191710785511986 0.672841900225739 -0.296910577675556 0.304593877783933 -1.6132148737698 -0.544054434239157 0.988336597081868 0.536296009534196
-1 1.03245972261113 -0.762826730367737 1.31318392787161 0.393787749540008 0.362443080714169 2.07271730918396 1.69974003143984 1.78599884608107 0.631217601035093 1.92387961416098
1 -1.05424188504817 0.520440220096594 0.278465817552004 0.632003889811129 0.0325072922247762 0.653149712902053 1.01119667604378 0.63870340857879 -0.97610390690055 0.186523579524497
1 -0.162396883925849 1.0850844834469 1.42786725086897 -1.07596521233352 -0.78082716565637 -1.45094607928580 0.473555642454983 -0.576304864261798 1.08398224872316 2.78644802553911
1 0.261870798808699 0.336770743900191 -0.254578192190062 0.371903266025755 -0.126608969690522 -1.74535729246854 0.612366229350422 2.12875634379277 -0.880214627992724 1.86279479318542
1 0.956179694208572 -0.902332468085702 0.354338794924038 -1.37894921671163 1.67034794609887 -0.903750749382577 1.25488638887426 0.0293883902305663 -1.63203783584579 -0.725318805245862
-1 1.06127554230042 0.667384273973989 1.17505149851089 0.799072541592734 0.465288695021262 1.79848990778447 0.0181978944989134 -0.821392524866577 0.573248834811848 1.36924661888184
1 0.75544197855767 -1.46364820771122 1.26974886193374 -0.242944225534439 -0.205870170764427 -1.25272734729343 -0.723891935370908 0.990534639836905 -0.390360498509759 0.538490445420038
-1 3.20441982346673 3.02835350313854 0.109338806500992 0.0896389532978602 -0.151706956958023 0.901857461926536 0.581192873255923 0.87662024009059 0.711001572438256 0.818940038494617
1 0.216837962982107 0.306159877395722 -0.259541819985887 -0.210554107537281 -0.122491609426643 1.50274249329318 -0.401847662518720 -1.24518395700957 0.591512393076476 2.00417182977824
-1 0.254177329881011 2.99758608259093 0.916722446907084 0.670327713436214 0.613741367688149 -1.46169573316075 0.431649441624811 -0.2656165465464 0.378040749999224 1.22213560528650
1 0.929374671072823 0.0532502280195129 -0.490870987063569 -1.54204864507805 0.476034198324159 1.09645457978021 1.22422579204856 -0.871001427383584 -1.72060784409809 0.332017218632044
1 0.967622017091204 0.314412720995847 -0.412549375709765 -0.122769746159903 0.572651088612297 -0.177130932308758 0.422575454039046 -0.243873122449833 0.0443088272387489 0.753632391848792
-1 1.43803070393534 0.632585936945917 2.99941845767483 -1.01719621347675 1.51904463749648 2.07640342160013 1.04521099548320 -0.185208656448190 0.0340043745772872 0.625229098374563
1 0.354133416847529 0.778746809158433 -1.27164672055506 -1.55628172422463 -0.721677233136234 -1.62855912829503 0.0151489690573743 -1.85987302507128 0.0222780733369618 -1.40910423932059
-1 -0.59177544541177 0.283563970724223 0.103449683387896 -0.0200175834887926 -0.0174687198798781 1.27335606725344 -0.354894990090768 3.21278132815030 0.629766622796588 1.56403958457700
-1 1.94653494439353 -0.297148581181149 2.05016672091723 -0.094796821533891 0.468325735305791 0.221911209174228 -0.609616232451018 -1.18542083234721 2.27606895666528 -0.910761069901022
1 0.42663217264391 -0.841327682530149 -0.0892724207280176 1.34819385568221 -0.185791877579317 -1.01191332644275 0.488654596092745 -1.25765430080710 -0.283239249309397 0.713612623449662
-1 -1.02959443522407 2.03338067079625 -0.596974827396491 0.0682006556119457 1.92541105234361 -0.111158862470745 2.21665390773404 2.20334841483775 0.362384084348684 0.254857149376041
1 0.579045311991727 0.554629273158454 -0.458796575406435 0.751001791445688 0.212487397425540 -0.98063406202907 1.60048767965589 -0.237872375294676 0.124998855143888 -0.406716149597061
-1 -0.808340995620755 1.02303213562966 0.492434246920406 2.42165277808945 1.37772226148474 -0.146725081783391 0.968050437063968 0.487109105954588 2.63936598798245 2.20470047636854
-1 1.38781371021168 -0.889927513558392 -0.555228073301759 0.436799826752926 -1.15806440270801 -0.0844980342201755 -0.722210702098904 0.0229070301095399 0.0251568301103117 0.9772459118155
-1 -0.566966679634022 -1.02999122782076 -0.307137818295912 1.39564298240064 1.21271245794348 0.0487105805315808 -0.239967380995605 1.88904032542341 -0.0183096869793926 0.974323607604062
-1 1.54580192349648 0.735850721495352 0.00223786152529648 0.639711865048676 -0.268240801942091 1.18010362891689 1.74855689441077 2.84447391290888 0.464069760683791 1.13621584162724
1 -0.711792616978113 1.54737207816216 0.00276709759352803 -0.797346350578134 -0.0398631705578088 0.137137444227096 0.523087073882358 -0.799444881641935 -1.37630242876250 0.829498273329625
-1 0.957040135531153 0.244622609710145 1.05184832035843 1.43122615992889 0.0528350947370044 -2.26926643248010 -1.80560881277634 2.65391990794739 -0.103226056038393 0.831804630626587
-1 0.843459271588031 2.34705146135997 -0.36511964912947 1.26718966069093 0.241892251766350 -1.72068719513590 0.978255885028509 -0.460868113404333 1.82032132852027 1.83371968392496
-1 2.13093728505725 0.616454915304373 0.688563645108197 0.537601822849319 2.44619300899238 0.862665427306302 2.4018532724269 -0.229645269311483 -0.698873667496473 0.0369212240457510
-1 0.411860860232713 -0.981702924246418 1.46067317306776 0.301719759736696 1.07714772496683 3.28501914548426 1.55837718654619 -0.321779115153537 -1.37542584899519 -2.15654782061799
1 -0.961668397805118 0.95320209729905 0.749566001511282 0.44678825970462 0.525042488282217 0.0265030860307376 -1.04081330499637 0.0324629801824984 -0.89847817640366 0.513996483985383
1 0.909955496735464 -2.29100153174613 0.108689995119526 0.0265670662436398 0.973471902842492 -0.799443370166754 -1.11256208094483 1.08420403384172 0.356758421472663 1.45646623753560
-1 0.858462491753458 1.12925030292968 -0.340905489925603 -0.584599298817849 1.28562903862174 0.883998188037007 1.01941826866041 -2.31925698952541 1.94168270088566 0.859432325204842
1 0.154102677691044 0.441709203677595 -1.43098865349566 -0.964300848215508 -1.17535666536910 2.06112639527443 1.71586007467110 -0.832786650323992 -0.826144013457284 0.315290171035513
1 -0.130191344465951 -0.0309981163519748 -0.78594537315108 0.361136091820936 -0.287851216548681 0.42620994193331 -0.486183831272889 -1.29733863242107 -1.64698713751362 -0.137061848573588
1 0.206466941150644 0.457009413130110 -0.705995650012102 -0.0183194456317268 -1.20090946743981 0.721935716178858 1.15295652281604 -0.267454067030160 -0.127160331697415 -2.23631435555822
-1 1.04963851886336 0.959477192105266 2.16108343714342 2.13465538777634 1.27535930995165 1.91596653235342 2.88929342695399 0.973315011008064 -0.158088846591063 0.429930829361872
1 0.155822183290855 -0.793512194147389 1.68910249458818 -1.14726715954442 -0.481281189709938 0.512901988724988 1.40240307803410 -0.315146139102518 0.298577476165063 -0.731167879380845
-1 -0.628515632216718 0.0647689925209172 0.730718177866801 0.151048972768660 0.960444855107008 0.67431680437406 0.628599680680155 0.967577860881944 -0.174281875988584 -1.77477738941484
1 0.498417877316805 0.775286177724726 2.05135706921139 0.627054246435158 1.26941813325446 -1.22191532059189 -0.273827460485478 -1.75296096389195 -0.185850682635615 0.707889512391682
-1 0.366208963280941 -0.171278354992282 -1.45946193931636 1.29980875816729 1.19370357648901 0.767471913999926 0.788092487780572 1.99591066206811 1.22460026043170 1.77515304279224
-1 0.715631933649498 1.12175912340775 1.41207130300421 0.96421127965504 1.77298916037955 0.916176612093253 0.1395371834927 -0.915420674743319 -0.498846707118319 1.77432197062582
1 -2.00143563529179 0.293511811084528 0.478749805325521 0.661423737650935 -0.734806776927036 -0.837968499673572 0.380823185898509 2.56751785753107 2.41732421504887 -0.321082896225431
1 -0.238241092330832 -0.915772387958198 -0.90323516539341 0.463523934288604 0.512594737964917 -0.953328357699202 -0.289152031189812 0.683669055133499 2.00861473412835 0.414728491998644
-1 1.3827792045168 -0.231720620747868 0.48694066423146 1.50376840785906 0.684065543547046 0.0666659446395306 1.24070389920516 1.20408527668403 0.660795251753902 1.03688021754163
-1 0.631529574691363 2.23765098151879 -0.162240329758066 -1.03169376409768 1.63892745199164 1.33915575070241 -0.706458895109298 2.61345917023911 -0.327728941548854 1.64591033777072
-1 1.1364290550544 -0.0119384682480833 -1.17741193459680 1.19655895875399 0.15817645160142 0.526586287053087 0.943174090531107 1.07992826561061 1.86777679250535 1.13297360931252
-1 0.126951515739196 -0.354476266356333 0.485964899677497 0.047839426005385 1.07457664986145 0.0307561727533990 1.78921938085496 1.21461687731138 -0.883574505041808 -0.231688429139008
1 -0.852247274056397 -0.909164191865913 0.305948924686152 -0.87537720228441 0.70443820995333 0.321624902855805 0.267287518909208 1.00097569517037 0.530341910938604 0.889409695020719
1 1.87035080419466 0.403657281296223 -1.64724311521935 -0.575073839211829 0.591030758513894 -0.0797656545632638 -0.630834603054016 1.2710685422159 0.696358068278629 -1.57524910718485
-1 0.625949780716062 1.42394658175646 1.00013572643186 0.688097772718025 0.256470018954846 0.751739035390922 0.926877597287936 0.226046645461141 1.76362246672856 -0.134327589388336
1 -1.24307052819380 -0.561607387190888 -0.503098835054898 -0.526420722747671 -1.73755318479920 0.597330380758861 -2.93614056022578 -0.218525741230714 -0.675295532570496 0.917172190880459
-1 0.303714293639849 0.906464004157363 0.998462037290107 -0.411513559786308 1.48682957875362 1.04611328385416 1.15405834971585 -1.59926839954372 0.663752207888056 -1.03440411254183
1 -0.828186909499988 -0.548034656894341 0.637102713601581 0.538092285468503 1.37188162943850 0.221903246831428 -0.531015988565297 -0.483104259029575 0.422968239037592 -1.77794591922928
-1 0.02455626859321 0.100439218017032 1.76904335561362 -1.43826518270025 0.164373742761883 0.436577307506325 -1.47650181383198 1.09779736075843 1.35564773309420 1.58867138770558
-1 -0.51493040458688 0.0589639642424835 -0.818477527978209 1.15257397554598 -0.153250013457657 0.193537843741869 0.843565494927855 0.637284792408299 0.0216293131266095 0.84560427043531
1 -1.49938717644109 1.09280081265280 -1.47016683833673 -2.13980880572050 -0.45074440780726 -0.748338058868394 -0.491515895813022 0.862824246743257 -0.178902831922009 0.0996483084526117
1 0.0356642975977999 -0.227810777419070 -0.419759888103864 0.298721057301885 1.03400090051788 -1.47486931246428 -0.200366905558168 1.09116878621610 0.549010120602176 1.83070154476781
-1 0.858858556443604 0.524055516168202 -0.670683103309494 0.724712945607897 -0.203057883575775 -0.477036879001128 -0.235270058319844 -1.13821045949000 0.735124147000818 1.73374593203850
1 0.701250188990445 -1.11824431830444 -0.0509071041757579 0.470115270745023 -0.528185479350976 -0.282024035391228 -1.06217864082969 0.297964686439711 -1.14244342070997 1.41433409164944
-1 0.845294692958861 -0.124954344828505 0.810206028399557 1.13629252772119 -0.423160598707763 1.75229447776517 -0.428789815612484 -0.276612853480454 1.88615786152207 1.10397415780184
-1 0.283451634379211 0.524590601657887 -0.910308390271126 0.288301776550968 1.34468278750926 -1.231653663447 -0.438960513384121 -0.863953560335425 0.562459164894179 0.908632122082661
-1 0.634415512899487 0.262642308652199 2.13741341079854 -0.556089825592442 1.39301482535294 0.227730682072594 1.44395126052300 -0.579729997150782 -0.400776416600658 -0.663319643948615
1 -1.62458326649611 0.844295537760988 0.337650580059112 -0.439889439691886 0.361259677364211 0.79371017291085 -0.578089524111756 1.36169901303529 1.39149550770911 -0.182971034916064
1 0.665554663036375 0.602053872278379 -0.742600554541655 -0.0332633355211447 0.470935334797061 -1.23291719534765 0.636142035112299 0.0644026540857019 0.435859332113737 0.0748335563237245
-1 0.58002277337716 -0.101101394878170 -0.506036966650242 0.945188962634032 -0.803736834525992 -1.61122283770762 1.28106331200399 0.621216971494371 0.0437226489718539 0.682949538269575
1 -0.884109148657029 -0.197120006880481 -0.351152322098210 -1.09025820356865 0.155687011616271 -1.08945042081555 -1.17399993395021 -0.219227258604656 0.259581464246916 -1.54008912517981
-1 1.80731674829402 1.62469057567893 0.561492186614146 2.12523461813488 0.648505024473373 -0.374702403953776 0.193162374314945 0.980261352613186 2.07334532189300 0.697592462175632
-1 1.17815269545244 1.79083816667462 1.01626761400091 -1.79210212060349 2.22457550980065 2.16450065498554 0.521191052904747 0.895502252373894 0.628285396903267 1.20122297013834
1 -0.634324937523512 0.121004219388709 -1.51835055162068 -0.0876553940003188 -1.74877187973361 1.13924881454114 -0.0867928800470138 -0.497451778083674 1.05203867548116 0.921213407249377
-1 0.639130307706012 0.307667369178936 0.650063833109527 0.436531612755481 0.2904998084449 2.17258546548914 1.26220021126231 1.77906444275272 1.73870665643906 -0.57378797002038
-1 1.47796847155702 0.780023725804785 1.15905757643546 1.11873599119799 -0.400656648907016 1.69185830109899 -0.636955217671104 -0.860180882164793 0.369643740525679 -0.569978466161344
1 0.568341192109134 -0.203999630172396 0.506335319392019 -0.956820978396 0.475382643078596 -0.110744487207832 0.0348962028548028 0.547665582772993 0.99360374179656 -0.295048106035487
1 -0.482809637864756 -1.04393289342276 2.94935264461621 -0.330504112495092 -0.0876638339582199 0.991802813443385 0.653669790636513 -0.0156313531839519 -0.495369794620952 0.212504192401739
-1 0.394919887290275 0.830294482891737 0.49360498634636 1.36179053319296 0.890447734697599 1.45958554471708 -0.0284779136465115 -0.796267617403387 2.26394603971224 0.0484110404741135
1 0.0671608795162088 -0.0458116137712383 -1.08269197149645 -0.693136444426773 -1.16340601548251 0.157296215198381 -0.116762906225594 -0.739218763836611 -1.54178536334972 -0.900101211605585
-1 2.81569137720458 0.438628783595459 -1.11600370013360 0.456353597994543 1.09557435358689 -0.0783900546602107 0.271740153611706 -0.0767154900891038 1.19986212883248 -0.338502415015262
1 3.05268733461424 1.50969577657982 0.135924808757911 -0.683600773536254 0.135782273937887 -0.0223326386312609 1.43715038700274 0.572134678560413 -0.470457968465619 1.37580875054302
1 -1.08173046587252 1.14597184517737 -1.09454987960874 0.269221159941004 -0.457556361029558 -0.218447987295550 0.674225366004566 0.118671774843589 -0.072472797713587 1.18989565855926
1 1.17626878414410 -1.68934441071353 -0.0238064665112974 -1.74209455519464 0.710525176254036 1.63959876486622 0.625657455786806 -0.460084135102162 1.07449772227138 0.968377185869677
-1 0.583627203307534 0.27309992130346 0.955339868214428 -0.04451760675762 -0.0459083047369857 2.01149963556352 1.69025232774147 1.46966241677984 0.811810855112917 -0.77338417583212
-1 0.501321712724966 1.20547006387503 1.84769728408740 0.964552949576267 2.32035202555089 -0.66039105845583 2.00939898069739 1.63352175702957 -0.452309826299874 0.337924086631146
-1 -0.931246294587523 1.25182698962431 0.978766161654318 0.594717853091368 2.24605754925425 2.43616058963964 0.801138303010577 1.35673382456756 -0.208408883965795 1.22867621513700
1 -0.330774423056304 0.635869531093141 0.116372044125152 0.510617474128253 0.400801072393404 0.548009356809081 -1.09419641056275 1.07860431883406 0.505264358461937 -0.789876196638046
-1 1.25189684214585 1.95067877428159 -0.221967599998385 -0.861117301151538 -0.249226728758978 -1.27471361151643 1.20171875531881 1.34263043722648 1.98765941036732 0.502475182999888
-1 1.54738234391350 0.394094554672453 1.99243469780556 -0.384389547615075 -1.06145823592004 0.378501448321304 0.0338119240531337 0.565121924169955 0.919845579542932 1.47177554561782
1 -0.552874751139328 -0.455001903178296 -0.338643467071675 -2.02952765726160 0.400611534732414 1.50655310137274 -1.00918274534451 2.18877272917759 -1.02552981650903 1.091002341824
1 -0.225523972540158 -2.44099536953972 0.838266175064007 -1.25638633648386 0.0796653478323736 0.857969309101914 0.392285268296325 -0.129893248116483 1.52538452888059 -0.119017149509902
-1 1.01680091585477 1.75715574075547 1.76963285870712 2.00953109528189 1.78113195346720 0.882378030705268 1.34950993132533 2.91193761007941 0.232953984295567 0.94892853210723
1 -1.02770963198100 -0.8266412571619 -0.68790738306322 0.774591744611091 0.636070908788012 -0.95061229961155 -1.40945017855671 1.29479064066961 0.0845842844644838 2.11449120090797
1 0.0425646746926493 0.353986250874541 0.669437095475671 -0.10691216851951 1.10357520066400 -0.812132806329007 -0.613647535681366 1.07627162528805 1.12457529498221 0.0802458579736714
1 -0.189270967398953 -0.641654891973152 -1.57972474546329 -0.599145831012795 0.242441187782667 1.30875058828246 -1.33077409391837 -0.159950328845262 -1.36815080304958 0.611410540047493
1 1.00299843195754 -0.647357615382822 -1.68038169676727 0.383277543327478 0.486680700845986 1.96900593209974 0.82335556197676 0.538708910519221 0.877084008448475 1.62338033377394
1 -0.628844407542008 -0.677806877130153 -0.391469655888395 0.116982792391062 -0.131288584568585 1.65109156654766 2.44845809430729 -1.01982326014929 -0.391917814592796 -1.11796524930946
-1 1.35773645106756 1.18007089906203 1.37070982904864 0.537026867823121 1.84935782880252 0.333895318262685 0.524794922583008 0.394165681750392 1.94093073086469 2.27316847183807
1 0.695827846093446 -1.83545000272640 -1.33135874843410 0.237726894864881 0.684823090990961 -0.92536560649659 0.451839662547495 -1.64145363918036 0.1744577184554 -1.67814166254765
-1 -1.41298439149610 0.931182640624979 -0.696970056647893 1.08686101377287 0.608971800352148 -1.44999218520076 -0.722213508645455 2.49649970784391 0.356720601631477 -0.0361520972264725
-1 1.66540175694223 1.41052056778841 -0.298264340495226 2.40869753536483 1.16207230603460 1.04880684812275 0.531155891879852 0.79227566383748 0.0460888602457382 -0.626394754037786
-1 1.01200597790297 0.867540266864874 0.424246114288216 1.59526781238105 0.303638874987022 0.672650349856752 0.0301579701737132 -0.725904434964436 1.48495681791114 -0.487639826344004
1 -1.89709427845340 0.110713544743613 -1.39173430206045 -0.0963454184782478 1.56723003913117 0.342936701962760 -1.00870345996464 -1.06084814252384 1.72903411626975 -0.364193810439617
1 -0.182250545818538 0.613568102713068 0.346370692245111 0.460945225248892 0.394879575772476 -0.200970315706996 0.0804822712195637 -0.0243880525540095 -1.790363729561 0.820238576219327
-1 0.722875025369439 -0.872356608136916 0.877051221634144 1.84374187637453 1.26978113112269 0.0872572093876747 -0.664767738140965 0.94645561582287 0.320129797223908 1.32545511848796
1 1.13100179018556 -0.807684075585181 0.616029092489723 1.11200475783004 -0.112198908297125 1.69276627587063 -0.536166978636278 0.174840298949536 1.74888768962660 -0.159870337661422
-1 2.49114271767899 -0.193472577305420 1.42013031177797 1.1602483963922 -0.108827959222113 0.227275923104254 0.64141637121158 -0.354498015894284 2.52008276549711 2.47483638324872
1 0.804433572688334 0.746752655514267 -0.308778983724925 0.526321487861592 -0.347369782087767 -1.00612634822702 0.0374597431432396 0.138708026325716 -0.211375222179597 0.850329353571734
1 -1.59910012540963 0.369510809457448 0.0359147036039061 1.15616658426078 0.58997181356798 -1.20856322448329 0.745966681158298 0.589003329508413 -0.780078729578082 1.85966969138386
1 0.903493040876985 0.867859184626602 -0.171362697503770 0.846865605230245 0.514167976696175 -0.772903493187443 -0.228880136178152 -0.361962539861049 -0.677077267232472 -0.865783180347532
-1 2.85807071242466 0.372721032162670 0.694965719737655 1.31263216692866 1.04874296417352 -0.764955079187081 2.98000151882515 0.285023206376172 -0.252849459921144 1.18595145565963
-1 0.374842449583405 0.905891275116003 1.9685921925566 -0.0318117723974377 0.0197590484914523 -1.40383652749791 -0.578451847574329 0.532150753735222 1.85699760070316 0.0115619457137971
1 -0.402328412631423 0.459412136480099 1.1505912341863 -2.10773261921277 -0.438802763020354 0.0330358776091683 -1.4016488031005 0.940446880553028 -0.156473132760387 0.628266706640737
1 0.502173437437693 -0.914309000035062 -2.75243990197383 -2.01273093388229 -0.882783931273048 -1.17407687272146 -0.0875533839070212 0.147741794132153 -0.851497504397 -1.03752374906267
-1 1.08762988260600 1.34384673598205 -0.275863562580967 1.03473202203699 -0.684836501949443 3.0806910575646 -0.896338660190029 -0.63217826708641 1.64462867070652 1.56203125579981
-1 0.365645955486545 1.33594191479918 -0.698222896609266 1.24705270149228 0.974046829113328 0.0492526704820109 1.60797967749247 1.05312863238970 1.72528059212516 -0.61439905633128
1 -0.0914879987360846 0.00971918963058344 0.239399692814583 1.12302866176917 0.545203123831341 1.32034963136903 1.39512597220018 1.46683824496027 -0.978588367404505 0.252611798020203
1 0.791195483424025 -0.73409082708963 0.599701664968022 0.696300543442071 1.66670442999116 -0.222093076756660 -0.0793956027212931 -0.535333844017103 1.53697220158677 1.48817166463353
1 0.583383169021081 0.581601807498834 2.11878910652105 0.161219150875669 -2.27206743662393 -0.936975560121531 0.701957109366006 -0.0807361815191123 -0.149493877691447 -0.0139515473660987
-1 -0.00360448691936399 2.33828529230112 -0.262064422372811 0.921518645106462 0.265805651312585 0.199264197526423 0.328835257530397 0.757650844223085 0.461074089532149 -0.256247569429693
-1 0.352083371903469 0.805334867654452 0.188614562789722 0.265157727488981 -0.099381353918476 2.20205366839814 0.940681737794514 1.32430379600043 1.49767613599063 0.382672693453465
-1 1.89072957788735 0.8446328304826 -0.411441214031035 2.0781768907849 1.93582362308588 -1.05455001812618 -0.482915391131155 -0.422284526210334 -0.257574487678202 1.98272672159162
1 1.19760707104875 0.475419473236917 -0.763445438464205 -0.0216160297930739 -0.229794784173859 1.93559830732906 -2.22720313596031 2.25007681063035 -1.36592084344340 -1.16102332734425
-1 0.76264283267325 -0.969918638100722 1.47667741049900 1.27596491941073 0.0871280561184565 0.188068503489307 1.02273529420928 1.14443543867479 -1.70751063323051 -0.152548398698831
-1 1.29658905369851 0.32311582992244 0.866633209440058 1.35973183779494 0.837481510465527 -1.59075867297042 1.26388658881074 0.0488536427478699 1.17117548027177 1.24554718059839
-1 -0.0350057816430985 1.41691605174392 0.383644076511987 1.20355723201784 1.08848196796772 0.384734267774683 0.0191472538272032 -0.0119751555331128 -1.15592144000774 0.299495876162146
-1 1.41676305540326 0.855230487742074 2.60121607394912 2.67377191433600 1.52165705484754 1.12792022694720 0.690595186636589 1.40369201619165 2.94986699215856 0.851953263500023
1 1.01995788321387 0.05446322188465 -0.0714511102203737 -0.343564247996649 -1.03490601334902 1.17583566294786 -1.78708969189613 0.74619784544597 -1.55180484202743 0.225219540976577
1 0.501627245477977 0.085524663906853 -1.29490129899419 0.0966728484356447 0.221842398417918 -1.98761371934642 -0.933887949013074 -0.13309038580601 -0.105147609624292 0.177790329012628
1 0.483629323753626 -0.578421974283413 -2.69955247665112 1.34169707258849 -0.359660609301722 1.13028085067711 1.31437533596361 -1.42043073803172 -1.55653873264446 1.24081115248984
-1 0.169379312466843 0.0701219583092397 1.20878027963299 -2.23941827045477 -1.22033221990181 0.32172393478335 -0.836620414424908 1.48982137247450 0.0293021723807886 1.58312599136099
-1 1.31276502162563 1.31584574537099 1.07672425372229 1.63632493178179 1.31626809403289 0.584643442323032 -0.271758672241028 -0.228911566673548 -1.24081671416369 1.33446365569731
-1 1.26383365615499 1.00441422066558 0.62663263646047 0.797206257987852 1.25397747507895 1.31089680566099 1.92613634967566 0.369427662913712 -0.517072025018493 -0.232923641036818
-1 0.458359196044364 2.21105222733584 1.08545877175950 -0.29332808146982 0.191323534553484 2.46431241147666 0.85362033267189 1.38043463700505 0.385018987031454 2.47391417720147
1 -0.431924551341700 0.368109776765301 0.693506100529642 0.338118711030426 -1.88448757335956 -0.90781514416735 -0.622993041254598 0.678214858849859 -0.218589851353394 0.798444143934482
-1 0.383402534528767 0.257498826893914 0.720655025796893 0.686388232567388 -1.32309171529389 1.78089388699154 -0.540833824266942 1.25098435667243 0.67997328514616 -1.40693402042856
-1 -2.52115746615641 1.01516489341037 2.08974216082490 1.24110288643201 0.515112348884735 0.223140734215913 -0.761299223149356 0.0811992378925264 0.493064852443247 0.577443011800496
1 0.470292259149822 0.471797639472525 1.84293239703677 -2.63838515377435 -0.863770086762924 -0.9702361489199 0.666968833181106 -0.644636052726629 -0.395432420853479 1.48690531063960
1 0.294491955591786 0.972738767021013 -0.116530261059519 0.266105913905507 -0.232128248143659 -0.600422139930255 -1.10496064424929 -1.53787426769339 -0.00591744781540138 0.214935055158352
1 -0.845188319004725 0.447972071608828 0.259417113550549 -1.20098166192926 -0.360113882430006 -0.446400109387106 0.173932236845429 1.21896732046841 0.9158106947794 0.230629274365591
1 -1.37191987335504 -0.157824233277371 0.691857740519984 0.217826769731381 1.61316198425997 0.907197773835287 0.338842044757607 -0.162244529747938 0.95791913830546 -0.374656328356109
-1 -0.23595352316339 -0.560112261712569 1.01045483106685 1.6934067177709 1.92081093141508 0.641636920895791 -1.30136719309810 0.58935783204747 0.0268043638018056 -0.651907405586355
1 -1.05304599895057 -0.331614361384193 -0.445414627879081 -0.364624526168882 -0.27535737604088 -0.201129358540337 0.670179030313552 -0.204430381443048 -0.98592556790013 0.398887420993
-1 -1.52390231460356 1.14317736205245 0.273851411455183 1.76428281872002 1.17747216709613 0.700516117927914 2.00756887554312 0.990447360378678 2.45434461331902 0.928198314198796
1 -0.980157939898818 -2.41992611620417 1.43555757693012 0.780910540919312 0.398943345191422 0.186948273326549 2.01878537307258 -0.511265775615542 -0.0194011819826256 -0.00294091526889155
-1 -0.146135364615517 0.992600761619842 1.19323588592689 0.306081905064009 0.470232261497701 -0.279791846279741 1.21805261952544 2.38937747708658 0.280827909886436 0.0423953676610891
1 -0.154284054960164 -0.668762683221414 -0.329232915408003 -0.158194958991796 0.0854540051252552 0.131940129524391 0.0901359929146508 -0.540324111244754 -0.657111982290799 0.410396713670893
-1 0.354205596747506 1.07409927672941 -0.435425997573488 0.0302580051749469 0.509696847518566 2.36234700887465 1.20584728396919 0.936945743455271 1.32588861744200 1.82849765943377
-1 0.233885133747629 0.0771437144281275 -0.263846566872170 -0.163031961536325 1.52330726860443 0.815553091539681 0.219025275981361 0.954900288841115 0.777028580825022 -0.394705717050807
1 0.00536536488539875 1.86601438057302 -1.91178305834452 0.667484318667945 1.24847678554305 1.27135509963966 0.0137097580498442 -0.387483371540039 -1.51995993261892 -2.6855601706519
1 -0.406667364928778 2.01919735521762 0.447993606464152 -0.200345091197356 0.931813373313742 0.839784239569716 -0.985283084717496 1.48427403155759 -0.971956891793273 -0.0243481429765483
-1 0.766452992099937 1.49779720870511 -0.189814839509234 2.59057101183800 0.298145419780774 1.32447392935459 0.653861278176246 0.536218301487926 1.79693544749227 0.832184142637897
1 0.0722813206691645 -0.609201670455093 -0.863124314154648 0.58172008804423 -0.431210386407185 0.111679324791032 -0.267154593505483 -0.621912105967562 -0.608142776959943 0.57236981075144
1 0.401824265447005 -0.142397184621856 1.35302016354122 0.93053932357416 1.10052861085921 -0.875399513520022 0.272210036560212 -0.790250008817636 -2.61771239769585 -0.0963691740732337
-1 -1.80333789719295 -1.22476339219141 1.03641438551772 -1.4249141024391 1.16693723649198 0.345262980386470 0.0520334745215366 0.504420521306119 2.02288350082546 0.51689961108377
-1 1.30068129757979 -0.0185992309909794 0.635658755564055 -1.08384377730693 -0.4665530659756 1.08251379636992 0.509137867097761 1.5543885944137 0.128462064834259 1.86535679570334
-1 -0.347010458121361 1.67122518595229 -0.540943443012248 0.94802005824442 1.45781222176826 0.770027134549137 0.721590608615925 1.06407624417554 -0.148071198386751 -0.398099314125271
-1 0.348334455571686 -1.10425885821497 0.629353757959008 1.39180816759005 0.195233435730245 1.11015748493758 2.21987799847386 -0.835730622776788 -0.389422308123148 -0.144958289386340
-1 0.30423993367999 1.84071185433524 -1.02161954919640 0.456041479467033 1.03935024534189 0.113457096519871 -0.914647664140334 -1.29643227808291 0.0380014041563642 -0.950408261335134
1 1.94761617624829 -0.0641903157140873 0.697721081916878 0.33894195847297 -0.0891890069041735 -1.92426300214958 0.112980859875707 0.280335660730573 1.03182439294015 -1.00921926367954
-1 -0.609128774981932 1.87107103089950 0.0399133706351964 2.24629440427907 1.62390495777860 1.58815166756809 2.02384210372421 0.330395237954269 0.973741995353666 1.8886858965797
-1 -0.136586028978936 0.0636391021488297 1.11430521590992 1.62896816920102 2.21710439537147 1.57764808979692 1.74696164938462 2.65138298090559 -0.040879480267386 1.16262450595554
-1 0.857298102995416 2.21585702813389 1.18866035729377 1.31459529408917 0.478964734692108 0.801043661981606 0.748453511552055 0.936836705588107 0.234514599149301 0.541349186070536
1 -0.623438584824547 0.368373203769070 0.396876635026521 -0.12033790646682 0.293716926425821 0.636444011881233 0.0698556422524449 -0.882568594535783 1.07629207276364 -0.423079097775249
1 -0.440102803902471 -0.649440170256955 0.180357244915711 0.0342824178951034 0.563194115192757 -1.07040219309159 0.839725528154802 -0.173989554792692 -0.0833453376071855 1.16074411654372
-1 -0.422061686439421 0.832628026842961 0.751172944607667 0.652945940523307 2.76501193055338 1.29696930615298 0.723711329608981 -1.29989630815115 0.090109299904029 0.0449456865576483
1 -2.61883461801397 0.242689872959642 0.215677156943586 -0.583811143053861 2.79227988224054 0.270233052110971 0.245342032917063 0.533308209762814 2.31394068757098 -0.371750628240493
1 -0.393509343066522 -0.361452821583407 -1.26836722194338 2.16978002248345 0.263349846564307 -0.639678898596002 1.29691681943496 0.165407147960792 0.247655214808624 0.117327311653846
1 0.394019792442801 -0.143162701408329 -0.584882492360998 0.187481760070842 -1.23928156003975 -0.451166075428493 1.17140280211103 1.36405211168399 -0.221498977408686 -0.525813442457896
-1 -1.82552995498929 0.886254348621463 0.774689785727026 0.835830291748183 -0.278711486597883 0.340374008319753 -0.119763185960008 0.090965615243849 0.312744059628354 1.92994649296402
1 -0.4961446507987 0.142110767086587 -2.7387013769046 -0.839012271629624 -0.0438496323845576 1.70452530324539 -0.71071844573599 -0.8865175797489 1.05285121501682 0.362175779818575
1 -0.155330690532378 -0.216005914887219 -0.122351176356135 -1.04666630514211 0.0109033877819438 0.925972231275773 -0.571645582116225 -0.281079763637654 -0.35593326958806 2.67677656667411
-1 1.63141732086878 2.02466631102519 -0.241230924173053 1.85794949004490 -0.385304444303011 -0.100927567738247 0.85370882880583 2.21525323758817 1.43193142637111 -1.71378155819187
-1 1.54091550284072 0.983725405155165 0.192487610871056 2.75526914218687 0.480723526620717 1.26458075665187 -0.00228096984321868 3.10346821531914 0.896797487152145 2.36614804920027
1 1.38435748503498 -1.20225936638789 1.46298004909106 0.911939421011512 0.152221494422211 -1.15565130155176 -0.860318405024927 1.09621305369515 0.72927818921169 -0.548058705550886
1 0.971434925581927 0.0517502852078553 -0.328440937187285 0.51062152053256 -0.802894348338963 -0.509455655721209 -0.925849163816775 0.0109241572891132 -0.840127476211765 -0.94008414614766
-1 1.80100044259362 2.43451516693098 1.13563578743242 0.998671291025432 2.03269960800726 0.0932744672859693 1.24022075664834 0.113982979659976 -0.0474474202413705 0.66578669072025
1 1.13092519945321 -1.25464148773733 -0.361599932599496 -0.347238705766385 -0.769117633774916 -1.30277298503345 -0.528147778463538 1.05863658195000 -1.19680240126709 0.321687872130522
-1 1.34014992691898 -0.0893557275452391 0.444496390473 0.664631775903822 -0.502299340648639 0.822110744114225 1.05850255438495 -0.87892461124762 2.75735846894118 0.00095522043639662
1 -0.618978661921744 0.866292195440008 0.446888999119403 -1.89340091952187 -1.52642782989513 -0.183375744712471 -1.03065435846602 1.19768825269742 -1.46019848117271 1.03521831888453
1 -1.71757626309159 -0.764749222051975 -1.19720925622499 -3.09187364695919 -1.13027702690112 -1.05845966455132 -0.625694152232046 0.310800616362376 -0.91262044437618 0.864995369227883
1 -0.110889281051695 0.289077029498741 0.200673296629832 -1.84893634397902 0.105019142162577 1.00618436031230 1.46265256674501 -0.218595661908213 0.0725100157440024 -1.09120196127543
1 -0.872468726472973 0.512017677392404 -0.329683034597766 -0.581241541881011 -0.868904360193104 0.208574758794594 -0.344987923751037 -0.415408373002084 0.401597062661312 -0.0735210988264692
1 0.273616598607713 -0.500499351985643 -1.29491127296140 -2.0949414858537 1.38097882712206 -0.976234579513358 -0.0936534033055218 0.719438846975388 0.269960827561227 -0.00935421867115143
-1 0.356415313338236 -0.909733345631621 0.93740008678986 1.74127192457109 0.47139232351829 1.66331369365094 1.95520818210736 -0.0974638555349608 1.03026819596090 0.70075185571087
-1 1.69027916461949 0.290999577565969 -1.16641934600181 0.49157762689985 0.109300154946071 0.552824538858555 0.573733827491545 -0.688769193177731 0.255994319121619 1.48855642967803
1 -0.403567441143245 -0.698230709085028 0.611254363078985 -1.32775220264467 -0.118931574768685 0.493542153494208 0.252220645857331 0.615043766409449 -1.18913228400993 -0.34374014745293
1 0.332002825147292 2.19809733316795 -1.77257157019512 -0.122398810569823 -0.733834429462161 -1.68685411169315 -0.981337672500103 1.15554457801183 0.395806472294066 0.467000781215204
1 0.209235323614659 -1.17670330028463 -0.820908457985479 -0.955954421450825 -0.147029380655935 -1.16979667551393 -1.31112655291245 2.57059106169679 -0.782738863414054 -0.392024161283994
-1 0.646304616142784 1.26201911506425 0.107033278122074 -0.221187950060634 0.931850537760599 1.46160698949654 2.18246427514427 0.973063333429563 0.270606448926693 0.639413304661608
1 0.893707427386658 -0.156634408138121 -0.886315301535725 -0.602575495222668 -0.838043824962863 0.0468966077023529 -1.09815915975433 0.303254825318893 1.4036886245617 -1.29553365395064
-1 0.441889053640423 -1.00875801765427 0.363780291262631 0.185899588713870 1.29065194228135 -0.450279102475265 0.320452567866335 0.492898510326196 1.24043386731435 0.24369444265493
1 -1.35285986435163 -0.0520515171816824 0.406352628380206 0.319279166397456 -0.623518301795434 1.21760913768412 0.726262945500973 0.492313458112999 0.759309027982902 -1.25768700608634
1 0.717291265067328 0.665046921786311 1.28752544621206 0.50468671187155 -0.764991497624257 0.503540240015265 0.499779446801224 1.01591814823678 -0.651115441524018 0.80343269651069
1 0.555421952547183 -0.924536234085088 -1.13941304086656 0.599040061391389 -0.127458327028118 -1.53166835169338 0.352245392817098 1.15450050846293 -0.464966613886918 0.372936719024256
1 0.342024469176885 -1.59596582795843 -1.57312799033225 -0.6865329489591 0.195752103878672 -0.034549893565101 1.40851783685417 -0.136958560056296 0.50031477861132 0.669392449397109
-1 0.362053469249516 -0.575575525143223 0.217896572111363 0.686725852917999 -0.214388040768808 1.81962141552447 -0.556288728799634 0.481651518016695 0.316946044799759 0.565292227302471
1 0.637647920039086 0.384541496896306 -1.05579552056689 1.20534345248905 1.05455088637102 -0.126651790277959 -0.312084640675743 1.50652819280287 1.2164184215878 -1.83360024640385
-1 2.51217668928463 0.366491804438134 0.0334427627836354 -0.587194120332868 1.21673799635366 -0.686372244775774 0.780061410179812 2.29888512681182 0.980725925305705 2.24543641935883
-1 -0.351476974807898 -0.050409153697663 1.36052096569828 1.36548853805803 -0.84975664962811 -0.00753880845908983 -0.67872402436713 0.584914441650187 2.72904101436966 -0.100886414733186
1 1.17964344484421 -0.337354510278742 0.650895325545025 -1.44363343318186 1.28423609417676 2.23938982413868 -0.6011412374841 0.940858903923374 -0.0242263957592517 0.395048090047105
1 -0.451310002887831 -0.242887066320041 -1.00775055304331 1.00808863380771 -2.96619569584255 -0.569239403646067 -0.283656306210866 0.779975674717605 1.10991458626129 -0.901604202815665
1 0.62153489466003 -0.339217530685741 -0.901144940734811 0.43314555996835 0.144309977626871 0.322445780707713 0.415452125556953 -0.830102135197513 -0.146106625800600 0.699318743858037
-1 2.68490133002721 0.304954125712203 2.0257124394307 1.26843265248190 1.39552011698469 0.529388114029003 -0.0679218062250178 1.32025236472210 0.334404871133862 0.0735361739262685
1 0.247953091508341 1.13737827795615 -0.883104549775168 -0.168338949366765 1.12932159975070 0.587568110086314 1.24292572417478 0.122247943876447 2.47003232228315 -0.858867570022394
1 -0.546263189821523 1.27334002078560 -0.126021334777653 1.83123401351132 -0.0342450571751871 0.126663082028623 0.889110969789785 0.784878520692678 0.94857503640018 0.197512833786248
1 0.722794555398397 1.17511818048940 0.262381579243943 1.23415886264637 0.495905915734900 0.568669752205621 0.452270792687112 1.05559370724157 1.33358998073751 -0.926530352715461
1 1.10178537378428 -0.144584285220387 3.35685186596912 -0.801906257478686 0.874238495221466 -0.272043778079734 -0.715640411158722 -0.979080082830979 1.34656198008636 -0.48864122061575
-1 1.69038040333166 0.501668627033267 1.13711081721512 0.892217637207265 1.14835853566605 1.20738080237286 -0.135514231217419 1.05523320357112 1.12178030362547 1.33179832710355
1 -1.00431458316383 0.0817377859144759 -0.518538271117089 -1.06095905380414 -0.766847776038329 0.424921687430481 0.371782178499896 -0.444218650881559 -0.31266347204879 -0.655191544075542
-1 -0.086846780165781 -0.189979030382553 0.704658024853381 -1.52359371016998 0.71229473568498 0.358805881050222 0.127479361228051 0.574911077239896 0.278812117447461 1.64977291398411
1 -0.366697419298172 0.511714710412816 0.528007715798262 -0.0881236413338151 0.15690767555431 -0.372048451930581 0.46560623048368 -0.769473126509029 1.22318410680976 0.959259445103648
-1 -0.134540140852532 2.86209646894693 1.35404375695033 1.49052392600927 -0.741471224737104 0.419274944045003 1.00114554605410 -0.933873607683654 1.45331150761603 1.98006382231974
-1 3.67018391817300 -0.590096255385707 0.795628821204626 1.37532497319840 0.390315041132913 0.507905376994645 0.417267552614454 2.67490419495563 1.76709065399805 1.45383697592358
-1 1.27489301359899 0.086510324438073 1.61580330284557 -0.494481351717864 0.9541776333693 0.947870803062895 -0.0363496192582772 -1.35382858027067 0.295794822077340 1.92145628470018
-1 1.38527905753086 0.128601038063797 1.05638680308022 1.23092901178635 0.862437374658169 0.314702020870411 2.18359803218038 0.201540588364574 -0.889338263274752 0.461434799931779
1 1.02650883352611 -1.04262507164600 1.68263367529732 -0.117224425431585 1.23444058496642 -0.270221812849165 -0.370091854513125 0.453439660661067 -1.09632461081959 -1.11903992865642
1 -2.51629036498016 0.00157182379473264 -0.0812887598040066 0.42900746402188 -0.561267434617346 0.932576978133361 1.64452458257252 -0.83990716687128 0.384049489147335 -1.39821560047073
1 -1.41397656850498 1.40799764451923 -1.78027019515289 0.404937526305442 1.16317272733808 0.431065603112511 0.31159816658282 0.309224420296735 -1.02519437605821 -0.725905025341083
1 0.0446036464521617 0.466785587171226 0.887245208752741 1.93440221858869 0.505326556176495 0.62131243198553 -0.691981900723717 -0.623996947770484 0.773867270327346 0.108831607488632
1 0.592609701363298 0.987747841744936 -0.278149030521005 2.10871365797691 1.19679004694349 -0.0173159333151944 0.224056174991877 -0.294495459193919 -2.32178450702315 -0.656454012303955
1 -0.955130405571305 0.0889559059701634 -0.141642282812211 1.21708609835889 0.130012006255027 -0.273246055693521 0.0681597562169455 -1.72605772740527 0.494821855247017 -0.340209314291618
-1 -0.146430551989982 -0.5852882845478 1.52119852986711 1.96074509360124 0.285012057221474 1.80907972894303 -1.04466307310580 0.202275295503997 -0.304882123202129 0.704990892484038
1 -0.660854522977081 0.059725891842503 0.616644098587865 -0.244198379945726 0.390521902100483 0.0687090760134875 -1.02442825780037 0.494316447196893 1.59177371975965 1.27886015364381
-1 -0.170919716025030 0.222398548305546 2.30207626844334 0.224271576377850 1.17290573032882 0.727592335604638 0.262306157879518 0.596992913917499 0.415329332965187 -0.0929127197224654
1 -0.308405411183755 1.48365324483123 0.00427253927383836 -0.0635574976612713 0.158434848282128 0.18368547489435 -0.325115347838299 0.630598618091927 -0.332274142307322 2.31089312007299
-1 0.0802554451449319 0.145369405370822 0.671846892587022 0.151717230333253 0.341205675383781 -1.78666460389749 -0.331988074038179 2.01976712409974 0.691564646586072 2.36085770647944
-1 -0.455051856653054 0.147454725115003 0.617945266245615 -0.370830403267430 1.97979361428612 -0.233932606747506 0.796505118029485 0.893228698720377 1.58745815680394 -1.11672444959495
-1 1.28022611028437 1.79130444012262 0.798959183700817 0.970172051726305 1.7412929743984 0.570103497294059 -0.437424307746283 1.97650456199222 -0.869838386793014 -1.32635098484766
-1 2.32560522357216 0.43652695469857 -0.207133387015465 0.0515008584554396 2.22047737767019 0.886754061563288 1.07777823998536 0.997844168063773 0.480081669533434 0.0166880774298287
1 2.4929750565752 0.775902434752958 -0.0020835518374899 0.76067467087497 -0.0968791321345852 1.04449875596603 0.601917034551055 0.467673416881503 -1.16628215853024 0.445468074159315
-1 0.991535185968532 0.620368127492707 1.12689541039271 1.12692088599315 0.165110636168982 1.65866558880396 0.868865506484706 -1.04531915097304 -0.292024799632202 1.06047088909909
1 -0.80006439285677 0.600479048421135 -0.0308923656559186 -0.940294572482806 1.81788725201982 1.66441195128293 0.79675067862904 -0.473152238117745 0.791690476098148 1.16120816586148
-1 1.23027893607273 -0.367837528760675 -1.13805252597160 -0.0973561828821732 -0.258018532472686 -0.70589214781665 -0.0834200342827573 2.38738336828438 -1.43702695622889 0.98950028986012
1 1.61255960169826 1.28046385958209 -1.28552603147259 -0.227638008316503 -1.16695256219615 1.31787158334599 1.38376795557136 2.62614102508574 0.153838282477603 -0.334167472735962
-1 0.680210821494041 1.99747879382354 2.00911490238097 0.455008697522219 -0.189349578341670 -0.00399531562175193 1.14251612293988 1.95120936934344 -0.380452452978076 -0.596657399605336
1 0.785105591771571 -1.11610846193103 1.18429964876579 1.27991584531097 1.89201586541025 -0.84443312671279 -0.663572568329592 1.19428396325423 -1.14701716544194 -0.646321514775522
-1 2.07414190750641 0.969536031838468 -1.28624672856901 1.22863215046615 0.403074785953691 0.96425207536939 0.872577031367466 2.37302110004181 -1.66066444456313 -0.302236711908950
-1 -1.27313891540702 1.42077742544392 0.448561387711158 1.79146240943502 0.198835151042104 -0.118857880796430 1.27652224669424 0.133201118308199 0.0777820953169066 1.53567584202251
1 1.71632915065502 -0.764218394183818 0.858758096071277 -0.920916800420177 1.12653390573710 1.02855800337427 -0.727558262177754 -0.356197534882367 1.13277168935544 -0.795666061110435
-1 -0.420234657504475 -0.637327116272239 0.508913325512658 -0.531150400725857 0.0897352856781476 -0.883806833441602 1.67441134420599 -0.770593231984718 1.34250571404399 0.453421524737869
1 -1.15288574491227 0.231275640237960 -0.395752395700506 1.75385234672751 -1.93095159104961 -0.614988498911796 -0.915764721605685 -1.23990990559162 0.212673571817680 1.37840489748961
-1 0.513478081089576 0.413531708489879 0.947702971123175 -0.189507455269317 -0.0598099126551459 -1.07490183317733 0.0264289040915643 1.26488891403769 -0.0243776432843981 1.26653771104783
-1 0.631121363096043 1.22898226364618 0.156265404524148 -1.38936898729682 1.97320490976004 1.23322982933848 2.10746927129336 1.35977227975408 1.65324576531237 1.08912586648646
-1 1.33873683168339 0.739456152603483 1.23301060269673 -0.417349724477441 0.348021062619187 2.23509624474807 0.498078062482363 1.73272977859176 0.0349281788719501 -1.31540464470618
-1 -0.0410478995137356 1.64948244220243 0.922077698789774 0.0206365193520891 -0.312193921539209 -0.265692828100477 -0.557944811438672 0.793339428577538 0.0704607640293856 1.28589271907700
1 -0.944858661411155 0.271434493431647 1.13865653006927 -0.806524203058654 -0.270871119944058 1.11996529311280 -1.58372518358810 -0.806389025529432 0.323214605069617 -0.187267715601703
-1 0.249850501612847 -0.555967244559142 1.58925035355603 1.21359910711313 1.34195779832038 0.402500446912078 0.374300176291231 -0.236768034985537 0.979202317669766 -0.889908615305055
-1 1.01243524706817 2.07634027184978 0.0358916464587345 1.75944520130165 1.6056638838571 -1.95285033139765 1.22456924835431 1.09952966855567 0.244506676426307 0.109665896480511
-1 0.306834197593712 1.03539489784809 2.22546046606542 0.241273798102813 0.415717984280048 1.68060557156676 -1.01107551884366 0.0962996291134225 1.15429337823131 -0.182511342364355
-1 -0.109843421452081 0.141748807214354 0.0222457521071098 0.727949868291452 -0.311080537699804 0.8320889638311 0.525236404804287 -0.337384075760265 1.50305756947714 1.80943800227092
-1 -0.295834542972692 0.758691129559851 2.54094134686437 1.27849094025321 -0.220846205848218 0.768694137814781 0.99417841669449 -0.0427435720476116 0.221862068415992 1.42559762858590
1 -0.971435801956759 -0.323856002079325 0.0937901495288019 -0.489127759296199 -0.299816311656024 -1.99986761015266 -0.916163561618393 0.663188996919683 -0.295426036874542 1.02722158432646
1 -0.326352996731263 -1.16033656622452 -1.31886553758196 0.204013244170112 -0.61806480054214 -1.72941450833461 0.724944097886633 -0.626163661470883 1.61100626826476 1.76947918835213
1 -0.352651590010467 -0.525236666500172 2.35389707937133 1.06003277832508 -0.223366454411850 0.699962922491458 -0.171871872145834 -1.91209135702037 -0.713097875972344 0.424750285789018
1 -0.903287212783928 0.850012043158644 1.95957833379113 -0.252417423373007 0.509953214209526 0.212385060743249 0.141852630923833 -0.801749425782863 2.77747252457177 -1.57463095380545
1 0.0308336674866067 1.37980464220853 0.101789507297150 -0.700837003699069 -0.0117104414161267 -0.152446816214662 -1.42774615120104 -0.136763978078765 -1.53606945916850 2.08732408067856
-1 2.07312216320051 1.71126137969397 0.677337348919472 1.17649419308871 -0.420670202406868 2.27044633010886 0.94029382967659 1.15090739787683 1.42680301827374 0.211670920417279
1 -0.423106059963215 -0.333158069522248 0.352664555425708 0.546788680171129 1.38952773834886 0.773493847175242 -0.999076601475938 0.171653817029012 -0.326003390026887 -1.46785488089473
1 -0.935579586399483 -2.58235231551052 0.331014842091971 0.381523224888905 -1.06314736517857 -1.41356556971465 0.518719074954222 -0.947723994138566 0.0529908510204482 -0.0763989034735846
1 -1.61013183934207 0.629142342393016 0.797448573778922 0.200458485316461 -1.48710700188493 1.32869496364003 -0.708874544931658 0.410528361366476 0.0513624221686507 -0.286159777989574
1 -0.179169755886229 -1.14232400157629 0.462747380846109 0.287997312032664 0.0742143797098033 0.326484575487915 1.32260525331159 1.53745295074485 -1.19167465532827 -1.55003068168356
-1 0.44530870627892 0.918523443976176 0.797389750643868 -1.20966535070504 -0.566231090314532 1.04483014541745 1.35290976400150 0.0888344140403982 1.00910193801733 1.65043091519881
1 -0.805467155875998 0.353057877416943 -1.06872524316902 -0.77634513757125 0.835577586465974 -0.347458429306458 0.842042174602187 1.27032752270546 2.0440142768342 -0.046282770883684
-1 1.88320492270387 1.69788395672527 1.25860851042627 0.473651557462164 -0.316836250935834 -0.485695247160547 1.91231014568098 -0.87401878174919 -1.09671727308454 4.09257108498298
-1 0.345759589761405 1.63351230788861 1.57618990399302 0.821657411963588 0.215794430452275 0.858543099224281 0.476377987929089 3.14760410561196 1.41315355140122 0.890724784753113
-1 0.787773288117312 3.43990585441712 -0.149593492270821 2.22360529285537 0.407419947430963 -0.590466780053379 0.509297969261933 0.678367377819211 0.650483431317098 0.229175540227997
1 0.73352630568663 -0.672778659135326 -0.591647112374551 -1.77920452586047 -0.968677632637858 -0.591120586993477 0.0770421030477343 0.239022681423834 0.172500932630887 -1.41501769832051
1 0.0996636709983663 0.351681147984284 0.0974162994456405 0.227138851243003 0.519999768841504 0.133634628420857 -0.975231340179077 -0.346175141156601 1.28166544371749 1.94303523109936
-1 1.44792969363518 0.377111065951794 1.36152993072537 0.87928879848042 1.26771878701043 -1.12411470850425 0.529836921791106 0.80981001004079 1.67542190549818 0.350576752736337
1 -1.94598172761863 -1.09232119983462 -0.08614439845783 -0.830746370121218 0.0673116100393601 -0.847365700911976 -0.260939736576045 -0.217936796735518 0.219243735761295 -0.237645762060173
1 -2.32956416935761 0.0187587283210690 0.248726313545049 0.590684092833014 -0.0291155439859206 -0.049021662738093 -1.68210066998995 0.0978927688289484 1.10005291421847 1.02354666014955
-1 -0.11958548316334 -1.8802956477282 0.434448584020879 -1.21407620363935 2.23584671223826 2.60837701817027 1.19155416440976 -0.309138910044918 1.58744430863001 0.8127056630012
-1 -0.486085178462991 -0.303472488258552 -0.632025835389576 0.149975691046911 0.509385961158051 -0.239643969606507 -0.293887032417511 -0.70504432112923 0.773578057327484 1.25674694975156
-1 0.680776388742125 0.587630547396272 -1.16565383803789 0.132882745769285 0.00549646998622544 -1.38809417557829 0.774188227866523 -1.07962749401914 0.636309913413684 2.03059444527319
1 0.323244203941147 -1.47024358352176 -0.891081200241263 1.49713755073300 1.54831904284126 0.0987400954497904 1.01440357077638 -0.159503922447857 0.829385978937611 -0.75990620991204
-1 0.907444977344867 0.774895739269785 1.41617238379428 0.641904082759916 1.17074613598422 -0.373121995297765 1.57511606233105 0.968453405855621 -0.461397719030508 -2.21355180530969
-1 0.134912098621062 0.57968591495772 0.948061282267924 2.17953807831687 0.160659166290550 1.21458677300138 0.399862317645812 0.61629149715677 1.98616981655948 0.458233850302489
-1 -0.377093126472442 0.576904541307103 0.619210034971523 -0.221298350655661 0.381358361305935 1.44684090313042 0.56486487313914 -0.907801860234256 -0.728833075454702 1.03489512355064
-1 -0.83466376955413 0.784728353613463 -0.526797462171477 -0.93060289219023 1.29457393948694 -0.536164724984752 0.134330364365138 1.71835153937396 3.38665664202451 -0.023780800713223
-1 -0.0443038754782419 2.49790832657701 1.74310155024705 -0.233156884805623 1.40083259948385 -0.385449014777133 0.890898922276766 0.299029262402452 0.810481223327342 -0.808859055688541
-1 2.25836635201369 -1.07068169825602 1.85363212772926 0.345945304051717 2.10074668276687 1.53735668716115 -0.292056117279424 0.712760683018819 0.920210430692049 -0.411543673964672
-1 1.25018566521768 2.02762068124701 1.98058328379233 0.30003621069791 0.607193687516158 -0.256616774106373 0.308237259804298 1.09235144577642 0.930204085064281 0.469198883925332
-1 -0.0906766055624568 0.762381612403867 0.792514617359652 -0.717533076413153 -0.95208305487441 -0.645416215343206 0.713921531007695 -2.24161210454154 -0.355621621695167 2.60610917904277
-1 1.02452439582217 2.03986288763842 1.07761316478007 2.66440888461421 0.329969994902826 0.90655192179844 -0.666580463203042 2.16902074788111 0.337666199861401 -0.284475433699947
-1 0.601074255370049 2.13929343506690 -0.21071828012549 1.00811727927482 0.00126114007050926 2.66887553245528 0.554401869912722 3.34220457649268 -0.0293580516178433 0.212346244357843
-1 -0.518954404993566 0.39536297567082 1.64355887197819 -0.196311016406168 -0.625074211835616 -0.0980474484397031 0.596034240657046 2.31980151089816 0.702258689513904 1.69659577698273
1 -0.0564942707757703 0.339510871239508 1.54881176254680 -0.808895813557496 -0.145531242098081 -1.13907698287194 -1.32694643265967 0.888080886769797 0.72380484988248 -1.15395635195212
-1 0.591863744657455 0.345787629271967 -2.17410622238825 -0.744515853616305 -0.605883952361428 -0.474733482420768 0.0890647771679243 -1.0903965791195 0.121516819095522 0.476321443578187
1 -0.557511670939524 -0.375101189374807 -0.306208757788048 1.06730967239019 1.35295166046093 0.244532633061745 -0.367940922264592 -2.31496081379528 0.85539045080816 -0.646219739561893
-1 3.06649417303081 1.08785080461117 3.23204375988449 -0.414031328192779 1.21302450477848 -0.823274218999118 1.42340377252574 0.7758271869193 1.62355750710019 -0.554283488850979
1 0.157492955518208 1.35929239279501 -1.58254711670923 -0.0840253736257634 0.825718413531835 0.478083490355603 0.310587081122219 0.492868958708426 1.30256399090851 -0.104007348089830
1 0.0464151324223441 -0.87592871945914 1.04640277613869 0.601528473780339 0.362540387058262 -1.44243180640250 -0.0529140892308803 -1.31047646326941 -1.24834944780886 1.35142996949592
1 -0.529182232572358 -0.0450170501737037 1.57817737420077 0.720759519247352 -1.16630112656857 -0.399302839106242 0.601664966559078 -0.563511353289878 0.699974012869133 -0.350986526002038
-1 -0.481567992165785 2.60569321858832 0.552570032698193 0.109634991372268 1.78633836327408 1.47884894414656 2.69612584392916 -1.47684284162951 -0.0621867455078345 0.788321191713635
1 -0.551344077733539 0.43311684766406 -0.471112168446769 1.29329399848761 2.49626081836259 -0.0744134362242033 -0.182945003757198 -1.73001032025867 -0.598696334591853 0.0711513572264121
1 1.50006861572051 0.271063925831783 -0.517074356882272 1.59478635928171 -1.06694939846939 0.822464947282686 0.133331832283409 -1.09598325291803 -0.799631886958256 -0.784838223906054
1 -0.962043250350564 -0.477041100837609 -0.871379161387982 -0.874796238712528 -0.853938915648923 -0.276228451709661 1.42695923027124 -1.67674490671273 0.5675265968218 -0.579690343214246
-1 0.437302863049099 0.0342236616152358 0.89049969033322 0.547873022206431 1.24216585412028 -0.446205489927596 2.92270972745429 1.07244165090288 -0.232655734993544 1.91125149947879
1 -0.408087817425105 1.09179235865845 -1.71705809403892 1.67940780571750 -0.482229168460547 1.03648858595804 0.355001909011533 1.11542426786268 -2.35472508886182 -0.895572700186788
1 -0.517384955262894 0.118921872289734 -0.589735263177119 -0.364467912631715 0.187928260867352 -0.193765910184628 1.55918975549208 1.12575626650480 0.733109203908701 0.46042526856321
-1 2.34009310638888 -0.0618716350417817 0.391167406200749 0.0758289228792443 2.55246161330709 -1.17681834723161 1.06549240770136 2.76246434868856 1.08339667454623 -0.0778302719374682
1 0.103530646618974 2.11408162400366 0.13907994027424 -0.501515212353228 -0.258302716618023 0.00620877955579512 -0.158831907535553 0.769378659773203 0.280849438144017 -0.594017920343784
-1 -0.0552505836758795 1.90859692428992 -0.19625366172879 3.14365127561119 2.66319282675593 0.105549562099916 0.667137373527682 1.25449237299786 0.166833180722523 2.52177269685458
-1 0.400163135619433 0.75216652254966 -1.00164837252182 -0.568509789489289 0.92186738010179 1.06536145409769 0.129778874462449 0.325810747460382 -0.325677483325774 1.89280111320802
-1 1.10938262559008 -0.168978555981893 0.976440684458 0.0318959817598419 -0.285296510729552 0.594110614914912 -0.306024591338860 2.64337846741570 1.35776419109890 1.26880820927673
-1 1.52851785960765 0.444319909402536 0.609377263750542 -0.523168185115772 0.974548726441093 0.453645489076967 1.84063510130601 -0.132898540249511 0.249404561036817 0.275467653064813
-1 2.35395434965746 1.74846303525544 -0.743145850996808 1.89793598445523 0.392132250952562 0.710150199667553 1.83871572820899 2.61513782200149 0.655240760374827 1.72264066528554
-1 1.0956319746114 -1.26885712470618 -2.07272018577472 -0.745670864886141 -0.0277398302671150 -0.836915400095262 -0.349682454024319 2.12455895518155 1.07128588042684 0.700343338905577
1 -0.358258359668298 -0.450084473223556 0.186877607157996 0.419806649781975 -0.695302432480215 0.111766006820283 -0.73940199640274 0.00511179492910253 1.60011418495867 -0.861002029673946
1 1.08469127160444 -0.32065381821727 0.237359118557075 -0.0828067695435867 0.712136211500523 0.530821692535275 -1.30160817411990 -0.622576855708878 1.59279317364838 0.183067693120844
1 -0.684749320125084 0.937651080962397 0.662581097764502 -1.84846998756861 0.427906579803733 1.78130564584089 0.986758272168083 -0.233350333321119 0.919152525112073 -0.0396946449055328
1 3.55384252408767 -0.169737014061911 -0.249481285297166 0.679994349751735 -3.04837236364747 1.97213094415763 -0.227698567783505 0.256793286096251 -1.11403331310758 0.81992473513846
1 1.05001150414555 0.804771277820439 1.32788378045779 0.817108663009712 -0.366013194624219 -0.913259126143319 0.266838939437495 0.154825274765556 0.909994953108255 0.115517046503399
-1 1.12094158983596 1.66988200005519 0.735866601067009 1.08644570119771 1.95450513495595 2.38061314574135 0.760322450657986 0.77389486617564 1.0547610642341 1.09448702496301
1 0.513078970242862 1.34421533834147 0.0250763624601650 -1.24969942007479 1.19559765002594 -0.0695233164729209 1.14507455544019 -0.597476795716337 1.04856420649935 -1.88428303412990
1 -2.90777702593800 0.179481376370531 0.592771103583718 0.147900599392341 0.855380374718757 0.553674713470006 -0.672151675848057 0.091203542808822 -0.120516787764231 1.25647183723799
-1 0.846250323709507 0.784507849868173 0.85436104532155 -0.0735275372279965 -0.101479675531758 0.402787665726167 1.70200592101311 0.735099956427248 -0.659836482494795 -1.27177833687188
1 1.00937309382182 -1.14876327571957 1.66344740813457 -0.524539474965709 -0.44841680717947 2.56354710903444 -1.59056190393965 -0.201836629748464 1.73145086364617 0.773725463904651
1 1.17370203958548 -0.89655060889089 0.0441606784352646 -1.20370201057708 0.309708005501747 0.413096248218949 -0.466045480405371 1.70786819497589 -0.221494201723298 -1.24704383285995
-1 -1.57904875334872 0.905330465164009 -0.231597296845168 -0.200471801222765 -1.6301970813428 0.925731464005532 0.77608497897485 1.0443287320089 1.24676491819232 1.30261096251511
1 0.547255297759648 -0.239513291151613 -0.5764262480764 -0.879362803972517 0.174607102242235 0.691883095806152 0.568711589309868 2.68818943039138 1.39653410168515 -2.10629486012235
-1 0.870579082834714 -0.236732388824867 1.59047089945933 1.51173659510550 2.94793314069631 -0.373498790974713 1.03215271213381 0.0416926188108705 0.839291674967772 1.25580394439593
1 1.40132865485401 -0.725973938881688 0.188114521272310 -0.666677589602058 1.18909779158841 -0.562640583197964 -1.1219716720307 -0.482000473705561 0.428378238041375 -0.121552990665914
-1 1.18286947093930 1.36296706982960 0.843932271940902 0.185991151787326 -0.0806137627790782 1.47077528070942 2.32309825958816 -1.08912067328186 -0.59661886780981 0.874910090479967
1 -0.706546864804498 0.455015893077389 0.981065300666677 0.8691352899042 0.110575854239507 0.314446374421976 -0.0262507884108605 -1.27753429406872 0.0615408065099873 0.0513004912791558
-1 -0.088323721447684 1.27105845188305 0.493196551381547 0.927181295733795 -0.398238813772244 2.23076589367158 -0.235924165272147 0.924987535668695 0.749132877721395 0.233977132390802
1 0.557198556418111 -0.302197172363451 -1.40014392685230 0.258213247492795 -2.11304041660903 -1.71256275811517 -0.868944873397704 -2.95040125438563 0.22893610198266 0.484140409908399
-1 -0.217736935108732 0.605277665409244 0.0310030512283068 0.808368811143754 0.587806690649034 1.07620213628054 0.121239020275694 0.803425620155468 1.37021844148834 0.230800948005214
1 -1.02095444709735 -1.00071179608387 0.108357514527629 0.589043855011306 0.0740053834778114 -0.294346754657483 0.0429960115834504 1.31726116414221 -0.0222029790430594 1.44791374659875
-1 0.111919439611014 2.37094653512921 1.24148049408495 2.65021667254838 0.575193445353588 -0.839864964664027 0.0708783001220317 0.96973989825704 2.14537775970079 0.857905725573369
1 0.719212592607891 0.833228679166466 0.686280775965566 1.34036005339170 -0.0792484035153563 -1.38973204870996 1.441491573426 0.311601772308197 1.13300318602207 -0.981622870478855
1 -1.02680413429608 -0.607157503667993 -0.568762627966689 -0.216425998327671 0.518981144628605 -0.478350165123404 0.62687119214749 1.51282696810345 0.532912330979741 -0.887072147463864
-1 0.992048756632517 -0.137127806488236 -0.638533775396715 0.981173726973414 0.655794993263657 0.788379085607877 -0.193601363142894 -0.692085775701467 0.880733963305864 0.162337844051558
-1 1.02301865296363 1.04219302028787 1.48235816382243 1.25547582410554 -0.365331039892214 1.58157763577982 1.65109064257754 0.384124891849093 0.996114688557615 -1.60335712140966
-1 1.20215329954190 0.723392233097445 -0.663375268475403 1.71426454185751 0.983926096051168 1.24320611017100 -1.46735869049759 0.0298990631372831 0.217314665176383 1.87766406471427
1 1.79468227119296 0.748180280607211 2.06242806235991 -1.39241049605423 0.724534970558761 -0.288635883703989 -1.21806871359492 -0.0439056174809081 -0.171004929807986 -1.47888445618801
1 0.166953651900774 1.47506303582536 0.687647063417839 -0.044785904754273 -0.930483371014023 -0.740161486470941 -0.14141204914796 0.472014533477781 -0.624988791374599 -1.34541489552873
1 0.039708570221687 -0.313129692101626 0.602207832481893 -0.915136608147175 1.36626415880927 0.239197611818766 0.145769594164274 -0.398050726939014 -0.164475917396646 2.04083058165831
1 0.171787552230841 -0.571650486282643 -0.80473289402089 -1.05219842809705 0.624277425027994 0.778590876442151 -0.824408236794963 -0.884720041555245 0.201000122857275 1.20648757925568
1 0.529948007436135 1.13526341954954 0.388873360312100 -0.984834913165274 -1.23875188208669 0.836214057186133 -0.895317099482217 -0.150011817410649 0.871596229247223 1.30821263930888
1 -1.91701590935236 0.632642441556217 1.32889128943306 0.448533407057638 1.88743198649101 1.13098787316954 1.02810987625784 -1.65197868711263 0.460182450616526 0.222344671245670
1 -0.599922516146317 -0.281976428783647 1.20274992525736 -0.777884241873438 -0.873798040917915 0.96843189167273 0.824161101033314 -0.69567997648468 -1.00519978015148 0.154526374249243
1 0.171697748493227 0.382815474425978 -0.0827078370687985 -1.74795568662909 -0.568324521068037 0.112779317054922 -0.568886520859066 0.455332500138346 -1.26709748941691 -0.538209507194465
-1 0.204490667483804 2.43862627901338 1.25786113114422 1.60231728902910 -0.738130720742155 0.858767358954076 2.03208308102234 -0.871206215451277 -1.02953021544432 1.96366206547250
1 -0.317919052367014 0.228840298740697 -2.29114903424024 -1.23541760090525 1.76714148779776 1.32832029330796 -0.969125603749444 0.426913220119476 -1.39676435566867 0.0670217398220254
-1 0.581829226217097 1.1009355615844 0.954426426713533 0.712375394619625 1.00947951369889 -1.07374608969372 -1.18660107558948 1.35133627843186 0.178335009413200 0.177271661638399
-1 -0.660924995887775 2.95356749395537 -0.109753479633629 1.58316676858641 0.302406876459659 2.23465030033886 1.24023712217748 -0.109635173180596 1.91284940217149 2.77439079061567
-1 1.39262134707486 -0.429202366181098 0.173100020900927 -0.811270599199508 0.704135222072444 1.00049316240720 0.91880284483109 1.04396901951165 2.09095368455362 1.10088031535361
1 0.212313137612970 -1.58848381632516 0.0435304841167938 0.160760778458524 -0.901612828177904 0.932695544405434 0.383060484022015 -1.63961447145874 -0.477653494398389 2.06190635317334
1 1.18454496178433 -2.41817235620484 2.00889506078803 -0.173068837128958 -1.54461603014309 -1.32002128862349 -0.761112707601379 -0.9334817698273 2.87822715112324 0.314334537767179
1 -0.712278459511187 0.777428538536052 -1.79608437589844 -0.333378082134266 -0.146091799653169 -0.97627843465814 -0.242266262427745 -0.937956994152056 1.77162761270547 0.19996770942925
1 -1.23615820898030 1.17676610595524 0.65716363279803 0.55589843053859 -0.240461971542794 -0.148590545599428 0.996364035201214 1.08450828450083 0.500462777793979 -0.119920043466734
-1 1.69424131911329 0.64111622116628 1.14900497831518 -0.0210116356061902 0.750762641352851 0.452897334612706 1.9543873804535 1.32332871622485 -0.992900714221298 1.57407428325795
1 -0.236476849966917 0.431535047067669 -1.83910908234336 0.722699355420194 1.00872639892871 0.179717617654358 -1.28256865873712 1.15573423007631 0.442499599611348 0.098276515320501
1 -2.27409042779778 0.255869221270642 -0.864828656321088 -2.00908790951764 -1.86753542765496 -1.39153400296997 0.609710960882572 -0.254856997458582 0.729578228841632 -0.130854403711824
-1 2.00607624978578 0.321143219759310 1.27229512120522 1.61407131128598 -0.857515098631832 0.490266226883219 -0.247700278358641 -0.0133472166227555 1.46243526121651 1.06720490788726
-1 1.07861253650337 1.36931137261277 0.0201133308606921 0.113633343094838 1.78892974756157 -1.33318738281684 -1.46768255357893 -2.06938038860841 1.91288072375396 0.363589892348208
-1 0.820472517588609 0.0809122944828754 1.45620854547469 -1.07938041708845 0.727586877352847 0.402359921257795 -1.16622009920694 1.37818532940401 1.60647047275121 1.76267207695879
-1 -0.439533717656195 0.8419486791799 1.55440950884848 0.261440722021831 1.42091659327059 -2.02179489992205 -0.800864705225079 2.54087949279851 0.257624816076522 0.758929139013875
1 0.636587514492712 0.459026684514799 -0.105484563959995 1.83301676148974 0.880670210948095 -1.34213785703123 -0.219335190493374 -1.06426150196468 -0.6570878120067 0.546916401995362
-1 0.752203712083467 0.439648188634898 2.13008171475217 -0.130427126509009 1.67786840151386 -0.532215479546402 1.04842530228657 -0.619764905602116 -0.601965557542564 -0.262411420036998
-1 0.797632213700994 1.13626181885449 0.632549896320852 0.563169550102058 0.323513315630575 -0.449628386611167 0.207258093983453 1.66365473816806 -0.819465733302331 -0.609041549754868
1 0.548536027227342 0.646835077790322 -0.521744429616562 0.68750721482116 0.306684395417523 0.0824635443053616 0.108320966792237 -1.41301806526437 0.704022249653684 0.435754911446437
-1 1.12511916651956 0.767500120605317 0.437378694401763 -0.520499072735646 0.978669030987274 0.140146101071480 -0.0837844941512527 -0.434250083219424 -0.0735975510656265 0.51813763070646
1 -0.305188346296411 -0.107345189664182 -1.21908440393554 -0.418122532282516 -0.684112989428575 -0.804985069789378 -2.03519960371548 0.679581017200291 -1.30411086958976 -1.05296990043125
-1 -0.700057161300415 -0.615646938273968 0.444116068720326 1.91307372622258 1.46051557061901 -0.187293136929566 0.755896682293069 -0.218674634533286 0.367633474522464 1.18396145778558
1 -0.295134281231848 1.28422166776879 0.312386446756443 0.717558842686742 1.32480198411922 2.46909438623704 -0.258315651255473 -1.41603874575979 0.141984624443661 0.197982697045947
1 1.77467271583030 0.432612902996921 0.463381891120881 -0.472940196903104 0.0546330554163731 -0.887097044712752 0.820340927373673 -2.50317974942799 -0.368252979077736 -0.388781467513541
1 0.272103734114899 0.615000534325253 0.911566228381105 -0.964134600980037 -0.757038724476758 1.26691020717735 0.146255808885043 -0.349965297734622 0.0916745134168875 -1.09758133517171
-1 1.09306215387593 -0.435748599847695 -0.538742949998012 -0.651362977614254 0.719384286259374 0.83906494133174 -0.376716553495977 1.05337349846727 3.18102933739455 1.67402005068994
1 1.55651490536291 -0.942301319213411 0.95899894369788 -0.00107884960059214 0.125376605617901 -0.672724042213511 -1.39622426055481 -2.86228966958459 -0.341611933433058 -1.94751630119547
1 -0.917214109707576 2.01832319949263 1.15504948653692 -0.829517097052585 1.27424546430731 0.722806456347082 1.00784368910003 0.947124743271064 -0.135103909590560 1.79951850596941
1 0.118105719736321 0.72124381366997 -0.405482008895116 1.75997332605235 -0.250540040840765 1.36678429927345 0.315152290576087 0.244452962100581 0.281604731897534 0.068345739773816
1 1.50601177608754 -0.0484483068069244 -1.51549905369961 -0.0504042629290566 -1.28767565598923 -0.393862030724469 1.94434639551325 0.118121694737305 0.955191224173664 1.07744350231373
-1 0.67940249227318 -0.189038163047280 1.46950661160923 -1.16825966732934 1.76585787440959 1.49044533810812 0.612563229279781 1.89867796302293 -0.180819866016748 1.27201264209499
-1 -1.06548721891102 0.570932306956361 2.35319597833037 0.624097817004825 0.713921423799434 0.350897362223369 1.74252218940179 -0.124684904613738 0.055079865781956 0.0114558379788497
-1 2.32444772201924 0.884291276188444 -0.232660318158537 0.257352618095113 0.085191111174099 -0.511857407161269 0.718035599989851 1.01655411673087 1.77198963396042 1.15142480343285
-1 0.643077536886246 1.03517455959833 -0.541159709668385 -0.104185344784853 1.97254497264379 -0.306811589866703 0.20826520429035 1.46115239589342 1.19761134745507 0.999314442573837
1 0.111605535818748 0.300864516971397 -0.609397537259578 0.163505807396171 -0.835138762398767 -0.266865213494596 -0.803152052750734 0.170117498288665 0.0051930754126986 -0.857340305510132
-1 0.77925037369541 -0.421074171099643 -1.00428014426720 1.33111163256727 -1.04016039337872 1.41185352228053 -0.462995408374605 0.085997784380691 0.660127231268937 1.19675951412890
-1 2.99515884366248 -0.0212384709919096 1.90915363346259 0.356857240908476 0.739999961089643 1.07113197858745 0.746421584214795 2.43052648307531 0.0639756829846093 -0.0566306529058985
1 0.491514394335692 -0.282317780103352 -0.783107445183486 -0.643049651269924 -0.345912781081567 -0.837007757678286 0.237116020981065 -0.715804388102896 -0.197628419387356 0.773552952055748
1 -0.201787651917768 0.302747628258555 -0.0111513641655186 -1.30665875827146 -0.0285851066436075 0.445539116304743 -1.02348392288437 0.519317139554294 0.580600631300524 0.790081635445926
-1 0.712933700199357 1.76759652058642 -1.80426891529126 0.869443919263319 -1.08682730787998 -0.126925984369838 0.900010924027115 0.195447989098073 0.431356036887275 -0.660948009610507
1 -0.56042791748658 1.63609118862296 -1.65009937087313 1.12641680989722 0.0116614186410813 -0.360760995100734 -0.569915375097489 1.06370580370729 0.621772188970234 -0.0959919552241585
1 -2.35510246906546 -1.28496537802873 0.277971938397372 0.484920707390763 2.45544030037905 -0.614226036228928 1.33575135886994 -0.604296337327929 1.00648658842787 0.0611031707396698
-1 2.22180685388863 1.16012588061194 3.53133130879529 0.548068859542078 0.781530636104794 0.752995249882316 -0.992750945004581 1.48152733846947 -0.917843029107338 -1.15910994604805
-1 1.90103952333834 0.107233458821201 0.517512273152854 1.98094229380913 0.45179319549473 0.471669264482838 -0.626717124848417 -0.166387466585299 0.563211410957701 -1.44917466971896
1 0.390790504238534 1.04295345125928 -0.62512470796526 -0.406597109091866 1.35602564212099 1.37325333264919 -1.22297309025900 0.0356673955086754 2.56522870079094 -0.829242766481157
1 -0.809878857749414 -1.31625032858852 -1.37887044319394 0.655571687877477 -0.00762940547527815 -1.22519186633013 -1.37575002116028 -0.0912212554922713 0.572932983954313 1.12160851260254
1 -1.75375584906355 0.545784665093872 0.546879479548477 1.36502509495448 -1.27917660974279 0.466535889715511 0.585366356932187 1.41209718390059 0.95412135874997 -0.705201920767286
-1 0.304333536673792 1.65387955983149 1.92970160518741 -0.343879506512549 -0.678713377513834 0.96400575421761 0.813074818158608 2.48457397002909 -0.219423935598325 1.45000418731030
-1 0.23831004696069 0.930384758749082 -0.36034258433371 1.61543303384584 0.485448989635187 0.15751106699791 1.16965897318731 1.61627094055404 -0.8833922714033 -0.553200295359745
1 -0.495748599370277 -0.158334336383641 0.276591478460911 1.10008886142266 1.24158488839170 -0.686163643967804 2.78579235971001 -1.38137357312762 0.593548040637911 1.74000009693638
-1 0.450584912691661 1.11527784882390 0.325251005926833 1.30406051977019 1.36377583642047 2.64102398890722 0.525610985123759 -0.0575641707020874 -1.39281516271056 -0.367236349418388
1 -0.762414992061266 -1.81133253666577 0.372437204208137 0.858282884295866 -1.53117277155647 -0.780857970760295 -0.424761209202577 -0.180597315047776 0.333524597671160 0.535576972001842
1 0.138399788608754 0.35264087722521 1.14774512661972 1.08752322988568 1.82597408324270 0.339479887187177 1.05683761794984 -1.25762697344838 1.13758859664257 -2.79124548809462
-1 1.23870911229174 -0.685686623203316 1.31601220408093 -0.228367433345728 1.3958278191341 -0.648005275735853 1.05271458374263 0.647758922904531 1.53509299867530 0.0203302638927247
1 -0.822677601943786 0.198694182867218 0.0648262157809288 0.193690766441556 0.0984716279590322 1.22870864293472 1.31509900050562 1.20270094926529 2.10959379497519 0.395597813633374
1 -1.03693435137186 -0.574712345640633 0.390333854501242 0.693539219599692 -0.171203155478234 -0.034299213232818 -0.468681639714325 1.76323258958664 0.521099526555774 -0.615297264684388
1 0.154624144469077 1.24125801600497 -1.36474986629916 -0.92699610061148 2.43962215204949 1.44477408098871 0.497813611638374 -0.367295121737447 -1.35644561580500 -0.642706092876363
1 -0.62522505200562 -0.293231989296643 -0.873549040519924 0.214291774433597 0.205940275360803 -0.72289697864319 0.281830433245881 -0.605918617244254 -0.302838801165320 0.277523347980254
