500
10
1 -0.857003662519863 -1.2905129123001 -0.68571168466125 1.62957806119393 -0.480657715963553 0.493460680257634 0.897830167803753 -0.00217260627503087 -0.749697315061096 -0.585031196299307
-1 0.178946562147097 3.12740597629877 -0.692585241830215 1.23944371829991 1.03267353184299 0.406931002709849 1.92553306788864 -0.693856642963083 0.370993692176396 -0.311615540511426
-1 1.21189456819033 2.63383082933484 1.30845201129782 0.899438436391848 -0.0601699250116579 1.10258367460686 0.0357530049411753 -0.646731002091903 1.17819043186745 1.03239591736318
-1 0.762635168576718 1.52389297605430 1.5632498956665 -0.803308310785734 1.16674486928749 1.27604865348766 1.41315941660450 0.767092819648855 0.446572698970519 1.28771309790144
1 -0.268770871979216 0.279794900935711 -0.56342200626346 1.31241458869979 -1.4673123213892 0.671963084930589 -0.770439670966106 -1.71940840179885 -2.03331878917228 -0.446472067515396
1 1.13540725955772 0.897152678429058 0.807696477663928 0.244489684748055 0.533768360094725 1.23862100490198 0.879290173108402 1.89771608130016 0.859805651755372 -1.64519617047841
-1 -0.00244192576870583 1.14161120059643 1.60099822371006 0.930843654856949 0.746876817394711 1.09305664553607 3.35461618551403 1.98357803429521 0.859769641335004 1.96824808723050
1 -0.261654222118735 -0.589191212521133 1.48106999954710 -0.74587651271986 0.536530398713925 0.138574335292465 0.0287804047608848 -2.49310873615962 1.46065018789498 -0.305950867354495
-1 2.43502534223791 1.44043780915540 -1.06191198729041 0.648079916013459 0.873026935943649 -1.18272232436801 1.43976976781084 1.84566473833166 0.202027249170513 -0.365946495799276
1 -0.282927277756146 -0.343742448163973 0.454143769983241 -0.376846991031907 1.53510164155052 -1.40752829084311 -0.647387236289767 -1.12989089937300 1.07707978222113 1.18201454213237
1 0.430991371562952 0.738870640243588 0.650630509371983 0.223685512380741 -0.655363295522577 -1.48950366049976 -1.51209648906522 -0.481144463695872 0.877767915088486 -0.534655719543811
-1 1.91822289317307 1.32692249651119 1.34443315698269 0.0815515447464673 0.216248708665289 2.44165389981953 1.1832401633799 -0.651521861810137 0.676696753422429 -0.399903933203239
-1 2.56355048927774 0.118954236760029 0.0506381864847082 0.469598622283864 -0.8526148931938 1.30195408475093 1.21001635762082 1.18650674534049 0.127900888040812 3.55937534028215
1 -0.682667793782174 0.952238158888602 0.160321635327929 -0.0243618867536219 -0.195681212236585 -0.691066068279778 0.59883074918625 0.0333809567797483 1.84713859702209 -0.853571090477454
-1 0.261055124507054 2.34542804739424 -1.2527177444177 1.54714405944494 1.48644526317479 1.02454446783104 1.20344605994491 0.828670284779544 0.63451583328508 0.992212646914198
-1 -0.665295041145436 1.78399610475156 1.19026363970531 1.65677110323107 1.44085028780979 1.11741641014817 0.289525938063582 0.932188095091085 -0.0666569355179183 -0.880975383975002
-1 1.75760273590710 0.176078623163964 0.978445089258646 -0.0744194105364303 -0.120591882884814 -0.924505083587288 0.340663763494694 1.35378156148648 -0.982915557437568 0.510594964105505
1 -0.111308655623725 -0.971176812563843 0.235298263451483 -1.26183772319518 -0.615877360136698 -0.876314411470853 0.242049243124754 0.623061156756326 -1.27798098853698 0.397462303473894
1 -0.0346273970655219 0.868912708395086 0.911508671044323 -1.30041884425875 -0.0398230368786117 0.472743285614311 0.102566376448500 0.810781053759 0.745680391627519 -0.857607282644135
-1 2.13864117120439 -0.475006120965314 1.04307026151485 -0.148045297004934 -0.440833206133094 0.321974151979082 0.864524397816749 0.0191579808396225 0.450178342929699 0.215259717976296
-1 3.60092216854672 0.0283972622487831 1.97017196475524 -1.28842907658450 -0.182867556141048 2.98690501728208 1.82301787398466 2.09408718576933 1.60819812827101 1.15360784089399
1 0.464459615687288 0.484169895305939 0.0559789652528908 -0.661894740590576 -0.313922400061218 1.00507802357664 1.60982864946362 0.432170893218132 0.0298922190439063 -0.179160490224891
1 1.49604173880677 1.33496364148080 -1.07809575299841 0.199423470898919 -0.852631958695008 -2.48088683967798 -0.75928878896796 0.126466026590627 -0.597022702870953 0.292648256045321
1 1.59077455390182 0.219481468163618 0.143602695120755 0.092918218944224 0.918577963977479 -1.61077574071599 -0.274183379249311 0.362272739868186 -0.148496347128323 0.683633424473534
-1 0.463164290682183 0.770930162765935 0.614994689745198 1.08349732474619 -0.060652869789377 1.53254886172187 1.52230555828237 0.966299171130985 -0.218261263379073 0.489660640265613
1 -0.337000606331733 0.153111744188026 0.540542536756685 1.63503783406154 -0.904568412974176 1.53246663612034 -1.49973907819494 0.518649717003631 0.944154681929886 -1.6091402071004
-1 1.22086065238862 0.464806044269628 -0.636031231796457 2.11865225740811 0.732649111637833 1.12880884840547 0.957628239909251 0.139255996601051 4.25430627074131 2.00004445341498
1 1.10564665975942 -0.184125650532345 -0.3843090494675 0.789178497793716 -1.00812002032453 1.03609557583640 -0.9519972336752 0.396246855663647 -1.48972301506172 -0.80543580501614
-1 1.2848339673892 0.749235080571913 0.967332987873678 2.47189594161842 1.21197438347297 -0.929961858525972 0.377486967484355 2.29848914959299 -0.485670121788193 -0.312027444052158
-1 -0.173428283751858 2.02485992285253 1.53152974173921 0.430010782074404 3.75001678272266 -0.0330426902815683 0.401000536169684 -1.08496674910661 0.893583572874703 0.168763595132101
-1 0.328728012558097 -1.31706365364899 0.801204574394442 1.82578437910861 0.454319196502158 -0.466101218064035 3.45825277362477 1.31940159742317 0.811455345456121 0.648451353221202
1 0.958209135770573 0.795396916494831 0.523245627813426 -0.142548181083873 0.753792368106609 -1.77548159591726 0.321229060813553 0.807968037535816 -0.308509465410440 -1.05191742827921
1 0.288422147072496 -1.35843987377073 0.127566453511955 -0.458659110885846 1.17129059488846 1.90985540882086 -0.767723293073927 0.0563533072775395 0.128365357911729 -1.30080753512353
-1 0.867540513959889 0.478606361644962 0.661674876130839 1.08945423721485 0.25349904093981 0.390687524109359 0.877474040553884 -1.07375112591929 0.28769702288681 1.85388545795877
-1 0.0731145033687461 -0.500938001411354 1.49195761943748 1.51827583543987 0.388115118927094 0.633446979779869 1.20934178976565 2.08907622058232 2.39222687414536 0.836529099330886
-1 2.29749448894599 0.290043506195024 2.19054763021523 1.76775683251480 0.653523552001027 0.326003856235022 1.92733640347880 1.30860582117430 0.803863604368899 1.01439309488161
1 -1.37794369431356 0.490327832133194 1.15135599220025 -2.58288831148231 -0.172411126823540 -0.0300717642132007 0.147893026863543 0.174170450594346 -1.24422878203085 0.0874125065103431
1 0.91186704831184 1.47255601220999 -0.182614568214319 -0.00929061642625718 1.31963754617886 -0.776090876875386 -0.0206348191816485 -0.856920555696792 -0.704960905508164 0.525365831854428
-1 1.98687802576574 -0.591305008104233 -0.0939181303657602 1.58743294854093 0.483800682285857 -0.193279016534883 1.43975200190774 0.986681687759343 -0.135978063247552 2.08770969760447
1 -0.675665521294492 -0.373076665727594 1.05786420119991 -0.305931651856950 1.26566787954440 0.0675065022956846 -0.179943079711987 -2.42981022587330 -0.849135592207034 -1.08386617877311
1 0.273207787192676 0.583481337310919 -0.0383414224289798 -0.364711982125001 -1.39055865980995 0.287422515707557 -1.75452035156047 0.668649154086845 -0.85019481873307 0.278913037989164
1 0.146056116557268 -0.2813219672164 -0.202978235344123 0.582346284931 0.76075402820828 -1.09254724940589 0.0601374763127734 1.72719834569650 0.528740275375223 -0.89732484315742
-1 0.350797385883054 1.37976102171643 1.74753088079326 0.408056351491857 1.00707279570181 -0.508466924753526 -0.363368247635182 0.763803539683149 -0.917982493868876 -0.667161680195581
1 -1.72292210349506 -1.16438889741122 -0.425987093279197 -0.138744203200163 1.71454301004797 -0.0691340616227162 0.726122946186125 1.67903622911296 0.381043623237849 -1.83786411278722
1 1.64207086580114 -0.679285407768878 -1.49609354563699 1.05149418458067 0.598027423754223 -0.220435019358619 -1.78310515120197 0.00801619173657883 -0.699548110989344 0.182881629034049
1 0.869574933084541 -0.0104347714381599 0.259751011654892 -0.783479954642553 -1.01224301901896 -1.60720172005957 0.162337221887873 1.40870949030772 -1.71289738315941 0.337819020444131
-1 0.643989884282059 0.961098222037465 -0.0346289476902197 0.339017048750458 0.78207051077211 -0.523703446357986 -1.01894177654678 0.169700315567239 1.13077624234224 1.33750416122868
-1 2.07935744610221 2.22159255407095 0.699675446078011 0.00389138335606032 1.29127770436482 0.511803346961838 -0.461710759714652 -0.217450450225341 0.612187001049716 0.469586422281733
1 2.12999904554426 -1.73103988807855 1.41162490514296 -0.401408125554359 0.123424943491751 0.0445370549985885 -0.385269422009061 -1.53416345231049 0.09770987737453 -1.09338716300954
-1 0.244151503062618 1.68805784004326 0.487804830803636 2.58001878147293 -1.11900450858825 0.970962352293433 0.294218867433258 -0.37367769454612 0.0620821014269168 0.720881215992471
-1 -0.561173202897272 0.64945945048308 2.43395861572753 1.58913903510210 0.95470054666933 0.541552896710477 2.04654902798861 1.21411411849847 0.328073457609894 1.58706245562062
-1 0.269491526564874 -0.744745266351313 2.22826462758705 0.0646350670395589 1.66296608234277 2.56313078918442 1.79216054225705 1.26081572014349 -1.60359048569903 1.78661624963258
-1 2.05800303354006 -0.933807035282136 1.31499587454876 1.38052968171741 0.564819438748084 0.480213801208097 1.33685346654926 0.517271770235118 0.372034695680079 2.56662571017264
-1 0.371515632709058 -1.27441962882954 0.00469672086903317 1.71167713867017 1.87247222321411 0.422355770944028 0.821150125602202 0.616530704625008 2.79772177020273 -0.65575311735455
-1 0.974504999771363 0.82951088729424 2.17470346593756 0.266127140588014 0.672001497971163 1.73840512025830 2.95196487092513 0.78646844803411 1.09746941197376 0.500134265327076
1 0.0526436886034865 0.32207080514248 1.45719021030301 0.0871641465710379 -0.19243893460048 0.93073247555086 0.753132705853069 -0.442192028883608 -1.31715547123145 1.09848159950389
1 -1.43255869072888 -0.264746215690258 -1.65191402394419 0.782087504640794 -0.161648912178905 -1.18435945099670 -0.670075863425337 0.393139031444198 -0.0592236544183912 -1.24029297008854
1 1.53432720426545 0.67966705345727 0.134509253643746 1.58450831622744 1.30286948043334 0.460845145421725 -1.04442883744444 -1.23972851603004 0.0686288557426678 -2.14922182078843
-1 0.47629827583524 1.62274598643419 -0.751017687384076 -0.298499265760383 -0.154633086902405 2.48171110216123 -0.0975920619278082 1.36686938811827 0.0515842185113646 1.28174465273091
-1 1.22348565818549 0.466380046949174 0.364642789081321 0.423315924703919 1.09732081706819 2.61691158161615 1.29694795005757 0.500685264582299 1.30874049588823 -0.0456164789729596
-1 -0.798916315043085 1.84078787786892 2.3102310831148 -0.146822403637685 0.806710924751848 0.954062594372114 1.75402114655615 1.59304996277187 0.117988785226316 0.803313026557799
1 -0.419784827770684 1.63974749131215 -1.41053794786007 -0.915793794110293 -0.20565694291235 -0.903009366861124 1.08153572473112 -2.51594737547577 -0.397320254592803 0.126143020183074
1 -0.120760632121373 -0.595952334941868 0.165130929580852 -0.411321055448742 -0.370250696128457 1.54030968290685 -1.11996362168044 0.0254612734704954 -0.62210123799695 0.576843183269882
-1 -0.382714775503751 -1.33074490644470 2.26985599585389 1.68583458410794 0.7239861996462 1.74565775539358 2.13614034906795 2.01329654798603 0.949322659357717 1.72548043433513
-1 -0.208179714569919 0.54973614590428 2.14025180219315 -0.771261906006776 1.2445841911377 -0.757107068438427 -1.50785102946846 1.93042393563192 3.79774697604382 1.60096842218232
1 -0.364829089229341 0.122910452195903 0.138720546941371 0.779180865817687 -0.859164037659335 -0.280924164668804 -0.194361675202593 0.615267077545777 -0.115552973969673 -1.23846137743813
1 -2.22901752868698 1.83086165848763 -0.561574968517256 1.72350755407599 1.81427038108809 0.227233775929682 0.440025173123775 -0.464961798485205 -1.96131854750226 0.547104505091007
1 -0.956975417365087 -0.326747951140853 -1.11551343404635 0.205949376164586 1.35708052834273 0.806966581192872 -1.71257456935207 -0.298177587111601 -0.182953366099230 0.231114384120651
-1 1.73709468458014 2.00355752266179 1.04378861662041 -0.753463301609623 2.90850500437755 -0.0472980066334098 -0.71560103313384 0.32734675654616 2.60658271765273 0.319193372981661
1 -0.988413849791808 0.144210834808461 0.957163568713819 0.436411037089635 0.890548035879407 -0.689566215970915 0.359198210373463 1.01811445287541 -0.396239516019079 -0.0369649107059229
-1 0.759568396963131 -0.655786582783237 0.413648440098691 0.889316642316808 1.37742239883193 -1.28840318171992 0.363982077364156 2.22208518832226 1.17731510649948 0.0138073438560866
-1 0.755978556833357 0.72177757796362 2.7947509952709 0.228784301346399 0.574251365901317 -0.667004668447544 0.651266172982223 0.695929513427628 0.920361998271003 1.00001915472093
1 0.851113545700994 -0.0406730900597874 2.57851370923869 -0.132120065710116 -0.089579275406848 0.446599735654641 -0.835226179081931 -0.793827865793463 -1.21056487764246 0.254091685081209
-1 0.758205681130147 1.92592277298896 1.18602406289334 1.73999423048135 -0.181194753574128 0.257584660582295 -1.04817670371626 0.825150364061915 1.29249787571485 0.415704257257078
1 -1.67703116473287 -0.497207348295772 0.369735389905683 0.986732567573049 -0.847646900972502 -2.03506041455606 -0.89441830428379 0.62328736879888 -0.523838472818225 -0.552051342386428
1 1.23425009349633 1.22117090557998 0.287509190919185 -0.383301617040015 -1.54190743565836 1.05014552634084 0.458945294873143 -0.687529938479825 0.889280574302238 -0.491032171663923
-1 2.27354981260978 0.781254112903898 1.40969381887274 1.68682053255144 -0.445260600721412 1.58192410051834 0.426380699771692 -0.475361870545482 1.98879896112060 -0.733663018719761
1 1.49790954810237 -0.450527014894823 0.157646679426736 0.166219166017839 -1.04704374366705 -0.594224767581535 1.05570649649594 1.66286539755075 -0.678787769309981 1.07013238160207
1 0.343259732572596 0.448634561370259 1.41560345338484 0.470815568088503 0.107807325914336 0.150144018539891 -0.105009217327442 -1.31888925388720 -0.1060067409477 -1.47511655567467
-1 0.242683684121775 2.22923688394774 0.961882409389825 1.27718774324912 0.970643547829996 1.32007392395554 -1.356425726497 -0.103821955182123 1.84852658739407 -0.363376871490813
1 0.809025723634472 -0.0840763710681175 -1.87012566453940 0.500069046518309 0.386642642961361 0.0497924000246025 2.29940284229770 0.226449869155096 -1.39724762091901 1.95722517563651
1 0.605832953454716 -0.570428288525096 -0.907797356008999 0.0283744986026936 -0.0120436715152606 -1.26646640154672 0.329115613651081 -0.742694499883483 0.105856942500733 -0.471307911394776
-1 -0.76996454697536 0.0314701640084931 1.03561348796816 -1.12116643501344 -1.41881131253954 0.576447585452788 0.857761225536791 0.725384872300226 0.521932296053267 3.12665608602751
-1 0.662115881119982 0.615285267332639 -0.124753382745089 1.99052281399655 1.08085026696393 0.0809159729489475 -1.14310265225919 1.12008350101127 0.472979885040617 -0.807601285760947
1 2.16499117091202 0.3758834804991 0.409599955103897 1.4159847413337 -0.679661885353427 0.755937603517945 1.71169983886151 0.602578389355062 0.180184473832188 0.249204735335037
-1 1.04848297667762 1.14927430938687 0.0090762520163774 1.23688494235053 1.56843140497665 0.98092412768758 -0.519068977007333 0.515577055018978 0.495924553840754 -0.801444153951504
1 -0.217952776535445 -0.179702313939782 0.772105449322753 0.242176713194443 0.459452826431678 1.90952718123059 -0.578715338213758 -0.143430261098983 0.229091861111475 0.662749791437303
1 -0.637346234371229 -0.468333822448426 -0.996278772087917 0.994442379831931 -0.867345950974581 -0.378997845424095 0.555814261217887 -0.0868121586587827 0.00768096560644705 -0.0409055967957730
-1 1.55560212042751 0.720064881752075 0.723461824227623 -0.284153545658833 1.22966282634677 1.72441511327742 0.778145795313706 -1.54163424762241 2.21258683837787 1.30046478339488
-1 0.581494285849615 2.29898818881974 0.87096322077508 1.81385838387843 0.82730854036489 0.914024459901743 -0.212223075304261 0.584652669300145 0.694479735321707 -1.09667863399499
1 -0.322508836430319 -2.58601724368775 0.428888052498949 1.29196064262261 1.33154529376847 0.494358663645347 -0.595384212504738 1.11638693802373 1.74909217991852 -0.524944567799239
1 2.32157610275246 0.468667515488351 0.88492428493916 -0.613166394600371 -0.98523039920884 0.401926749898277 0.748710663666664 1.19112985714523 -1.17877900079337 -2.17857963294412
1 -0.0712843196424734 -1.35085617302716 0.439575794957811 -0.98153150604547 0.0351568479172579 -0.857849454646 -0.458179098417501 0.530637795853439 1.04915764279606 -0.103464736038079
1 -0.985985853289076 -0.219082564366257 -0.37704407662297 -0.176576833292475 -1.68798208184828 0.0983457336794234 -0.32847454594882 -0.118390286933327 -0.716776723835457 -0.610201249887758
-1 -1.81697948136282 1.20012464810316 -1.21983172740737 0.865145740851815 1.75129128799792 3.432506328859 0.301055926320602 0.52380632702791 2.27689038253014 1.17717608761590
-1 0.229306857593176 1.03013108296615 0.886484419225736 0.357322558831988 1.89715709839190 0.141392507856286 -0.00550208705721789 -1.94959523438784 -0.0722927888833826 0.0906937219647626
1 -0.734173646905659 -0.450342044929219 -0.237012535736361 1.05390163624940 -1.50179906157037 -0.298396510952169 0.0723906883845566 -1.89264537998757 -0.699996986420985 0.776799967111208
1 0.515891722863794 1.82231862282691 -0.584749702151269 2.25656510916492 1.01022136536172 -1.94361366902531 -0.873755016863374 0.77250105045158 0.751538449435251 2.55798922107952
-1 1.51364913110461 1.20366338940252 -0.803038220658734 0.551455649208037 0.746413725776355 -0.282789158119972 0.680809002714193 -0.934733756221737 -1.24567763093336 -0.178528660933795
1 -0.26765046893253 1.58411100208791 1.43118261855735 -0.777671428836355 -0.417672507395306 0.21164401794438 -0.296359952169551 0.68005735090273 -0.882151177369872 0.694962252525649
1 -0.0789287832703387 -1.54073493706198 -3.48068593641509 1.13155556536102 0.174970377187412 -1.46101879029256 0.207654499756075 0.978277350676735 0.548104578369679 0.589509506926442
-1 1.84513295413648 0.959348491152913 0.282923835041615 0.753143663751962 0.458980057515959 -0.283020161931431 2.31205844440172 1.24571369645924 1.66011348395198 1.46706671147055
-1 -1.13346214500377 0.011339691495025 -0.0638112288907926 0.861991773233632 0.870016377574841 -0.633918384627203 -0.64826459491766 2.05340465254739 0.573632466753386 0.000489200874035478
1 -2.80894204358016 0.159922873723163 0.0392311750280249 -1.94468496456274 1.40424460441127 0.737371494820599 0.399010148586246 -0.0955979994592396 1.11229352224708 0.619640482497662
-1 0.466914471041223 0.241777260528214 1.23429811441160 -0.333442632698819 0.666848747790826 0.677870878345831 0.886245912426267 0.00985628093317015 1.66637940300962 2.48267179653744
-1 0.0371982637893269 0.0662588925657314 -0.0367726042350118 0.139066994431047 2.62453436197791 1.60514429829224 0.546617556508574 -0.213844397834866 0.295440157847682 1.58671741814485
1 -1.8017909797592 -0.0740333894073177 1.37626623406179 0.531255549307761 -0.730754569041841 -0.39810483425255 -0.144072219391153 0.316068126515805 -2.49908975194514 -1.46611647046640
-1 0.991940516363055 -0.337749082132604 1.01026247787239 -0.145626255082545 -0.722841308095884 0.313634756558599 2.16012809954469 -0.224402053201715 0.933464046640728 2.17084810829291
1 -1.49025906779207 -1.21403617844472 0.0223595072612209 0.81236434792156 -1.30874306160693 0.110651597971769 -0.885837180896046 -1.31589282296922 0.607288856501802 0.577123059077745
1 -0.6259160274623 1.47164004908593 -0.954344365797594 -0.0107404328951293 -1.1253270424859 0.612426699855583 1.00834730563771 0.80437293731997 -1.00917153363738 0.778119577531004
-1 1.67081335688548 0.685776431737566 1.22656650061347 0.00530378120250208 0.102658009260428 1.66811293179906 -0.0801496970299156 0.666130402107962 -0.0125379428436145 1.14930203973618
1 -0.762888958375104 0.627735204103662 0.426945661829818 0.538297073798669 -0.0577348184548134 -0.231529512052494 1.24298657106480 -0.215639336886996 0.263719871582735 0.694399379086288
-1 1.07742188168303 0.0592448649524885 0.943353598066395 0.909275301289312 0.957243933583996 -0.692671733279002 -1.16189671696384 1.46756597341416 0.712928399741319 -0.166861730147995
1 0.346093375860624 0.605857090842083 -1.26398731065323 0.0492471993992076 0.00258184037784150 0.109618994453501 0.185873789545285 0.868240448677477 1.73870250509910 0.494256001658769
1 -0.483545194454535 0.28328822006996 0.984434308225848 0.84387387754919 -0.118976740295356 1.71902416801572 1.01721634516158 -0.115452621334697 1.40477028553797 0.527904924074355
1 0.700024138693572 0.609807954636618 -1.18762233586385 0.671197728344203 1.84092315204175 0.382112259230187 -0.157306309902526 -0.192077701726023 0.0694956941451088 0.311946330611549
-1 0.476605563656163 1.28702630915441 -0.452735933231231 -1.18836918439619 -0.84661895345309 -1.2028237583245 0.965780980819996 2.26674909528154 1.70285731685808 0.312662054186042
-1 1.13124455348303 1.55405733996282 1.98407078247909 0.509161135565536 0.0244138557150243 1.73825431504574 -0.242794149988152 2.12953464336446 -1.80443478273177 1.64954340772527
1 -0.543108030254878 -0.525228813920458 2.02837678594287 1.44695120162103 -1.39862275053207 -0.114697066599475 -0.142918143311686 0.118913406125538 -0.64738631895061 0.470435048438158
-1 0.552477066520695 0.391482205914399 -0.314908070496544 0.0287517114680212 -0.51599139771648 1.38656865424767 1.75321686463542 1.94350169969368 0.841124283437235 -0.307874272760933
1 1.13871947059079 -0.551075981865947 1.71974867215589 -2.15947764027726 1.21421226636622 -1.31056015839596 -1.28614869537646 -1.13014962834821 1.0993007638937 1.01160396020984
1 -0.498256558429674 -0.23508455250851 -2.12042827574412 1.12984084566390 -0.360628147492304 -0.994919567363796 -0.624158031712433 0.392162231996315 -0.173101054806489 -0.812867968448478
-1 -0.312649586641274 1.54941457848292 1.71050222921333 0.332492439954136 0.686874290746989 0.119043742495290 1.21842940369885 0.368667591837506 0.618430217526751 -0.743733261846456
-1 0.143455422033287 1.15915884015468 1.45898681354532 1.07198267710694 1.39909495531091 0.602188055511612 1.50170356267885 1.98737193512528 2.20029801485704 0.47760008563557
1 0.660040534049775 -0.635807234848974 -1.14100513563656 -0.241684579683508 1.18062848473609 1.03227457930279 -0.368736060769230 1.05316856636517 -0.917304103003417 0.430473799255291
1 1.38464930512645 -1.02906108155480 0.0479972707325182 0.283412205849437 0.148557288305577 0.784649526157068 -0.885303196284172 -0.47621709613276 -0.428254265210763 -0.259775182230872
-1 -0.697683392554517 0.713130596448606 -1.29463923311456 3.1712446689537 0.786375426238863 1.33950351413169 -0.707333862073838 2.25009303060834 0.339789991407417 -0.81253461777485
-1 0.375205133715572 0.649325651430821 1.02404560690241 2.90171696641653 -0.0953105650239343 -0.0236570551076846 1.12122679802684 0.641089741783933 0.861541720253523 1.39073488797016
1 0.277167615520314 -1.38465602509381 -0.48394198678214 1.47556851862183 0.419112997130177 -1.37829891517500 -0.813385930224507 0.407782809943811 -0.493173163864502 -0.320602206712323
1 0.494903618872201 0.307823943803783 0.0302824980908645 -1.12143088803355 -0.586411707659519 1.29138156233555 -0.95352602227521 2.12494959464936 -0.0765177943739866 0.199719876407949
-1 0.157514870683342 0.904876961044063 0.994887166897145 2.16921444595935 -0.694282704724397 0.813533274955894 0.629367040173686 1.31218283234332 0.651260410585119 1.38177430164561
1 1.43114110855425 1.89468278300488 1.11864797145122 0.406445419966029 -0.44460991686169 0.0407369252742599 0.532312475852582 0.266059297831885 0.392370611921759 -0.529447458520831
-1 1.54761606279160 0.909206888125737 0.541140369794367 1.21176537015035 1.35842818751590 0.8693953536093 0.388840058780897 0.821831882544266 -0.296322450834255 0.738701656700825
-1 2.04284684088596 0.989634705323464 0.133213986251056 0.558880463972644 -1.05018070930424 1.75286588971041 1.22457750681614 1.74388290505855 -0.401963150568322 -0.890731701023888
-1 0.61464739723444 0.546869908353168 1.79899722819471 0.762723983461215 -0.329487448552691 -1.13173442949279 2.65784012132428 -0.0609000200704971 2.15570230589269 1.36549890421904
-1 1.47851292680557 -0.531005689615117 -0.260606949199807 -0.147403963203365 0.336849329918888 0.186713422541257 0.184711969239485 -0.054749004361896 1.04092607301176 -0.868546164388891
1 0.68307663217091 -0.939005471971654 0.278287483365395 -0.395977249705719 0.64826698271041 -1.66766570383927 0.2690696864478 -0.601824954783386 1.13448961967954 1.44709153281819
-1 1.14733143912099 0.332281970718906 0.911149381633939 1.20445541537166 1.47154287312555 0.834791344071098 2.75021489432936 -1.70964248548914 1.44049976041411 1.11683724706160
1 -0.564626549243658 1.18813886530530 -0.176852743283245 -0.811378656723572 2.07511451019241 0.0544838381212888 0.877575998217085 -0.0928390615835064 0.556751442252476 1.31203593614150
1 -1.79521194979815 1.27958169923767 1.67073640391261 1.14405234528837 -1.94042339172567 0.121673585114843 -0.653290226439362 -0.0872644262205639 0.077343908016158 1.03322217657397
1 -1.13208897524624 0.255668938531084 0.724192217950278 0.843220171939395 0.633538287142789 1.37873990740834 1.03924140204626 -0.738545216898042 0.779848787067169 -0.423011540313399
1 -0.498904441574646 -0.364086384886714 -0.758479722388453 -1.23120346363832 -0.824462733909003 1.39498297121652 0.0250629791550928 -0.104513587312177 0.0980562246183636 -0.514987066117804
1 1.75277651390349 -0.153277274327241 0.50446428358193 -0.281628531564534 0.03114134161835 0.212615942469889 0.68211092365485 1.01972255124585 0.504339172075877 0.44318579629169
-1 0.0669321659489154 0.767714973127997 0.30098966934657 0.148771963775017 1.65855189681682 1.3854158949319 2.09150974725065 1.03867139559882 -1.42867510989990 2.49216996576029
1 -1.0249834081004 1.25343896869965 0.372480384858852 -1.17126218035363 -1.44321282642544 1.25734211641333 0.455555481356347 2.18319047881062 -1.42180938088472 -0.240897080436470
1 -1.13279724336193 -0.710234437181297 -1.01015956022291 0.412510421246615 1.14734352507912 -0.698603926233548 1.67859304577640 0.469760479866225 0.0661555350706782 -0.846305748343315
1 -0.0088972635187315 -0.120639475197303 0.0696321376361222 0.262547328432147 -1.18731893184337 -0.199122261151656 -0.178201076302638 -0.334001054482589 0.794475438462443 0.916604842519932
-1 2.17453003657103 0.639830839075493 2.21329405536329 0.185716629323628 1.00749933456742 1.14089332294269 -0.360939432436820 -1.28876620170241 0.365474061447436 0.794115620130363
1 -1.05837657391859 0.799739693766857 1.23207737117245 -1.03696551661748 1.39931142372286 -1.2050206990023 0.707719455408978 0.477365270478157 0.294941761297382 -0.586345441604352
-1 1.67132872325769 1.81999420349623 1.38287029100218 0.323512362060177 0.451192226083633 -0.0735884054851113 1.76682974323248 0.489625777494662 -0.533630786315696 0.853910423730237
1 -0.490334799300449 0.789730987082544 -0.107398617873706 0.423260036525079 0.307774067173950 0.325258799109699 0.401743904876117 -1.9335509205248 -0.379434221553466 -0.454976535789274
-1 0.999370306875232 0.595017680877024 -0.355269593269104 1.44898558731509 0.69466501743397 1.74685557245606 -0.81521581972429 0.167989290372879 0.662979675166528 0.800247908914263
-1 -1.98110949506415 -1.43395431258783 0.319849087211469 -0.213614949389413 0.654644062462184 -0.429579755851253 0.454746179001377 1.63457035411884 -1.02286600908983 2.21363817522799
1 0.362796995253168 0.505996671949448 -0.371158709644170 0.474357765875716 0.616148876471891 -0.0511185955662301 -1.38210634030486 0.096851066093124 0.5214579099231 -1.51372760693299
1 0.862491652825381 1.12880918184236 -0.283981666739165 -1.54550200196265 1.33602563226715 -1.86395901811926 -0.106786487688163 0.427600103147401 -0.0186384241358646 -1.20365224194065
1 -1.65906806548496 0.165525195229342 2.43192351081684 -0.0651960755405364 0.50589938188174 -0.0181301800012763 -2.34692833102811 -0.126038535677058 0.690968473413591 0.115576602364093
-1 0.817221789100473 -0.0235057350872638 0.0169891362514878 -0.285714793633921 0.743786030386383 -0.440684006907556 3.86242896645187 -0.744078207753884 1.80693973572247 -0.650737550130085
-1 -0.7050511607893 -0.446953611876499 0.354676682112356 -1.25980050732556 0.625783099857292 0.993176487176216 1.72916215850067 0.571437079975428 -0.780956901271321 0.285719728986858
-1 -0.314733673079604 1.27832685612169 0.317562583486788 0.241120088198100 0.628344165582138 0.101127773093188 1.90854424164849 0.326407480946635 -0.222282403592420 1.18408300250151
-1 -0.249062355051248 0.957003831321736 0.210507425510217 0.630510966918373 0.301651158479903 1.19577798763929 0.136564388986453 1.31841614270631 -0.77746534096886 0.646602714948075
-1 1.79326585224762 0.685947520729113 -0.838565571682404 0.0750326329034275 0.870263655965213 0.493483909210938 1.40641912820497 0.420078778445019 0.895483017658068 -0.648414252684325
-1 1.13352309860719 0.185848587825522 0.64842983246818 3.1556239349984 2.64993937512294 -0.961354428028195 0.502288058406079 -0.93220440762209 2.44543966162024 0.728261509732641
1 -0.365452842733412 -1.15394198086670 0.60939303707226 -0.143587389504752 0.99913513730143 -1.29937832327973 0.395893775557913 0.0804918987891116 -0.739433498335211 1.18990937183851
1 0.965891500184423 -1.16436273710582 -0.781059313423383 -0.883834355213267 -0.846506607998354 0.478552496730623 0.715959956194918 -0.474903698113426 1.27457968441004 1.07656534042307
-1 -0.124671512861158 0.382955184590829 1.04173857106896 -0.434136552986631 1.49534271809161 0.298812318583294 0.601815375045885 0.637735415455605 2.03448030686119 -0.0486942975107716
1 0.12676495445622 1.51805530363236 -1.14514936554107 -2.21658988468430 -0.308704547522828 -0.751844703929655 -0.976812351722538 0.352267278259206 0.29204702204801 0.438841843836734
1 0.622246667308826 -1.58938735696956 2.19949381186229 0.880344117358339 -1.33754649980795 1.51852750281215 -1.70302751150492 0.471914930985087 -0.831335625927656 0.64544208183375
-1 0.819311345463547 0.700644490510731 1.28381012367450 0.667967885415851 2.10945755137629 -0.323746803982903 1.11458510730855 1.82558662036710 0.315141515700411 1.02329348600095
1 1.48817372120442 -0.0636463462917329 1.05003232024211 0.138448964956666 -2.32951087934530 -0.534005756395581 -0.770897264629632 0.0712021119412656 -0.107893174022357 1.07600735914813
1 -0.656647602385327 -0.537296541393418 1.5490824606437 0.47878346711652 -0.793223879332024 -0.954365150895864 0.809319008866615 0.50144101285114 -0.517949257838389 -0.408721562002776
-1 1.74671093298077 0.541410374378354 0.440928581622529 3.15314413273311 0.657981492644206 0.315031394820352 2.22224515199754 -0.171681652504717 -0.807715728746649 -0.62119726567162
1 -1.66814897572405 0.268740314764696 -0.900153917904492 0.378536057651572 -0.584173780386948 1.77712554758967 -1.13522523557371 1.98039287762259 1.23630553017836 0.2612923524316
1 -1.18721125267586 1.03254519235514 -0.510523477971064 0.699265903881946 0.683226057094568 0.668294780063837 -0.823850843235292 -1.59811144093367 0.245505409199027 -0.178759562344402
-1 -1.07365670743911 0.0926061759895778 -0.181820641044284 -0.956817206310872 1.07280122119284 0.377664468915869 0.667626300628532 0.785794265207514 0.829268190806655 1.68295016200856
1 -0.079514650102964 -0.651549509399095 0.800600107144195 -2.00185153678563 0.0157698869128410 -0.195047513343752 -1.89848110314523 1.35674774379610 0.237790578308031 -0.0982121928276835
-1 1.65978898427339 0.0205192114249220 1.09873651203552 1.13074573481416 1.84895118025258 1.33462671329672 -0.87651942886703 0.382223292235674 0.406647468710456 -0.723076109339878
1 0.519833908188248 1.19070611019481 0.552994118159064 0.305109252432333 0.922510494886807 -0.853883757404982 -2.18452480834898 1.08158219610244 -0.985731987185545 -0.400786322455939
1 0.181752701250444 -0.991783280613533 0.141645876413031 0.285337435051102 1.09854617641555 -0.0167238611363558 0.744621723259206 -1.07011231849131 0.140308202884842 0.714635331874817
-1 0.942269639563364 1.90825512231131 -1.02800031606925 1.4189961199333 0.668244921162469 -0.974491431588817 -0.406492749890331 0.824954270278815 2.01914185826004 0.740373921125208
1 -0.211422610747180 0.124492474951084 -0.882871930090247 1.34661678077822 -0.302538074154044 -1.25916508257628 0.937644183047232 1.44871062462127 -0.0848119523752566 -1.1924429902809
-1 2.22603876866745 1.17481681448733 0.412845465908908 -1.15764923421111 -0.495871188532672 -0.794982799154733 -0.176655192557500 3.26269081966627 0.728799616688031 0.807465156115447
1 -0.297974825820112 -1.38455376690433 -0.0490385476953462 1.69856781304314 0.411065288994972 0.427107145811254 -0.491440004464517 -0.150859395526678 -1.51934188570202 -0.979370680038405
-1 1.07028263026993 -1.09695327940166 0.376147690704388 1.03247228560386 0.975630538330885 0.396050849105998 1.80903701041930 1.72870372713465 1.3527471186775 0.889505361183613
1 0.796823116173111 1.23343226358441 -0.925748051983247 0.658689748674851 -1.17518466527156 1.57446024692229 1.08483985707032 -0.508338909231258 -0.280971698241836 0.749985781834865
1 1.87475826355135 -0.133638484421442 -0.439435370036655 0.797683460712388 -0.42135775089426 0.71228784776913 1.72339462118364 1.06358284431412 -0.780509089348162 -0.739877555885975
1 1.55697791240607 1.55486891091399 1.13339828189485 -0.79383499534424 1.95610372620576 -0.0637553573601557 1.27192864308825 1.24699691999430 0.462484229037104 1.02155092960125
-1 0.0902280403845793 1.08694856722905 0.389882128409824 -1.24885300514648 1.81577680711631 1.52728592555914 -0.442897142790428 0.872207176828803 0.557369580686924 1.02686621356829
-1 0.988318410282995 0.773263501676434 1.81812332829240 0.697646457292643 0.690919774295558 0.638341608307574 0.135553610270201 0.626585004161898 -1.13529215858469 -0.433646001869706
-1 2.64924944437203 1.09230697099122 0.578828548286555 0.996856011943148 0.143848962768383 0.869469791609515 -1.61800773867462 0.857701436535171 1.13283615658616 1.77200173417631
1 1.63044012535080 -0.625905157296628 -0.152576108422504 -0.844071199896652 -0.0259548639954427 -1.61663514178975 -0.57631744133826 0.157020205773754 1.01731133178496 1.00917039200053
1 0.175413244417113 0.310656078668728 -0.265045276638915 1.24166334432188 -0.455428627847967 -0.648439161004673 -0.454374835288301 0.609025635071646 -0.197156515681476 1.11186980095189
1 0.167536692131550 0.105342621439931 1.20032094462813 -1.59698342897941 0.354269298267304 0.603480113369044 -1.09411711798312 0.54892486808648 2.00890714898647 -0.0794960818997063
1 -0.61855225537748 -0.422977466359886 0.995932471920117 -1.89086743460731 0.494975863325636 0.366881373900310 0.274978461711792 1.20032109766772 -0.172783820851191 1.96547083457221
1 -1.54511655200886 -1.17471895848430 1.43470488155839 1.18215497077755 0.669120108734935 -1.5428201220002 1.19990501196937 -1.60840188449622 -0.219612850606232 0.280175975307728
-1 1.75243514367337 1.56318997145254 2.09655718296858 2.14605805868394 1.08327848395126 0.957659997301605 -1.01638704439180 0.171626964311530 -1.26844277865284 -1.06747254766813
1 1.36747796820013 -0.461024787868876 -1.12942948723610 -0.36500462735281 -0.742222116780587 0.836430052550388 -0.522804282377064 1.260071085867 0.112504736303987 -1.60122668296114
-1 0.537179851609837 -0.0945533469318933 1.21344948945163 1.19628702900311 1.77865917883525 1.17320618815690 -0.823360523926275 1.29500023223541 0.865302065097168 2.28020084634632
-1 -0.138403366550237 -0.669316013787502 2.40027085786117 1.19895443583992 0.179320847927223 2.43036553596431 0.528219712756211 0.362839235790109 1.83295278510954 0.999016125915105
-1 1.64906267446689 0.0486027043013164 0.340231500600535 1.99346804792212 0.94123255876429 0.229306129512815 -0.532164953020216 -0.577970977002433 1.21911703506738 0.745257320406327
1 -0.442394909606722 -0.603596730954728 0.468668496721033 1.69447781939165 0.314969271675186 -1.57876495439411 -2.44160462409407 0.191700712289302 0.883188378323138 0.744752325870022
1 0.388974170771402 -0.80349508924275 -1.21828228809607 1.18703237975375 1.42217479407437 0.996624987162894 -1.26478436352738 1.47496882525214 1.51351554706940 0.677950039292283
1 -0.134304875723192 1.04743093563998 -0.477765073180378 0.243632638319755 -1.02820675593159 0.636584812073306 0.377105955116127 1.20127349870359 1.93201541375886 -0.69751952915568
1 -0.92869953580478 -1.51847993090021 0.416427351939958 1.31645974156104 0.429176763038535 0.195593709779966 -0.0953074450246033 0.0368297203892835 0.3862223638892 -1.23074785249771
-1 2.13554689008593 -0.348052132375096 0.941738539398516 0.575922308883964 -0.373432622280371 -0.427945248111584 1.19553128114816 2.12049437720366 0.293174119530528 0.825728569372932
1 1.14055203269283 0.133939040291053 1.11297048326126 -1.87449340939439 -1.94527429810684 0.371072610945062 -0.93622938200632 0.166715440215573 0.261672079286459 -1.19586584754804
1 -0.267627818837321 0.264689141195307 1.35156940732784 0.2047029444859 -0.652342581389091 -1.10092678169026 -0.765064375875024 -0.104587350823610 1.89891921601599 -1.31109518226175
-1 -0.322915034848201 1.18874948794421 0.216796122451537 1.19965539938951 2.14313257878963 0.216894724300053 0.0843038998209542 -1.79742935845232 1.49973235307477 0.357979963911460
1 2.38108220717895 2.41664172244997 0.323893289975066 1.02672507710884 0.616789548654823 1.82157839075555 0.814468233825747 1.57780777747253 -0.271645197463725 2.1654700416748
-1 -0.523228617325593 1.28418223578141 1.14383685261233 -0.484912363235323 0.0759147165248655 1.03649409318500 1.93834005680657 1.62744798863437 -0.776895748113423 1.50623767859211
-1 0.693171368472466 0.56308917373994 2.24730146441853 -1.06134106242022 0.987649494173865 2.20609629269075 3.56683194390427 1.51772112132922 0.96780472665434 4.05149531179239
1 0.529010533097114 0.97050877023783 -1.07648895011878 -1.31476637432345 1.59261003173152 0.555851855948106 -0.823088714942947 0.292816734046161 0.000522021286317297 -0.224596899296798
-1 0.84425303438669 1.27654100386555 1.5929791035397 1.18240289157741 -1.30958283731217 0.782746504539843 -0.141080920368813 1.47135856479566 -0.374273920249442 1.62238207865968
1 2.01359264180536 -0.498323939063737 0.323465640517205 1.35024358695655 -0.839193890453471 0.371405035266856 -1.68572826018927 0.149390642519152 -0.986473808332206 0.417510040242498
1 -0.540224904653719 -0.89207604864148 0.649333648719587 -1.08008647783886 -0.375697820560926 0.166981271180206 0.192084526250341 -0.80276377548529 -0.237692495585925 0.249254747610299
1 0.524135165915364 0.2671062739294 0.212375013850697 1.40766999229738 -1.17848815031363 -1.03232678116817 -0.297900754196926 -0.841637993680152 0.43918127327068 -0.178435413214899
-1 2.07396394055971 0.763453703823447 1.42281776123182 0.980398541336745 1.07163358057549 0.138591848992765 0.910239753953662 -0.245228260712053 1.17863930176039 -0.137080902936398
-1 0.101803634067304 -0.511768732666667 -0.06874697030523 0.185433244292117 -0.0355261860467886 1.24886760081904 -0.947029528042303 0.484369343495013 -1.52173458017873 1.7810275142848
-1 -0.417919494771089 1.17881055613747 2.59334609327469 -0.793509962901405 1.14590018681674 0.141751447299587 1.27604161597225 1.02398070107945 -0.0376996345081562 0.523095210431792
1 0.611184862211094 -1.16299579320104 -0.695570494774891 -1.08599247283676 0.224586988132726 1.52580379140338 0.551293692457576 1.39964612881700 -0.702269045587083 0.919296836888694
1 0.422111458629003 -0.921165290579667 -0.951686944515382 -0.687702859259342 -0.904810737044485 -0.216201701938559 -0.488107018455838 0.243992995121985 -1.3394730454202 1.00376226989590
-1 0.152985994328121 0.0803787189363006 1.21316804410679 -0.271502563814706 1.90530765477387 3.02918347687325 1.25771597185706 -0.635239741907662 0.750074744468133 1.90393433665786
-1 0.319399093333071 -0.0267420978413176 1.48347250034361 -0.106185412175582 2.06633636240055 1.57086726029243 0.840380822822545 -1.08878853922920 1.16848926299079 1.17055822304242
-1 -0.135098352891250 1.62925380590893 1.14586347832739 2.56899381715761 0.971396368066712 0.207061278688516 0.92500602860924 3.86071526742277 3.19456008278565 1.25858964027421
-1 0.0914766233775556 0.942479024948993 0.223609381846549 1.37072955715940 1.77141442572764 -0.566422328306051 0.273024013179720 0.531410036218516 1.97157865572700 2.13953839173931
-1 2.25938551701491 0.774588247688698 3.92089841624839 -1.00512923945218 0.818782585143171 1.42049382569608 1.16850131347157 0.745635455733383 0.960384131447181 0.356706529678574
-1 0.869885971743742 1.25654242196744 0.00292453537915283 -0.66008211759867 2.58706032562890 0.660275418770257 -0.750948511358945 0.0298208033300622 -0.0834734292396205 0.841047903814236
1 -0.092578032756847 -0.435078323194677 -0.108917654240610 0.339132859124454 -1.30960273639798 -1.42383353539949 -0.723417787683332 -1.52904645832537 1.04894680381323 0.162540458856447
-1 0.927030882436103 1.93981043456308 -0.464344308549465 0.480369710262315 0.411254158626448 0.994670625916457 0.278112646011258 2.12741066331833 -0.495646188626667 1.60021693893953
-1 0.651994887932516 0.534787767331717 -0.164357152806865 -0.625053429374894 2.10673277644469 2.84352429603453 0.328844022252671 1.96267758083732 1.04235175957627 -0.85616596068058
-1 -0.535461393045608 -1.04998767402488 1.36547087154669 0.154495282909944 -0.326963442530637 -1.13261886550131 -0.666335229313624 1.08590659400849 1.61793921269654 -0.184189544999848
-1 0.638195742187535 0.272382501211775 1.08817695198413 1.49244158938582 0.681410630875708 0.829322741036483 0.896295814692801 -0.0254038099177153 -0.481675633501716 -0.281405065436531
-1 -1.82393693175899 1.60793038505263 0.532260546613757 0.708261481728766 1.03372277557826 1.70983109081007 -1.26583615379086 0.158107612849121 0.38380810861373 0.519883362177648
-1 -0.696783140725151 2.34874762312396 0.351840450116731 0.376725677099575 0.550439894511871 0.580293350293687 -0.283696921098361 0.454239741816909 1.53806144815806 1.70724146874481
-1 0.594411558764082 0.645496182790139 0.66542769062937 -0.964990766152841 -0.123058280930220 1.25359833190954 1.73955771447292 -0.0468635543066303 -0.902401052526467 -0.231795794769413
-1 -0.850883984404283 0.341969426489113 0.618352180083962 -0.98991524791064 -1.42289996462476 1.12015555512209 1.03638640232575 1.76975151003625 1.30686138695461 0.75401050315635
-1 -1.14126015602539 -0.539522749036807 1.01517186120716 1.27951932374354 0.245695808048042 1.59124397175869 0.309782174674967 0.985191997365244 0.649369163865736 1.22884191367521
1 -0.0158280664817789 -0.176913655268578 1.8621799670998 0.801435582516774 0.116242259264618 1.90820338794471 -0.231727538117099 -1.13357437702446 -0.987651201864756 0.0630016099829668
1 1.55266101294916 0.270171944148257 0.391459722428277 1.10759601824150 -0.968179451770831 1.07147794432045 -2.29189709452824 1.30043684894116 0.133460132460481 -0.842881656506227
1 0.735203686158852 -0.887591259008041 -0.380829650068457 0.47430077515545 0.0308926720676686 -1.22126990724624 -1.09152577264308 1.54988981391445 1.25379990351742 1.78650194709465
1 0.185806205403364 2.10418725356689 -0.831272293186541 -0.0203113063013235 -1.86846736988604 -0.652888160524856 1.41085601776531 -0.347316130902118 0.411029873986465 -1.17242706899109
1 0.081407885007536 -0.95379384512053 -1.77010161097495 -0.576782543103975 2.04511185360057 -0.151264488006344 0.748771846818073 0.324186053579579 -0.21906277078852 1.86655156193209
1 -0.214166906358379 0.172917850364287 0.374230987781702 -0.578921189696472 -0.84003750156937 -0.175763832688495 -0.968757704030252 0.970392844713382 2.29429224060027 0.880412227049929
-1 0.169214150004993 0.52453088915154 2.16128997446968 1.16309857374504 1.61552282862193 0.490665746928538 1.55134398411935 0.463858360363807 0.343110252045104 0.851555230494892
1 0.821269565129154 0.609064375952573 0.900601944195535 0.89122344690008 1.5335936238591 0.24747438390485 1.82879945861392 1.21953182630467 0.491814710792196 -0.825273261791836
-1 -1.00864864249760 0.841459015883765 -1.12563108164889 0.258068788612561 -0.302086712903167 1.24909448725058 0.882685745914017 1.74121640679030 -0.40928854315292 -1.70265483271107
-1 -0.720923625498213 1.42515940432182 1.93305147961478 0.270035349763584 1.01422424252047 1.25657542791875 2.20720814375504 0.0814024082412549 0.870310791115679 1.19982164677476
-1 2.23048779539966 0.57317794034114 1.59737972960313 0.068705031424336 0.785564222084218 2.11757135893092 -0.0687012940667421 -0.179019155490067 1.15488987054101 1.51781383361970
1 0.50960911299811 -1.53607974299386 -0.958764692216152 -1.00385099829072 0.117765758995579 1.81319397530889 0.194470243643173 -0.972527903307336 0.693200981941704 -0.688299309595107
-1 0.72242900654322 1.32363850083192 1.60622564117681 0.205779093454418 0.625739769065878 1.75883968768878 0.459307717979232 -0.263666369303308 0.339912235314839 2.39906625975306
-1 -0.74478946502282 1.05241406147878 1.92555366198452 2.45257781663457 1.42626276806657 0.130243806646131 -0.652114814844547 1.19211832451615 2.12632364111581 1.90316408613368
1 0.334174463580363 -0.179632719903351 0.0149313257634998 1.00290375003075 1.60828094503664 2.04959382940151 0.957659342650692 0.111042458969928 -0.0279720216090723 2.7445245443642
1 -0.725232414447086 1.58592423447305 1.06653563258755 1.55027543345731 -1.33843575472615 -0.120905139316217 0.283466703132991 -1.25265106396082 -0.248925350297264 0.00952481212661168
-1 1.43217495637596 1.06897442207927 1.01612362767096 0.284632929140591 0.110057332307654 1.01569637335493 2.08290478018469 1.29861340653272 -0.847275081868205 1.12502096603460
1 0.341640814805965 -0.866966493959416 -0.808347426920328 -0.898823614865569 0.195894842826748 2.54383989760877 -0.654518769461251 -0.507201546345897 1.96165738876382 0.659158069221682
1 -1.34793308751137 0.585051786221296 -1.87352764948779 -1.91623999602662 -0.628054152290337 0.252145930710004 -0.0753377031659866 -1.54122330273243 -1.5302893859625 -1.34807356675680
-1 0.358115861184784 1.42357959446791 1.22485167391202 0.734358610924228 0.240093002651631 0.838508091478546 1.02937570188444 -0.671133934335789 -1.49723831010885 0.790809705701065
-1 0.00203545879788392 2.23647205060948 1.73373590796457 0.86422208416526 -0.19976159804749 0.436162628995579 0.713887324677819 0.431165294875028 0.161453040669152 2.48620779498589
1 -0.199368328797583 0.0258072920025466 0.916518319608066 0.555853218278124 -0.137529254578592 -1.73471696721366 0.193040991525399 1.10957205755865 0.455838611454398 1.66035835907691
1 0.198274022935693 -1.20323108686246 0.330116431301788 -0.951135243577849 -0.26257926713697 1.09675266736347 -1.0481880937904 0.503994913500360 -0.804846038041257 0.0330757236569624
1 -2.38266180132579 0.680422488981736 -0.541135837520919 -0.186197064796471 0.875661745738957 0.25665916570115 1.71272610946956 -0.853253645108568 -0.606028799299509 0.0085965602660902
1 0.0776588004145623 0.224952138637882 1.08780235989134 0.265309977702745 -0.271110550065422 -0.99873528443407 -0.840152554007464 1.40406581596284 -0.277159293895619 0.178233977404731
1 -0.362532731307631 -1.55564880010029 0.927293076771138 -1.69198007062685 0.134254954846521 0.198375024983207 -0.309283498139696 1.96614384188784 -0.679750494361225 -0.462356631766716
1 0.569451893267348 -0.872233589115398 2.53099025908705 -2.03014514644202 -0.383422413980453 -2.59074427368982 -1.36811308200399 0.760128445453068 1.21216428428514 -0.97269487601977
1 -0.386468615594983 0.899345920566525 2.31997602784483 0.683742403596316 -0.255728538696289 -1.41242409399000 0.105127491006414 -0.478300883281823 -1.69416820328645 -0.271021943481724
1 -0.780512566215876 0.951430557475866 -0.724303037227461 -0.380564907281749 0.656477197976747 -0.721240034075764 0.217838380419175 0.621238641802895 -3.39010138934651 0.89128155796164
-1 1.19171907656291 1.95851389311794 1.29560029421328 1.14582708738489 0.405305632395328 1.11184318237102 1.07839213944820 0.613790965860704 -0.970532977912188 0.692590628210362
1 -1.44309545236157 -1.68019892750876 0.182768090897730 0.418072692232937 0.61900139363895 -1.73027838176437 -0.689683211381369 -1.23013327355064 0.214987846425724 -0.432125928873403
1 -0.915953720554094 -1.62495980175957 -0.223477308308907 -0.914867092441996 0.343369702453367 0.83933794755659 1.42695152552178 0.0276915678500821 0.745429502203576 0.525584674325775
-1 2.22154058358958 -0.225977896473839 0.692669162478488 0.907996470901649 -1.08184168701613 -0.358465107820753 1.18853305486281 0.119377796506390 1.32335925873971 -0.607644657526925
-1 0.801868123570886 1.26473189920940 0.0885332988270097 1.20076069352854 -0.585014236072049 -0.136249344846560 0.217520760759145 0.0989192936792548 2.53582041537368 1.24536356034584
-1 0.795114874953444 2.39122089582251 1.76188999113781 0.449295018535801 1.65160503896714 1.52012956866456 -1.39418312245235 0.236366202053829 0.63932437730047 0.618881396470754
1 0.649490004650568 0.874668658154608 0.578482715823122 -1.00926971752401 -0.469140402234026 0.839946911426038 -0.0573557318175211 0.669263602661703 -0.278009196760602 1.77782112256709
1 1.12807797257208 0.164306382935651 0.62422835868805 -0.255772253054832 0.353752452149882 1.08016944061558 -0.49965262848371 1.19504049525618 -2.63634199967118 1.73201044342371
1 -0.505555088373039 1.02783619699127 0.241500158281147 0.552707998135944 -1.41710912025087 -0.533669190173666 -0.767390471489677 0.597191275997576 -0.961735280449033 0.57222938165391
1 0.843673216744107 -0.84532803369986 -0.696243343196419 0.219286751669144 -1.05026964624889 -0.604034917638514 -0.317229748726071 0.876825825096155 -0.580671773553247 -1.64788794527508
1 0.19486213284889 1.02776258657158 -0.450041896238763 -0.824279638857338 1.75532514943074 0.153702389610311 -0.858163063316027 0.311336906098567 0.414279576498205 1.59475658788389
-1 1.89574825107826 0.349310022965138 1.33146970826318 1.00402182542085 1.4655795675283 0.463480314420721 1.93871823002203 -0.0538005349288047 1.10269667221479 0.87733739327161
-1 -0.425997801193787 -0.0410438086066399 0.357367306916168 2.84656127739915 0.204004657625431 2.35315310873466 1.47369333388220 -0.253007945307642 0.0698141552666515 -0.456274892325990
1 -0.365207741704054 0.986956069133202 0.296108581297924 -0.0560168000438131 -0.57396102743073 -0.659261514288938 -0.0526915190076738 -0.704516543055367 -0.585945429625656 2.05186878642442
1 -0.373353995237444 0.0461229579554823 1.00056997683681 1.70379218229959 1.99337420613878 -1.76014194990249 -0.571059184989768 -0.230860424188554 -0.000655095914511595 0.205645057052757
-1 1.22075971344572 0.521791078324687 1.47483348578242 0.268858091474194 1.73352858992644 1.11568456284298 1.32339255890189 2.29967321305593 1.21952646574750 -0.3676555386598
1 -0.956888945055318 1.98320383128150 -0.00731836773497782 0.144487794500026 0.108058794792369 1.45731816338743 -0.556511652229114 1.80425996314861 0.974037526685306 1.75620575436240
-1 0.03688924650648 1.88720265208246 0.847881972937937 0.0801793741818673 2.6532208227296 0.562590747856827 -1.72921548855540 -0.0909622723099851 -0.180925803351401 -0.15929109270808
1 -0.0174353259529203 -0.859067231881837 -1.03357045940607 0.830793138614122 0.202693603378436 0.730218033982603 -0.406853746522386 -0.518380000775657 0.978173069150548 0.00971831302503877
-1 -0.179961092845135 1.80465352962684 0.877338294520492 1.78909032294275 1.47850481396540 1.75480127840695 -0.137186549140016 -0.12650376927059 0.585679213291915 0.452200029481088
-1 0.132122646310610 -1.00019082395102 3.42148848670474 1.02768694634593 -0.257244791517159 0.241246200134625 -0.124937547764915 -0.427007585441494 0.361930097209318 0.152102975068151
-1 1.21309889039387 0.148495982963425 0.145843920668521 -0.419547157807259 1.92197525401850 0.232493087774838 -0.619001820622066 0.307383455063445 1.20502753186656 0.169849621790407
1 -0.0740386166868836 1.64782333177539 -1.08550742857951 -1.13778318957919 1.02724377103242 -0.0708613912170325 0.0754925798600996 0.97572431815105 -1.44195534287377 0.572470252377194
1 -0.737186295350032 2.32730179355977 -1.41830176916971 1.33475809309421 -0.399041910776035 0.145660164597818 -0.177643263587189 0.691438402803762 0.746059883443172 1.69736057150446
1 1.23675372034728 -1.25300259091494 -0.501164727095858 -0.521025439733933 0.78890670990525 -0.0776210215114815 0.108478648224694 -1.37545422730587 0.145705582190814 0.383254774823323
-1 1.18213735660745 -0.284105641202312 1.75065733135338 0.631252251207688 0.111977852427274 1.46835794798294 0.710183067935524 0.127011046816261 0.775011871594079 0.971577191120622
1 -0.335567082219837 0.72495627758488 -0.609833634642845 1.27516875484813 -0.169801850300452 0.465181938297518 1.12221515591498 -0.0184237992474475 0.289517588827043 1.07910520091618
-1 -0.941911234085212 -0.039622440294373 1.22845594481496 1.90806242423749 1.93388618569064 0.242371724660540 0.119070747927475 -0.656489013321405 0.858463153247653 0.243660631939094
-1 -0.311247919415584 0.0191639309982917 0.561041083669113 0.81665058035835 1.28437519765149 0.403230251454893 -0.0201794523238028 0.572957393756461 -0.220389876324608 0.712495935015359
-1 0.463774301855551 0.639224591354205 0.242117143067461 0.116794329596617 0.958614759450375 0.988033987729531 1.78539207278620 0.967818701363568 0.00300762484522032 0.406464821010775
1 1.39096606362509 -0.0718797801796353 0.707870418727056 -0.295938941744784 -0.310714657792833 -0.276415288715478 -0.572944128800641 -0.93309836937056 0.435590141512489 0.415650269774113
-1 0.905989724463477 1.25741298885256 0.257364479984742 -1.85096542251181 -0.310860847866225 1.68197458141821 1.56733951294222 -0.137115499742770 -0.50612329129845 1.14562412463084
1 -0.0150073248662128 -0.698701712765898 0.995598207595464 -1.81258559468169 -2.20586390484735 -0.392025117259775 -1.30401262254473 0.27549434278365 1.13426390025467 1.25876250553294
-1 -0.53844166933241 -0.209233734223392 1.10357071235338 0.666130042936376 2.36611174738554 0.48594561210953 -0.60174847757722 0.652678074442936 0.418276347446631 2.06326446373311
1 0.116249597682142 2.09283697025725 1.10755599126594 0.923067125952084 0.200353783671301 -0.803096721187232 -0.872751059211262 -0.398200474140447 -0.0293821783725046 0.0738739942217474
1 -0.0508845190407573 -0.695745239764669 0.56688784512956 0.215254822679957 1.89816844887905 -0.449696672138366 -0.594346402126302 0.502473253912986 1.12863843424098 0.347327540190161
-1 -0.134341011300786 -1.03942831936668 0.816156435293397 -0.247325130030515 1.13515378449798 0.457482677818094 -0.234825596217306 2.84586651784139 -0.557422399705767 1.22238990245956
-1 -0.827041794196942 -0.325321165543911 1.38110012729853 1.05523798318239 0.866822183174383 2.06285254034163 -0.893184582959552 -0.629365015469415 1.43263586010674 -0.565845135117261
-1 0.718478805239514 1.42808562331658 1.92667310965274 0.975123159765913 0.804769471171068 -0.282079771185727 0.989415333712057 -1.12402997042126 0.254121065345898 -1.39883857459074
1 2.0273933673913 -0.558140235082228 0.708403177354888 1.5829990134722 0.888819972137917 0.372196040838205 -2.20467355346028 0.0190779037034406 0.664095912165141 1.02353338143426
1 2.48478454594565 0.204995372978153 0.801071189781634 -1.43072791774521 0.725869076153306 0.885242962796965 -1.24052208882697 -0.0623295779121494 -2.14319251817643 0.9847559900528
-1 1.05743799204016 0.727112783579531 1.37393516899389 1.00294180340319 0.539829168539873 -0.431181937589887 0.512003580854416 1.65909451692055 -0.908341794997086 0.725835550174673
-1 1.62332088831439 2.5866803228443 -0.109005791561866 0.849877451732773 2.66019015357069 0.649357435285532 0.0432179876348548 0.739316482033746 1.54120730859456 -0.571763756780399
1 -0.980897224268508 -1.46741041233257 -0.115859356945797 -0.452071114305096 -0.333062333686762 1.47426171174027 -0.857970068893461 0.76643377000423 -1.31524505439833 -0.0526139238920365
-1 0.00781521202650037 0.768725061563464 -0.26497218375052 1.25375573043762 1.85058299395040 -0.170601750247992 0.351656363271424 2.28656770603758 0.537619298588930 -0.791331543238094
-1 1.61704155841123 0.357643383936113 2.60906965688955 0.287443274156899 0.766086376907052 -0.0256945876330000 -1.41473420816133 -0.323376233355052 2.40879734374065 0.90621303202161
1 0.796125911354623 -0.446707215672219 -2.58864654955607 1.4772325702854 -0.0112954164992578 -0.278396678458312 0.308964474500306 -0.125574764127215 0.390827439837201 0.571247730764465
-1 -0.893080096925133 -0.472257016625502 0.916426335321375 0.413855212247912 0.296899812714234 0.153174704986384 0.0784196740699171 0.26355847522035 1.92770256585039 0.874905984269183
1 -0.550537775615874 1.14059611768205 -0.732382243214366 -1.75393565131436 1.13949129840260 -2.52129754180597 -1.00376151202485 -0.911868954859731 0.404272457612333 2.53906675902838
1 1.04922061572633 0.869015490383834 2.00594465901977 1.48023101662853 1.03242856158897 -0.559630766134702 0.681267645847614 0.979770981818083 -2.48086636312218 1.09890703570596
-1 -0.40769920875279 0.0460389861522204 -0.622652675013097 2.17957878072397 1.29975372785496 0.535216462314146 0.176035923460238 1.11487223014293 1.75819859858943 2.23101191155662
1 0.471574795050598 1.39312266768139 -0.93254404852031 -2.16412290462247 0.616286600618087 2.10225239525341 0.701672962060256 -0.0833739555840475 0.275817760159237 -0.0179733028532117
1 0.253221783603794 1.33327771861453 -0.647409969016744 -0.233685298880140 1.2409880438388 1.17353271078226 -2.13297865857398 1.31235770189769 0.332180011906307 -2.59042696981637
-1 0.222481900410840 1.40257869916036 -2.50056817278174 0.427607391708106 0.260271895363568 1.34787160717639 1.23925276464309 1.45539350024397 0.750404213085355 -0.468780224621883
-1 -0.223346220041711 -0.139793309557131 1.46742923375424 0.0549791706385886 1.28109194652004 1.00156276504330 0.560191779259205 0.385680940926364 -0.936176466395816 0.702958225102399
1 -1.21885744231972 -0.27589412354087 -0.561340857298339 -1.29048131917813 0.536499540371573 -0.405339911216735 -1.07039550157962 -0.975343382785223 0.0971523957372154 -1.95809125702744
1 0.928852772930658 0.516846871462061 0.534147631849632 1.00095788586947 1.05331267843435 0.60915251648132 -0.901353343464681 0.0649302200318526 0.580850523857921 0.0078722519293075
-1 1.04581199122581 1.41900949577955 0.105702818592065 1.64422157341910 0.785218883479662 1.32776590530646 1.22843818490134 2.10811489744984 0.40426654972007 0.500685466853809
1 -0.150334511929483 1.04928554892934 0.0708093162762424 -1.27729889565177 0.35572061458111 -0.221068056408397 0.00756724101993945 0.463591321970405 -0.378346082573709 -0.601009966480464
-1 1.31288653928187 1.76777041027927 1.5977422972033 1.14046140233018 -0.402132090889231 -0.0976179663097178 0.777013857334366 -1.53233811611212 1.14475537575482 0.307843872119726
-1 0.77837048252858 1.26422116572277 -0.544901310532497 1.04464102460174 2.3858016547148 0.9910330860958 -1.69696296755521 1.23048975191270 -0.149044115058886 2.37874644164442
-1 -0.0142806811594240 -1.64105343934987 0.368000471149386 0.501315123905628 0.904893784927262 2.10014410763263 0.879896345955552 0.573011817769112 0.175513428973040 1.42532455793129
-1 1.17324414054125 0.621528534136048 -0.442713637695323 0.70964308667283 2.02287154792118 -0.879968936290886 -0.097727931197818 2.53025556558966 1.66932799096601 0.279386513235839
-1 -0.224912085308291 1.31696254595281 -0.182818473227198 -0.0395518674680591 0.985914908450294 0.818539449030151 0.528450064115317 1.00604466946611 -0.838950786628373 1.02379952528741
-1 -0.185574110278892 -0.0938370506485008 -0.382305521049653 0.932661834343285 1.39535022343137 0.109388969086996 -0.533264852244906 -0.201390383438097 -0.921292663271457 -0.0239705378482895
-1 -0.0405550084590494 1.24556477776778 -1.34328190939942 0.264675340326878 0.920937535930256 1.70197388392197 -0.36588834408814 1.10128026848163 0.0928965947840835 1.25710174112684
-1 0.76514532405149 1.47029171634011 0.119758629221076 -1.03771359029668 0.0845383788856205 -0.231737184566069 0.245100742728216 -0.0590914579373825 -0.878087979687147 0.341035590782916
1 -0.257920255602107 1.47079149258974 -0.751768090218882 -0.502988747814819 0.106069267413332 1.58115897184997 -0.611158457546951 1.26586636021019 1.32385311692341 0.137605407782550
1 0.0544211385588494 0.547888316198689 0.637796955917803 0.695032322753552 0.440091659902742 0.471137175482675 0.190490002679025 -1.45803948043921 -1.44893355722254 1.05099387983779
-1 0.956501105842889 0.748231278489636 0.791506826862212 -1.40013573857603 1.28083569407705 -0.159939936106450 1.74855360884447 1.25949209259319 0.978820009801578 0.0785989038786431
1 -1.71379308871879 0.651880337445302 0.370336542903712 0.966697970650507 -0.158526188698247 -0.203859717887405 -1.00677781879752 -1.25541056529913 0.996093149062302 0.708402333087965
1 1.56995436932854 0.707157845220025 0.766632447211575 -0.266807506515019 0.371912441749400 -0.153901431545352 0.521041695483604 0.892201885004472 -1.15895495266628 -1.39132051756879
-1 -0.321472058321006 0.216820281654907 -0.054187891387616 0.181403053465419 1.89816539657167 1.31981152020666 1.81965676348663 1.52306947497788 0.266493675036586 -0.673359767280431
-1 -0.0411935089702934 1.69932447877532 0.579605595065784 -1.00683623844256 -0.304818936257619 0.982947632748369 0.713392384224018 0.360855021630057 3.09773525503143 1.18881653724358
-1 -0.100961736382517 0.47199192174785 -0.274520257060708 0.405159914766558 0.673606626337265 -0.436466317406693 2.18978288854063 -1.05944123224052 2.30234237646844 -0.0333918161296103
-1 0.11737823383852 0.38017375495552 0.138037366022372 0.511100464220048 0.350382061005388 -0.398880267603913 0.829010673423303 2.36688040124711 -1.04243821330326 2.21560947658311
-1 0.00209738045208951 1.30734001005660 1.17959925710088 1.72600157656479 1.14785182288755 1.1153150530522 -0.33347537915482 0.185008040173698 1.46364731426776 -0.550945093588299
-1 2.05320501631349 0.405339577705386 1.22842065474075 1.02551076867548 1.04135556293377 -0.327190295206212 1.52643451721929 1.73152655762127 -0.640393694146325 0.144766271247087
1 -1.69197459045062 0.649336214548175 -0.135736458162008 -0.673301623326183 -0.849145646321183 -0.678681990648084 -1.10492914113445 1.18572599486917 -0.155026066834855 -0.0693783889623969
-1 0.358184322949862 1.29243872164399 0.0575879067647406 -1.79851939387012 -0.0964136853040026 1.69507752933742 2.88631281804202 -0.717431180747054 0.879473540157986 0.180657751738965
1 -0.642371507747006 1.82167465367471 -0.907267023203337 -1.14956440347567 0.15255794353996 0.346618792340494 0.392620899146049 0.7297180991955 -0.393968795655897 0.222774354623566
1 1.34863169678589 -1.89115640258406 1.87188645646837 -1.08550204052334 -0.587601543056986 -1.56785904565817 1.55521622835226 0.312044669621530 1.20206999857094 0.353887520518648
-1 0.970932363109507 0.664412960316963 -0.418733298284258 1.63381922066100 0.199022533899399 -0.978809222928876 0.95944172897886 1.46575634026341 2.46486339338715 0.161965940143997
-1 -0.117303016943211 2.09640919489969 0.851483032791251 -0.275126022200759 0.823762222400243 2.29635435844747 3.04796429521452 -1.57581874751879 -0.0284290208477834 -0.725080292308664
-1 -0.192566206078332 0.204422449452632 0.649473993958984 1.99271127387191 1.52618781496354 -0.202043892260889 1.29432484185186 -0.98143686120656 1.92910661953311 -0.597312118354178
1 -1.23076182075222 -0.0667306970410883 1.41677717920788 -1.38525628295031 -0.392327176279143 0.351415398476173 2.00560981371818 -1.08061112415699 -0.275301821285478 0.212596384363723
-1 1.53996482792273 0.262164693364726 -1.33245007372190 0.7465570172519 -0.440062055677759 -1.45045618581212 0.760985461697825 -0.316032262699312 0.384887051665225 0.765958269969552
1 0.757817525468913 0.833376707926265 2.00196637539559 -0.673921577644666 -1.24280646604165 0.127261464042437 -0.189142023440388 -0.444859308752162 -0.574240752293066 0.248890825630641
1 -0.692268190811181 0.777487581941339 -0.544783361340531 -0.860021025787129 -1.00124474073579 1.64462748641772 -0.800811614591836 -1.25187463861502 0.0405470132420371 2.16601792138588
1 -1.32604361036339 0.144178977890242 -1.91863697532898 -0.835515491494582 -2.10194278000172 1.11380692068423 0.838979859045594 0.672190515270249 0.654375008785984 -0.110437351107297
1 0.346670007479935 -0.0270845548836625 0.153113110011123 0.250795601851930 1.50157964761576 -1.24073880506341 -1.12472741562029 0.658061640615261 0.110841643724993 0.110256758428249
1 -1.06174114884201 -1.96487164700462 -0.247119730032626 -1.1051424550618 0.0974581519211456 0.421361343121892 0.257497871791114 0.749162117494644 0.546438708400167 1.45510715040183
-1 0.617628142755716 0.0378911263429407 1.85189149937120 0.271185853500677 -1.6619128171161 0.813042900221291 -0.352959636268440 1.13314388699295 2.33483545197759 1.62996505442405
1 -1.10677142555593 -1.32148050814162 1.06342725632110 0.447247187824113 0.744828437665111 0.326421044962455 -0.862228920298551 1.63189908193100 -0.0320804661004958 -0.80858674249575
-1 1.23266609763032 0.0379582045536669 2.16916804669493 -0.178652952785944 2.35359715124204 -0.067311775595591 0.290547224489225 1.91642585446761 1.78566109674022 1.21385721643497
-1 0.847453404347349 1.84958529944263 1.46621326122903 0.81640616819135 2.23175003075670 -0.0621583585477322 -0.318413310237060 0.572313616324224 2.07719503611024 0.124031960841534
1 0.0643620010418233 -1.69634810258752 0.675875898048181 1.68818984526489 -0.855540429484788 0.602384690043112 -0.532911580295505 0.308941027921902 1.38232550119337 -1.21637964243887
1 1.37661313703083 -0.323172495908727 -0.513737363447418 -0.245926346529879 -1.28023547892120 0.587884221713276 2.36469185050408 0.114246030606589 -1.27295405554457 0.0311724521257569
1 -0.400415793828805 0.781691972226315 0.274580375450640 -0.809357042189332 -0.446594687686398 -1.00141645229709 -0.580664130211707 -0.58561607789785 0.150134099844326 -0.255416028348625
-1 -0.551437986335712 1.05722099228410 -1.1507626986326 -0.0359787128445935 0.7077625302773 1.60449599505896 -0.0947007116264644 0.064806957012098 -0.358919485872181 1.69984358481384
1 0.549398551675943 0.440582943083318 1.55523249543344 -0.79075463908747 -0.106817877356491 -0.317229713562219 1.83565894241167 -0.480398861468634 0.516141522178986 1.24569880417643
1 0.139135161664259 0.243178031740877 0.977791531723632 -0.424250023208173 0.281611604532297 -1.18330651711047 -0.143449256820723 -0.117652665166934 0.751027875725389 -2.23914917740482
-1 1.95744176618962 0.322920999704815 1.28385298609526 -0.0440108013892696 1.22061790314958 1.25758000810577 1.92981652773631 0.979023281016233 1.55369046542398 1.54913922089465
-1 -0.37714615077099 0.823773810400195 0.81949507455736 -0.314358186594523 -0.224229120553357 0.86713058781478 0.0989186075013182 -0.750418112519068 0.846297190058306 0.142188432428185
1 0.497087356338589 -1.12438505564275 0.170104018458961 0.0923956313726 0.651446793447894 -0.226212385038198 2.27809299610866 0.190283811375700 -0.322682959097114 -1.23457872706374
-1 1.04623591680930 0.276706094311282 0.861814068192335 1.56615010212996 2.29385948559724 1.84021418872018 -1.11209664603131 -0.654008246806957 1.32040714581639 0.970830783496193
-1 0.953521183392851 1.57946965156826 1.84804412323995 0.533913172555756 2.80318964521569 1.35332166348590 -0.267945250869513 1.43852023401117 0.459725970447974 2.20688672071150
1 0.822362500264356 -1.02558698083463 -0.594297293826647 -0.397417779176452 0.186530424990127 0.171285416185636 -1.54391162916918 0.558681988594577 0.720972641391426 -1.44135784248580
1 -0.39318901693829 -1.47580637235527 -0.403193071670769 -0.928565009409942 -1.32938653954711 0.356649103302145 -0.984208680187277 -0.853185455427082 0.105017465220848 -1.34846901042878
-1 2.30361898245046 0.873067467966856 0.848864598025952 0.9652600417568 0.836192689859957 0.676535424100037 0.0902142061642345 0.292702126082834 2.21494295196795 -0.829337421508619
-1 1.40026053229135 2.4136347118243 1.55829063269795 1.39148802346142 0.572232387760831 0.392060351654839 -0.085502370421834 1.37327784350087 -1.01930158365530 -1.71119737619185
1 -1.98418903193820 -1.81817199604260 -0.177762951172145 -0.0418694354713112 -0.893614881894494 0.710676525723161 1.18007206573917 -0.208687455772730 1.45323853821184 -0.590491472002501
-1 0.93373656063159 1.24959501957437 0.364780053324411 0.510929194278555 -0.512886792968733 0.95441475111402 -0.94297488411683 0.284865535983553 -1.70575385754144 1.74863646072206
1 -0.97238461017175 0.00312011190893949 0.138313967595262 -1.55003117618198 -1.22038607441075 -2.15901077914677 1.21377636255471 0.92698015738718 -1.17173540983327 0.186920344505045
1 2.11734076708628 0.838485858712316 -0.164014682850225 0.298261489931385 2.3410063258526 -1.23573343816153 -0.270029253723832 1.36351301023844 0.700800200726535 -0.998246393522186
-1 -0.491291949494729 0.584724515929272 -0.295135506395037 1.25554663188983 0.333643875134552 -0.291806717788748 1.05281440581829 0.093328731258117 0.689757270148789 0.204719466311692
1 0.908211238818774 0.165639736283193 0.106376941371366 1.83583938389334 -0.732697160970301 -0.989018415814438 -1.43495680268327 -1.67240167622951 1.09793584130294 -1.71871266655051
1 0.134370149288429 1.03140346064698 0.667768770208174 0.682309966736723 0.093835650745488 -1.73112592286905 -1.02393634710599 0.530093348932578 -0.639503127819253 1.40559084927949
-1 1.38030586690191 1.79049771095741 0.638422439213479 0.00262957583285051 -0.132006831265205 0.946224420204918 -0.116289969352228 0.739001141118777 -0.0528053566774673 0.318512113331495
1 -0.380901692066448 -1.52200051743004 -0.361922089719487 -0.221001681477763 0.314915003328238 1.49776536088475 0.448836310581723 -1.02386213396483 -0.316776314537283 0.644427639218285
1 0.198507677921684 -0.894848295688493 1.53653668573263 -0.610225508146387 1.05947430296867 -1.87598190010957 1.39381135104169 -0.0903900098152723 -0.20979493834603 -0.0474097741513184
-1 0.493791868557282 -0.168762206781400 0.514071182294383 0.479843664642764 0.94313398490371 0.368744283378052 2.38906700517514 0.930944348776482 0.188965242191866 1.84420686222982
1 -0.94185080648702 0.118876168058736 -1.16294031164111 0.0822160503482806 -0.130811311641009 -0.923529720980586 0.165032560734213 0.722863611307242 0.214416167864973 -0.598690063738205
-1 2.20625561175816 -0.152784263616899 0.241356496236386 1.76382116631578 -0.0928557355717023 2.42752171441401 -0.192755357354593 1.43933772236989 0.802606700676696 -0.844820196874085
1 -1.04500911396309 -1.02993678828733 -0.0243341196025583 -1.12767678256508 -0.469441705144543 0.0291748339418086 -0.727508013736067 0.420902196407931 1.41688365149407 -0.476077529878232
-1 1.13711256356421 0.994193569482732 0.924262520681554 2.12372603604246 0.737529150951237 2.76420582926528 1.21144597996746 -0.597470232921053 1.65025187117422 1.72418818902866
1 -1.73173761347110 -2.07162784467517 0.278747815447491 0.494582252495195 -0.746859369386555 -0.343668148768813 -0.100618681619277 0.62432477762025 -0.204865288935127 1.25606998042569
-1 0.693879239941842 -0.417228164249346 1.55725507011497 -0.0113284759678471 1.80535100293345 1.50627303948176 -0.420727640083348 1.28072804882394 -0.828647762162343 0.179314306904917
-1 0.689448525887713 2.38426128206502 -0.277379157099484 1.20701362522823 0.00372480497639527 -0.282248341363467 1.26119025469259 0.78942536300925 0.0701197164243539 0.60062880818124
1 -0.421365231293448 2.26131147623724 1.77877117511375 0.341652317919591 -1.60415837540961 0.364079798484868 -0.250706053978074 -0.424064428168283 2.07901161774041 0.459634466273604
-1 0.670872618134129 1.32599770400127 0.819997808007672 -0.494998362655323 1.12084819387382 1.94318775851692 0.674823551498839 0.597880027942158 0.257065841601425 0.0961481860372557
-1 2.14894401172381 0.967798325073368 -0.648098681662758 0.106867908367988 0.526504464193578 0.105637144279879 2.23425689737597 1.76283230792177 -0.689746565631338 1.28526956787664
1 -0.821558367137831 -2.42101796809874 -1.03992473669625 0.10879420090936 1.00752314646469 -0.895275653541143 -1.06352532794544 -0.0195440233184396 0.769541695127726 0.371902488043738
1 0.283438407173913 -0.529541047560921 0.12774446133022 -0.628151731916363 -0.850451575790912 0.113253380170999 -0.84015103973291 0.498156405022081 -1.93525651097629 -0.202711828848471
1 1.34697519330568 0.805246474196705 0.471968951070337 -2.13271905692274 -1.36863323536482 0.170308633383721 0.34982057300184 -0.694318765604501 -0.776944536990209 0.755093219487351
-1 1.26029828932168 -0.430457906021277 0.446385818966981 0.277543843051305 1.96194971365114 1.32649681706743 0.847885809021132 -1.02402765981326 -0.058956494104289 -0.0852538506345119
-1 -0.496808575982737 2.36219843756210 2.25739008988401 0.221830195403934 0.392200476982545 1.02943761393403 -0.845592715581099 0.194479984546456 1.31145887371069 -0.624922759036188
-1 2.5430013692657 -1.28251634372252 0.159753796215777 0.677727795502415 1.24527631839044 -0.655157606751189 1.38149280439502 0.109038029108211 -0.616631411336279 0.55364587163405
1 -0.438945929022768 0.087397812891581 -0.780915317219533 1.00282280652728 0.79267600089361 -0.526391218702699 -1.44407593994988 -0.333555989102984 0.79195847466376 -0.592351283306801
-1 0.267372754123129 -0.837148209218498 1.80784972759451 0.300863648962448 1.69537735964667 1.14701596289598 -0.621277026251497 0.80730039685559 0.337639683226595 3.12329146733312
-1 0.95218749526206 1.88215129466074 -1.21885611749426 0.475301963670495 0.476245735272111 0.76263107246611 1.56250756904290 1.03661158221101 1.06679886624108 1.49096351747981
1 0.541606068987214 -1.38713308431012 -0.578800961265852 0.546507200043755 -0.0117397904148830 0.796908908486588 0.530558661495536 -1.38093486958430 -0.8702095464211 -1.08262275893486
-1 0.056600630856013 -0.45719909355426 1.53800119835983 0.140613331918574 -1.29969718940703 1.19104604857436 -1.44353676113892 0.0658823971005534 -0.132038551718103 1.19829462117791
-1 -0.352489407648444 1.85224016500228 0.35148408080889 0.491965163986161 1.60215622177763 -0.302954424152496 -0.0950433061688342 2.71185560113938 0.747904136655998 0.573326712227727
-1 0.0636426830156754 0.544354966865166 1.30217600138682 0.967140724743382 0.599453191434159 1.22865906531174 -1.00935174799720 0.973204208453344 0.79450122863606 0.0930342050354499
-1 1.18353616190957 1.44041766483404 0.309452533497337 1.94584752157001 0.0096573898437966 1.03022809395521 1.51565456427229 -0.296584797178518 0.947000600162086 -1.16578640263288
1 1.36990670132390 0.935409972124336 -0.111589606216742 -1.44638869560357 -0.436880377551714 -0.442334277652137 -0.831732783315912 0.590760520785006 0.766936025440138 1.38064950778391
1 0.0839811002068437 0.219699352989396 -0.63725093281968 -0.0934303445520549 -0.18834139468648 0.850812910836689 -1.79549939146765 0.250280539236397 -2.12265419571611 0.571617106439279
-1 -0.362417279440636 1.76833569664580 1.18857947918886 -1.91466742178067 -0.309327620395952 0.0623512333387819 2.18174726261823 -0.0829132701652067 1.0569988716258 -0.603241283128929
-1 0.630010074871673 1.63085982395988 0.790432738105815 0.65009386000728 0.230778167778035 -0.0844265348966735 1.74165798455123 0.632939455470274 2.26456557335971 0.611801300645555
-1 2.21325410545706 0.876737253601192 0.177373453125246 0.323644653135025 0.804035429067962 -0.283668028858416 0.804017876723295 1.17549996560544 2.68090589169413 2.07368281826629
1 0.346547852236009 -0.464380201945185 -0.0484924707035754 -2.00236424916935 0.0304082280437996 -0.77935275350191 -1.24244405312218 0.585054062814426 0.755306286123914 -1.30631213260159
1 1.24606670617602 -0.135814096955577 0.92723351758257 -0.990288493527791 -0.127318279940306 -0.0829034304016585 0.272898898171159 1.17981747159769 2.2746040604058 0.988928616696113
-1 0.219070271506271 1.67090666977216 0.142889775970933 1.44479714990469 -0.40935566544292 0.734780209206893 0.629549504234868 0.461938675628946 0.485887714453793 1.18652909310782
-1 1.75454891847477 1.27717063250927 1.56275237339621 0.783363639891441 2.19906129861809 0.307596696144458 0.588873702367853 1.71289032544551 0.82731588368602 0.643510803371088
-1 1.61957010488951 1.12574192561558 0.63049627966263 -0.756284037685882 0.555475483954554 0.608347007901489 1.83062416828726 0.833012086407008 1.04305005570419 -0.159864491912679
-1 2.28986785070855 1.65752796981633 1.23386963538234 0.507784367183485 0.0129526743080899 0.518865210093588 0.952624852045223 0.169288200292097 -0.808553399475589 0.803611372265645
-1 1.24695295124680 -0.926453929442396 0.92651536702883 -0.430752488392633 0.811144475285035 1.26973006742107 -0.0901545304199562 1.40449888475744 0.661845077469775 1.44602341614714
1 -0.0161303553901732 -0.504852702915553 -1.06587661521690 -3.01719605356565 1.04261156723985 -0.758291757140547 -0.948932884911104 -0.585322467130509 0.0698561979796844 -1.74202663112542
-1 1.55589850629413 -0.402450978234221 -0.00531934835115822 1.40404173300886 1.69235772811731 -0.771783157536822 1.36411127655209 0.760666155863155 -0.0394339923248576 1.37918180084587
1 -2.49805674239077 0.183267168972698 0.117790018273100 -0.103009617319911 -0.845952775109034 -0.871196910824289 0.490263179903143 -0.161523975329709 -1.42685242610510 1.31983813479115
1 -0.859118725160867 1.28926993945105 0.209777698767268 -0.204951356883334 1.95338951293678 -0.734855027156945 -1.46726188572518 -0.0415073188197494 0.62258653327249 -1.55899836620746
-1 0.240819416427756 0.700738017355569 0.179241454801581 -1.23970033776852 1.00335222425143 -0.135072606267127 0.0263306724591412 0.991374646937466 1.11561245594410 -0.268561577796637
-1 1.71422914541251 1.28777316445729 -0.0304573507299624 0.630793499450082 -0.0659064632561527 2.86831485148641 2.12898203434447 0.902069406949929 1.44736241072417 0.479607977796919
1 1.30099785559503 0.150296278369875 0.83143665128583 -1.02797890467283 -0.321118992093279 -1.46732219154845 0.735355004827503 -0.542651679883025 1.44519346361560 0.328946963603609
1 -0.0803044456225921 1.98141868283563 1.52547193456117 1.00054247425636 0.823112784820527 -0.614236042211479 -1.74690423386849 1.80894182204313 -0.842882567335419 1.44678214622723
-1 0.463354838366562 1.62324982459022 1.38305596383598 0.0484329227961516 1.00872358601318 -0.815270235400958 -0.375631381392525 -0.574163838565593 0.551987279627658 -0.205691139805803
-1 1.00768493292608 0.511135709516136 0.331465369106355 1.00455897688450 2.58401579642972 0.402087655059097 1.30634316399746 1.05614350595845 1.83744436866950 1.32626697171484
1 0.821989663586069 0.656744555269994 0.554233817346772 -0.333852594722185 0.0286995271613882 -1.08361896043534 2.25981807432812 -0.508206814291157 -0.258959644370507 -0.534114156377106
1 0.771393511917885 0.0399968282316523 0.369862305193073 -0.260859804750375 0.295042930433109 -0.446805277160363 1.23341031133165 -0.466586679635346 -2.49964121785762 0.098767413595819
1 0.937902501942452 -1.88166439576676 0.138189624689782 1.12065281620268 -1.03984515338545 -0.600886182821374 -1.04463767883953 -0.153637572255949 -0.301274579563067 -0.176935786428843
-1 0.99334269645456 -0.00300301185583252 1.97517168248105 -0.226056048922706 2.06073879437206 0.370071552166929 0.899909902899048 2.29579039619854 0.091018408098695 -0.141156561254131
1 -2.08896054034415 0.63488004364428 0.175579125935191 -1.56824426697259 0.336633467873311 -0.383424877851239 -0.741685952779732 1.24076157922835 0.576150265855413 -1.42125736537630
-1 1.24219833410527 1.10694057211991 0.458500405780727 -0.00294818583905754 1.08703841967765 0.548915056371593 -0.315505633187595 0.136237617921553 2.85831441925262 1.71896264018771
-1 1.16371730024927 -0.692664085323295 0.39525836656876 0.230870186389536 0.344476003702638 1.53662292412011 0.109195805326406 2.31669708212319 2.32126693038384 0.537183313274773
1 -0.95207455763148 0.132710267237223 -0.829164187085424 -0.684913017340678 1.42317807000953 0.671679073915151 -0.0687686155854692 1.36770043703053 -1.23721812355199 1.05095428367466
1 -0.175463762730507 -1.3963598009803 2.20321001824289 0.65911398767647 -0.452244607545043 2.50615406249953 -0.220893935092606 0.269606865939751 -1.05509950256616 1.41726038944102
1 0.123669372394079 0.245039213531002 0.0884850557169417 -1.06251909911177 -2.46134270910244 0.221836529244158 -0.103105814343096 -1.08929158644310 0.375710071893778 0.728270806822786
-1 0.374400258758588 0.67128102876342 -0.254247557955393 1.21691748656440 0.344922180004485 0.214510044370375 2.47348747618453 1.01468388775678 -0.0766726848194001 0.0575549080112171
1 -1.20136445577725 0.853054738550482 -0.107795682332724 1.33483932983673 -1.18152127009708 2.28735635475232 0.0157991103653830 0.548349034649665 -0.560316603733473 -1.97357818869695
1 1.11110060412048 2.38739219762758 -0.0666166709596548 0.718188333826998 -0.343528449712571 -0.78716922991417 1.16100848932403 0.838793082310433 -0.407704169369716 -1.27930864963338
-1 1.30184715161865 1.93436842122293 0.870009662164138 0.855787414049502 0.0572876500357347 0.748978374350919 2.28906471926196 -1.33970325129340 0.862067740515742 0.100273053531134
1 0.502847409102478 -0.0996755312558496 0.74893174009489 -0.809792979000794 -1.28659242335273 -0.318265405495160 -0.344274419354830 -1.4662202288906 0.556513416497282 0.235984704272821
1 1.64896617963502 0.917221830549599 -1.72408619010134 1.14830280766361 -0.313185265404928 -0.47580183063814 1.16140700663172 0.70572516893774 0.471216772799748 0.259104413808558
1 -1.81461712239145 1.40891656172838 0.389383898250377 -0.180455851695233 -0.739791274460482 0.376180594492305 0.81269906393332 -1.32791867595481 -0.236632599397387 -1.49238107029211
1 3.04133885846204 2.97082440516519 3.15412590519733 3.41133882513567 3.32616621072065 3.07672117939669 3.0461740399982 3.12054292866641 3.16573931644673 3.32832236542613
1 3.12252793876285 3.2498790329662 3.02450687954163 3.20305197551186 3.20268472536187 3.12941467188251 3.10528343766600 3.14212581490988 3.25089200373701 3.09365754721106
1 3.24531349200612 3.2634009758924 3.18269149387725 3.07253217136961 3.13656799051647 3.16322776197995 3.30753922849351 3.10569025873690 3.31561348118553 3.05005438442083
1 3.23573679415301 3.20817581792608 3.24143508924391 3.09545475886793 3.20432268497799 3.11901649376147 3.14565665528293 3.30414186362793 3.20752931231011 3.13097567142203
1 3.18236400052870 3.26186465025366 3.41623310404563 3.32815794662675 3.26959795661222 3.11894527239279 3.17070822845170 3.02583858453122 3.41083681190759 3.23799648473239
1 3.39871351233349 3.19316409746707 3.2427603379088 3.39811404742104 3.16459369912047 3.21879832901189 3.13190736936752 3.14258216817214 3.25022471768552 3.15171707136925
1 3.29836436273083 3.14202486950366 3.23172670880918 3.3667554793297 3.09531545088498 3.09368908434706 3.14707383548306 3.013594318752 3.11021111969097 3.31489244558187
1 3.06106863863846 3.1101955840759 3.26573602217484 3.19167828196066 3.17275773595491 3.23744073193443 3.00391784437509 3.10621440783165 3.15144153977204 3.28532053669098
1 3.15207452925869 3.18505435540673 3.19568220550364 3.14407279850232 3.2412823409045 3.12802275798033 3.02338481384153 3.17640745424092 3.10060612395535 3.16378220872474
1 3.23419360910203 3.30664549602106 3.18156791820357 3.15467827040019 3.17096578900544 3.14517517741123 3.16150235868604 3.14908987166409 3.34695670634598 3.14845577530296
1 3.09147787735053 3.10893527358648 3.15342927613903 3.21918154475186 3.16625481338562 3.08303338717985 3.26258926681156 3.24921612893486 3.18195881692287 3.00494817266511
1 3.07941709366027 3.16811355630772 3.08638226034282 3.51160685249773 3.16956899595859 3.25210203736955 3.10072341393397 3.14506440343006 3.11897112676322 3.28458145039575
1 3.32350789749861 3.04700278569202 3.33361056975282 2.94653416887623 3.19499413060885 2.98060644118307 2.97804934996774 3.26692612728673 3.19149508299291 3.24602615471145
1 3.02586159664031 3.13251962053592 3.1666966440149 3.17784873771613 3.10779721011588 3.42986761095078 3.11230895249848 3.27442725485110 3.08706380356571 3.2965397198564
1 3.2155388948286 3.1458007023638 3.19273296633547 3.15142384062483 3.02495650011656 3.13549879273199 3.13807210331981 3.13601894435848 3.19625524497393 3.10444827317031
1 3.13247998867606 3.25112644309596 3.11839560789342 3.18563060472724 3.149118650239 3.11791504083652 3.14070874641142 3.08056786847407 3.18396187860246 3.19611612172966
1 3.27063047971192 3.01352599950969 3.27104060824083 3.14515812388235 3.28345550643584 3.14507543943256 3.38065113087605 3.04926722104778 3.15400705264523 3.35091832933679
1 3.38280457124381 3.31998307668897 3.28285232098263 3.11139266479531 3.24284835820201 3.13215008973474 3.29798206256439 3.3801442893824 3.23188291626448 3.14770038548527
1 3.29185051612449 3.21015062559225 3.09580975283823 3.12043304989749 3.12865084491394 3.00073784774252 2.93094099749321 3.19277781249015 2.91100778765803 3.25806575612929
1 3.24382000901775 3.13265337497824 3.09243570239042 3.20803923335159 3.18012300265781 3.21742538894037 3.10823782669916 3.25654400414679 3.07447882124508 3.24682526382314
1 3.16533783801577 3.24823502253423 3.20344726007497 3.14036563954542 3.23367607359751 3.04889757457564 3.10683330929342 3.23764044966144 3.05971413643744 3.29012071001096
1 3.04649661720640 3.31511772671214 3.23813259251326 3.07241516728791 3.23686373466669 3.1773133580914 3.1435763343973 3.20189805186287 2.98383292980748 3.20185676016579
1 3.28209048784067 3.17424354320311 3.17513922276521 3.24374152609322 3.11265608430491 2.92682614946044 3.13008183761292 3.37168397430439 3.10048381903924 3.01702388969249
1 3.15788507275214 3.06491274481839 3.20268036547245 3.14275134264177 3.24979853115599 3.19565059598678 3.22532294677508 3.11938352526563 3.10326526933086 3.08450680521227
1 3.10707930669445 3.2598668511698 3.10289257369999 3.08131052930931 3.11333791548934 2.99996132293693 3.25579079791285 3.01517732612152 3.18142464741595 3.13672786877654
1 3.15360775424191 3.26474760317797 3.09773669764882 3.18305306787729 3.26223429655944 3.02432021285323 3.26465895215005 3.06887510019083 3.27985830463588 3.18112080526950
1 3.21197156286649 3.14685720957542 3.16590111004793 3.16227180210836 3.07891391984326 3.17799667638553 3.21277803669162 3.12449749967580 3.22637020046819 3.14725549449866
1 3.34681095302503 3.24681283298155 3.00506882446190 2.94385882299764 3.0574088965926 3.02077345988357 3.35967472590417 3.08843570701421 3.25537412158096 3.31064394247534
1 3.16176574676339 3.18681700985278 3.25610733204052 3.13016239167697 3.22859833348976 3.32010684206473 3.15720814530959 3.28454665970581 3.0977182101326 3.22344512009038
1 3.17512534964189 3.10289366867522 2.940292743313 3.1912667921888 3.30125609709692 3.16241541092713 3.2769506377255 3.28422724843513 3.00203663925767 3.37848820574666
1 2.94074830848275 3.2914141733774 2.96937998645532 3.15988188988326 3.09988283554571 3.04422590855838 3.14439757644345 3.16590396153783 3.27257054498346 3.11164843254835
1 3.0758487473402 3.06609409100753 3.20215670478389 3.18891969448573 3.20427664791145 3.3294527256302 3.17164991272436 2.98812708259245 3.19889893475182 3.08677904044177
1 3.20505383483048 3.06168901721584 3.26539390657843 3.14631333835619 3.14080208812859 3.23684744160346 3.21321674212398 3.21221456520407 3.10001505019599 2.96285994724309
1 3.13385425717357 3.16612147202542 2.97320705220734 3.19605540890322 2.99792591150230 3.14182041551666 3.20163164943697 3.21816811574381 3.42368162509445 3.09993643869973
1 3.06456725860915 3.08067491385021 3.18540718378491 3.24329084006449 3.02645904660768 3.23018553371493 3.27420109288881 3.06855157446632 3.08546154474005 3.02776770936668
1 3.30201666886609 2.98109414729901 3.18460279555809 3.23548103628584 3.03646156614634 3.46252419187438 3.25710404788921 2.93430427059546 3.13790239663351 3.29419137186614
1 3.40695498908617 3.23552529271045 3.15448066791203 3.09881280774284 3.30867047164599 3.17359956106862 3.35062075335343 3.16496952548644 3.08846231075604 3.26379275240388
1 3.21659326202361 2.97129930563409 3.17865625482920 3.10165341033147 3.14000301889596 3.30107253047563 3.05686238222618 3.06281444130559 3.22605053362702 3.01145831012784
1 3.25736499884452 3.15670127450184 3.08100442404821 3.20065327759122 3.21497643517668 3.16375493165025 3.10636554516621 3.17278379526596 3.25918710997307 3.26448774776347
1 3.2672710009406 3.26107944744697 3.19876416226576 3.02071705053447 3.18500669894614 3.09153620219434 3.33089143672618 3.14134800457474 3.19936790507062 3.25927735263501
1 3.27386969793624 3.18294605937729 2.9147045361602 3.20219275964278 3.16214671734399 3.1078996879227 3.27454396875877 3.16131418398922 3.1826797602782 3.21412501268168
1 3.27794430488421 3.32569745610427 3.34117766769809 3.21421309572529 3.19695853634701 3.20211611281638 3.06532809070438 3.37566269983845 3.23145431941788 3.18718221520639
1 3.12712632821 3.16077703981963 3.13077370947759 3.05897707488705 3.29244155169043 3.14110354601592 3.28946472505237 3.19335079704145 3.10653719843439 3.14107581348355
1 3.1288092056074 3.16604971060765 3.11538053729665 3.23509477273454 3.23079034343508 3.08572771502859 3.11354833783640 3.15538057931769 3.10092978430347 3.16706825705069
1 3.30804665748833 3.21784967390069 3.13037223783078 3.20359593683988 3.12273469063905 3.19757658316821 3.28050941102751 3.10015155595354 3.43945744253610 3.16913948595551
1 3.08068697785482 2.99125141245145 3.24608450438472 3.35589579505617 3.2562890530242 3.1037381576962 3.21302428708796 3.12885707242451 3.32996264896128 3.42569478935396
1 3.16768768627882 3.03404728145488 3.1858949250109 3.09420910561601 3.15761326104125 3.14310441405862 3.26261146472102 3.06178352275290 3.16600681686865 3.09578550200503
1 3.23205782074698 3.07281515705316 2.98627701267645 3.17071569632402 3.06479642747499 3.13819780030690 3.11755211990787 3.01711783613606 3.17275761743882 3.01399995307996
1 3.15133167162735 3.32562150163661 3.22402834629328 2.99084358050833 3.05159154137717 3.13703811665568 3.18927659865526 3.23923403337877 3.26243944029661 3.09222137292585
1 3.1581283198667 3.15362870336663 3.03582431499807 3.24744930215938 3.15091515159649 3.12167037004641 3.12610486289158 3.17438144138838 3.34526683638346 3.24555624050822
