500
2
1 0.444366848527378 0.118699497455722
1 0.506428322327261 -1.13750749682405
1 -0.449960659319506 -0.502436655687565
1 -0.978267979465984 0.927664650520663
-1 2.16071712340187 0.567029796027683
1 -0.483790260525424 0.885499623703859
-1 1.83481630798502 0.824751875437524
-1 0.993367637968129 0.153630623286603
1 0.636973288576711 0.542065435949522
1 -1.12355315679192 -1.82874275222979
-1 2.01037855654460 0.722863617096347
1 0.284805191713366 0.453334085030993
-1 1.01672592280462 1.42559938626474
1 -0.066589097716152 -1.88010932432896
-1 2.30183826194253 0.69350772578307
-1 2.13348446461504 0.654899000536902
1 -1.07139264775683 0.70286274430058
-1 2.47640326142301 1.335679454705
1 -1.26485439342989 0.0924531957843455
-1 0.51164704068431 1.11375764366597
1 -1.32942787533826 -1.69426074963391
-1 1.82623961820533 2.67587390443674
1 -2.06751163205085 -0.121475453636619
1 -0.91583566169206 1.30616336631698
1 -0.200162688335765 -0.269056718652463
-1 1.92927704694423 0.524661631676717
1 -2.23467584774519 -1.42278880455503
1 -0.934608625796756 0.622741407632486
1 1.64632854190414 0.868773275032936
-1 0.970357871764548 3.08724888404812
1 0.351338108199383 -1.06953738567991
-1 2.13165539958219 0.636353803567256
-1 2.080858787131 1.53194829350948
-1 1.91338726148268 0.439867944486023
-1 1.14893009462566 2.43891490156946
-1 1.45513877135017 3.20377649838107
1 -0.297002288514933 1.18593415481581
-1 3.16553032544555 0.0385098673458191
-1 2.04890126449344 1.95313905118262
-1 0.463221195207126 1.59504908760638
-1 1.02746280048225 0.781155971141427
1 0.236392082937678 0.129318058950374
1 0.708915257824153 -0.472206151820662
-1 1.74755218477488 1.85618829032092
1 1.28049833590611 -1.57369321209203
-1 1.15859351590607 1.40067449237447
1 -0.7848570111751 -2.20110985539175
-1 1.45543505631485 1.10408854543663
1 0.472273753308938 0.329037943860184
1 -0.486032335499865 0.000177202324298878
1 0.410844082247423 0.768335389257702
-1 2.05979600480379 0.939291631407262
-1 0.503519759040729 1.72452429083853
-1 2.4293166514836 0.164468127248657
-1 0.755320456370252 2.15228777529804
-1 -0.102283618975572 1.69004952856224
-1 2.57630732333382 -0.145354941473620
1 -1.22456913436713 -1.17828899533993
-1 2.12218307877722 1.41217289679153
-1 1.04372795374578 3.59074935116053
-1 1.98742756382285 1.19553763037626
1 -1.41534836742203 -0.465471831676446
1 1.76213552265626 -0.498922687748157
1 -1.20016243711592 -0.463726015167085
1 -0.949923620528304 1.19475464873325
1 0.703638686480731 -2.39989943191247
1 0.405628114917536 -0.751800114373123
-1 -0.62052247725827 3.5893522269487
1 1.22884747268118 0.363135338946763
-1 2.0899342266057 -0.618232213574946
1 -0.792369735963053 0.0110230566740802
-1 1.71094588164237 2.73936559263679
1 -0.764786526588145 0.861739768143799
-1 1.98280703219599 2.04233781127207
1 0.444691055270586 -0.476222105854119
1 0.275615003649862 -1.81793000833423
1 -2.24399657145335 -0.0207622411363864
1 -0.293449103391856 0.591062347299012
-1 1.01333264702691 0.824952506077787
1 0.449586719345235 1.34312727575578
-1 0.455183265135048 3.74443996843124
-1 0.0122355653039754 2.11822649100221
1 0.510233122615367 0.538774258740322
1 0.911613966345016 -0.645685072998939
-1 0.181137697440221 1.08560812696836
-1 0.40623393757115 2.72937759147012
1 -0.353533565807815 0.747883758096283
1 -0.0630057977253272 0.755664292559649
-1 4.21629440936153 1.91028820973126
1 0.79058964703376 1.04691255126796
1 1.01200321609778 -2.06130001110766
-1 1.46042175762337 0.900124275890617
-1 0.80712661590611 1.81748859555617
1 -2.73037475951449 0.869782056322564
1 0.187867256294516 0.043214754959966
-1 1.76657399520625 2.7415084567597
1 1.9523242967439 -0.0789290235713344
-1 2.03937586812674 2.86503431069077
1 0.468732200609529 0.895682021221446
1 -0.525021791609988 -1.12329686444464
1 -0.291758695320382 -3.41512347152214
-1 0.085646262613644 -0.484289487691818
-1 1.47194858291715 0.751819979417117
-1 0.521094384702185 1.79584429680235
-1 3.53348860808099 1.1499871118719
-1 0.588424195638572 0.65561838284369
-1 2.12224813765827 2.88401317114115
1 -1.76252446820464 0.389653859043046
1 -0.150624651865896 1.72749432798484
1 0.523849588086482 0.318940659106319
1 0.681210216286495 0.44638140724194
1 0.0487605774618274 -0.764384459180382
-1 1.7807799005994 -0.170822895106173
1 -0.555138968791654 0.708795536247747
1 -1.14676600279332 0.0624126630094832
-1 0.357304654043114 2.85633907584844
1 -0.075791494693889 -0.00664111784254793
1 -0.864487194867132 -0.0041871915373288
1 -0.380434915957895 1.60326119741606
1 -1.97231042893787 -0.320994787722512
1 1.17772560890712 0.230728787290975
1 -1.30541197544061 0.163606847807967
1 0.562930359268819 0.441465244025603
-1 -0.95274940481644 2.9144063404169
-1 1.09550242130266 1.98084879992238
-1 -0.186191720824267 1.96025007466423
-1 0.515815170524307 0.412094621970381
1 -0.792753557187141 0.65034755494685
1 1.38133736919176 0.49760532833263
-1 1.39423313751379 2.94213808006706
-1 0.671848349733657 1.20916111528116
1 1.38542042153886 0.0285053329337040
1 -0.295785748857361 0.179485083379808
1 -1.00716771001014 0.157011344629766
1 -0.104841021902348 -0.364184510472301
1 0.605009437510603 1.71096069185769
1 0.932674996903548 0.292473636848329
1 -0.0793701493693531 -0.100267777542211
1 -0.199152860680480 0.696992992452373
-1 0.593913445144156 0.417081708764803
-1 1.49223547476588 3.80856826090498
-1 1.15457131828433 1.39075282194379
1 -0.296180115126842 -0.706155338802981
1 0.285895749170933 -0.729367833121172
-1 0.662016025398382 2.86783050069426
1 -0.0871339158223296 2.25702223204978
-1 0.500934935887388 2.66355429031983
-1 3.16432542859198 0.971172585528346
1 0.079861852466652 0.144847501120221
1 0.66842793751647 0.232785460323305
-1 -0.449476998644815 3.6511929794601
-1 1.45720412096824 0.302731037713716
-1 0.79101021711261 2.38934323765118
1 0.253185343606120 -0.312306718355537
1 0.500419925503517 0.652366619206898
-1 0.00616302687001902 1.99252349440892
1 -1.64521736904023 -0.512989353007638
1 1.25247495035653 0.337846271531761
1 0.537446491039669 -0.683654399288518
-1 1.34389372501012 0.957885383460553
-1 2.29162851093491 2.75200091008634
1 0.0207275753566098 -0.0266760054904824
1 0.511336916088785 -0.604181952744968
1 0.634185110161689 -1.27505818509482
1 0.387963050269903 1.25781421800662
1 -0.791693122811966 -1.64187855605459
1 0.979063475460047 0.00615451134290108
-1 1.41045577559764 0.946909470896302
-1 1.18901105380231 -0.0632091265966377
1 1.16113432055069 1.16218934416332
-1 1.17803714652849 2.0478644531773
1 0.526559523097086 0.624414328893238
-1 1.61032532624545 0.599635760062588
1 0.0797923886850738 -1.04268331255013
-1 3.48594686009679 0.76618287509856
-1 0.895282516846919 1.07853284688919
-1 0.610375858094726 1.52475073315398
1 1.12761642846774 -0.68813210173732
1 0.0341870236726518 -0.62390003685922
-1 2.42572082575674 1.83525255409595
-1 0.820205687698231 1.931244744676
1 -0.94282087102843 0.89665750232594
-1 2.80721494697452 1.62244157540582
1 -0.270224162323016 1.14274091653770
-1 -0.166466667303833 2.02227748845623
1 -0.991852996388512 0.476692365489567
1 0.767922129320215 -0.612370544124288
1 -0.109012971237111 0.202435846215821
1 0.653839033147969 -0.85188069740997
1 0.470187473912416 0.894328376728008
1 0.340997024188762 0.564625012211765
1 0.111545114272718 -0.0212710318196385
-1 0.154810758213999 2.54442779486577
-1 -0.181845388756338 2.44957138406764
-1 1.70429773957398 -0.0748434656645884
1 -0.737419659679109 -0.947001111079621
-1 -0.623373694390174 2.71551192114846
1 -1.30437342782066 -0.188067402299347
1 -0.0546142517231647 1.33202621198560
1 2.24876436095909 0.325392947200110
-1 2.16961070920288 -0.684655077367603
-1 1.55918693459237 0.743003955830669
1 -0.255956132466721 -0.202825320223461
-1 0.503987634959992 1.96084476176403
1 1.49997085987788 0.415958905764325
1 0.816021949633574 0.253879332872867
-1 2.73349218184351 0.0923372355296468
1 0.355453872755456 0.632397620623118
1 0.534117660985429 -0.110713257697450
1 -1.68532213997233 0.163271115306527
-1 0.897185628283072 2.33289222094443
-1 -0.386240063427375 1.31163614296501
1 1.93254308294298 0.763462524419269
-1 1.76938656220043 2.48434278390977
-1 1.05317161479041 2.74975681642883
1 -0.95205409843054 -0.733417496565667
1 1.10122966663155 -0.828706438679404
1 1.86246740370920 1.26977491561936
1 1.88096884113961 0.325426493468364
-1 0.979651492888021 0.459059893088529
1 0.512320336227923 0.477994123197605
1 -0.435237592842811 0.487184260205355
-1 1.35442215874083 2.16926641805678
-1 0.914143445211463 -0.68187265112424
1 1.18699638589278 1.21290627600554
-1 2.47938541271587 1.23623844563056
1 -0.0051743997681584 0.896229167618222
1 0.334945593679481 0.551843622131597
1 0.340801990275089 1.06849780752946
-1 1.71438653010594 1.85393987444801
1 -0.484459191535699 -0.225194603438789
-1 2.10399179303578 1.68398190172147
1 0.0794606682940395 0.0498066449747192
-1 1.2330098130058 1.75183930225542
-1 2.65523799014932 1.48568401700302
-1 1.6120153912379 2.76481140518759
-1 0.178328224014997 3.19478479965460
-1 0.337907093531592 1.91854510151934
-1 0.389514011423693 0.775293443371725
-1 0.610840818158776 0.113185997790998
-1 0.844974617022273 3.06412222749048
-1 1.54756308828399 1.04243924504110
-1 1.66689997720825 1.0161428981331
1 0.73987429700613 0.599472814573774
-1 0.117887078578742 -0.183406839621649
-1 1.85788432681803 -0.233002401238564
1 -0.622663922598319 1.06870776272237
-1 0.977566938924463 1.96832794344923
1 1.45674992640808 -0.89383794892801
-1 3.02921309870063 2.25810722186840
1 -0.158004862704996 0.0550529301245998
-1 2.28420698573614 1.10013472159784
1 0.726879424059512 -1.01402210307319
1 -0.311353436369903 0.559824268329916
-1 -1.23873678843704 1.32018754796509
-1 1.63101069835323 1.08845210273423
-1 -0.767080239828787 0.177602248340686
-1 2.85976517798431 2.25363115287815
1 -1.28290367955771 0.502917083329059
-1 1.43727524607116 1.15063776966176
-1 1.12738699986001 0.541895550795265
-1 0.276896853877141 2.06312355646989
-1 1.09668824219147 0.543050687331236
1 0.720558740977055 -1.67044303633049
-1 3.22915287921046 2.45864207505933
1 1.19271212311874 -1.99549115212846
-1 1.14759081260733 1.65081300549842
-1 2.70065472509977 1.03521976860294
1 -0.0305087451917823 -0.106067111234974
-1 0.9512335615284 0.207526854585348
1 -0.534732439726323 0.533661149221912
1 0.471160610376005 1.29650165672603
1 0.433397260277536 -0.780176707593495
-1 0.670055558623877 1.7420631787095
-1 0.274943377968946 1.11952649389023
-1 0.854799120262002 1.26598084015828
1 -0.310810222219576 -1.73217720420307
-1 1.29970936928886 2.5639476492352
-1 -0.0789195604276411 2.70307739909046
-1 0.348196915569935 -0.721195019064888
-1 1.23790395169129 1.27051233184180
1 0.536760303491741 0.797363773691325
1 1.52324171961548 0.578437941015835
1 0.227737248015867 -0.760029490687915
-1 1.44609911501741 1.70294769661171
1 -0.0697712237096652 1.13014653716982
1 -0.742193268850243 -0.876765743998353
1 -1.07274189955723 -0.328891496712377
1 -0.338330500870273 -0.053216167172781
1 -0.657147010397294 0.399780584004847
-1 3.65882216079275 0.482597254962864
-1 1.20078264341071 1.36225211888403
1 -0.433445395831759 1.69168599871449
-1 1.10661583017461 3.5195110498032
1 -0.610839461735741 -1.65865317682202
-1 1.90467763437567 -0.247367482962923
1 1.15399097350042 -0.451328398518861
1 2.49978448363898 -0.239185878007795
-1 1.18008953765669 1.61385545173789
-1 0.386955304784843 0.993477942336072
1 -0.915180044801673 -0.291302034755269
-1 1.06710245744502 2.93499200020887
1 0.810022185133431 1.63581913112984
1 -0.182205600294244 0.908131519906182
-1 1.03556165048332 1.74687983053038
-1 2.36621259690956 1.49114353534388
1 0.483722514453625 0.494852663035269
1 1.37320839578793 -0.825774708391441
1 0.322700147735460 -0.428362951775738
-1 0.365293763643761 1.96327167076509
-1 0.407775628813424 4.09841001524185
1 -0.955865595618795 0.377965183559651
-1 1.96785693115362 2.35546265941194
1 0.100308231875457 -1.37025451357077
-1 1.01972670103559 0.691802824182492
-1 0.91581355240994 1.65069826164788
1 -1.59259774549237 -0.680339374978894
1 0.187549534249449 1.45190572593704
-1 2.92131619771215 0.761486012933534
1 0.915685441304838 -0.0675513752744699
-1 1.41823756890374 0.803806535293526
-1 1.63358221416244 2.12848053448876
1 1.02873596756673 2.05267535273635
1 0.0786948736174021 -1.27391512756720
-1 2.18882766098436 1.09794921072426
-1 0.0998050798424115 1.61840778421914
-1 2.21647913279580 2.06696567879914
-1 -1.85404816682288 1.46757364955539
1 0.405052322781792 0.0466013589461086
-1 0.0933611983183045 2.28811865296558
-1 3.26219486200795 2.56837827794212
1 -1.84306342899273 1.09465841711516
-1 1.00376815713417 2.85083539982011
-1 2.45129235461508 2.02777814379608
-1 1.40591050640231 -0.272595721235556
-1 3.39068295188938 0.562027029841285
1 0.50834411128502 1.00139954994067
1 -0.236258210628205 -2.66446429970560
-1 1.41921104698081 2.16668040985884
-1 0.857777978139179 1.29619444573873
1 1.03293313510210 -0.396784237829142
1 -0.022880125515157 -1.36174119273774
1 -1.40339195838243 0.649576622931458
-1 2.51262106680899 -0.26461376915221
-1 0.814319216159786 0.366180084686646
1 0.192603724636428 -0.293543626425429
1 0.00477783266708989 -0.733489542450542
-1 1.37901418945347 2.29286017457361
1 0.784716474902715 -0.892813091325304
1 -0.693232688558237 -1.01937407215129
1 0.358766332084675 1.75653474612690
-1 2.36871810956814 2.08879010891151
-1 1.50605099513219 1.49408169541507
-1 0.122661915973289 0.618871651215558
1 -1.90206715029196 0.531526399634261
1 1.81584733903311 0.294244480469935
1 -0.0587384526124971 -0.308842756275217
-1 0.678317492777567 2.14364543528521
-1 1.42834096281035 1.48735846498233
-1 1.9957679372758 1.04938872064188
-1 1.81703504131574 1.66048451568904
1 1.46511868288568 1.01477150563311
-1 0.147210199629639 1.16927513315703
1 -1.40558241173864 0.404060053341539
1 -0.287422980032467 1.22144203266515
1 1.13033398333718 -0.200518222220917
-1 0.79117965443014 2.14205103834533
1 0.628721887357805 -0.000958594991965318
1 -1.04383759705304 0.112570435989163
-1 1.06238420244018 1.32153480362105
1 0.0767125332014097 -1.92741690578452
1 -1.14626597324809 0.685809267349585
-1 0.260921841833535 2.42284249154777
1 1.05802020193133 1.17802417733158
-1 1.92574175601163 1.36892235443254
1 0.086309784330765 -0.940397505425064
-1 1.29290410792544 0.587698852570518
1 -0.0702548400196471 -0.670494671511255
-1 -0.267331844586184 2.13895957084589
1 0.191608580228755 -0.668966361927521
1 0.055045922701901 -0.342387202543344
1 -0.469625817957791 0.790952854801326
1 -2.30201135239712 -0.252154218052371
1 -1.19089106940332 -0.394469284027344
1 0.712136790411729 0.889636402198578
-1 0.394868231752213 2.10576559547496
1 1.76566462162170 0.267187787700982
1 0.746987509720688 -1.49518922116084
1 0.983300425566277 0.0311934072785135
-1 1.79838504003867 2.94409394152052
1 1.57933186789763 -0.110276388286050
1 -0.793145074847497 -1.03183798725794
1 -0.288286162390064 -0.0455109958571985
1 0.126895568194743 -0.384789680384294
1 0.668003302740162 -0.758978701096489
1 2.44973997413340 -1.25919430867478
1 1.03089224606699 0.999105715626958
1 -1.69653808142490 1.09718526084175
-1 2.35200993212000 1.99124090608994
1 0.302861192014482 1.33453757239913
1 -0.05856860200815 -0.766530830452621
1 -0.750038250849484 0.057968423459788
-1 0.688711481546059 1.44283660415921
1 -1.32460610930364 -0.628009077838982
1 0.0857528860195047 1.08997292173669
1 -1.07273627296161 -1.36113968423580
1 1.27681560640861 -0.00147189092904418
-1 0.814066416811706 1.86703824674668
-1 0.34482955061791 -0.249456921364834
-1 1.27299178167859 0.198935273707079
-1 1.65072621854472 1.64791547171766
1 -0.307608382979800 -0.496797132120593
-1 1.16319228083007 1.69332021083995
1 0.136397033934750 -1.06078061728112
1 -0.768670544524095 0.621682035148462
1 -0.820243450155008 0.252827320721256
-1 0.718400316131459 2.69137314923721
-1 0.306984544568790 1.61126726203675
1 0.710145739332585 1.32547691073862
1 -0.837571291942035 -0.425368696768871
-1 0.205274757226845 0.604404294722233
-1 1.30094623253655 1.94312146174164
1 0.311758451490824 0.086215206612503
1 -0.068252756481507 0.391607556884821
-1 2.19184507684654 3.18532052978507
-1 0.90947270257825 1.52413622336450
-1 2.3487020897963 1.82809200998636
1 0.552684298728319 1.45155407245383
-1 -0.423227763552708 0.198208478358257
-1 2.92348122679156 1.73583503328408
-1 2.30531453894629 2.91578541224916
1 1.14926126240686 0.307149665104302
-1 2.71989933931181 0.909403161296522
-1 1.13028469947726 1.21801375105398
-1 1.04931808259373 1.42579329515889
1 -1.90140894763510 1.43302899740409
-1 0.150389325108686 1.64137221549581
1 0.639005658105458 -0.192445374039054
1 -1.42984890335101 1.09821928552423
-1 1.78309279371162 3.51961127100025
-1 -0.70797755004993 0.917886461301456
-1 1.28679463483545 0.397967732835406
1 -0.409011156086308 1.81326205478201
-1 1.1376920738705 0.434792941854218
1 -0.84922462023444 -0.767291039737673
-1 1.09657411089026 2.64139204895393
-1 3.41174043870644 0.362324283915083
-1 0.928124968837567 -0.184860691022549
-1 0.675617980443954 -0.281912185490379
-1 1.41491881553214 1.5660843336831
1 6.9769620188183 7.04207218539792
1 6.97057553005544 7.14753632192807
1 6.98484592820677 6.98305774822177
1 7.11060045908729 7.1231369839911
1 6.95782530299128 7.159031421214
1 7.1382432514209 7.13747737233885
1 7.05503898325985 7.04939947935615
1 6.93682278912815 7.06485438850273
1 6.94193614169784 7.08722346229969
1 7.10717899026935 7.10644605526833
1 7.0303855676076 6.97322692832657
1 7.03882820115425 7.02268762002519
1 7.22290862149283 7.23488863927606
1 7.14448924632573 7.13887543814243
1 7.16405224924427 7.18126640812405
1 7.29367840192489 7.17370898186406
1 7.0688162518744 7.08391483909555
1 7.12480285100186 6.97267952646136
1 7.23654038889586 7.1308417459564
1 7.13462234533081 6.97970062593665
1 7.22256591323452 7.22685479178568
1 7.17214885688293 6.95315200730985
1 7.08316575947639 7.01161192973677
1 7.03791167960971 7.20290203066382
1 7.03299476366235 7.09219943421588
1 7.15719995945885 7.0982539883117
1 6.92774908387989 6.99797171700694
1 7.04716268039135 7.12045352055722
1 7.07041403066873 7.08739983653546
1 7.01545595395475 7.0569743796066
1 7.13878542500397 7.36425657712216
1 7.0410209601762 7.01063189914826
1 7.08827634139328 7.22842085421022
1 7.0857971947147 7.13897715393546
1 6.96468623883515 7.17509144981319
1 7.17795078652368 7.16981528415384
1 7.1589776826791 7.1236427559094
1 7.0718366168502 7.28122177192783
1 7.15498217487764 6.97692407270854
1 7.1494754868946 7.07183508502792
1 7.1596536269114 7.14418975469166
1 7.01022573643429 7.11107274837416
1 6.97361347005238 7.08782700974656
1 7.17330796097081 7.0956621027313
1 7.07994009103983 7.02666073649559
1 6.98115921240808 7.04212720351465
1 7.00284735856381 7.11122278163559
1 7.07715463709748 7.16554607084166
1 6.84261200244006 7.15231769367773
1 7.26974496557988 7.19014654315402
