500
5
-1 3.03936800750062 1.02780695372278 1.21192745800154 0.680848511975074 0.430292478475394
1 -1.07784941610818 -0.214735729801428 0.592489265298738 -0.720872973978702 1.04311800269107
-1 -0.078127175870149 0.499308591487141 0.131221849293663 0.0087463934802764 0.511570454966611
1 1.05659158975756 -0.743527891875643 -0.479498685260692 0.942637003997644 0.58664194372679
1 -1.30135773726283 0.454519589187653 -1.97531117203429 1.77222682716731 -0.903136242220822
-1 0.0920946187289399 0.200197673703466 1.85907733631418 1.26091421728572 0.977563756547397
1 -0.00747189790834596 -0.173447521061136 -0.993912361900588 0.724807885087374 1.03889845192283
1 -0.292297249652844 0.344138684238568 -1.14704550857271 -0.0232382001662319 1.52520331176188
1 -1.64909418334352 1.66317404353821 -0.657239616253602 0.576955904181417 -0.706573061606082
1 -0.665151361227665 0.791589559283993 -0.412095732737232 1.72533024714255 -1.06375392446061
-1 1.09499320703161 0.999124899677093 2.08695430661461 1.17050727969563 1.10690372639223
1 1.26532203420331 -0.26569007034707 -1.16472702272327 0.547958403148829 0.363514390705459
-1 1.59584595426704 1.70415021518376 2.01819773942305 0.227808669582259 0.485883574614382
-1 1.80047608698448 1.06488807947124 0.625798121012836 0.193908522789953 0.60388541631385
-1 0.647712474086667 -1.65211532963013 0.514369865541292 1.10460736183789 1.35728050175735
1 1.37602710091504 1.26830807738635 0.971438938393322 1.10706666680584 -0.779259577469725
1 1.03292374540910 -1.84689130647008 0.522627461338375 -0.420906452898758 -0.303992721790865
-1 -0.587736320982366 -0.329523585985164 1.02399415604113 0.335246519126499 0.293282254405119
1 -0.525715709225618 0.461200313103836 -0.567941229111228 1.12812041172773 1.35946704280413
1 -1.17500235980757 1.59854678012389 1.32770035224772 -0.508611777693003 0.098218282079964
-1 1.19991173108351 1.36080650464152 2.58766741623808 2.34759947978319 2.21169533573928
-1 1.10955037571221 -0.64602822398068 0.73149258038316 0.816301636567066 0.38056505844054
1 1.88890968634827 -0.931463708023952 -0.751996142475695 1.96386210324056 -0.309482975865914
1 0.413003435478344 0.872237920913953 -1.28863994279792 0.889918575570725 0.583967218364783
-1 0.871539032265379 0.362680122886707 -0.69674358185748 1.91711416006975 0.071515958450925
-1 0.088592259563034 2.04915132431713 1.15154209549323 0.292639008221712 -0.0820021494438227
-1 3.31365878089629 0.437775260863985 -0.323655909667358 0.283897468459082 1.21332633025044
1 -0.292949439146536 1.29789865445176 -0.915246568681317 -2.49073732015218 1.11906011991856
1 0.530687332390866 -0.498494114140771 -1.55408678508235 0.283992393105116 -0.841240098378806
-1 2.87161120292699 1.14481119696496 0.381384702239884 -0.800339871586997 1.93409980022028
-1 1.48118418189584 2.56844636153724 2.10654122168224 0.815250585611524 0.530278736364498
-1 1.24173125506302 2.56918065598162 0.514445552418151 1.38174059323700 1.30878790432241
1 1.89503255257234 0.938414027862871 -1.39243460788743 -0.190032408656503 -0.0263022697314809
1 0.190666057471452 -0.346404094530044 -0.299268781840405 -1.16501725640957 -0.9773733541512
1 -1.47336790691607 1.10077222735391 -0.402706790584552 0.601629612763311 -0.194579077814763
-1 -0.180134606790447 2.90981031446370 1.10863165262712 1.8209453959912 0.482343594518617
-1 1.96964473530487 1.03080056446106 2.39732731482886 1.03417516750102 0.863166062610616
1 0.000896119598058147 0.881783422171556 -1.83418057256991 0.481794591490074 -0.165581159391338
-1 1.67070716625851 0.133469273631207 -0.642077195683027 0.354420737919544 1.21513939351607
-1 -0.145347925860631 1.46593361112943 0.763551134489594 -0.376152905961106 2.52418219231571
-1 2.31280222648509 1.09069461674039 0.0686940674629966 -0.758855467345307 0.00975011222570532
-1 0.590651934264017 1.77266643051617 0.77223481346633 0.618390093142708 1.09335139370461
-1 0.864294872019757 0.94251349213627 -0.60049973825534 -0.527273110544255 0.407633583399906
1 0.205351355903786 -0.184351365676490 0.104757811538856 1.38464368797123 -1.60590576687207
1 0.977375997017653 0.600927339934681 -1.40722717834373 -1.11544932321025 -0.920404129457504
-1 0.115904829975980 2.2042133646978 2.26064805025498 1.48163089337381 1.27355359928652
1 -1.18954976134935 0.7263461661349 0.629113659187579 0.854202096103746 1.06640754188084
-1 -0.237515111699839 0.426197114714267 0.637209769249342 0.788725465113059 -0.195522460660270
-1 1.28267498617045 1.78696408277719 0.620820934586347 -0.115062336655268 2.19504024411517
-1 0.0741198448991324 1.28717643998666 0.681101282058633 1.37357091723972 -0.77048271537162
-1 0.603452721630249 0.834989035927987 0.0301286079494344 -0.8988401104995 0.153704912054153
-1 0.226724912384091 0.183470925126515 -0.0491538474273044 1.30895539180798 -0.373393200631341
1 0.0755291261883204 0.597953241843163 -0.076233558706499 -0.583274731926844 0.912725667301786
1 1.09339840372396 -0.400272992292205 1.70178510068413 1.27723010146589 0.135218427030105
1 0.160339647158472 0.640271444657521 -0.598470757307246 -0.849614074556014 -1.77126720169748
-1 -0.0345575793575756 0.540054712509997 0.0551953030215157 1.57126974297671 1.77001282648596
-1 1.1684963455295 1.25545344149111 1.28557262128107 1.94586407780120 0.201726927730489
-1 1.64841413343317 -0.76609607503888 1.15798429817684 -0.919107174389035 0.16442420273877
-1 1.2683989113088 0.75729297133562 -0.447052616000864 2.01791451151226 1.90367777494774
1 0.728467524676535 -0.462237753378613 1.79177024963276 -0.797234090988883 1.15938099328126
-1 1.86453184915224 0.333822906884289 1.88183910727313 -0.329502948112368 0.710405487087367
-1 0.928275551566556 2.03356378870710 0.363895602072182 0.0605747451012663 1.32217345034752
-1 1.45234903091792 0.276760842489035 1.24506565085018 1.17190930590571 0.446203914751888
1 0.903691279036639 -1.04653529251745 0.787361514702518 1.28852452302965 -1.58037714577898
1 0.424055064569438 0.3875305737369 -1.97067464289286 0.078698924570727 0.881340108673535
1 -0.069540195255748 1.44367722311598 0.25494828209321 -1.39429051509758 -0.0706666190795858
-1 2.15529224654773 3.74767911455444 2.39734499334224 1.04068593046456 0.646966389381017
1 1.95860392613083 -0.26188780143733 1.59022070490628 -0.216777172136249 1.57619942664749
1 0.225630632843841 -0.310117044238231 0.939367460496554 -0.556180498825991 2.00914464496773
-1 1.18001213646962 -0.0888578450839267 -0.409845396043763 0.577231680490366 -0.720607077430048
-1 -0.390643826944695 1.66686884375650 1.36736984917606 1.11836530704021 -0.67167504233929
1 -0.362590803832718 0.800275700053423 -0.749718763597402 -0.799507939637518 1.44140504105730
1 -0.958183756712328 0.0599456745340831 0.741993983720789 0.372035384268176 -0.414930886598461
-1 1.03833484530221 2.59776609194953 0.679252706421477 -0.649446376231361 0.941755909094507
1 0.453244142605825 -0.183080138216326 -0.387371296372259 -0.522933681483875 -1.16386772722969
1 -0.771321351951645 -1.59387027336491 -0.980879866930621 -0.724252757357367 1.49786472041507
-1 1.55620000982228 2.11236882473807 -1.66141751946315 2.55292836241704 1.81921956652128
1 0.722236194050743 -0.794705896420817 0.32543972450002 0.748352736555356 1.90373449239017
-1 2.0853601590056 -0.451432788158542 -0.372573762239832 1.16902199146871 1.14498969359186
-1 0.443758942438133 1.24457155210649 1.87821628105586 -0.123137193354563 1.81410480260624
1 0.524353862458863 0.10557360904043 -1.92341064182823 0.0860388381503058 -0.864468587053791
1 0.0221087190707712 1.26925510310114 -0.499314586104058 -0.985519031067722 1.21861978575834
1 -0.268621748696936 0.0267821878094711 0.261379244195632 -0.745945477059982 -0.343651623883687
1 0.949277529835889 0.0250713287854708 -0.506500139939062 0.96332149161456 -1.04870242701582
-1 1.09863886995127 0.228140657857667 -0.152267907893565 1.14196781304513 2.74490514585937
-1 0.109244421402422 1.05650608688763 1.34016639992185 1.44672059018523 0.489463254133681
-1 0.80238345758266 0.965652092157414 0.626978733461394 1.42662081371493 1.35929914535298
1 -0.82919305272567 -0.808787599876354 -0.614763301974527 1.53208811707818 0.476556610959991
1 -0.366182376492993 -0.41135763408467 -0.428599655694842 0.563945294889594 0.381239737579276
-1 0.408045405569762 0.150307967029800 1.10129401714653 0.0355378958846491 1.29435574600434
-1 0.98131596282539 -0.3982465536925 1.31545004846129 2.20766848392237 -0.215552538438057
-1 -0.247030381650253 0.998149025133597 1.19697158215909 2.19388693344070 0.456882617825904
-1 0.725417310524396 -0.133305341561115 0.728467934754548 0.160254411281390 1.86293336535341
-1 0.370587357242141 1.53020243975887 0.748537111963916 2.41426186937704 2.58711227344601
-1 1.06723964080054 -1.14740457713474 0.495176606063767 2.12836129812356 1.52825126253245
1 0.304441534901778 1.44855781237562 -0.429889907632229 0.958939864107566 -3.13759180893359
1 0.908984976088536 -0.274249385555178 2.29658565239031 0.981748621500656 0.211247764803856
-1 2.29626014731191 1.79259194178420 -0.550754594340986 -0.84291795971977 0.476800646117091
-1 -0.39075001513179 1.39189551046611 0.728893220987844 0.81885268234529 1.49806601684571
1 1.48181957574836 0.770599064666111 -0.694761524793933 -1.88283899633426 -0.259346083948495
1 -1.36038673375636 -0.240110103074012 0.479681294369147 -1.19624085237687 0.302379532747113
-1 0.130809211802805 0.322973466824643 2.26621000383296 0.255528108068324 -0.417721667999409
1 -1.31461039546368 0.398924453699216 0.269852029481796 1.28974639982547 1.22511557122911
-1 0.991022602873246 1.31512449759916 0.535017227241379 1.46816212617382 2.79009212309179
1 -1.01498962685624 -0.571129739792566 1.32002316823012 -0.456110700049458 1.79373176943131
1 -0.53715126038315 -1.41794867367230 0.359755012471197 1.00668022653231 0.752223602934539
1 -0.553657511092636 2.22043884565395 0.294495939390639 -0.486506656554882 -0.547350308679189
-1 0.492333052811427 -0.636244277621409 0.53926392333548 -0.0437574485096868 0.166759823188632
1 -1.25635895571052 0.0814824514501702 1.41285874927827 0.521007939479338 -1.65249306442356
1 2.58305243385636 0.692128865004848 -0.553084905963911 -1.08067345375195 -1.93919697691294
-1 0.222411202356109 2.17959180539002 1.73011016473136 2.13503586491486 1.68570822546905
-1 2.53188140677577 0.229083454757474 2.4929344321915 1.95701632675182 0.955236598834138
1 0.340913704283034 1.50357170769462 0.546838897170043 -2.46018760885542 -0.0667032648090218
-1 0.769748596739295 1.08765848521393 2.31522676040502 0.160000360410974 1.60361128444612
-1 0.187706482224758 2.68854351672528 0.408599576563687 1.27585434050594 2.54983886824107
1 -0.128422056323097 0.310713166677243 0.310657400064660 -0.634527106772326 0.0401237288931372
-1 0.345819655875848 -0.231751620134388 0.00622219333871554 0.220002703111267 1.47509107388781
-1 1.22909777289140 -0.155914994046544 0.761227855515224 0.567127254142042 0.610428769411389
1 -0.104349614432277 0.461212680005846 -0.0621239028854537 -0.21721528068908 1.47000517241902
1 -1.95493903319652 -0.238392762229241 -0.162731210428234 -0.786558284690892 -1.17445497114639
1 -1.16823633902987 0.505624885691426 -1.76162871656058 -0.105368634152320 0.297116526094199
-1 0.739330314512926 1.13355879150344 -0.787886397715523 1.15153768935986 1.26503056174267
-1 0.844438589977579 0.118331441243863 0.978055667579698 0.411740677313644 -0.546591985528141
1 0.334986036159739 -0.573464841159671 -0.626580991850355 -0.592614532786328 -1.00372906153384
1 -1.50320588075427 1.45537549730648 -1.78542686046029 0.241912117794152 -1.24581580012706
1 -0.291243288024377 0.902466305249022 -0.049274463544163 -1.90695752595848 0.55466763550027
-1 3.46157625358658 3.02466395652761 0.408003302924268 -0.55319445247989 -0.529727882575134
1 0.0635056964034108 -0.110033739165500 -2.38235233565889 0.0746888527147326 0.151778191295351
-1 0.714657995995902 1.47598039617843 0.726590760842006 0.652353378607433 -1.11292654360156
-1 1.0918557265923 1.62748398135288 0.833247575240412 2.35588908372319 2.43249912275512
1 -0.77600008985048 0.40601276110514 0.0777080314616887 -0.209276484209149 0.023565804025114
1 2.26643978288253 -0.831739674180282 0.178336394329385 1.30166905407621 -0.0539927836845486
1 -1.79868307717791 0.231224132552744 0.706743056455685 -0.336678353237685 1.30282185153451
1 -1.62768553441326 0.0804343602662972 -0.780374288477398 0.246911974368078 -0.451762592742989
-1 3.23151637392417 0.624698353071122 0.143544675515708 -1.18618716471187 -0.595055655501728
1 -0.470373839710144 -0.451729649226017 0.677999792031226 -0.298567183700705 0.983190580324804
1 0.135350425693465 1.11556581888029 0.131084212443579 -0.809043185418229 0.762167851587134
-1 0.0626859447091007 -0.207651767915361 -1.43184686767094 -0.219284837907765 1.13038060251233
1 -0.562410940641074 -0.162668836313360 1.44693891999783 2.31233304304573 0.266883011988985
-1 1.24682030215428 1.46846655456630 2.05826546831313 2.18175073941573 1.33406260775355
-1 3.29696627235091 0.397158348652001 0.719665554910911 0.795583930072459 1.67403224235578
-1 0.836830062415235 1.18375528442894 0.586930079774439 -0.0114162579910488 0.194311076721788
1 -1.58299727226201 -1.93257471229321 -0.607176587589751 -0.024623397825835 -0.65164555654389
1 -0.92477853487544 -1.04479060326007 -0.337060151413385 2.02409355023487 0.00979254675179118
1 -0.240599859968865 -0.593734190199521 0.131704911690485 1.03341527233788 0.799742944951275
-1 2.08370584293655 0.740488845779692 1.07102731632709 1.3964260767237 0.600272869957776
-1 1.76070831405523 1.66509777671852 -0.229680462015345 -0.112610712158281 2.11599889084896
1 -0.286873290185945 0.140342018625912 0.00762334627197383 0.79685358186771 -0.767173255859023
1 -0.861849638909798 -0.81865394937934 -1.93051820570329 0.299599293985735 -1.95674633901663
-1 -0.342242966581977 0.479510611329009 1.01085866390194 2.04682227536580 1.11739051814480
1 0.0949560016003996 -0.908847444227564 0.825071919610607 -0.953438644446829 -0.541359088631778
-1 2.56027643470887 -1.99801739129527 2.51981399740834 1.92783971668461 -1.35271115138281
-1 0.119413140691953 1.46379997723399 0.796736791808442 2.37696119991049 -0.455263225106287
1 0.479644300300799 0.86787964837134 0.648989077824688 0.359716242983895 1.19139104763318
1 -1.92582129738924 0.71888612083797 -0.928692572543571 1.42928940281469 0.881662630619678
-1 1.19293299337817 1.89654992615044 0.940867261502172 0.348003050241486 2.18367375009034
1 2.83791282636551 1.52499638739857 0.454847091455356 -1.51380424765527 -0.971464883873165
-1 1.77027473561826 1.56427131616735 1.59745175923218 0.958506431422828 1.9625723997754
1 0.676653147911373 1.50031714541195 0.35694379488522 1.80185621226497 -1.60774132355537
1 0.307762522830534 1.11748104186493 -0.447831972964286 -0.174471759556859 0.435744817035924
1 -0.560662291283545 -0.00999167142101903 1.60090501406604 2.49693940831923 0.445269503710889
-1 2.12895143938192 1.92439826427414 1.62317750140504 2.97065070166401 0.771405651952914
-1 0.585258121040552 0.960453985848547 1.17493046236173 0.319635144611351 0.81478472282223
-1 -1.48732785993662 0.335573755819053 0.886713801781621 0.281636498605277 2.45346669201729
1 0.616850046765802 -0.0703328630525142 -0.380117660761418 0.244437317153628 0.623927316239674
-1 1.06039981063001 -0.131646618762223 1.31171433592328 1.60982768724943 1.25541145891058
-1 0.245018776502479 0.385995463524039 0.864737900678777 2.31895621423135 1.59420782889377
1 0.730522551415626 0.0637429237678077 1.78694727566796 -0.52265564181629 1.72827760994913
-1 0.520611710358665 0.0166330737853407 0.654902949711571 -0.121866957982135 1.53142003016362
-1 0.800682432475246 0.871472180072212 0.371507341753129 2.07443044971242 0.219922826193753
1 -1.26200090516420 0.573959263600272 -1.46942503243631 0.579986038613666 0.217638412904986
-1 0.688311659496802 -0.814967425208197 1.65542829652617 1.73143102165433 2.94515626146291
-1 -0.396570706844737 1.31097725092285 0.370355164035716 1.88521382591379 -0.705512808602384
1 -0.63128886891704 1.05781253540280 -1.32892647883141 0.110301274263711 -0.681205996136383
-1 1.47193208402568 2.02089332929794 1.10583032494905 1.02170433780136 -0.689714878741765
1 -2.53554885675336 1.56697332578444 0.202226061449446 -1.07288702765301 0.121846483849072
1 1.01454299468853 -0.432762057377873 0.098588549455415 -1.59806004873548 0.060506313931633
1 -0.0963093277340877 0.273125081308011 0.471500052818746 -1.31791786401987 0.881029519660226
-1 -0.680418060806376 1.88388478372973 0.734617207012593 1.65415459659730 1.90357194967154
1 -1.17357749975090 -1.15735453269038 -0.471281182525314 -0.723887513082054 -1.72630190915205
1 -0.168467770388968 -0.254712047186990 1.75497801790148 -0.754882324413046 -0.716625515154376
1 0.599294780948526 0.0739083035183893 -2.20454315920347 -0.723123447792949 0.152065530860384
1 0.295185126279233 0.067256969568675 -0.456249060954485 0.0723284494825206 -0.324611290418309
1 -0.99869564339525 0.288047967231475 0.614098960790267 0.0361073177967602 -0.423975757786079
-1 -0.506505461286961 -0.768828118276987 0.131239341078646 0.83664681104124 0.113879950729264
1 -0.277818098688889 1.74246660253913 0.196941809219997 -0.257236798446317 -0.422971996300132
1 1.12497261049300 0.0182715208093698 -1.43149948349703 -0.301339711292817 -0.207614727239327
1 -0.581848402056651 -1.28640715460006 -0.338493904096040 0.367849344363476 0.205893874832057
-1 0.954445208601768 1.77087497104656 -0.318323114773651 1.87890949405329 0.109928872772452
1 -0.606220655290807 -2.33053749488151 -0.245399363239334 -1.52156982610104 0.206182180986478
1 -0.6759930166036 0.318801443275283 -0.542766146449202 -0.150842839536223 0.844102401827876
1 -1.35048884830964 0.897468228806218 0.315020850978096 -0.356658933453434 1.39192973619672
1 0.132684095209139 -0.604702142482269 0.162077818167963 0.41835001607301 1.24632248452172
-1 2.86381234472588 -1.08216009215883 2.76851736904766 0.929463069200147 0.978612443585452
-1 0.852755305147912 0.56737322665333 0.857387457508266 0.333919399341081 2.05926517182484
1 0.331439756122963 0.552261671894795 1.96545744184158 -1.80283839637396 -0.529750780307104
1 -0.555909145942705 0.843860005684906 1.12648170280941 0.830258348331378 -0.767496999977062
-1 1.21655210275705 1.04528902940086 1.02698578362323 1.59878170543409 -2.14637010507585
1 1.06351508962363 -0.945883404487497 0.0528715257675371 0.296362298633130 -0.734714747899225
1 0.734131436864807 -1.29986227788828 -1.41408594377397 -0.595488399208849 -1.41790571869819
-1 1.04996720347143 2.84586423578749 1.26520369489241 1.40553212783797 0.446839974441627
1 -0.280873904600223 0.313794302059912 0.438787457802116 1.25771902778213 -1.84769067460669
1 0.207613074475398 0.639589894112194 -0.102540811405787 0.228719275789054 1.55436156223014
1 0.594448484192361 1.55317768881994 -0.937621118030824 -1.76590095577815 0.532645286400432
1 -0.293224759311091 -0.808269010230489 0.525528700165065 -0.300352064475071 -1.9855602493223
1 1.76769716475975 0.424413303831771 0.827849830199886 -0.471865926115501 -1.25475299498957
1 -0.464086198310346 -0.774089001670328 0.913715238261654 -1.57677732308453 -0.425844715696115
1 0.0473947416109755 -0.0570652631673476 -1.46682606580948 -0.521751092716245 -0.984948486644758
-1 1.74345451110999 0.595889362449762 1.48111779548442 0.465984236635579 0.261821822107961
-1 1.05185244747560 0.131823857365916 0.302350016902315 3.13735478481691 1.08658299478595
-1 0.973703017060228 0.768111438880948 1.57801790682113 0.481002876083937 1.17451099542766
-1 1.46090738193464 0.245750407247039 0.773560730675542 1.57423532247223 1.59156247328761
1 -0.589588381525541 -0.0763380200039737 0.0539445239390572 -0.576970781591452 -0.752178862948693
-1 -0.148849526731475 0.396021268119143 1.14942180054600 1.45047852498688 1.21238396920492
-1 2.59255588329974 -0.601125857740342 1.33300906766029 1.54943134874456 1.98755249818148
-1 -1.85777691644744 1.48854618369703 1.32863630215689 1.71026126637119 0.509350829879443
-1 2.30868866449596 0.0843466768097888 -1.23781295722484 0.621595372471681 2.03014312565566
1 -0.632054269561671 -0.819124215106504 -0.938408722709838 -0.327817992673414 0.596455155839175
1 -0.89498210024669 -1.46831101134571 -1.76937524247409 0.95207067067660 -1.50699083397549
-1 1.95468850355807 -0.190047216555650 1.41361040905546 1.55318295129028 2.33768656179048
-1 1.27542256136715 1.87830125735673 0.271846290585315 1.50203755230493 0.99720924861389
-1 0.0345941503686105 0.23881062967201 2.23727366024494 1.38812327494792 1.98726747839858
1 -0.911344403602814 -2.16678780583374 0.486347022277002 1.65813073871811 0.90958131392118
1 0.355989353798644 -0.117797643874303 0.470434359262467 -0.0320997350851467 0.581252339081009
1 -0.602739069035794 -1.65167968342275 -1.58197915773844 0.792023469003892 -0.833652106044584
1 0.795174805465107 -0.310271828275503 1.30381064667512 -1.51717468881263 -0.811503756012212
-1 -0.16731236843384 1.41202627399639 2.38875510959980 0.281405406491335 0.280401255094878
-1 2.27627064985956 -0.109007398704253 0.806919743993483 0.21221584133941 1.44032316339279
-1 2.76994093447399 0.382281334187931 1.71923678349040 -0.066130579167525 0.0732563861248487
-1 0.381631152525230 1.12560695496381 0.389995488547908 -0.678651833669543 -1.42075657123368
1 -1.51000438715051 -0.565806877292395 -0.856455769998066 -0.38881484177369 -0.285064852732963
-1 0.141676417175539 0.736013366816972 2.14807869699513 0.288607300199634 0.89335321163408
-1 0.106407091980538 0.571778339589535 0.642019601652583 1.39925098271428 0.661077800624432
-1 1.10363376657266 0.485260776423347 0.833427984956258 1.46441630337000 0.765800856558646
1 1.09178957645625 0.130855186250328 1.34451472552513 -0.352479364682162 0.189057781575549
-1 0.761004714441001 1.30233812336366 1.18643342143166 2.21643512062586 1.20699974498867
1 -0.331927216134400 1.22474924738883 0.595924399936352 -1.54323279733950 1.16083965239314
1 0.707059381702781 0.87409088043968 1.14349197061293 0.559347575466777 0.0447536307141271
1 1.5033670190792 0.262474653185803 -0.7274655829246 -1.03816474229365 0.842439152288115
-1 0.305007734197691 1.57179791784158 -0.192135648207681 -0.478214330535457 1.51360518494987
-1 1.81135337202893 -1.85820718063031 -0.396658629165945 0.104107682768799 1.20752190577623
-1 -1.10250704052776 0.303060445984048 0.0977295686837837 1.88688000311865 -0.0232655223947369
1 0.104846484174418 -1.14467828358349 0.226708034314228 -2.34019749714897 -0.230182127533664
1 -1.78671138761172 0.808070231372187 0.725205628369208 -0.64153645785515 -0.564508958859369
-1 0.762434286705369 1.69504809841306 0.00906278368415059 0.503639809705824 -0.347584355917402
-1 0.847546971603495 0.331785856553876 0.910076456940791 0.293968885470952 0.7681306532844
1 1.24996619548362 -0.123763387190350 0.702538968675777 2.24753085475572 1.35157744578559
-1 -0.438008620513131 1.19608845449177 1.76792810613433 1.98337888145251 0.91290889049051
-1 0.288538953657352 -0.198704244397447 0.355303354288716 -0.232807370430511 1.89629725235616
-1 -0.209727252291690 -0.288067364983029 1.12361290455373 2.94822070266797 1.76110170822114
1 1.0506098800358 -1.00285233841305 -0.552974213668013 1.25474363853726 0.663691567492262
-1 0.836729451567678 0.564357041020675 -0.500599464415234 0.334648698086467 1.00320832283135
1 -1.28127160245524 1.48424516098161 0.95705477410713 0.208283655207426 0.743418652479599
1 0.543743929315661 0.849527709493779 -0.849226205503273 0.701979600494789 2.04432867489649
1 -1.51644082578221 -1.11192302066012 0.810417573164066 -1.08195648068654 2.34728352623984
-1 1.04999343325057 0.616792782410143 1.66959959127442 0.741926170961136 0.998681149245105
-1 0.277036670876816 0.530406384154444 0.772176739523141 1.64414644817089 1.27742114682932
1 0.0995745098988587 0.774964465633959 1.22604530760883 -0.0638295962912426 -1.38839040113372
-1 1.04890974894057 -0.487617057889133 1.37369390480997 2.00072992872123 2.37376632976164
1 1.58382068448026 0.593823652698808 0.0397298012909701 -0.215799274701794 -0.0833714878809553
1 0.584934612844774 -0.102876277649068 0.229814449033689 1.03965035872368 -0.265885587703624
-1 -0.237628842802957 0.804383384925026 0.740447948335758 -1.19397070965019 1.76423686795383
1 -0.163636806528991 1.20972779143148 -0.706219367292554 2.79764500442438 -0.695335961979014
1 1.25106152045319 0.0435627020497546 -1.97273390678860 0.362652530942371 -2.18227208480321
1 0.43174785903349 0.197111576069764 -0.0161902694303435 -2.09883492702402 0.477264494182719
1 1.67710234242929 -1.53901165647234 0.453712465114373 -0.395382049105676 -1.18664664802047
-1 0.889681798974918 -1.03384118208832 2.11723235863419 3.11420511323975 -0.159532846227879
-1 -0.215013884742623 1.32950859484216 1.17268298404451 1.49762625429127 2.39497482063367
-1 1.1887498059161 1.61612732515508 1.17089933016366 -0.245891707314292 0.751539304934309
1 1.24755912915725 -0.311277715815487 -0.907682744790786 1.55369765920683 0.643039821618788
-1 2.35979885301967 2.33798908014179 1.19862450121761 -0.710709218711507 0.743953698721473
-1 -0.679472372764014 1.68529708452003 1.24013963820202 0.425702135671041 -0.326099849734223
1 -0.96534033995122 0.287651082687584 0.771664738948951 -0.339899487087996 -2.51789663660961
-1 2.82592727880899 2.31128960256916 1.97479631888364 1.73767844360978 5.36515037654547
1 0.189025284280558 0.228837754868963 -1.13445612310868 -1.09189859301811 -0.722117401389342
1 0.677674291278849 0.848063258912757 -0.647697822824185 0.884061994495195 0.480036709548498
-1 0.496788987663176 0.440568746518637 0.653566888031462 1.22474783505144 2.9421345147818
1 0.822920577332605 2.11813960310013 3.12202119210757 0.217096532192432 -1.18712323531429
1 0.745402320213489 -0.445112558788023 0.313953146226291 1.60275961723101 1.24629671021156
1 -0.611003759805311 -0.513821535716541 -0.232625774394495 0.419856939243008 0.733931347459517
-1 0.0223212501287402 1.42207860551849 1.65375117747288 0.414246169951935 1.04753566656019
1 0.86056991283471 -0.861436923580852 0.140188146662840 -0.170184784595812 -1.31967381963619
-1 1.85593045440903 -0.805201863886091 0.806744140377403 -0.507837550270322 0.696460594067717
1 0.792099023786542 0.280361022499753 -0.329236766043104 0.327834173666278 -1.39548700730642
-1 0.625101703057894 1.89633833705983 0.336580315516043 2.23979161185653 2.91694427349459
1 -2.38107450190414 -2.2930775403661 -1.16387841450983 -0.657117829047396 -1.65943636892197
1 -2.27645647534407 2.41151106122273 -0.86256911190174 0.0118373525299004 0.343936041511099
-1 1.09062441336216 -0.576230248596152 0.103302651129767 1.76534599790867 0.757947330720957
-1 0.600099167578912 -0.068082266021841 0.0122492507794798 1.97974987193887 1.64014939007272
1 0.719976640344903 0.288575235830874 1.73009651377777 1.84706301834079 -0.92000342641066
-1 1.05370768721265 1.50701341128603 -0.597225960052278 1.9357447979022 -0.129156914823959
-1 2.55834142727594 2.36801822622958 1.15592651244570 -0.224786526817439 2.00937736421180
-1 0.582109589102548 2.84086537596868 1.31713392168951 0.730621553695663 0.392792670552601
1 1.43610093495694 0.0897769692545114 0.502997058615910 -0.141411065720761 -1.26487177753919
1 0.778381271882816 0.550049116143219 -1.3163559585795 -0.370257147669106 -1.33821809223397
1 0.574261403629362 -1.39284466933310 0.128366462122478 -1.18136140954205 -0.197539520648119
1 -2.04201865602871 0.278213869582776 0.413360983301569 1.78001774798262 -0.407811180604122
-1 0.688038511277283 0.494129462356906 1.15549226498621 2.55228944427273 1.31865607867848
-1 -0.883317524788324 -0.69162573109178 0.219793987328570 0.270197238796356 1.32214553801408
-1 0.399138362112057 0.780210138477261 1.26817830141589 0.95890236945217 0.245349289615167
1 0.131744187993860 0.893529916370741 -2.61113024395147 1.61856073115587 0.921622441862
-1 0.874451990465206 -0.331937965714935 1.18679768408052 1.10776410002111 -0.316223054243064
1 1.12634387164907 -0.59619296993448 1.06805751249929 -0.800894672146645 0.234504494727913
1 -0.203129502385307 -0.463963377551378 -1.35642380169207 1.54038888332017 -0.859238604326415
-1 2.03004147868735 -0.0985991589368849 -0.557870103358949 0.922881758684783 -0.966228028487547
-1 -1.32773358788027 2.78816897753244 1.20365900527536 1.19542079446044 0.699827188254576
1 1.89192589980396 -0.992863567043526 0.377341278197684 -0.494340516335004 0.365557068326509
-1 -0.230519516507258 0.688289413867152 -0.185078797910403 2.48364385926705 -0.401269060911355
-1 1.48212416674730 -0.100698984631295 0.982305697511833 2.38414831727223 -0.562954273050046
1 -0.686760123607787 0.715119873296116 1.44541540620432 -2.41308282049263 -0.164504336764463
-1 1.73306650024334 1.10769117941504 0.126303981633328 1.06484096212276 0.577696916754992
-1 -1.31312121091819 0.114289817066894 0.924877893874412 -0.272610453596282 0.139282736824713
1 0.595127373432529 -0.0473761179417882 0.888232543848606 0.747213323964993 0.150893984852110
1 1.22614519760714 0.809387107671568 -0.0450424943065838 0.569185473739913 0.749105433112142
-1 0.684800771187345 -0.0929380788419863 1.14118743529789 -0.220579455915806 -0.0662037287379487
1 1.15943844440495 0.361183496085179 0.0664917508126114 1.00505080032803 1.72811195388036
-1 2.32781752569691 0.655888030107638 1.75446545330713 1.18172076693400 1.69719717092211
1 -2.17124778340182 -0.698797746559605 0.838017374094726 -1.89534540169983 0.950928952622948
-1 1.90668269249426 1.08144335217003 2.66539518043281 -0.059061619155066 0.0248592792461900
1 0.945908606899355 0.138404929281566 0.254478905231305 1.20039651807693 0.241239976274511
1 0.255628640979481 0.962406430200855 -1.61617950725058 -1.24368463972775 0.505224120612006
-1 0.683381083656849 0.00867624774298392 2.01696888536495 1.40533877562469 0.187461203846624
-1 1.90308630789623 0.182427728490273 1.72753689827483 0.749265620820155 -1.63081518198622
-1 0.286354827453406 0.607526967931164 2.48641336591295 -1.09543436326128 1.81426916672277
1 -2.64391417867484 0.906661599726615 -0.145036600675167 0.577615893251693 -0.384558187442468
1 0.899413714022363 -1.42172719375032 -0.186688785931761 0.165203025903867 -0.0528165450005694
-1 0.389333835880214 0.690161716444225 1.28588137499346 2.35132483563529 0.546150995674381
1 -1.60304100512005 -0.896792557936887 0.959808360767138 0.464819169467241 -0.266556763877579
-1 2.43170564347716 0.568379204040877 0.77418975026764 0.977225250016814 0.307386805821574
-1 0.447798202626471 1.89369711986319 0.318560570052122 -0.949412076664297 -0.0385481769466948
-1 0.80801945365714 -0.309341158804224 -1.33833733195315 1.95151811744504 1.13797979415872
1 0.364595613841397 -1.54913818100266 -0.677693169245719 -1.14259903339837 1.05710945343146
1 0.8866103626594 0.85381132680817 1.15012804141167 -0.397246173508906 0.490250628636276
1 1.33478202621550 -0.92112601205912 0.478198770633011 -1.69357423942175 0.106182090059800
-1 0.335359752991999 1.17372605633050 1.24335921041340 0.816237158873437 1.10693001802641
-1 2.31673028460717 1.79079303556945 1.46378630925699 0.613852487396296 2.27952262740572
-1 1.20838127820858 0.845269506421868 2.37698647981008 -0.479522422086449 1.42906207013518
1 0.37079513022111 -1.00360302102078 -1.08694028445270 -0.467971556005159 -0.073495966494564
-1 0.66544016821726 0.623286132094852 1.14852031796288 1.34372582522715 0.0579605990926266
-1 -1.69302887925208 -0.255326759368458 2.58378566913225 1.32103116995846 2.27791532166480
-1 2.52274310873963 3.45355247677716 1.72781960536342 -0.0301964266066233 2.26526767651421
-1 2.40880100544011 1.53267831838702 -0.830385298304403 0.791411850868353 -0.401553710253288
1 -1.21292617251181 0.618663270901858 1.26945424765293 0.952502226563325 -1.36005331776351
-1 1.66972848623067 2.22649907859440 2.47523933292587 1.36026089598435 0.913216745648781
-1 1.17864571594811 -0.341312434535897 0.994153523380557 0.602514698048592 0.336455800472083
1 -0.01887812676159 -0.229847506387598 1.22228663113099 -1.2533337509926 -0.340744243374532
1 -1.84217302930406 0.170765293861371 -0.444458657353502 -0.242855024296956 1.47116911716314
1 -0.184143138740096 0.362568909055903 0.841608029217716 0.330978320549016 -0.042517038293695
-1 -0.61555959880854 0.837133932963534 0.378523606380029 0.0083700264903297 0.948165427077344
-1 0.878614713579839 1.62003609167216 1.22482655202486 1.29625150656279 2.14390933296569
-1 1.61012488884284 -0.645746324698474 0.546653025140485 1.54334704493467 1.96068710807185
-1 0.0782956732112636 2.39355147951511 -0.543619896147714 1.12865393476356 -0.216187841230343
-1 0.542588028329093 -1.84121478637426 1.19254793904345 0.401465423069449 -0.260130736391888
1 -0.426713643060189 -1.11631137464446 -1.10954144817384 -0.976653603606818 -0.437648101358437
1 -0.223541537196381 0.154379148028411 -0.469781210305322 0.823521486495332 0.424548876476296
1 1.56114542187427 0.927642831953085 0.636208110886297 1.71722107454080 0.408781850179773
1 0.752030533297207 -0.900246644483997 1.89552811279994 0.724873091237563 0.152425236674236
1 -0.0388268309036399 -0.221051586431498 0.577996973964699 1.10343374969229 -0.733400626804316
1 -0.108243838530149 0.925734465515812 0.63165391594127 1.06263256095251 -0.354606698911263
1 0.455064124411478 -0.365347730033899 -0.525080276696732 0.447374931429549 1.64567533131061
-1 1.12864333298177 2.7182127887129 0.0550157872243272 1.5416313401549 -0.887353631714071
-1 0.196949432505504 1.06295937879087 1.42375842332709 0.649156577102329 1.73386445377716
-1 2.84200137953210 0.646988496323411 1.87205388021052 0.103004384831374 0.921313582165092
1 -0.846712922495648 2.15316662112936 -0.341768128870392 0.444924240012346 -1.15721369098211
1 0.803088985691519 0.360375830136224 0.430376434967932 -1.25187729908798 -1.37836531292861
-1 1.61459461035517 0.0212737929134000 0.842886986415836 0.916331396185861 1.43586352524584
-1 2.23609706754579 1.73778061721589 1.68536397395450 1.94312739375780 0.748002178564092
-1 1.47512625470506 0.46336381560751 0.08650916091835 0.370398346437366 1.31911439133174
1 0.372537937651259 0.388579104956844 -1.76898927600003 1.32033795499764 0.497851997515171
1 0.92371198325208 -0.837497399118763 -0.941947124528252 -1.16491950778872 1.48223331431481
-1 -0.496182932618747 1.14983114361231 -1.68215055878187 0.739242670281846 0.512857616002959
1 0.659046850387182 0.92222942864896 0.722590604576273 -0.855650905004932 0.513759059084972
-1 2.33779495491217 1.37578039905479 -1.02190491790769 0.661181893907779 0.90689008203533
1 -0.877820548889371 -0.144483796719510 -1.16159003234290 -0.146271029977579 -0.591355945779628
-1 -0.288543834014900 2.02281834858220 -0.333571531759949 1.06791391036135 1.51458041056460
1 0.108321527797764 -0.826787424858269 0.228006592081003 0.313047564758112 0.63233634561836
-1 2.43816464037312 1.19710646398774 1.95793626661929 1.97261917917353 1.77176502782482
1 -2.70488911594478 -0.324693733960312 1.79438561346898 0.160435544565999 2.45449404679282
1 -1.38035632190225 -0.477063760716684 1.87234499658964 -1.20349040135126 -1.48657874183547
-1 0.495520599590914 1.63915322333458 0.481285356714227 0.950152774627645 1.79191060935111
1 -0.694943884343969 1.09450901464225 -0.14168144170629 1.04069080516819 -0.882341293544447
1 0.902409805315317 -0.064091038594416 -1.17273200787278 -0.652559016950079 -1.46007640554393
-1 -0.832846544647646 0.503681437511821 -0.500020646607765 1.42462581910014 0.29049325665788
-1 -0.670596410608944 3.35657838141664 1.67867792575134 0.813974371622031 1.93954149274376
-1 0.891246183300754 0.805147650987205 -2.33139520582496 2.14172703458676 2.30186569581735
-1 -0.615241717135217 -0.0167040452484981 0.646084523361604 1.44425940457733 -0.232143125390379
-1 1.48290463079090 1.32783871635267 0.835862076712921 0.317180900099417 2.66525764858663
1 1.23137521796615 0.138231938871453 -0.0243175184899552 1.56411452474572 0.210625956932469
-1 0.50805845705086 2.64879059253059 1.70363068189641 0.638402891931712 2.27143104023954
1 0.571513908231339 1.41221811400770 1.64852541490788 2.13612571237935 -1.11615371738402
-1 -0.86169180563396 -0.648562412587257 0.302230033116030 2.75476961476314 2.40009240771726
-1 2.16092155527173 1.67578487186045 0.194105907547325 2.70000177142432 -0.291383348689127
-1 0.721492030750265 0.00434642223938497 -0.0233595454231632 1.9380907878012 1.55378123076983
1 -0.0599976191243427 -1.16903722536967 -0.252247830655351 -0.0840466648067222 -0.130517503027395
-1 0.66894542293148 2.11357155902527 0.731121827386847 -0.825937291616423 1.6567224719624
1 0.438215520198698 0.197729790160564 0.661772840976171 -0.503493376243045 0.611606181084339
1 1.26369082671469 -1.12802652400968 0.512758737440695 0.263594431259337 -0.417176783508230
-1 -0.419721919519436 2.09439712533415 1.68750039771824 -0.723163996460348 0.0691503724774748
1 0.410041445215521 -0.724696378063285 1.63534377510070 -0.176142031056478 1.01234050674634
-1 1.16055674040469 -0.368645411751825 1.37730241784507 0.776259855806472 0.903362866125277
1 0.631303035728696 0.446738667657592 0.408252363616636 -1.69233147562263 -0.458903146170259
-1 0.88058900932466 1.22822386965120 1.42142776282531 0.445724453014139 1.36748656453702
1 1.20287782577913 0.611825572658653 -1.55530347029180 0.660043259860177 0.237621340876548
1 -0.0845963254988631 1.00530616434679 0.257423141879647 -1.14861082042590 -0.871952124861946
-1 0.674848222424739 0.310793980955912 2.87763449881689 0.788758671499665 -0.335769921288324
1 -0.966951190581181 0.871735157862607 0.881604004087315 1.05296986608389 -1.25346034862448
1 0.9660731941654 -0.330662808278738 1.20827256938629 -1.45331646409759 -0.195398672115896
1 0.327749918216592 0.655208922328721 -1.44542756527988 -2.18125948648736 0.474160494857323
1 -0.185277287888244 -0.55506260985305 1.60318773458361 0.716832247939378 -0.794737734960627
-1 1.70702891451675 -0.257876488203309 1.86462544705025 -1.00524883775832 -0.641797578179381
-1 2.85473019101277 0.672046296896843 1.72774150495662 2.15099520306491 0.844583231937071
-1 -0.226233688268271 1.09130463751351 1.25207290451045 2.61635058887632 -0.122548946338502
1 -0.119482807464236 -0.156920292983390 -1.32055622661452 0.00451569965552551 1.72882414098349
-1 -0.844597203854767 1.57326842925627 2.12746886670945 1.24671528152611 -0.454350045690404
-1 -0.620883793751866 0.52824852897677 0.603462228464073 0.369749981050012 0.143086212602782
1 -0.832940403541261 1.08808927971278 -0.776951440960657 -0.9553145092071 1.21741139674974
-1 0.495914234072047 0.55949044259252 -0.404531192131628 0.231571765660756 1.32599797135192
-1 1.72540673736248 1.61201885305273 1.03754047621808 -0.384172948690105 1.04706321996223
1 -1.61539183833658 0.262244623310206 -0.789039005738219 1.82484233061059 -2.31368282270302
-1 -1.61336842725968 1.75851924384396 1.31861140493322 0.965264976635284 1.46097765430574
-1 0.729777356051932 1.17496379904002 2.09940674638492 0.0548057320440033 0.172882389083995
1 1.19205354405249 -1.06552493674937 1.76627833508670 -1.36935901787683 -0.0686873053733364
1 0.268826436458254 -1.78723392914774 -0.0584297946868809 0.97721019071898 -1.39057722168277
-1 0.162604402653455 0.138513761584215 3.12769181289169 -0.219053770350965 0.160686085532854
1 -0.525072882819793 -0.166514744753517 -1.18956426770297 -0.0150207015268705 -0.272331266027086
1 -1.01534947510890 -0.238210803346632 0.611064609708591 0.707782676231309 1.60994144449514
1 -0.595389560647434 -1.7114240966584 -0.302306800049704 0.829300029633015 -0.813719488241719
1 0.273224657704077 2.36908384797736 0.104612453554295 -0.108025002062205 0.905198793332232
1 0.951227628973688 -0.16788510262092 0.85902766428841 -0.444685489490494 -0.694473959114468
-1 2.13654950636923 0.67624251201164 1.68556565082734 2.17927425466744 -0.00775248624290703
-1 0.845721455442204 0.279774987832054 0.958121053738042 -0.515335417268691 2.73238612942474
1 1.02215795652475 0.271872522343721 -1.22045491114308 0.325917760048258 0.998620251829765
-1 -0.0462500764553149 2.85160241479299 1.3556521775889 1.49042400353341 2.04281093879473
1 -0.825615358366 0.406645751173517 1.40238330091337 -1.78757856488537 -0.925132798074887
-1 -0.953853941161326 0.593788042148339 -0.102866103779525 0.235940316744506 2.52689507867519
-1 1.39118912826295 1.66474519946356 0.540263172652375 -0.30238001069722 2.53978357266761
-1 2.3363142975751 0.701654363250916 0.752100877538217 -0.389089374381009 0.167607050515737
-1 -1.08742121045974 -0.360038112391913 0.340911931838272 0.996257584819814 0.142968675219409
-1 -0.0407724166240281 1.50093059101345 1.29246038066495 0.940965558603593 1.28955560345891
-1 1.10722567822243 -0.362749743579864 0.494090173070025 3.1662704662207 0.484341745384841
-1 -0.193165926495920 -0.0991553250288942 2.84602189379752 2.04693458784146 0.0233245251016879
-1 0.921877701825916 1.43572893116318 0.588252233902006 2.35665448363980 -0.686057377641034
1 1.77424990483901 -1.29394374202035 0.870526222751609 1.01540853183560 0.241521557826434
1 0.268490139673941 -0.582898929279891 1.22357544501076 1.79452543278572 -1.69194509855456
-1 -0.199467229114810 1.05230074413842 2.06191703794661 2.85080823644665 0.177168193274811
1 -0.944668625320084 -0.671539819246327 0.254912335173709 1.16766924375193 -0.278876985619928
1 1.41701173337951 -0.0631753495382371 0.832103173875579 -1.17405522861919 0.77469850429991
-1 2.62687263820607 0.842543454056834 0.690563777037148 0.0492075964085613 -0.117605250343580
1 -0.574659264301721 -0.0406387828515993 -1.41564143789077 0.122701520739999 -0.396761390844926
-1 0.235764535242306 2.22107096654203 0.993746799617088 1.69059066360641 -0.249642868533534
1 13.3784622363737 11.2485670035512 -15.1468042268745 -0.266984171313707 -1.67490423197029
1 -17.9949180639746 3.21755596540316 1.04411568924898 -6.63480653225849 2.44006129502919
1 14.9543830735991 -4.16224324162804 9.85734395056114 -1.47042270121075 -12.0110939956624
1 3.38190838812778 3.5358142062035 -15.3642931179228 9.79416597805292 -10.6438097101371
1 13.8541778704010 9.5163662602111 -7.46261513940781 -2.67905446904113 4.29534859161154
1 4.45461549887846 6.14640680640893 13.5428629693054 6.93723905804223 1.92884919935772
1 4.64914149239241 18.8700045113969 17.0084569840989 -11.2088766149119 12.2494930537046
1 12.5233117322184 1.45266044900820 2.05910900349043 15.4405282750131 -0.281192542928463
1 -3.25843683986587 7.09035921816083 7.15221221463586 -13.0786618640746 0.817376878715635
1 -0.138168739607193 -6.62267345777611 -1.98592382897295 3.76711217924248 -1.54812840861860
1 4.83051974757347 1.66468059911678 -5.05349659505838 4.67458679704053 2.01225165673765
1 9.6181797460728 3.77988540872763 -14.1501638764746 7.39283777131376 -2.32716986407044
1 8.2518240386495 -8.34719103499004 8.52434438551729 -5.59759530572813 0.322832807983437
1 3.41327322242026 5.64302377309759 -7.62336174946304 -0.0443461887587485 18.8366010045786
1 -8.75150027771375 5.46906330454807 17.3841242812772 14.9420801831345 -12.2801634502466
1 1.81710990680027 8.49858614863541 -15.9572225258973 -14.3010657983137 7.55790865731197
1 -6.00842364497351 7.12653478120791 0.242288429628222 -5.20894843218219 -3.22828011490209
1 -6.60188956583886 -3.37448704346293 -1.29088398972013 22.4213606380404 -3.71676374715527
1 5.55729193343045 10.5710876136179 3.95859582176482 2.87756747648664 -17.0882898462158
1 -7.42441647766814 16.4755458804985 -2.58580724028797 -1.28653689039484 7.96220692705325
1 -6.47181590327902 0.289918264650117 -9.82135495515075 14.9417514133600 5.41324470564519
1 -3.20765111540491 -17.5984759283279 -8.72630642940702 14.6974791518706 -16.7462422170311
1 17.8990766051666 3.54547972847002 -6.24890566020401 26.1220327503157 -3.88579817442187
1 7.27826875103537 -8.62090991511133 15.9096465773138 -10.0569884295787 -4.07553547936582
1 -0.8384848647371 20.5044426353862 10.7946893156752 -5.83518376307806 -0.117745292406504
-1 2.12196849881206 0.642797334718282 7.69833029850148 9.48516094846974 -2.32715214358894
-1 11.6478677220327 -3.56821482056904 1.10578740832569 10.3402928142863 -5.15709877424149
-1 30.7247785130010 9.76718647900532 5.91274434712302 2.82332072310901 7.3420964172054
-1 -3.23883976778513 -6.70115877242012 -17.6969637369287 -7.90671495037844 -3.33581582976416
-1 1.06227201708447 -7.25334246282186 17.1126617152235 -9.78291989239977 9.71900906896786
-1 6.65475201517753 -1.9688150159688 -9.7462772842852 -12.1144227578521 15.0647928313736
-1 13.4285267057085 12.3445199077178 6.01531005741880 4.29855443825497 -7.27120879391445
-1 -18.1409275155508 4.2611072595374 -2.61510831112543 12.6870964657166 -4.84664500361079
-1 1.56218354423345 -4.10221825821834 -13.8940443883352 6.65042647155929 1.09432663181739
-1 3.32688455544754 0.756317376846073 9.65252132959943 1.42679441653769 4.21754469706032
-1 7.94636104238535 6.9091790323332 12.4740277053804 -4.02677077157514 -5.49236832063373
-1 -4.97620861397816 1.92493562812823 7.76020443737085 4.41897443493724 1.15643076244874
-1 5.93168966971634 2.44939418454977 2.51256364491483 10.0541949048119 2.86094280235942
-1 -1.93604430493877 9.29746524953171 7.18400743428255 4.96892469147062 7.19217243911856
-1 19.2101472439354 -11.5164425454075 3.99427389543469 5.00553624163138 3.00196839392988
-1 -9.71559561522623 -1.7057044067388 11.5123245397083 14.8105906248332 22.6410320456682
-1 -10.0802030296353 -12.9182989223679 -8.6942118794111 6.96880331745752 3.85712310773474
-1 -14.4191515444855 9.8979247742068 2.93301343807889 21.8716884688084 3.71451804943833
-1 -16.3757761042421 -9.82582921047506 -6.82545386279874 -6.77105139854503 -10.5527666395421
-1 13.5363617384527 -1.86665320203750 8.08882824176444 -14.8660577448040 -2.72246788093965
-1 8.53020674293529 16.58351425638 2.71965490098367 4.58158239512829 -9.52392838984127
-1 1.33654410984629 -5.37388953022465 -1.41005615246047 -2.31455665601160 -5.39369300630323
-1 1.69076631073749 5.73066785229912 8.51594669453955 -2.81831613571611 7.57332365469428
-1 -18.0047558997295 0.74014080027692 -7.5786187598951 7.76134017296762 4.68440440857303
-1 -6.84665068056332 -11.8371143970185 0.750472368228673 17.0696720381470 5.59665138077285
