1 0.582561532925925 -0.73403239835031
-1 1.25729798026064 1.38947934356071
1 -1.19668956623920 2.06573521512064
1 0.290046058111942 -0.923222677733157
1 0.412791586192726 -0.182214029047114
1 0.275416877659953 2.04922918460762
-1 1.18640247191355 1.57981293207478
1 0.433133561698641 0.678346671840941
-1 1.94541790296552 -0.407607701852284
1 1.09463986021774 -0.715276869006535
1 -0.0640334323082924 -1.03558653308753
1 -0.863140431594655 -2.16167714814622
1 -0.531875123358198 -0.851160622880497
1 -1.71373397889235 -0.977414636592026
1 0.225929706921705 0.153196785737002
-1 1.73457988560501 0.902854962720886
-1 1.20317343676746 1.72937506345526
1 1.28683716438214 -0.36477236439144
-1 1.06799687476486 1.93321365116961
-1 1.40143355808939 3.671673569446
-1 0.95931314313132 3.1703600046404
-1 -0.200014689022183 1.19912064626779
1 0.455261522940434 1.38623548343587
-1 2.69748472356241 3.17820314107437
-1 -0.85201227645633 0.406921609441746
1 -1.40579135844785 -1.82429967118120
-1 -0.0271528830791978 1.16973425604844
1 0.147490971403367 -0.504763354621155
1 1.81609207041528 0.203885415803878
-1 2.04395442383941 0.830914924551567
1 0.770762202983683 -0.872950308022495
-1 0.341006266032128 1.63368962634407
1 0.184795365648401 -0.862499356015129
-1 0.607606555975528 0.473658009381956
1 -0.164369422171035 0.911070653502079
1 -1.36045519152314 -1.48920947016866
1 1.02720169307215 -0.459957296094076
1 1.50686305303986 0.232058980922355
1 1.08589444357517 0.123543144540179
1 1.04465097157721 0.415686732025094
1 1.51661426362578 -0.0284157446336163
-1 1.94540292313850 0.591396611421048
1 -0.902085234765107 0.0250783344371231
1 0.57669547920329 1.37826365027567
1 -0.62329139560548 0.741678257330838
1 0.677887222420151 0.0434692644785992
1 -1.46625189057099 0.97413864032242
-1 1.49597294702190 1.91715941596648
1 1.01099568507981 -0.421644895823298
-1 1.30393753403024 2.56482551700311
-1 -0.772129211205552 0.454969218293307
-1 1.19928993122609 1.84458408397750
-1 0.844900473307407 0.54580743412522
-1 2.84263574390582 1.78817279677048
-1 1.50181764369818 3.30966144146080
1 0.563271596209938 0.720906452730385
-1 0.344240030320057 1.72365853646897
1 0.8572053801632 0.379888086717419
1 2.07499693709002 0.0398485682708962
1 0.414199635179166 0.318722080393887
-1 1.00624620229320 0.498827974398223
-1 -0.300437344809341 1.29685194906598
1 0.745206083669825 -1.95849315560208
-1 0.621792228596747 2.50792130784836
-1 1.12779050817814 -0.550481802712609
-1 1.17837056182713 0.693788504638046
1 0.0585268344583154 0.81523798496064
-1 -0.397863238671349 3.05082139117293
-1 1.79561769569251 1.71728619474960
1 -0.450200044105195 0.773843215229414
1 0.00128128282040027 -0.210926128647626
-1 2.01387763661563 -0.327300489820399
1 -0.995138492962695 1.25528411133526
-1 1.5540210289691 1.78090271674550
1 0.53909302625203 -1.15522604925159
-1 1.43402165357297 1.81226842780356
-1 0.65167533436401 1.30707756333965
1 0.67681338828676 -0.410762123457148
1 0.593727900396251 1.22276594499017
-1 2.24754899233109 1.49995134178833
1 1.02907226607612 -0.566989826684154
-1 0.36236675167449 1.30528553625717
1 0.201602216486107 -0.173678668622881
-1 0.587181889221009 0.444633772198278
1 -0.900040392657173 -1.38514492409513
-1 1.2523876129832 0.650342857402114
-1 0.673158947295705 2.04560772874244
1 0.155029388013720 0.162114150316374
-1 0.946931806458774 0.428782184484898
1 0.907837110751272 0.63799772748494
1 -2.24114773822494 -0.92904228928928
-1 0.665099303722061 1.26468232271236
-1 3.05615624357289 -0.218220300654996
1 0.257650000217147 0.080760809252678
-1 1.02727540025082 0.402898256421223
1 -0.441902189406723 -0.217775238226821
1 0.881505804651952 0.512978318358515
1 -2.24856862834116 0.474132152826643
-1 1.82112972274809 0.909442365622969
-1 1.44717956839913 1.5049021770514
1 0.199156176122779 1.36174938009883
1 0.872157063080599 -0.224892627911007
1 -1.84452377449039 0.181495366093411
1 -1.52355534763494 -1.44421960564634
1 -0.80669773331899 0.514449736780829
-1 -0.771882033932846 0.678504382890533
1 0.538922258941282 -2.55700826477733
1 0.704666706909653 0.514130310218292
-1 3.17733021021899 2.86897013660377
-1 1.34476581977837 1.03722289712972
1 0.817357749522894 -0.0476172329480128
-1 2.6832853850476 1.93316711383869
1 -0.524872519594614 -0.476611547240929
-1 0.469708353894394 2.99939449106119
1 0.396651142047175 -0.117226586805635
1 -0.455540723479317 -1.39488513911690
-1 2.47312029666781 1.08898709385022
1 -0.552456351663312 -0.408487351165711
-1 2.38841748908879 0.396555485642097
-1 1.74246470453608 -0.476346519215589
1 -0.212840574781322 0.0647750228986056
-1 2.50120087268795 1.01164392677551
-1 -0.0230287148627271 0.110868641881702
1 -0.658804138632035 0.522963534916023
-1 1.13485325218007 1.23255853921411
-1 1.88376603274885 2.04018560273875
1 1.33808502907244 0.868952295967482
1 -0.185831860885372 -1.09339163699716
1 1.39182862901249 -0.39358803123365
1 0.611401069705347 -0.559422293867534
-1 2.21683333664796 1.23085674036195
1 0.916397507265108 -1.26263707220143
-1 -0.65661760741364 -0.00543354139963559
-1 0.997186682015283 -0.134888225341349
-1 0.306817878367192 1.64932319182157
-1 1.57035334420732 3.44627520614809
-1 0.0784127296558137 1.52358306035833
1 0.339563642773757 -2.23545913480102
-1 2.30992508472301 1.77910116810065
-1 2.67846136074023 2.8211933319945
-1 1.45533434623931 1.04305528713432
-1 0.666166257413892 -0.507475653132436
-1 0.4873836615707 0.0982524947895542
1 -0.211659682321054 0.464384452497761
-1 1.70082567199994 1.47723878832765
1 -0.928807209190475 -0.96007030139748
1 -0.79791260812282 2.26244819188882
1 -1.33620201817673 0.34178953551669
1 2.09925601450947 0.290445393242036
-1 1.88202293966356 3.84328255919408
-1 1.50566839772166 2.31850141218247
-1 2.13580637541155 3.39137643262436
-1 0.454634901995404 0.480830190524705
1 0.00171028741550233 0.399115203718342
1 0.632834796355911 0.831993422459595
1 -2.67365093517455 0.528068738519472
-1 1.50129195254190 1.76467165703121
-1 2.28646012005417 2.91198027869228
-1 1.55816171596935 4.56104853046534
-1 1.98352931573901 0.563384422857138
-1 2.38134897534758 3.64274678317453
1 -0.216961790695027 -0.0879205073259053
1 1.19777899016477 -0.426249658181284
-1 0.421177168416581 1.74730015461992
1 -0.0816096902831195 0.593800385012353
1 0.982713463631226 -0.859491496927937
1 -1.5132635185551 -0.61810139352104
-1 1.03393526438760 1.05452539161285
1 1.36623772996783 0.826544976884976
1 -0.801399421053365 0.0501932209868161
1 1.82437249358474 2.18217931068422
-1 -0.465412023487491 2.35215721642638
1 0.436101576163206 0.608303275663465
1 2.14261534158213 -1.35423403539304
1 0.0209764932618570 1.35207766791093
1 0.212567660996259 -0.833540952172591
-1 2.83901330892866 1.72202152294658
-1 2.38712215128972 1.77593312837467
1 1.19745412610814 -1.08300613417773
1 0.74753487000459 -1.27698622452441
1 0.653231104965255 -1.32259509142068
-1 2.50968798913053 2.05451973364545
-1 2.34155752970616 1.93137776852031
1 -1.45901596940348 -0.0197096164852128
-1 2.13809194381620 1.15719778556092
1 -0.658373102247264 -0.0745333946044366
-1 1.57371564559345 0.659496488900798
1 -2.19344988932241 -1.08760554347028
-1 2.82891576869973 0.748335259776788
-1 1.73771822274599 1.56028246675922
1 0.620698391598222 -0.63286587652357
1 0.300676636905597 -1.30785456605516
1 0.0971342005768007 -0.697132384376052
-1 2.14164523841487 1.10315379433132
-1 2.53046256969404 0.982720534231933
1 0.200415752938805 -1.53622634643005
1 0.577472017562046 -0.257257208846773
-1 1.28282613256518 1.54106664175532
1 0.204875192686632 -1.62426442100831
-1 2.47159428793409 1.28582661759515
1 0.0993300315920063 1.4944769659831
1 -0.0782760465652415 0.286705779485764
-1 2.35505182922141 1.47742277252725
1 0.586546257304617 -0.877613175403957
-1 1.90502015120610 -0.0483737941884801
-1 0.521152576280945 1.43170078179257
-1 1.85019181440307 1.27635107460729
-1 -0.453256789455947 2.62228691598949
-1 3.03617995616374 2.21937601159847
-1 1.92961110951534 0.295939824339037
1 0.434875034738812 -0.621234770321376
1 1.51515936201852 1.06119874693959
-1 0.412343633431232 2.7172539037471
1 0.566811579566579 -0.682966295050878
-1 2.17207046580610 2.43701219723041
1 0.506013553569663 0.307141495349765
-1 1.52665343739965 1.37605128480491
1 0.737000822472646 0.118174850853477
-1 0.55958342473076 0.197042703338792
-1 1.72989472614542 2.26880123559162
1 0.73560857160927 -0.367671751240705
-1 1.97802177727152 1.31722305113682
-1 3.16569888110368 1.13144092076879
-1 2.47227419347761 0.45851159172673
-1 0.287185686049455 2.72920935638520
1 0.300805701417074 0.781220898710213
-1 1.77818736835913 2.10825566499526
-1 1.90922295058018 0.719316026173758
-1 1.20239237559873 1.62556225255960
1 -1.64708014542443 -1.66709311071403
-1 0.473141356820886 1.09517333280338
1 -0.86663820180131 0.745569735308261
1 -0.227987945832255 0.580560362347727
1 -1.24240052343589 -1.57531961210791
1 -0.535231066907989 -1.22412757868412
1 -0.585364220739419 -0.994137121479877
-1 0.602184704235787 1.70785839844955
1 -2.30234263643453 -0.235225062241559
1 0.615162149731558 0.146928219142219
1 -0.604561535842855 0.587182488665921
1 -1.23043139715299 0.910618951321795
1 -0.0174512538258716 0.489949382405111
-1 0.711345197404458 2.03244510302434
1 0.658750611695161 -0.158135815601078
-1 1.3802242047454 1.30710372395893
1 1.15070615428322 2.62143716357515
-1 0.662485242443819 2.56463150507376
1 -0.355206576618350 -0.342900887550522
-1 -0.0192147794507003 1.23191599230961
1 -2.53671062598954 -0.0338921420631122
1 -0.523817500012729 0.50769950449514
1 -0.561374183332488 0.0725938311337535
1 0.975916184255402 -0.531025994052785
1 -0.370079132982721 0.982084040276436
-1 2.00310007560752 0.361589805823382
1 0.770999339427926 -0.164061742860963
-1 1.97471297479623 2.14361816433599
-1 0.0549745427436659 2.83700436959403
-1 0.147982018023060 1.12657872393266
-1 0.789099025334023 0.691426105849183
1 1.13936735666635 1.83389359117809
1 0.129348607515635 1.10914238325689
1 -0.0228448270196333 -1.09388431234158
-1 2.06293063845042 1.83565918267317
1 -0.340534195675401 -0.379820995044557
-1 0.674248877302438 3.01382713980345
1 0.997651849224436 0.0848592663380886
-1 -0.287967009234136 1.44292127352294
-1 1.98630408910354 1.12083829674293
-1 1.11136994328324 1.58930679963928
-1 1.89288859736681 0.381926351422518
-1 1.70354851747823 1.98604311898735
1 -0.113596279751347 0.514334317150308
1 3.10651969391324 1.04642038861306
1 0.166979125363417 2.08026057641874
1 -0.289438073933831 0.768905308692986
1 -1.10017451861287 0.400410828701987
1 1.17592973423191 -0.326802952297917
1 0.552101245382828 0.618585643186422
1 1.10507655507661 -0.693511180339766
-1 3.18981762391770 2.94278115537345
-1 1.25721441087965 1.75640535503293
-1 1.79597973179769 2.22856387372607
-1 1.86219527255531 2.11835470616060
-1 0.597567606784091 1.95686698803850
-1 1.58543027674920 1.87994211791640
-1 2.46399081003465 1.57156766174249
1 -0.787348420008806 -0.90061864486364
1 1.46089044411843 0.164328758445126
1 -0.221272751727653 0.438581581976618
1 2.54896168911143 -0.989352191376915
-1 1.02641668697457 1.63000285249491
-1 2.46635002156505 1.51989738565966
1 0.230821269553897 0.335970759380191
-1 2.17124881055003 1.6798052819418
-1 2.45932686103729 1.1713994164432
1 0.448793337665641 1.34283925858279
-1 3.27223573192967 0.821677119972496
-1 1.49173237782883 2.2592339293001
1 -0.430388999358486 -0.349198262569573
1 2.00305689090102 -0.188493294706643
-1 2.48543708543817 0.816221508141705
-1 2.55087794019608 0.229472174758326
1 -0.622787898554154 -1.56886155360667
-1 -0.156960271630692 3.04935225674538
1 -0.748397329742993 0.593777530269068
-1 2.31445250987136 0.280583686031547
-1 0.682494002014297 1.28333254910617
-1 1.25336991160684 0.609691639390835
1 0.082410120248518 0.535240033089058
1 0.286388564665563 1.57130995373832
1 1.65231465091943 0.0191827150133785
-1 0.490764719994468 2.25570765785793
1 -1.74728594154965 0.436457045470002
-1 1.82585441910607 -0.683363613093442
-1 0.840585841054277 2.07984551359823
-1 0.610452029114222 1.55485843592820
1 1.80140481652957 -0.0726583124523203
1 -0.701244635382908 1.47904349438613
-1 0.797583732363781 2.05012675665565
1 -0.280348776822035 -1.30107410849794
-1 1.92315387984495 1.38332602247002
1 0.254537306451343 -0.155394984274706
-1 1.77787643980382 1.64426981232276
-1 2.90943397891011 1.13548619354722
-1 0.835545428890827 1.52213846763080
-1 3.03056500049638 2.63761866626679
-1 2.38453785996208 1.62361150992973
1 2.2160628074702 0.504746519853047
-1 0.519214767017261 2.86322148174626
-1 0.913820049630014 1.29481941872535
1 -0.608240803716863 -0.314876551087797
-1 2.83917098742641 0.883182649525906
1 -0.0754881907700617 0.940242026388039
-1 1.64801902103611 0.944743791932517
1 -0.704768529024842 -0.530433842280024
-1 1.36387319815443 1.7020687307775
-1 1.68913658242232 0.578125807126806
1 0.0348057684231535 0.176461487796049
-1 0.324685360680011 2.31520093381624
1 1.76561218906062 0.56087657354233
-1 -0.293478626865647 1.22607848430639
-1 2.32516699555549 1.21228593798828
1 1.97436289582273 -1.02103914040853
1 0.231355488803863 0.981045371612596
-1 2.30637766134538 2.5337708939016
-1 1.23264047068425 1.30764457647689
1 0.213997325680587 0.125562879469420
-1 0.254248412634836 1.89612122847142
1 -0.0248606024913177 -0.188763413234578
1 -0.0487647234326506 0.175583356566016
1 0.752003114784269 -0.258710402930475
-1 0.945748880317768 1.04009181391474
-1 2.19480360638224 1.98285560976965
1 0.225796417313496 1.64370790927521
1 -0.0270101113823726 0.571278952106894
-1 1.57534876351331 1.68292030393823
-1 2.49711692948987 0.899732653608939
1 -1.42908538309008 -0.261434921872688
1 0.188730292331562 1.65256287648733
1 1.03807347046077 0.346351341354592
-1 1.64296140223429 1.69129433387079
1 0.051687434186592 1.82585824548983
-1 -0.192097519211412 1.36398792150606
1 0.0216850460549467 0.520158131266923
-1 0.530225012976566 1.56554412105295
1 -0.956476867933754 1.04507657337436
-1 1.33959521720510 0.444986345787884
1 -0.46977651542614 -0.229227073242168
-1 1.39597905119998 0.652414673081015
1 -0.7804879701789 1.96642483350643
1 2.08844788460162 -0.421780600529716
1 -0.478630904248541 0.149527507912910
-1 1.13836138270531 3.59744742148756
1 0.217965747477166 0.440756782262717
1 -0.0411073051725007 -0.93953323877425
-1 1.99044781511131 2.61369625858888
1 1.15922776931603 -0.830641750930404
-1 2.66102005928683 0.311102915108054
1 0.63068243849766 1.72161869528671
-1 1.52693926613107 1.00369207166595
1 -1.10673322848866 1.11419858492507
-1 0.653503781512005 1.37447269322700
1 2.00144439040839 0.0966635444546103
-1 0.0650135447048446 1.40553442111356
1 -1.84554578262488 0.0703159208843063
1 2.73083979382591 -0.615245070326553
-1 1.42709805081127 2.79542828982534
1 1.16273638369188 0.303554121561074
1 -0.787780962670738 0.103025093990868
-1 0.149365681432762 2.04944588710699
1 -0.714110775186921 0.827372795005489
-1 1.23480069819624 0.413274042798259
-1 0.976871148595585 0.967719796760287
-1 2.15720805164189 2.60286123121795
1 -1.07725660841752 0.904904373918417
-1 0.737951020331134 2.60543852089329
-1 0.7916073728952 0.716748775223394
-1 0.249602715519334 -0.388037462883289
-1 0.55523471116488 2.01881150398688
-1 1.05431189796119 1.56516944305861
-1 2.09159646458994 1.23176774619017
1 -0.910627404239624 0.130494605435377
1 -1.20122533181741 -0.852874828515454
-1 2.12389964240062 3.02140640334963
-1 1.9808770246788 2.73163319803041
1 0.386246833567866 1.40467086788120
-1 0.736382579471305 1.34769907466489
1 0.368100550895095 -0.642415166170238
-1 1.26800062978198 1.88355276493751
1 0.708951731396773 -1.33229812345281
1 -0.73113553519899 0.795931962211804
-1 1.48741843367029 0.125394948119342
1 0.772342071796615 -0.95991425428220
-1 2.88462195552894 2.87029607988903
1 1.35746678468941 1.40029174621748
1 -0.680395645778041 -2.10952581446837
-1 1.92132358918951 0.0713251707223506
1 0.245081406837688 -0.154154266541647
-1 -0.00489889550137268 2.1143205580802
-1 1.56796494729502 1.10635047722541
-1 1.40742103256172 1.64207631615580
-1 -0.239459726566314 1.00622588456955
-1 0.681391054085683 -0.199922336466268
-1 1.92746161911917 1.06444949043400
1 0.92416680408659 0.140584582259413
1 -0.443034963716513 -0.0342976632391223
1 -0.697533277585171 -0.356394500362400
1 0.236850912758361 2.75631231292742
-1 1.59146612356038 0.584533236519421
-1 1.46050799459407 0.750977932668883
-1 2.51957062020236 1.43083212314714
-1 0.503375814475338 1.55956070998475
-1 2.11300087456584 2.64601988973584
-1 1.85075211648093 1.51970156403272
1 1.09388224345961 1.48802762515707
1 1.23869966408076 0.875505491732775
-1 0.348125500196612 1.91754089346810
1 0.75658328918776 -1.73866269843307
1 0.545926785178902 -0.827721601139033
1 1.62674781377022 0.156943993202203
1 -0.233288477008771 -1.48143616445966
1 0.751149354707578 0.822723214134248
-1 0.330581086767496 2.02344757849878
-1 1.20793863079247 0.454545272269088
1 0.102331477155106 -0.461552852912489
-1 1.03109246950485 2.85088642040935
-1 0.845635758547808 1.24222397730087
1 1.25824258309295 -0.0172013143664488
1 -0.571655027464498 1.01956290187595
1 -0.575428975941076 0.498525436086312
1 -0.445117149745494 1.05216255441530
1 1.97313529384348 0.195782508272323
-1 2.60046448839573 3.03367872671213
-1 2.16721537684908 2.23711269078179
1 0.155309375799446 0.529904635965162
1 -0.0401110102950295 -0.233381653085184
-1 3.01921667858215 2.15978756248281
-1 0.833448996570018 2.02090275807439
1 -0.537701295785292 0.687804450339317
1 -1.28902690824664 0.550496342942701
-1 2.97485519526114 1.25411923011534
-1 1.83436828159921 2.16484696215495
1 1.15102571917171 -0.693348387084204
1 1.30687401252109 -0.334789255780002
1 -0.257431550174374 0.200636239900611
-1 -0.756192970771686 1.99765091244174
-1 1.48639757297539 1.36825268226716
-1 -0.848336479387592 1.12993696282113
-1 0.627280381425697 1.25523258167112
-1 1.53391060697956 -0.286229944020935
1 -0.658078509838046 2.07801248357467
-1 1.40187752320753 1.59347562531292
1 0.0743623030780335 0.705802687743966
-1 0.727353956020502 0.709025481991847
-1 1.55643620290232 0.164972698289503
-1 0.230224487396138 0.320863379555129
-1 1.50003433449313 1.62408819239769
-1 1.11009075135496 0.669273643131374
1 0.969664636225436 -0.51572280550081
-1 1.27668790705392 2.41890075831027
-1 -0.586063016204377 1.08877843198207
-1 0.84512516860115 0.807814390083807
-1 1.94722719920909 1.93265808670250
1 0.335329474718101 -0.244547075346527
-1 -0.667594057446117 2.46642106910306
1 -1.37633690764134 0.278809534309034
1 1.77974711638373 0.704142213765737
-1 0.574608855107125 0.607761685712703
1 -0.272344316092901 0.735222351358776
1 -1.11750597056776 0.324365066954948
-1 0.601437080831516 2.19541344373198
-1 -0.841418204230976 3.35052444269925
1 -1.29070267263801 -1.07423755215372
1 -0.0448303435476301 1.45468957908991
-1 2.61231475002665 1.13182561822440
1 1.53874419782269 1.07717497139362
-1 -0.0325739727003542 1.73456085272544
1 -2.11415707998198 1.21906184242868
1 1.02318745840128 0.627645931371184
