500
5
-1 0.690287097654524 -0.596469970930026 0.316642339488662 1.89110570727660 -0.825341809986942
1 -1.87120396587775 0.314533499006308 0.300671395728073 -0.474096472938541 -0.34267071979242
1 -0.353347935683062 1.35654062283173 -0.966213738438213 0.222317516230047 -2.38899111352319
1 0.524650969710191 -1.52752925174900 -0.87661146747796 0.718905119136331 -0.0809756550481599
1 -0.596968297304209 0.378209579545744 -0.0286754175292317 -0.6576845848343 0.514153658446474
1 1.52914823599479 -0.880716927198116 -2.08461334237964 1.51639916489061 -0.74689618756275
1 -0.949266421326514 0.0610748118268077 -0.207212952121845 -0.0765623945916396 0.731756479428591
-1 1.22352687796574 -0.910978114114367 0.337774650592041 1.48648420633205 -0.409277918749361
1 -0.160185117834659 -1.59157556516727 1.42862855991759 0.0297885683943341 -0.977251533065458
1 -0.695977935674098 -1.06401708328722 -0.139108181687607 0.668295272500146 -0.746307565027421
1 -1.9219128654283 -1.75006366370461 -1.86163984887423 -0.756431339840922 0.336563233181205
-1 1.28935037601540 1.77596495670446 -1.09806881711503 -0.211902290553628 2.23151366154678
1 0.0402644845920755 2.38053658626281 1.38708734788736 -2.77304862644696 1.11351663903023
1 0.731732948408757 -0.254940075856274 1.11599106069963 -1.19968298895053 0.508514700222222
-1 2.33790231528364 0.345962072061477 0.117930706956593 -0.592536009611321 1.29933153412859
1 -0.469559908933265 -1.25918230853133 -0.239509385127165 -1.05295910103785 -0.434894156119999
-1 1.46117684113119 1.05217163008242 1.76759029985801 -0.434960123154172 -0.413635160874317
1 -0.508221464434992 -0.374729238365687 -1.58274863877149 -0.633295926860833 0.118484383925811
1 0.0854334695133278 1.12697005958985 -0.0309720352475454 0.993384921433392 -1.20057492737436
-1 1.19011545831058 1.46002851030817 2.5465743171343 0.220423478133567 1.37177386022394
1 -1.81602298422993 -1.08271639864611 0.795572378538521 -1.33161677539814 -1.70481233386825
-1 0.988171866802309 -0.302671626385591 0.0829561777631106 1.01551988147289 1.50758272992109
-1 1.57720827029096 0.60388461612733 1.88985955082200 -0.945638038861384 0.341225408490340
1 -1.66721369966348 0.829865784390312 -0.610948645787789 1.01995812188679 0.462948337469704
-1 -1.15644219789608 1.61733566279931 -0.141312532139578 1.6427671904869 1.45360819088776
1 -0.0369546810010972 -1.13897078252908 -0.980092450613772 1.79103078510037 0.398769862220156
-1 0.981399726983872 1.77125766737342 1.36413502847507 0.808478320737175 2.03475943732207
-1 1.5772371853336 1.84322793760655 2.55474328051321 -0.494063297784444 -1.23843689773197
1 -0.199043440729114 -0.714810811195682 0.991758701884304 1.94865637195844 1.59716911849937
-1 0.967402321015416 0.11764601813583 1.13055523391532 -0.647913003271185 1.85188459414811
1 -1.33392801339894 0.516851428228887 0.703785846423929 0.758866453941953 -0.329641772714325
1 -0.146042749614455 0.906353675024112 -0.0757895104601582 -1.33768084693686 0.955410176105757
-1 -0.922291589659593 1.57614338458667 2.76369664209360 0.40562620817135 2.22811811992204
1 0.164065302297812 -0.174493303084593 -0.590568134555077 -1.0892844605242 0.0280473801301879
-1 2.02608664951798 2.39798704099999 0.495756863193412 1.51070993833283 0.645721311714051
1 -1.14165243722372 -0.832929548040456 -0.92496175132421 0.0404637534367963 0.669049480568162
-1 0.250078699386852 0.228311987091912 -0.124318400538790 1.91555554505952 2.66520606370079
1 -1.08256102148764 -2.29767136826140 -0.531047274407316 1.06346295534943 0.893115018848613
-1 1.83762267426419 -0.997549172083422 -0.301188155415898 0.952321711019043 -1.35351149611202
1 -2.43853326703802 0.940250788425719 0.164335673794889 -1.11364760809387 2.00697830551519
1 0.438951261531778 1.4179928033625 -1.45092099969641 -0.38984678044291 0.716840381225224
-1 -0.015942221360135 -0.459399674549185 -0.0717012627994269 2.26934417919401 0.963143835021189
-1 0.173476628484758 1.77331849728315 0.726646087824057 0.572148851499116 0.704192636207087
1 -0.663823753875882 1.11213761123838 1.52286709410154 0.0604689627558484 -0.139015801418227
1 0.55838214778077 0.919211146639716 -0.703475470697372 0.234077285780436 1.12099240636284
-1 2.20713611782348 -0.853666625475097 0.0327121325327032 1.38202985939600 0.323583909056548
1 0.65591123587265 0.123327955767022 -0.713657151724966 0.382125795196633 0.434573102973159
-1 1.80397447321931 1.52446590894975 1.23080275053434 1.27865616252282 -0.160397552084597
1 1.06651137097668 0.55037962196367 1.98005835036532 0.368755059086846 -0.765595169178891
1 0.779145214020739 0.711879286407705 -1.34285865621272 -0.738059149680974 -0.4103871366607
1 -0.571380382259571 -2.81043680524754 0.6005660420401 -1.02121054594080 -0.877013615646252
1 0.693468546501791 -0.932447883034579 -0.000392818808083277 -0.159598605001510 -1.12894832875583
-1 0.845040829922185 1.57402864576644 1.08735342186006 -0.178671346546287 3.34034345678713
1 0.9441741944872 0.181912984765735 0.85951533384146 1.53540721982774 0.31151239764735
1 0.382857129319643 -1.83991397198695 0.421145235406720 1.00872884617562 -0.823560219203914
1 0.357760889796578 1.40610126647814 0.345395268970756 0.0818522117153085 0.00104664950388708
-1 1.60752603827868 1.37552286714732 0.882686887665716 1.15283567408067 -0.499059577621928
1 0.937136148059819 0.0643484184027344 0.126702330271401 1.34043907112113 0.172915325160844
-1 0.31691080616843 2.07196852527920 0.942092975087753 1.36487451038246 1.58510699319158
-1 0.558337732196987 0.634719497223083 -0.301536331980757 -0.822689724884537 2.11638956870983
-1 1.34223497258190 0.62708032014635 2.30950961713458 1.52800182031939 1.73405245544833
1 -0.00106296922064915 -0.0721933172229674 0.870427188365203 0.969386152272754 0.686113779824606
1 -1.10604084964106 0.106146362541544 0.512221567034392 -0.728086116532166 -0.0339697190881205
-1 2.78210907601347 0.910087230950243 0.650579975186125 1.12007549079116 2.75830285960343
-1 1.11296373035367 1.35593993167376 0.192711900615771 2.11300126181980 -1.46158349243103
1 -0.0731643567336437 0.119659102553205 -1.11353582806985 0.157541279321035 0.0331505248120056
-1 0.494365188745758 -1.15981816370325 0.823644461758647 -0.483145192888392 1.69568753265657
-1 0.899964762632267 1.66948589525038 1.83849693692038 0.318435794448083 -1.55649600099663
-1 0.856287276084427 1.93064124378926 1.52216132249942 0.493733643368892 1.20696768683068
-1 0.673855478628631 0.321735764529106 -0.330700736144852 2.11933234633601 -2.32399675465455
-1 2.94533007854249 1.59384412919788 0.844333482948994 1.05525323840394 1.30234779686150
-1 0.302507780456639 1.98061283166129 1.38514547490426 -1.00207263621862 0.828531876885136
-1 1.68027975350665 -0.65871243650342 1.88714969415009 1.9341299088102 1.27151690212259
-1 1.37616140414185 1.36754254991964 0.486878994621028 1.46663200847897 1.71856653717411
-1 1.35876709222040 1.54431535092689 0.95104286879571 -1.11026335013090 0.910520134897622
-1 1.02740294104109 0.692780163995637 0.928672272406178 2.58950300513096 0.506663155605378
1 0.568489694307693 0.435137372080058 -0.950315533483858 0.757002702458115 -1.30794595077573
1 -0.582091808312121 -0.559901637325698 0.55341135287306 -0.761690613696969 0.721418799946154
1 -0.587971343384431 -0.860754468786505 0.238473323041075 -0.72175610257955 -0.158267274225760
-1 1.37290534823793 1.81112282600905 1.65377222065829 1.92933923920628 0.555846035427277
-1 0.573264543312945 0.593731174488041 1.22776344067569 0.898314755338215 1.10601451781222
1 0.403035477001783 -1.13461190481444 0.8066148496788 -0.904753385008711 -1.01414009679873
1 -1.63103573574542 0.496751973069962 -0.655087360684323 -2.96571205728339 0.700373662313239
1 -0.405942226412613 -1.20742182327114 -0.600525216066135 1.62901623213212 -0.351062327743353
1 -1.58330276605117 -1.61033977613951 0.236595457055682 -0.0766149497584854 -0.0768764893566001
-1 0.328980331000867 1.54298475815527 0.738329463279911 0.822463489971807 2.47106571641074
1 -0.278729699060195 0.037484905537621 0.191864352194027 1.22079900013447 -0.203452228053124
-1 -1.32377132917527 0.848815615456772 1.42908762789091 0.0926176853943171 1.63388960354392
1 -0.222729346996245 -0.490854386264967 0.112237136540761 -0.599987828642527 2.48777750093156
1 -0.149749933463551 0.48856442487545 0.618370467853995 -0.756012761511869 -0.315455980823687
1 -0.71321475322707 1.70626770614369 -0.892636800461762 -0.248338319663275 -1.11090512931584
1 1.59514029571178 -0.313231723021144 0.581022170257128 0.57084198702139 -0.0986699705544326
-1 0.778418200703585 -0.0518631356914817 0.0262235719923229 0.910176440148649 0.753253390478462
-1 2.33479682671072 0.870624176679322 -0.280694493635839 0.694847056654134 1.70223896324334
1 0.69965058147691 -0.122473971375364 0.907880094032615 0.407756059731408 1.13291040304833
1 0.184227048208363 -0.540634006709102 0.176152974137646 -1.36254970179128 0.781720120435157
-1 0.877581171547971 1.23440870193957 1.11847710531583 0.544090501969199 0.131844671474961
-1 1.08418949898463 1.13327455588874 0.735770680652828 1.86055505903346 -0.071954971842807
-1 -0.966811393497257 1.16846135717585 0.354450293269206 1.68143691834483 0.947003472114741
-1 1.17812138838560 1.04218197974674 -0.825650253952068 -0.00291026076213408 2.69651608239219
1 -1.25565429948438 0.490205327175905 0.88706050012634 -0.07527228014689 -2.03608663528522
1 -0.396315231095 -0.857439676209587 -1.11698138127521 -1.32234371382335 -0.939910004672522
1 1.51119802888133 0.187326963557640 0.726814636636776 0.97755900594919 0.790559641428164
-1 1.68283702573039 0.387793561514447 3.38499233993588 1.90302809455806 1.08023973157145
1 1.27837994040625 0.471442423277662 -0.754788119140403 0.0609649104382492 -0.204819822808161
1 0.239797863046830 -0.208812384898238 0.64017516329925 -0.771588345292205 -1.06542929197668
-1 0.896438274380597 -0.803413071171178 1.38940273230197 0.487287867677109 1.55689890024218
1 -2.83466139611013 0.579510818349669 0.499455725141605 0.748022612257271 -0.221445117638786
1 0.129213767141866 -1.50126294187762 0.94392664772354 0.667585385536387 0.104519558529505
1 -1.69589230227713 0.311070140468976 -1.66408254084265 -1.70465863727700 -0.102279052996237
-1 1.45069056647771 0.520257687852179 2.35486891132059 -0.304571387607560 0.615249402515463
-1 0.612187884573569 -0.299798298068397 -0.562913423287645 1.14686834800595 0.130146148641901
-1 -0.318130119298912 0.98526318085012 1.13816941330068 1.50236620055236 -0.918356143807152
1 -0.759523164864461 0.929273249931423 -0.878922323863477 0.103545792944184 -0.557699615021739
-1 0.484623244108314 0.199063898495392 3.01398535604948 0.372828339041257 1.95755790383914
1 -0.416443073024089 1.534220236009 -0.86384518357202 1.02392763515471 -0.409991509952677
1 -0.520017575935456 -0.773393061987464 -1.67047196084180 0.369343117498741 0.473401609727821
1 0.964042836189778 -0.510423910355253 -0.124238583299874 -1.08062646151266 -0.00605651749109662
-1 0.567983027678866 -1.20520691272099 -0.349815280962992 1.75863995928242 1.30416297414731
-1 0.236962737094773 0.763219330987954 -0.107049156713933 2.33652370751813 0.0180451990611096
-1 0.55019552687085 1.04470947956343 0.903886784460987 1.00404357046964 0.953239772124827
1 -1.21562175055915 -0.959654341871012 -0.79568459303062 0.305929445820638 -0.0630666626689361
1 -0.0619453126003268 1.06650461720754 -0.305302645392734 1.02603452306640 -0.489998460471975
-1 0.624070122401268 1.24567375782270 1.09684262944179 0.591101232040117 0.313412246091318
-1 1.49393627607143 0.364341593462168 2.57285261269121 2.26457167337970 1.35390262227313
1 -0.400382838258294 0.0511615610124038 0.529873708215599 1.82021479067214 2.30253274048660
1 -1.80945855751965 0.801873117238023 -0.351619425336387 0.121245977894478 -0.080248977632451
1 -0.143984112873219 -0.909439612494237 -0.906896798028983 -1.29040427977217 -1.14383125481081
1 -1.15479952885586 0.0734640125755242 -0.62260413316347 -0.700484346060547 -0.60142348882898
-1 0.134410530017134 1.99929778114825 1.27239590455325 0.330549037501739 1.46083568766061
1 0.377550315083037 -0.473816654723988 -0.0451017628314069 -0.166195538488272 -2.50578716347986
1 0.733701421921956 -1.27458472843663 0.168979038934810 -0.93118961235208 -0.65937709162778
-1 1.44072937107017 2.15797680887126 1.04508121365274 0.715816337277678 0.76826519174151
-1 1.65947980347729 0.314516032350048 -0.290113531828221 0.451848469608443 0.888571706131773
-1 0.79563158231059 1.88414777723999 1.58982353343321 1.80463463382815 -0.213711227872118
-1 0.542994430779858 0.365573493732456 1.17095163649113 0.391361882952760 0.379890607232128
-1 -0.150712070595139 1.82153559276152 2.20975713559725 0.740667505525308 1.26948713491222
1 2.45528321223687 -1.93263761804115 -0.417270752496266 -0.695571002696971 -1.71263743343784
1 0.0785039066450163 0.476496970143478 0.409874545111554 2.38381316996178 -1.07215239184957
1 0.346524860883553 -0.85536967468994 -0.501388205751386 2.03484394667184 -1.08098918730152
-1 0.30912827594536 1.21466104068047 0.982438918105864 0.126598193225871 1.96193903980707
1 0.388136881797704 -0.00719497731461985 1.51918432711262 -0.381532270125012 -2.01546391477585
1 -0.478054363794013 1.51254511822489 -0.294452398041932 -0.613694901825668 -1.2386325077953
1 -0.364778962331649 -1.51903741214006 0.523493836546619 -0.0859247007016061 -0.74930618206851
1 0.611698340414224 0.597839683291961 -0.0840056830993351 1.12850024822685 0.0866636959696
-1 0.48235722066177 3.65441465934492 -0.467125993017848 0.607850769268215 2.41176250297148
1 -1.47976554721223 -0.0800361755218856 -1.71564498842291 0.463033037895806 0.778281787688585
1 -0.0362452144740635 -0.144261050613856 0.923357681090568 -1.94827179917725 0.219776957174051
-1 -0.497401555355802 0.836973427879648 0.286830583045962 1.42616720845797 2.86575962466998
1 -0.74556340062631 -0.888553787554125 2.21415941455114 -0.62866676944992 -0.446701026997971
1 -0.0293756094475248 1.38459744462237 -0.418391099601521 -0.548728059361908 1.01842445240115
-1 0.956178324261326 -0.358149995528612 0.343391582219852 2.36782216452347 0.133941059117345
-1 0.74552890903687 1.59009370468587 2.40282606431422 1.35290939206135 2.90259263530407
1 1.20925723508516 -0.471150937251397 -1.03905521587381 -1.27378442129847 -0.765802234132843
1 0.446561817761432 1.01614212405646 0.394555123849697 -1.06599326307520 0.601680034921228
-1 -1.12929376209051 1.66942735782654 2.06425834942376 0.902849855970051 1.58266122591991
-1 1.49795720309117 1.34380312188442 1.97017440509364 0.266039718182748 0.121296859919543
-1 1.47997951752300 -0.09876025537997 0.83946377157342 3.53855677075266 0.407326158567303
1 0.0506566352459584 0.939356665981745 0.940915875289352 -0.868646935452784 0.686715959172953
-1 1.31509827414121 -0.835467479137581 0.908381878145964 1.42727049497502 1.04284536983858
1 0.551518027874337 -0.450305096869012 -0.373118821924307 -1.928720660297 -0.873825449675896
1 -0.357010221323569 -0.0688109944545391 1.45281702434931 -0.88403797213903 0.153597636960666
-1 1.28750539300596 1.87428975017549 0.243840724907341 1.99669683177128 1.75936194803198
-1 1.47766718458998 -0.703725652552751 0.110177092163170 1.03029470057199 1.78600388178800
1 0.991177056234259 -1.63661714655491 1.20798722615139 1.39900451233006 1.27535991898436
1 0.886757652181024 -0.842333644061517 1.22570451397314 -0.801065547066213 -0.213195909964386
1 0.610876887840601 0.704145269651096 -0.290394815278912 -0.369292091834995 0.850504487394752
1 -2.07209616878357 -1.16674846894665 0.554474086104999 -1.26739601841241 1.03235145164706
1 -1.7329632256805 0.53419681309676 0.0075418482218343 0.406288366394704 0.548077785506086
1 -0.0113582904196781 -0.739589271079988 -1.50023442009063 -1.35236717916415 -0.882466106300842
-1 2.01651553732534 0.125148830026310 1.91593550609973 -0.857742874342795 1.98006829044318
-1 0.223364019584369 0.540205355716388 2.45508902302915 -0.38402608121024 1.51022341809676
1 1.31201976452291 -0.342656072399496 0.149391314297942 0.458556162653166 1.80031594066859
1 -0.81351637199484 1.47201743901637 -1.79532116146358 -0.64946112347055 0.0727755897692177
-1 -0.204805659084319 -0.0361921268423318 1.06139664382908 0.796476241283244 -0.186759610561999
1 0.954476429819705 -1.25293502901371 2.57452059681276 -0.147261308430513 1.09227686770213
1 0.287997127713428 0.290216451344752 -0.800383944560744 -0.41832759605179 -0.0438149049978549
-1 1.27531994147935 -0.63347700611693 0.068939220574639 -0.453052871422009 1.84696319272947
1 -0.657700047536718 -0.654965279054725 -0.231113201484318 -1.55708384117685 -1.82722168721744
-1 0.714689622836579 2.57562443301466 0.936596453754107 0.707013075775356 -0.180589344542351
1 -1.59709976689024 0.0904876668651273 0.992819981868722 0.79181387336287 0.783603109271667
1 1.49816448513224 0.270118944056247 0.244979476158526 -0.279043595145080 -1.39605454429571
-1 1.33162295820486 2.19554345109112 1.14850761298999 1.23684839496773 1.76131153255891
1 0.218823355123150 0.956125116508058 -1.09796629292944 -0.532687278265364 -0.0485123635853732
1 -1.89619423529471 -1.23059676742209 -1.04721331783515 -1.37947712141557 0.994347919748364
-1 3.54992994205284 0.47665799245371 3.16503708961308 0.67674079202784 0.367526994951554
-1 1.30357423939498 0.0222845244327156 0.274044131188136 1.58903016071384 0.627993984562779
-1 -0.0226217178098596 0.887053228617176 -1.12512667925099 1.58738739495407 0.759137650762793
-1 2.16027317998372 2.12289928676883 0.635274810215342 2.19478823618372 2.40869723140204
-1 -0.61861668814713 1.57679293943519 1.59628314357685 2.59768534140925 0.707719971044581
-1 -0.000375273653203889 -0.248034719579567 3.18408007830796 2.04240915265296 -0.61700758693638
-1 1.67629584040916 1.52900560108504 1.72570556667852 2.18289395111223 0.0229557448829733
-1 1.74859872678757 2.40440171253362 -0.0472459016109038 0.804345011701671 1.84293562670624
-1 2.09413818253451 0.239361354612659 1.69507548531106 2.99126600263333 1.65974974711305
-1 0.223268928920163 1.58090779679378 3.27470483402068 -0.0737424597639861 1.00030634477480
-1 0.900466024671659 1.16228132145361 1.76776866643004 0.204658531769431 0.95629549859095
-1 2.60292436994530 0.551320688670696 -0.776642705831243 1.73922929514765 2.11286325177419
1 -0.793160185096439 -0.345581857967855 -0.00329797872783600 -0.720560732195105 0.96245581526827
-1 -0.438280372962028 -0.799883744610424 1.76336752120314 2.33239847335837 -0.610470625345721
-1 0.899090420405742 1.75615511349869 1.80216916093961 0.280767613304915 0.386423227363015
1 0.466514364918545 -0.265203324666440 1.65123233153908 0.587492107641426 -1.21617112554898
1 -0.216607765569679 -1.23036739714206 1.51442681831969 -1.58220162758614 -0.310559843437965
-1 -1.75095249693256 0.504736602091756 1.44709859125610 1.18825463303579 0.135140377064173
1 0.709256253272436 0.475660148985395 0.95204982091493 0.603188541241514 -0.0106461457043962
1 -0.341093091466909 0.76244596887104 0.281384256423721 -0.338673526795550 0.42995278011964
-1 1.97247420532654 -0.641269244029767 -1.85744975978551 1.41003159217395 1.35570772391019
-1 0.680456594112402 0.357572781990123 1.35382141914874 1.72868629154804 0.897939185633396
1 1.1027519420438 0.990141928223924 0.626083550479096 -0.228145701258391 1.77462846856364
-1 0.201201199959619 0.607576561799765 -0.368130311447786 2.01419756537695 0.0751407407064313
1 1.19878376207479 -0.711878065308012 1.13582770738089 -0.0999024539378187 2.48518019203280
-1 0.801530171990408 0.673918924382439 -0.036330572284737 -0.608687509244345 0.528125170889964
1 1.04759620219695 -1.49952076845791 -0.0197509478853480 0.624695603725925 0.798342961933647
1 -1.06927959800520 -1.17492514782636 1.17399399144152 -1.74945870402681 -0.866976426484233
1 -1.56530972596891 -0.983538357919808 0.423351968734559 0.698137890214024 1.59136435635244
1 0.670732681813503 -1.31118177285951 -0.854970722309834 0.952951556673687 -0.283986640639154
1 -1.76257688565236 0.581424190258628 0.53013741333764 1.54739340698368 0.0349826129943612
-1 -0.198503432732479 0.639866206508925 -0.0384308513664047 0.750833808611814 0.119838460530468
1 0.164621667366868 -1.30559785625505 -0.586223282684048 -0.939508033001767 -1.24551806421138
-1 0.410155736318845 0.858071236239856 0.614716221108048 2.78849110030371 1.56106293666778
-1 1.57062570642796 -0.343369407687072 -0.115451325020642 1.99948085950997 0.809178123993404
1 1.27483515984645 -1.36547354336871 0.481165162501535 -1.26745486649467 0.754963418131603
1 0.102543934172951 -1.27830212789437 -1.59109935308851 -0.135521334379376 1.49084000774309
1 -0.240415256996860 1.54944627728100 -0.359661298585076 0.74723769996685 0.0968495797380453
-1 -1.53590840625826 1.09770389078101 1.47598626781633 1.45453519902514 2.39883707970354
1 1.22766092022979 -1.69417486609952 -2.13221550067310 0.710097476385114 -0.80337191108247
1 0.261900194068799 0.147771493259638 -0.373300466877573 -0.319167774123506 0.419639874812359
-1 -1.05330159545268 1.17763194739873 2.96857796012706 2.03701281225017 -0.813473070195784
-1 1.58807267039697 1.32617078221892 1.02410237619284 1.68757621624234 -0.406630226198941
-1 1.57885937352493 0.260250417111412 0.506055014791801 1.56728283946080 1.35979716684774
-1 -0.25897282926235 0.474588639875024 0.687712466018997 0.742870426639208 1.16415079641351
-1 2.34058591078011 1.75015717524202 2.35902142319328 2.17411918714881 2.05724600957048
-1 1.44030317817553 1.16952766653783 -0.386181672276794 0.560194281841046 0.650438051640972
-1 0.778241150772684 0.599209025462054 0.29897465758866 -0.981487150983474 -0.359274431569619
-1 -0.0578350580094389 2.29332405351486 0.697991661632975 1.59643497234212 1.09456413250297
-1 1.11394044287522 0.539005085623541 1.3124864665654 2.19196007279103 0.72933522326491
-1 0.68496707646827 1.62704005866728 -0.426261445927646 2.77749800756912 1.79109412178417
1 -0.98218106400829 0.815863830093504 -0.964873314645207 0.421226960234255 1.34128668963156
-1 1.91382627544536 2.01745807367337 -0.103961068679248 2.57414963522747 1.29180631204109
1 1.03902874010703 1.55220056504110 0.80126961031727 -0.645316579965666 -0.23980882220873
1 0.476136504615037 -0.42742444540178 -0.970506963230595 -0.973607336870048 -2.23439482860174
1 0.90538564818371 0.747337420477917 0.203723040930466 -1.86650918038466 -0.290927028856789
-1 0.236293021963630 0.506542398886472 3.13495593605727 1.91329682798229 2.48116741668971
-1 2.09233821904597 1.93220944838672 -0.443664823689597 0.304365655643384 0.494970813152456
-1 1.17555419360768 0.168489108883854 1.11483858977145 0.128571249759540 0.46908327305616
-1 -0.663523272295907 0.321497862588724 0.611793093850982 1.45860156700072 0.023905244893081
1 2.56773088134967 0.62196520213891 1.70134950992777 -0.80729634268432 0.856033005301654
-1 0.77163801291527 -0.673937339814849 0.536061376668056 0.542618099481629 2.06527874020937
-1 1.15241989208419 -0.288801678115182 0.098625249086645 1.72092517449809 1.91180240664033
-1 0.341168763242217 1.52315063163951 0.425664888901692 -0.400744210939206 1.50553729869452
-1 -0.380648717001484 3.00434427553516 0.983929382101896 0.80694712042368 3.01375425944118
-1 1.65706578869447 0.367401469793999 -0.154013892761288 1.00747682293585 -0.565758219154867
1 -1.05675840594349 -0.460491723094696 -0.662415022808326 0.841570152435683 1.74797015502460
-1 0.85505068983103 1.7582738064534 -0.670777609373536 -0.432324691164664 2.00610906883813
-1 0.841845895196278 1.80493042433708 -0.736208947234225 -0.0618614449094473 0.632978068781637
-1 2.92387527241113 1.18542853463174 0.185246064178553 0.848825518448629 1.94108376201725
-1 0.801668213100548 1.72325262108207 1.98419179370244 1.82352524102687 2.03582417251984
-1 1.90460220676068 0.971015107645422 0.519225629093057 0.93369277311879 0.0888579937197842
1 0.411911983370021 0.396385216617841 -0.432910065300252 0.36114418182719 -0.757501771149357
-1 -0.421164304469849 -1.26191035584953 1.77622316332074 0.294610491608713 0.758002599800683
1 -1.03533981881262 0.0735500563699266 -1.87919635657336 -0.919529040946785 -0.248821805782336
-1 -0.0320803882220578 1.08515210401948 0.0097442295134429 0.215355271288365 1.71774258234566
-1 -0.288941621636041 1.92713650184953 -0.0471066400178718 -0.931478669558321 1.48053734815033
1 -0.641501493136507 0.454828867986891 1.75667235643406 -0.793710180017765 -0.28618933217153
-1 2.27772604861707 0.130151635770245 2.15077698542254 1.57119888947915 0.955185283794825
1 1.58003726651422 -1.09174944892598 -1.59640663768916 0.208800075765142 1.22437969200485
1 -0.0996750227163154 -0.761732641705113 -2.23613312689726 -0.433012941938992 -1.85204122116357
1 0.281399456917494 -0.544314538491791 0.174295010776275 1.7957468072157 -1.53384632183694
-1 0.0834172091326083 0.732377897067518 -0.160644651416086 0.236399131900869 2.58880026049370
-1 0.7218461308696 1.54698462094193 2.36376834581786 0.178320143136517 1.43225994149205
1 -0.514378787627913 -1.43759109013472 2.00818271017826 0.798281597221918 0.270227520578023
1 1.38747805772703 -0.63022219879345 0.963454711642253 -0.226837665869726 -1.31544847165390
-1 2.82101577972508 2.60724672268963 2.25510374525379 1.80337385934489 3.01446871304343
-1 0.428173881191167 0.0164598678860528 1.20215119477490 -0.0680086838859633 0.214661237415785
1 0.182055070981211 -0.300517450165455 -1.81560093502731 -0.173351225037444 -0.692314647044884
-1 1.25422963485879 3.17660381738104 0.576428967841234 1.65570281117146 2.5685975347952
1 -0.0566184335216714 -0.183105286456130 -0.208232239099463 -0.258509551709286 -0.0435505819235928
-1 1.26779827767172 -0.207746570354737 0.942430947679457 -0.089264347369041 1.93308959023257
1 -1.19926955879059 0.713027657766724 -0.506820016407086 0.0134396085579784 0.158872411852839
1 1.20597961854860 -1.69687118527786 1.49913533193854 1.2811462965116 -0.330449928958957
-1 0.88428949821759 -0.0513048338331471 0.88735009383556 0.722458150656727 1.28630194523932
1 0.0736816404366997 1.07354925877446 -0.554366310995542 -0.844729466441513 -0.590282146206412
-1 1.51770610421108 1.26382521323898 1.99254003731132 3.18738737806717 -0.199722553430529
1 0.26323375897396 0.468184001518283 -0.958656570366879 -0.490292849562077 0.204611895078279
-1 2.34379518611217 -3.1100849663857 1.60795682339163 1.75936875593480 0.858925608146034
-1 1.37495000721029 -0.988843448587306 0.227391125938461 1.88615119374074 2.05710584169930
-1 0.91264579391807 0.69598549806776 2.23883437734132 1.716657093711 0.377327821124359
1 0.0283063794103242 0.8274142994352 0.158041118738867 1.41450565216770 -0.879260470223084
-1 0.490504098916091 -0.0359321995526558 -0.076471007066412 0.373337861588412 1.55864942430156
1 -1.28879278085620 1.05932062457043 0.201054309990530 0.464128200586031 0.0215707823251703
-1 -0.463073877734727 -0.369142178256827 -0.220655450968612 0.615309093342593 0.507165823860473
1 -0.0144998266865851 0.772939005157002 0.295478288184506 -1.68689156612974 0.292679190509333
-1 0.825402809617844 2.38380805187876 0.108040682983026 1.68312894447865 1.06310823535674
-1 0.418927388470068 -1.12742819023861 0.0661891125520905 1.06738522351333 0.784624441519035
1 1.62681066998866 -1.47361915865879 -0.808482405006937 0.413416463844714 -0.564300467754119
1 0.533677400100962 -0.538340737283391 -0.530479570671461 0.0364728985010928 -1.23510946730458
-1 1.04409832259044 -0.0282446151430228 -0.103021476756791 -2.18183586188259 0.050949992435268
-1 1.79074795255943 1.76230203961802 1.98634216958643 1.86628915162296 0.0782634523481853
-1 0.873869464088533 2.82720629231780 1.46581015566596 0.791730079553141 -0.707932632831946
1 -0.824088970045819 -2.28401534347037 0.465023211902913 -0.15931109302255 -1.20755073188883
-1 1.8127736934765 1.01716370372121 1.87989959088144 0.12253253301913 0.481458523995447
1 -0.395834705741631 0.534796875323972 3.88017814572122 -0.397699743129173 0.201130307101191
-1 -0.101694185371818 -0.688816680250074 1.31603342221717 0.0513245407046748 0.0237104107825697
-1 0.615972414309405 1.78840194084559 1.77826887383737 -0.0978000714798737 -0.292570932056882
-1 -0.799084802077384 -0.750602068478785 0.860093415774295 -0.136076187740720 -0.0940099083461822
1 -0.341399516622972 3.15146606819141 0.208951144880812 -0.317309037460534 -0.0846375493130415
-1 1.17211727151114 0.902137324221846 0.607691010789636 1.13632595580049 1.31502625989436
-1 1.18240744098706 -1.3285811327691 1.28807467952825 0.885141923139467 0.507052754589419
1 0.139750568314595 0.542672261786615 2.53644337591873 0.74460525777475 -0.140529024471033
1 1.19460927963843 0.204144088657812 1.01865439810089 -0.0137680060428322 0.0298740372599858
1 0.083854072658366 0.868866098606502 -1.92867281583194 -1.51654793100869 -1.97349238410395
1 0.455498196820281 -1.03435974130249 0.99444351217866 0.107945250604368 -0.0391589850751202
1 -0.246538555021461 0.369818055390152 1.66332220375933 0.436958802403022 0.928559835631847
-1 1.22051981850768 2.61067273174021 -0.810051186673231 0.0388224485888196 0.165717941358461
-1 0.282670028482391 1.03803536494767 -0.603412135907217 2.4196512525075 -0.377771836877474
1 0.143108981519363 0.367948750462512 0.445939850691376 1.18085872704266 -1.84597257491371
-1 1.80610298664445 0.753276756669705 1.02777499557037 1.26356698120375 1.99341399712856
1 -1.39975918615835 -0.785553587680024 0.365428208328672 -1.81260060999640 -1.34145441741171
1 -1.29748136572957 -0.203261964752698 0.224673528581302 -1.01508335965068 1.28977766127763
-1 2.75002754954365 -1.10081530333343 0.308984221819103 2.59487004952853 1.46775545431808
1 -1.82881266863888 -0.133167918891976 -0.220036608540984 -0.995865824302615 0.660012826151391
-1 1.69883003751093 0.503234511232372 0.920865400741895 1.58403147275823 0.645580725460463
-1 0.45777686557805 0.710314134267936 1.63063740818185 0.868514221893165 1.10092305097447
1 0.173892362873967 0.183497893607337 0.971977873741521 0.0634094132138894 1.11892239295762
-1 1.15061388153613 1.74397279568184 0.371133789130927 0.92424492441167 3.1636574280436
1 -0.447781717954019 1.45422410653019 0.846085814163206 -1.12893392755506 -1.85441529118231
1 0.656321932349619 -1.60486426413783 0.951681743623708 -1.00749158969442 -0.151968255927689
-1 0.739141785289202 0.827142765327491 1.05585929919793 0.463695306941467 1.32174750661876
-1 1.99073279991151 0.0495303130474024 1.17433784728159 -0.169641046328767 1.17755892755880
-1 0.198455621779553 0.466135899560143 1.40056400907110 2.16630946022894 -0.427514502364309
1 -1.15260135807699 -0.428683370257569 -0.34052272594979 0.658497626993921 -1.17519597969429
1 -0.697748409003335 0.696465041848046 -0.107095519159983 -0.175778340039596 -0.129075579334552
-1 0.185730838063667 1.44462455135410 2.89715638751419 -0.33658915887006 1.06141476342782
-1 1.73621806880462 -0.892551649671334 -0.660352579104646 1.35997923341313 1.92302452614580
1 0.173420465732487 -0.343383925919775 0.42407676075281 1.59523737593055 -0.515274812190981
1 1.07349674729811 -1.54933129613719 -1.85577614263623 -1.08780459745823 -1.42568645605493
-1 0.849579761048248 -1.24139754079550 -0.287458671214838 2.50786270473509 -0.0258613936674849
-1 -0.607789958698248 0.723750395484189 2.40589919826308 0.751236109371487 0.0118894189415549
-1 0.752067033891577 0.816855069341025 0.748939073517846 1.44123142011703 0.0746094158240973
-1 0.8171194896543 1.24168250092229 -0.75510541316537 -0.307828756954919 0.589526510021476
1 0.160438744230845 0.111284984797681 -0.112802203788067 -0.564815952439832 1.70001180176999
1 0.914361577238011 0.0518501967564472 0.113681244668045 -0.0341501259204186 -0.204431232660744
-1 1.26339884673197 0.708262425430484 1.58801029753958 0.147767452783842 -0.994644168985775
1 1.76067088218586 0.915027576472947 0.788428784913972 0.327392308628152 0.434314314754676
-1 -0.270976653166613 1.32434890269835 -0.517938164407694 0.602675838103456 1.42586124110056
1 0.949881768831098 1.10354742345362 -0.279675155294388 -1.62958421480755 -0.226298590080197
-1 2.24443216674806 0.0893499530335399 0.919199265002942 1.92664647572381 0.898935664832705
-1 -0.90656896908922 1.88541801567739 1.15156453992886 0.612713869275194 1.10116668671407
1 0.0482698519410434 0.197593882087161 1.22890228776216 -0.0749619587175228 0.374303025032016
-1 1.26689455814917 1.23864508711414 0.656162612561919 0.356173999642287 0.761137636273293
-1 1.46571535323771 2.25213713809722 1.18910235915465 -1.32387435633617 0.0915594156215598
-1 0.673753631141375 1.85788282220483 0.815397604778325 0.193456967202120 -0.537470063596651
1 1.66848856633165 -0.27539471940437 1.36950512666214 -3.33427480407473 -1.53571923915330
1 0.457723157759896 -0.714836573113065 -0.899072779127368 -0.141571629452902 -0.181639083232593
-1 1.03068636173477 1.48819904459955 1.46112236740923 1.0073404301321 0.215747296099850
-1 2.92881092009133 -1.98157559104759 2.61110196799457 0.871981882309202 0.492366636325084
1 -0.617925510725597 -0.404805104383086 -0.444947466408299 0.266668264461868 0.146743869653944
1 0.791948329471686 -0.322638161317462 0.500855666321511 1.22525043852791 0.532983786270541
1 -0.533030816737106 -0.33224686333295 0.500256524112237 0.787597747528894 -0.478674264295989
1 0.0769363060258216 0.413336991460754 -0.243477381366915 1.25476654585097 -0.687651714913087
1 -1.74556392139811 -1.75322464883130 -0.399579668111438 -0.761447884709483 0.603343409399637
1 1.27050720005088 -0.737472752331453 0.0192685183037368 -0.839044227288969 -0.705593718329378
-1 0.799572698790372 0.00685698951364422 1.62306157009121 0.311680720395513 2.65885927829756
-1 -0.0603153572060523 -0.0842365940813712 1.23636642779997 -0.857980085835684 1.94917037007044
-1 0.451184930793067 0.799840083018778 0.235087174024328 0.510021971951672 0.561232287208709
1 0.297961053025894 1.61696336958503 0.25319355457391 0.610542101627172 -1.18167678955315
-1 1.12534577332322 -0.855516984590088 0.638834173261193 1.01300937178156 1.35706813480253
1 0.85827899354887 -0.280101669698709 0.178354175441033 0.620602852695617 -1.69439780619075
1 -1.03876157969153 0.0315457526608543 0.244821909054645 0.093248588286423 0.763047939004265
-1 0.97307244899963 1.78497375501219 0.824417562736121 1.2359370174219 0.282507307480733
-1 0.883485604732588 -0.601238013326616 0.95926571405928 1.16037281017770 1.67779942093554
1 -1.40129203919050 0.678884776465887 0.59833486636691 -1.13845831455918 1.50126882298676
1 0.747187748424835 0.0568576702429179 0.0922008470222663 -0.208549211210311 0.169591250544916
-1 -0.08293481370881 0.452682521753567 1.42490298930836 0.527254404281808 0.5608061052088
1 -1.68617170397951 0.322895663412377 -0.406771052504681 -1.58135766793381 -0.969186220116488
-1 1.53559739665936 2.31084772740131 0.565505721793004 0.814795235488607 -0.883951630316258
1 0.609945214852934 0.511434109039786 -0.85875460431446 1.93454102126308 -0.850928048913632
-1 1.11898709760141 0.0615618715216617 1.03920415152725 -0.491534952678325 0.146741381469232
1 0.480227573976785 1.50845826124415 -0.316833521458792 1.69244432479574 0.581949154086919
1 0.325827794658338 -0.345892088671807 0.781718208156265 1.26852250225932 -0.28138991223781
1 -0.880939976053218 -1.31500495857803 -0.00710052489817433 0.601727534837478 -0.429875663737152
1 -1.32704736615533 1.83905113588349 -0.965627783504466 1.76084573251688 0.691593928390477
-1 -0.348494051262304 1.28421608269061 1.50442916235988 2.22707929582878 0.600189502821614
-1 2.80647340244870 0.81384166076607 1.85312956243571 2.05269882184083 0.507399644223652
-1 1.49139553410041 -0.72045674518632 1.67516648224477 0.373172199423679 -1.21886706712572
-1 1.00056120038235 0.545430247785882 1.15781831044596 -0.894943226039703 -0.953996871751223
-1 0.193288070915142 -0.755741811078528 1.59984109218881 -1.04737788403920 0.803412412544936
1 0.0619406203348257 -0.133442227725641 -1.52992015734550 -1.74836131580232 1.37691753067008
1 0.083690247016552 -0.559758225962388 -0.452302748518872 -0.537616516415761 -0.235935695576717
-1 0.099372740495203 1.49074867729912 0.850297534004471 2.55747876286431 1.58987190482769
1 -0.920831779932847 -0.53606198303946 -0.387364923897662 -0.726284042883656 0.264181000309377
1 0.465762469544653 0.365755718472966 -0.822836080043965 -1.39403735333620 1.49704089728272
-1 0.447479069526785 -0.703635752466776 -0.560161145023602 2.07160243169877 2.66304831528135
1 0.244425586390228 -0.285646834096671 -0.70434714623881 0.487994277227271 -0.766193861937641
1 -0.141353967941016 -0.0626816805470859 -0.540280549421801 -0.0524823299395088 -0.210396143394806
1 -1.01593888829322 0.181148426974916 -0.155043387277790 -1.07430874652957 -1.03218308294303
1 0.743622943948264 -1.8661936766798 1.02005551127886 -0.49173939591854 -1.54804546105988
1 0.0492542903116269 -0.639926467477168 -0.801727790932355 -0.403302881140605 1.54280514390855
-1 0.78866154794507 0.562101457794085 2.14015324664763 0.0550441611364816 0.240133888148769
-1 0.715870141963727 -1.60713663880988 0.335244176119887 1.12846525808900 -1.04227399372687
-1 0.690897960877434 0.618199955837789 -0.277900728328658 0.757439095471309 1.11310218984718
1 -0.00861681294780973 0.285888087485886 -0.876322741569507 -0.858439345535773 1.03815489016976
1 -0.0509106970022936 0.40133118035816 0.415772520873755 -0.602718404907651 -2.33656887888958
-1 2.22735770719125 1.7078535876361 1.25485692935989 0.146984028188329 -0.827991495354783
1 -0.123405125475639 -0.694431489606673 -1.50022729618124 0.166173574302142 -1.04646588057592
-1 1.24668669391503 1.65794413480399 0.546035541025175 0.407697682188103 2.00476484093691
-1 1.70270377488642 -1.08727010249364 0.796402711503561 0.945626896606334 1.49580359728034
1 -0.964266823805917 -1.50448998857981 -2.39456761474601 -0.735415857229279 1.64407537190471
1 -0.525748787185954 -0.106816612894618 0.774862154482525 1.45307213140534 0.263218467491141
-1 0.206655179137335 -0.935844757567935 0.791530833939746 0.907794548542223 1.29300364131083
1 -0.113832689497997 0.202206979891422 0.950713647526079 0.0886392917624161 1.12338701071093
1 0.709944901601795 0.324915075551011 -0.45968445803775 -0.59950086079009 -0.38075439452106
-1 -0.864211713548558 1.47857096108415 0.407770803351915 2.46543425696605 1.40484158836484
-1 1.99379949258508 0.278849704548051 -0.429133358266532 -0.0790745846106883 0.69813988068968
-1 0.586258836534055 0.657941948198966 -0.615833062776054 1.85921716512358 1.92314835252403
-1 1.16119478068211 0.158061018796286 1.21578784536605 0.674783103887959 0.750427725922969
-1 2.10809350352358 0.338002968333445 1.87587285295336 0.924304831834687 2.83410575445352
-1 1.66239180055008 0.368187848001551 -0.233451327021362 -0.427911113490597 1.24495732678690
-1 1.09410644216246 -0.818451475476424 -1.43029516755985 0.166171940253428 1.56912497159412
1 -1.61848096068285 -2.09132049802523 1.85753480562962 0.412226325699963 -0.744889007487517
1 -0.676966919542636 1.70397161394581 -1.54592142170614 1.56442640188407 -0.0439599364851034
-1 0.143556722897858 1.71523469166794 1.96567408871481 2.80589104333851 0.35257273418814
-1 2.99000975508346 -0.150705423972584 2.88795544526570 0.42240463586842 3.23959262386341
1 -0.802391913485609 -1.27562374214418 0.479505971586235 -2.16036903209653 1.03319517638917
-1 -0.116073998925626 1.04174202646755 1.21134135572954 0.682009519844539 0.0514028081235418
-1 -0.250735966456541 0.762421795242154 0.530735770106161 1.33014702860528 0.166210351352222
-1 1.77989942635588 0.937174821941107 -1.00249385358660 -0.157376244620079 -1.29340720885547
-1 -0.213216910035576 1.08785717290107 0.0858387013548915 0.289438714181256 0.0511471324775984
-1 2.03855624537634 -0.0984061164335946 0.663590062431167 0.59945599678658 0.230890272335096
-1 1.69063818120241 2.58765896703336 0.603440080185944 0.417268139888498 0.619685804385318
1 -0.700849472407184 -0.292325420131134 -1.85463612733401 1.13162958504852 -0.00835526804547981
-1 1.03320693489249 0.275297783434979 2.65121825199305 0.824911189735466 2.03149487311863
-1 0.801006096690136 3.08248212041708 1.34987248419533 -0.276851106179686 2.34648094408036
-1 1.77531330921280 1.91340926700124 2.67714187843025 -0.0218924166097014 1.76536052404688
1 -1.52834201226770 -1.71355995671497 -1.68831702211081 -0.371305613509425 0.76786962564599
1 -1.19008270275472 -0.101886532562224 -1.12284834491515 -0.97219763701526 0.181320702182231
1 -1.76158032876474 -0.472446513209626 0.170265308211289 -1.82873264398564 -1.78031905560488
1 1.20509173665245 -0.0543663941095417 -1.26820449789341 -0.696021908815774 0.276446494061392
-1 -0.697787767793866 -1.50728962617304 -0.021224793596047 1.84064331163853 2.70511546440568
-1 0.215092436235112 0.484172707467165 1.11720187040611 0.165251608252788 0.506646111743839
1 0.0154601557936397 -1.398419625707 1.35175178236750 1.26149440955500 -1.86525388724629
1 -0.00597566138046566 -1.26925324877071 0.979562338118648 -0.358732809868375 0.38994477650763
1 -0.787621866376563 -2.54483530341854 -0.57267834508956 0.463928634119247 0.179862235334831
-1 2.21530145524824 1.31257185759074 0.90165150762887 2.26421066947593 2.23932196325581
1 -0.420025957398141 0.162608441171927 -0.912868574264894 -0.853571572278393 -1.42745940084843
-1 0.733384354560643 1.15964645412243 0.53844388804159 0.602690962024953 0.851834474837195
-1 2.71798049843884 0.194753762831679 0.320166370140032 1.48745247331481 1.54128548880619
1 -0.744589877476452 0.563035627509846 1.59823433033742 -0.256356494952971 0.118627258857287
-1 1.95039872019014 0.771182445313725 0.306657151632435 2.53182858043378 3.40517952997194
1 1.55208310404956 1.74242126973945 -0.161628143456942 -0.0263598915380215 0.00879423742716082
1 -0.265298988733013 1.09185920773677 0.850895783177524 -0.409159929341425 0.197990251028046
1 21.936223502067 3.17714103737773 4.93577663091736 -1.85758777704122 4.89411026074256
1 17.7162901889590 -4.9813852807299 -1.35090318191208 6.56922640967405 -5.41453753466936
1 3.42450027136364 -17.5425354527063 3.98385319605595 -4.90534879845745 6.94018592375498
1 6.70796243745072 -12.0237428808128 -0.399770928271101 -7.60091792511655 -3.7647047883246
1 2.40800535109302 -1.63145892357006 -14.2383964704274 -2.94727334972294 -11.6496348801373
1 -5.7890001100663 -8.13322212037185 -4.33294354815429 1.31077219230051 8.72263130223613
1 -3.53570979622005 -4.68651083063209 -18.8997506776533 -3.71418974159721 -2.24548192603924
1 13.3387423674602 -16.0474952378292 4.16085656781735 -8.88666735157208 -22.5728350896250
1 -5.92685006716445 2.59578487889874 11.4966347947636 -21.6288887408979 16.9156029651982
1 -4.40524752714405 -1.7194782785284 3.69049685755251 14.4567182123117 -3.46168236098841
1 3.16334886568037 5.7619893806383 7.66349489956793 -14.6954843524769 -15.9046209412158
1 -3.19487205406534 -6.93759271467885 9.580170301284 -2.07081940392394 -13.9808832437710
1 -18.0121672150131 15.2153486419054 -3.41644663582026 -1.44915516772586 -1.61133646373538
1 3.50974901080292 8.86653018549362 -1.9040493885013 16.3820305900949 -8.45048647404317
1 11.17742547351 -5.13456649133634 2.35889162751823 -8.87415813536826 -23.1674669440710
1 12.5181515380622 20.3468034139431 11.0740526016816 5.06170921222115 -5.3650048564381
1 12.9907339223635 -3.11285312679441 -9.0007987247882 3.19528171947184 -2.83023587176167
1 1.53909422425787 8.1177480946135 2.46855182028494 6.72729461299527 4.12409787356835
1 -10.4538109888879 -20.3665575624161 4.06900120295496 -1.63660761238653 17.6825831888337
1 -25.4929004341127 5.12080769201253 -5.40889050640066 -9.14905640264417 3.63180462062803
1 -5.64290176699776 -3.12959521840101 -2.26765261724975 -12.1482749257001 -16.3647862114272
1 9.70415734023597 -8.8853219552098 10.1192341221094 -8.60574370464296 0.189578921762839
1 -2.13739873557143 -3.70614663081434 18.6089941126239 -6.63173620250215 -8.05036335677487
1 -4.27962570402373 1.49800856355561 10.1960744637931 3.77201526931811 -2.61064956753377
1 -11.6239557858424 -19.6343769704834 -11.2202976561641 3.71227090331328 1.11546691746828
-1 -2.11777965016162 14.9176905639513 0.502667977716105 4.00495458964574 -3.11358024090849
-1 11.2345523394278 -14.5356707969912 -12.8388447230114 13.0537089269775 -14.7800242861206
-1 -11.2135329324690 4.6234990807916 -2.15833042191707 10.5079436451236 -26.2626186873209
-1 -5.18388629757287 2.36764212327515 -0.434574868763819 9.39901295892675 -1.50576588251996
-1 -15.8097468961477 -2.94992014118888 -2.92187204023965 -1.8632561453921 3.52480016370538
-1 -3.5995051007963 3.90557902580219 5.88747698849469 13.1743653131832 9.19515926040788
-1 -10.184054570179 13.9482300509360 -5.01808587980116 14.8752431820548 -25.6124010264664
-1 10.3287704951902 -7.0527153860217 4.38860486361435 -1.97290186525466 -1.33835509509577
-1 1.52866054853076 -0.768411134501825 -0.783136973385302 12.2542885899277 5.74486502251165
-1 10.8377173411156 -1.81987347741642 12.7377095490126 -5.96394834200743 -4.96306685081759
-1 1.40614315132234 7.81246464614423 4.94887424973705 -13.4173708608857 0.452515894472859
-1 4.80768545863554 -20.4465216898841 3.23603680983962 -1.34229389072350 7.52973977477591
-1 -0.686623029290044 -1.18672088605361 -14.6879249453003 -15.6651421499296 -12.5884206328606
-1 10.6907840910287 9.14097566191057 -1.99201995864266 14.5078165613719 1.89801508348177
-1 13.1127535316882 -5.65660989886159 3.02402064407874 -7.0627226143731 4.10901699249044
-1 1.9682061777283 17.9577712057076 -3.11984826055963 -3.61383243515620 -6.20895041926214
-1 -12.9829954456661 -0.541701390139141 -2.73592695233836 1.96877382572014 -0.278480953283647
-1 24.6368234283829 3.78381059979573 -4.54912423782289 -6.02649079696604 -13.5303576710394
-1 4.62616207678114 -9.66007365288333 -2.24374671532614 4.56050138733117 -9.85150447634962
-1 5.13139434231078 2.52455906442920 2.10671463075279 -1.74079625530902 -1.09647497736161
-1 -6.41446509774959 21.7980468671313 -0.272921206087352 5.83960103273249 -7.67937743689068
-1 0.603406654038451 -1.57480276594881 5.01002435838443 1.91913240704261 1.50993597970861
-1 6.4101157257723 4.04056510496075 27.7885122462785 -4.58204185979587 2.21261638079323
-1 4.77326372610483 11.1343331485313 -3.36606728973967 4.79881232504946 -16.1306556450012
-1 5.87705474551437 -17.0795816953717 -10.1502377433023 5.62585434954402 2.18811085708455
