500
10
-1 1.09536061210369 -0.737782755467882 1.52310934879124 0.150872784935347 -0.529807121625955 1.37134035518982 1.86659722465360 1.10405363400964 1.32415038672205 0.100453612026669
-1 0.305891156757817 1.89466827072107 0.880134085767821 1.78303616960513 -0.910233598818021 -0.288924294719352 -0.321637985579731 1.62372014443932 0.575064863317972 2.94373513041362
-1 1.01871453369219 1.89488203351726 0.699946198624131 0.67603777141841 0.893457398511583 1.27755556303473 -1.41441887508709 1.95724603837122 2.06856692488574 -0.055351782544795
-1 0.409097594979764 0.421084774304429 1.43620257187772 1.82194161294147 0.574214072657237 -0.114361692786956 -0.149507770302968 0.623125416543629 0.831463507706642 0.985729690770574
-1 0.752320275086493 -1.11578758859586 0.954927973547398 -0.289636535509106 1.70714897367319 0.585807398356823 0.902935030936816 1.76169607297111 -0.0377974341925988 -0.166615934884402
-1 -0.131814195705259 -0.54062247536406 -1.81021650796292 -0.584201347136374 1.99947722601673 2.32307934530503 -0.0939725722398946 0.418589972316367 -0.668719580686073 1.45813180197484
-1 0.585146763842056 2.67728287135124 -0.0310415633713613 -0.542311097523143 0.212410442958004 1.93454307844177 -0.59754738815726 1.08447141478951 2.66350070881159 1.17357435982598
-1 0.218574017551012 0.607475906782091 0.418390785685992 0.663505763346182 -0.350200101097931 0.996353873850921 0.324099547575910 2.4953067575682 1.51718511114700 1.30131335368802
1 -0.194219522587935 0.113009320923722 0.511284927526653 -0.764255107997985 1.17730643906387 -1.28234761160399 0.829080316693808 0.258709400219498 -0.543257868204902 0.184173470942336
1 -0.532534219779311 0.282127890491000 -0.60187146879625 1.66621143387167 0.393478245211451 -0.182351416907884 -0.0993191104755222 0.504146759451643 -0.643556722435538 0.872423867031358
1 0.999715338654148 -0.247473303920313 -0.0199422714570157 -0.573059990455119 -1.26419009025729 0.632824475516626 2.62919546561617 -0.0282910561668428 0.077876931694048 -0.569796854703843
-1 0.248008576480538 -0.437893407857849 2.09727894504414 0.0783807136729386 0.829849980495479 1.65525919576592 -1.25976561355598 0.93051628308095 -0.134729698008845 0.950465157845872
1 1.06174260198795 1.32450114656781 -0.0795769924055568 1.85731124165021 -0.43392131017365 0.0814641303658285 -0.666788925268995 0.179884370167060 -0.710577779531935 1.37905785721587
1 0.110446673953464 0.341688369534404 0.298339730174573 2.61284717272418 -0.47661493126107 -1.99331567931872 -0.42769554689078 2.61609975041394 0.75549742112235 -0.0280840256581754
1 -0.479338564147786 -0.627298671016186 0.0934835494396596 0.527098631423877 -0.358097647693881 1.40945715157437 -0.111203582062915 -0.319824999315959 -1.08906283450246 -0.103217427109514
1 0.890311565293908 0.423006232689994 0.336096685528457 1.34286518219106 -0.0300488436825757 -0.0950925724389186 1.54518449763177 0.269314665006803 -0.378023774468235 -0.401688605044050
-1 -0.686475025167291 -0.139193154421468 -0.537254920875381 0.00701845226867304 0.460617394283808 0.112558247235799 1.12869089406869 1.04634099256411 -0.148016808944467 2.69628371050889
1 0.108170881392503 1.16997014130229 -0.702176176739298 0.475523426680600 0.349217843724795 -1.46936388204173 -0.0928142916697484 0.0556009399752512 0.238257552700699 -0.452494027831102
1 0.318251326691083 -0.546686511740003 -0.216173760740175 -0.569226865117347 -1.81802313948469 0.0345076838596606 -0.596435455449927 -0.264838398733862 2.26608512076395 -1.13238285329664
-1 1.16407283545010 0.293442325364711 0.00368411620678877 0.297336936247359 -0.174927211298085 -0.121722596000035 1.55547688552258 0.876805644550288 -1.00884563964001 1.33256051117837
-1 0.000208509235071763 -0.21629650523312 1.08898471008793 1.06919503213746 0.930322921870592 1.14169584566329 0.162421193938727 0.896004087796588 0.593796288046007 1.76124094595937
-1 -0.582252014629855 -0.862930280974437 -1.02174784350531 1.47780372299569 1.90241407777342 1.57556970577292 0.479706922511362 0.809944319712887 0.790907590574194 2.42210037668633
1 -0.0592208133802306 -1.88634990440106 0.248462207024885 1.02385840081863 1.84138606792915 -2.22008685697781 -1.67625358301232 -2.36974985041480 -0.0570933293325397 -1.18699381598557
1 0.0750870129557838 -0.527079354484346 -0.202879335913676 -0.266853732674909 -0.208515444801166 0.151511744725587 0.358030000702610 0.320457970952561 0.409772537553707 0.232978790527666
-1 0.469568948768486 0.142203843046904 0.656469902872653 0.288701719469859 1.2767354102612 0.0458821330800424 2.52182015800655 0.243455362105029 2.56114233345637 0.573748878781704
1 -0.0164285931394016 -0.250777666810065 -2.89241956933594 -0.416810578829147 0.230320203039252 0.753509312523362 -1.63491163580752 0.301398388318419 0.431668896709916 0.0389787861199114
-1 1.41753977656720 -0.584862833945937 2.04799972913617 -2.26523081413062 -1.18252965328861 -0.272100248432018 -0.508900501060581 -0.720086314335204 1.91887139242508 -0.271116012429076
-1 -0.0515812547794881 2.85158764755846 -1.29999808487689 0.910171815955462 -0.401107574364514 -0.591645649100523 0.390109747200213 1.95472341303270 1.14855733541880 -0.617801075837141
1 -0.182421738816988 -0.162525118749053 -0.847859737595768 1.01354946945913 -0.764530834169627 -2.26426956170482 0.395500579292096 -1.97310643474683 -0.512577818158006 -0.616822140963526
-1 1.24557428388760 0.212046850129508 -0.428072188052195 0.432865252331218 1.69073114329119 3.83323817486249 1.27123164483898 1.44450369584291 1.07478066130968 -0.121026219332257
-1 -0.671670558303426 -2.25368290904409 1.18276247834415 -0.89767235347096 -0.584191040401872 0.870734992284714 1.37341342869493 -0.148510331990717 0.818568138248725 0.523773783561726
1 -0.517086563782896 0.903058301107292 -0.399148045493084 -0.344685817556229 -0.186035326072774 -0.570913892863855 -0.882862263628718 0.138578492698622 -0.531239931588251 0.592461490592729
1 -1.80409853147280 0.863674454749498 -1.25244007892806 -0.763050816269356 -1.42201362801855 0.770199150098274 -1.49261116631278 -1.16970109873063 -0.55552756945295 -1.00371031901995
-1 0.16589423840105 1.72853011984410 1.64921176979218 0.047306245272967 2.20423722422478 -0.186999229248276 0.957510526065465 0.26195678732517 -0.0714843588132086 -0.657902532247118
1 -1.16875891108546 0.198661410402244 1.42739996121490 0.260256738498612 -0.230912582603681 1.24957004291596 -0.508278839192795 -0.882532470135048 -0.0565506394817786 -1.18249328906942
-1 2.45353533225309 3.62573944600047 2.04248028845806 1.05185404847071 -0.582025903641919 -1.70464837448139 -0.369640310948236 1.74351652666731 -1.23471043406483 1.30657598488890
1 -0.270824414157709 1.44097648381563 0.287193748054524 0.406130333391727 -0.709693070683473 -0.856574323743512 -0.843880346898295 1.13855645656746 -0.110871486915771 -0.777954992422268
1 -1.43754040505185 -0.664733751354252 0.291975707750485 0.256912055331787 0.0422860043803446 0.127138833822068 -1.20804305915864 -0.484703700870683 0.0331350013125701 1.53608388092912
1 0.339780080901455 -0.137755889836686 -1.06358940301723 0.637107962720723 0.437794198485596 0.95402659308678 1.36336627280015 -1.07788656324920 0.053910460621286 -0.913778390591886
1 1.07418645522471 -0.740276886387604 0.423268212128814 1.66085280520082 1.78229705871771 1.06554914455386 1.17394624879174 0.170731000727607 -0.444449932863845 2.46107412097026
1 1.42176511128187 0.883925709424652 1.79611732783278 -0.0754380095694526 0.190184384379081 0.577480554685556 -1.22211916250294 -1.78696891233176 0.203562171851918 -0.231986125014629
-1 1.46375312531032 1.4839451414386 0.0070307270291381 -0.326141150459008 1.75082125346537 0.631646924486954 0.52141131452992 1.95673533035358 -0.335497379514485 0.915624713600346
-1 0.146373938295803 -0.249621251765761 0.219358449981643 -0.670145157619282 0.215626976867708 0.980493465883653 0.272278170772374 2.0877101426726 1.80793541572708 -0.0756923002853734
1 0.0804323246166309 -0.088977519144846 -0.37014164791686 -0.575944641881803 1.21173487814094 -0.572784742415074 -0.0980016530023005 0.161630780211649 -0.720373025198706 -0.279218882986988
1 0.82475278571906 -1.78409562092712 -0.0209138777888931 -0.0879158574280183 0.0249160929163710 -0.0592458379376962 -0.389695556026905 0.084655542183166 -1.06315915278872 1.46474271390066
1 -2.18223372160479 1.45575734884652 -0.725305202660313 0.598322177853034 0.150864161820695 -0.948209200053377 0.570303910185906 -0.773228501049288 0.253018578205432 0.0655019896188035
1 -0.0267576803662783 0.0233783448152918 -1.39749643299379 0.738715965850203 0.324966126091433 0.401762095825880 -0.56241739401167 0.999743295817998 -1.19853830876233 0.151493098436995
-1 0.79366428938109 0.784266629429826 1.79437935367872 2.23738971023595 0.118243386786174 0.196459995248237 1.12509216122794 0.548306826094412 1.20309324104211 0.083585053278565
-1 1.52804416957616 -0.723024061686044 1.01537715196883 0.103056707996465 1.11398075280726 0.990632431513938 0.305363593146884 0.292262687551812 -1.07623483782317 0.378153106992037
1 0.244205748043321 0.848579086082293 -0.580964705513798 0.439806404893381 0.961137941452237 0.533544307308998 -2.15194060159431 0.563707780797321 -0.67395441877998 -1.24818343275763
-1 -0.0207543358170934 2.00641233461519 2.74646930926889 1.03303094237528 1.34313695911765 1.54704156779710 0.610813293375372 0.533441271679277 2.06204452662594 1.13397808838554
1 1.69256117221901 -0.24306624144533 0.287585714953591 1.12111579171638 0.863913836799154 -0.155512156641984 -0.718117574519755 1.32698738117763 -0.682826853650947 -0.664797942894273
1 -0.558577883756298 -0.273411184361801 -0.401457689088394 -0.409584031849106 0.190334673060975 0.762921615912097 0.643238193768908 -0.653238165916264 -0.0656299662198464 -1.47335939880615
1 1.5686360110604 -1.16363752703125 0.129383986979 -0.115120987281762 -0.265417947021208 -0.408209070505018 -0.572212374427605 1.12275486137850 -1.78757617142130 0.243923112329874
1 -0.0473778000200536 -1.64491270942995 -0.339991061413557 1.13712016624198 0.671878287576135 0.719303763472138 -0.119858531750454 -0.165396141819543 1.92272303450311 1.27434882326603
1 1.19367757816687 -1.13125635624593 -0.285531746419852 2.97594086384674 -1.13142317294644 1.70388089595030 0.192948440800767 1.67603738424178 -0.0579953907969641 -1.4016534350197
-1 1.92873234731354 -0.44109223212875 -0.93566675112855 1.35680905707205 1.16788181423238 -0.934511877458354 1.25877576886969 0.824314034646417 1.50948423549086 -1.14509434592301
-1 1.31480792970641 -0.173412514990766 -0.788488057659569 0.93861789795391 0.888204135127376 -0.690610155192282 0.417366511880602 0.89564611468045 1.35428969389844 0.301662032516103
1 -0.0346867430038671 -0.717308670292671 -0.655754256330283 -1.44644542023701 0.99636205465768 -0.102487291938304 0.907307280932199 1.50260402497337 -1.58281453144036 -0.616548018385231
-1 -0.412784286811207 -1.01109780940842 -0.00399043387597309 1.00368356086346 0.421630528560708 1.82264161337829 1.85011792220469 1.71761015315714 -1.10031043586174 0.330924990465376
-1 2.14040343058745 -0.97795938948808 -0.686316955044055 0.101745594671223 -0.331984437738628 -0.971481754786604 0.165929974286612 2.09272436979232 0.144393825648787 1.99067026994066
1 -0.79801308460346 0.540745750993751 -0.764184188056677 0.407439625656253 0.242419945017931 -1.20210989738953 0.722938883687775 1.11122816867637 -1.25339154876631 1.46466307563365
-1 1.56294965196736 0.351558842663896 0.663136821767255 -0.591795724924496 0.437464504913819 1.15455826532150 0.440659170402327 -1.16975910745405 0.49823829511797 -0.673352672425576
1 -1.88458687257808 0.0629767449431899 -1.01870702943776 0.451363255336534 -0.348244761576298 1.73373634646789 -0.458217869011042 0.787976216610987 0.445711109965539 0.408106855719961
-1 1.49877207180100 1.17092301683636 0.706853534247727 0.358161739846356 -0.980532058125494 0.0879838112023268 2.82767154621711 1.88302219065842 0.591902517050183 0.676588670455062
1 0.606207418550276 1.33418352031691 -0.77485994176155 0.98678011321239 1.37018316816774 1.11949694542910 0.410185270245203 -0.408013551926196 -0.321598165756773 0.0269432529725711
-1 0.0447107959836507 0.939583601230206 -0.240941886253033 2.67905833786727 -0.66546029670963 0.97313653765976 0.246967821760264 1.51899341682516 0.480049561353608 -1.37621256260963
-1 -0.233880708506935 0.836163214061295 0.884361836361532 -0.269680288100672 2.15799949733962 1.67401744639307 1.91868932525615 -2.41098647710408 1.47579965702308 1.65886564204361
1 0.141563901492720 -1.10664535069052 1.67604261711724 0.422003654355573 0.0506824679312439 0.0489804599522096 0.259921317644465 -0.80222708154263 -0.87281542775835 0.0777358210752322
1 0.0596202991311707 -0.52091952183636 0.60852194484975 0.442811352548089 -0.409471505648205 1.01032140641099 2.97026298973123 -0.309291324186983 0.636150022292568 1.48471538032944
-1 -0.0266688171741211 2.80186071085584 0.0110633143226918 0.149417821542957 -0.987082835815333 -2.98488443058732 2.07898112319009 -0.364209659426633 1.14074534293904 0.758764769566317
-1 1.05456426271760 1.30054860075744 0.256241850715636 1.34694128719342 2.42965223265249 0.924769019964128 0.242686667300620 -0.720946605238728 1.86240201339462 -1.05404709490052
-1 -0.665538213653268 -0.172094880211934 0.00654285586934422 1.19158397851182 0.340307147777789 0.86390478364702 -0.0759837920160902 0.234127235365949 0.374735931637536 -0.0429291553302649
1 0.658554943252659 0.070386359339665 2.50730932658274 0.036114485230918 -0.146102292160905 0.470627386732069 -0.0409136546697552 0.906025816610983 -0.479759787817889 0.502265087958223
1 -0.988192214446393 0.568085037372851 1.01629232298748 1.33513623531316 -0.670426715698657 2.78435080773946 0.454810756502739 -0.202765882078267 -0.950823604877213 1.40641328645272
-1 -0.304971334558252 2.76442953528935 0.81898905427801 0.220136583830757 1.09490030007638 0.746019721522487 -0.466199915022821 -0.576146938899391 0.651790313024688 2.09656506174363
1 1.61771584209327 -0.621853846002071 0.174923471427532 0.316194593233678 0.820754581154733 -1.70539258630826 -0.729802274278478 0.769369426151401 2.07029230908267 -0.980873555972032
-1 0.227592104293533 0.640381003947829 2.21599232967159 0.340803042777338 2.75682447855236 -1.03666583893887 -0.273514820285871 0.423760994392205 1.66114327147983 -0.473475538560044
-1 -1.90538026279884 1.12816735939498 0.792722906662705 0.461043964176699 -0.166193095094108 1.41475232717112 0.281104628019865 1.61724643514931 1.00840377585272 0.754640149210891
1 -0.614383472490291 -0.0715486134696182 -0.555133383015404 0.910131917609434 -0.0446152552069167 -1.29178846187825 -1.3562857052241 2.23855106037830 -0.753178236270049 -0.20232893744385
-1 1.20028718539819 1.38358490816973 -0.771116962632052 1.73227837013175 1.48091720626549 -0.747407723353332 0.734897852935439 2.91578411053267 0.761033190926747 0.936679300491456
-1 0.990878061641632 0.848356158115634 2.12239385580055 1.12587858383813 0.597636105748305 -0.252675443416956 1.69451425470596 1.21161046999358 0.464836601492867 1.59856724927936
1 -0.250906232082966 -0.281658445797178 1.63503372108774 0.535285916503119 1.01030911593676 -0.192382318101418 1.00973542943443 -0.445791305187860 -0.92844743113904 0.928540247747964
-1 2.31544131411648 1.2516845621652 -1.87672452049106 1.69515581025687 0.0281933382717331 1.668501446722 -0.94095631409922 0.551768077643982 -0.131683295467609 1.61486159033951
1 -0.479828526498526 -2.27813550821071 0.527630841857256 1.01421074487155 -2.48667163036216 -2.28457264748809 -1.19185254565473 -0.143126229787493 -2.67283903544527 -1.49551591864455
-1 -0.0358229776903488 1.29123232115413 2.12106858887598 -0.409573453594914 0.310607725388133 0.565845822425664 2.67646706722718 1.50449033240183 1.58661788743350 0.593191563051915
-1 1.37925932129381 1.22319491414021 0.419420823275247 0.541356495497127 1.56153126094304 0.41705585381716 0.0936795989508765 0.0689947145480007 1.2114733678020 0.187021352208791
-1 1.90249854846872 2.10273423629687 1.59817937339100 0.100418851626864 0.997667515569404 0.49645688891556 0.345396333167199 -0.676474739804682 0.606455173702085 -0.393390017332621
1 0.84830828581157 0.57057311698423 2.71227914589247 -0.368729247740505 0.315057014420148 -0.0899658624614608 0.433710809975395 0.232473440793658 1.07433259993363 0.401108031334681
-1 1.56471258174291 -0.605138653160506 0.358916154747876 0.487852886149405 -0.535374088957432 1.37692801877719 2.70694517309626 1.12707681472004 0.358367228323880 -0.569888804413233
1 1.17206275743693 -1.56074971860818 -0.723597736496957 1.25224441487034 0.159064933276176 -1.41255677564179 0.671799664895287 -0.838993913056524 0.257443852594708 0.526013701074578
-1 1.25442792290742 2.31565819962116 -0.68921976953187 0.96021241370344 1.87807785953738 1.11324950704325 2.0004581123231 1.47128017630023 0.0924818336203295 0.516706094670348
-1 0.73966139000956 -0.183031984379288 -0.281449009659744 -0.631978778623526 2.07088334468907 0.76493755467314 -0.844842860174657 2.21900387286192 0.528166558177314 2.43578855532044
-1 0.35211668212785 -0.267052719600148 1.69787642299584 2.44796320618814 1.60071600507668 -0.123391974622107 2.41215314936026 0.027891483718426 0.575938217453831 1.73018146049491
1 -0.470011023238041 0.303801408803089 1.53798088758075 -2.07242901703278 -0.0121753864235381 -1.02527329091381 -0.0395606193291705 -0.442736449124149 1.02555417423512 -1.78196161868708
1 -0.158382056485591 0.76607726740219 -1.08979144705561 0.338952586275207 -0.753308742899069 -0.437449822344485 1.00667410315340 -0.767437858777303 0.618453713427193 1.41546616631276
-1 1.18551318406306 0.0767762492462505 0.175145351900484 2.57696633865255 0.950454030829112 1.51329801969106 1.62306100651900 0.824657388615984 0.79654816389567 0.909161417803732
1 -0.226635313710791 0.788386481054708 0.236063303088705 -1.39844023617461 0.833530457979357 -1.33827336953423 0.815093737439971 -1.39559109553043 -0.875368250904676 -0.731989579718698
-1 1.70703931270686 -0.230555965743745 -0.231964760394076 1.70565289887029 0.909567430633868 1.42454385056562 1.89915350028309 0.361440359902592 0.265479222568812 0.429500845002607
-1 1.99461059841198 1.92729650516631 0.253691226347579 -0.862246479804775 -0.563954629887313 0.404105443451728 0.492522537102131 1.75038659253615 0.229992299955887 -0.604453272288925
1 1.10565185956431 -0.705068773406887 -0.114703523902637 0.44360925741505 0.995541596917927 -1.12589246873672 0.0173521761750232 0.477126531025543 0.912861783109251 -1.53111162096013
1 0.0826128214374109 -0.906063090356108 -0.458880558088436 -1.07731528161843 1.41132821489877 1.45406709111280 0.409504115241661 -0.0965008973704244 -0.185394427913780 0.970694420225519
1 0.951155254870114 -1.11862563960477 0.356201672789821 0.530331076411046 0.69042247703386 0.420730144327226 0.0800199518760642 0.322309254091578 -0.811091630803544 0.106250477662703
-1 -0.0476702297802816 1.04463284003766 1.78566577036424 0.630818579036583 0.458865511693705 1.07943491224510 1.42383209291896 1.49738957083337 -0.658583819402905 0.51343087403131
1 0.717018802427527 -0.421376389213091 -1.59652668029520 0.448918342938081 -1.12383583126038 -1.1749099651795 0.0221326399884775 -1.41070362798111 -2.34620009069318 -0.146514783617411
1 0.873126540027439 0.703181792206056 -0.634802826339264 -0.367991620488924 0.109960796930554 0.476703164115107 1.57534270449268 -2.05995847616485 -0.345476122623542 -0.509969888406539
1 0.801350098478461 1.6391801259173 1.49924133260604 0.643430342543915 1.36025076620569 1.00108774548521 0.195499329362114 0.558574706308058 0.988970430435096 -0.523650992394977
-1 3.10816672511776 1.25640154111760 -0.205943796231227 0.900315148801023 1.37019058612468 0.170685884073381 -0.295123732622387 0.65792147571188 -0.76844641216446 0.0564483752923943
1 -0.265879426945747 0.662600007694704 0.21136910745845 -0.135732791372490 0.236194357260846 -1.69064542216204 -1.56102486723120 -0.2060610484407 -0.237046683012739 -0.0683254228144557
1 0.894294289841329 0.428872516142447 -0.0194314505410587 0.443253522474622 0.266494167660495 0.192980175680252 -0.245830190387033 0.455455117770469 0.447779394845187 0.00448998131273125
1 0.38191725427634 0.222592344247828 0.494547208323759 -1.16946636982662 0.005134845886198 -1.90081574086210 1.10360910899009 0.367405061698578 0.940739633289024 -0.153699813468452
-1 -0.04342442473386 0.32110471476895 1.12762018588595 0.518244136932771 -0.823817737366673 0.90271375157348 -0.215801356055166 2.46275972399576 0.418947704606476 0.387373677270043
-1 1.04138697654159 0.385800651265629 0.60626223933886 1.64130911204513 1.77215118023456 1.82396638853406 0.530530777284731 0.548912123087764 -0.715223507966046 1.33966301473618
-1 1.36607290756701 -0.675355424422673 1.33518453223697 3.17639058595121 0.574996791975134 0.0903781794449998 2.05256699027297 -0.0521844557543913 0.539723637677687 1.86126543792944
-1 -0.210908998985606 -0.48607859945512 2.14979693483895 1.74189152851397 1.37573754414857 1.23150316114122 1.21555026371109 1.34323416683472 -0.559915216106258 1.29112187298530
1 -0.424100267453525 0.0316692461001091 1.40884049988061 -0.712082092483839 0.782639430866927 0.365422763795687 0.53699569013137 0.475284752707444 -0.446559252980832 -0.830052971288681
-1 -1.35794020468342 0.371158271807102 1.97940052726833 2.60101370615692 0.554928888646794 1.51604054892185 1.04950531903550 1.27268303488536 1.84038510302062 0.139210691770046
-1 0.559887781241642 1.29424151970909 0.380613209146629 0.0414529232734744 0.781654201109698 0.453220840963936 0.679833726655728 2.33079732425121 -1.12076937906392 -0.141598752594601
1 -0.239057865260635 -0.519849586873683 -0.383250814503452 0.247999424395942 0.77221885720385 -0.137660620518401 -0.699010717919642 0.617935929352029 1.50573365176049 -0.721183667739974
-1 -0.272973300156566 0.720106176742625 0.61703906132828 -0.0488223988112636 0.888275954856775 0.626706291989268 -0.629059038993772 1.78292016681897 -0.786420327287697 1.06314254013434
-1 -0.749783910148882 1.73786458799978 2.22491032592640 -1.02518243642176 0.280224502691897 0.657630589158168 0.100463419300795 0.178991101075569 -0.459614997739984 0.288907949267617
-1 0.798103237867005 2.30090976483425 0.782811481396987 3.11019063929113 2.34012996318239 1.29494787745527 -0.530627328877799 2.8549288104617 2.1062162801629 -0.110384513324447
1 0.204535188071959 0.389940099186342 -0.600114691102007 0.44970677495415 1.16107514538080 -0.417716914971884 -0.936010471665334 -0.289054724408708 -0.85439167751519 2.51469916493056
1 -0.61132313516323 -1.83277777844762 -0.801474803218806 0.533066770796848 1.14188385781165 1.37462447775434 -0.239637997480275 -0.481671149522524 0.865994415774638 -1.80935795509161
1 1.13418426559248 0.796577671663571 -1.50246484845182 -0.29763835186929 -1.36032293935561 -1.09781936325234 -0.183612770005897 -1.20953678359230 -0.113095729283827 0.969701998786507
-1 -0.214464903341304 -0.584645436932408 -1.12429038958150 0.133989335444113 1.33917059424878 0.189142719567926 2.47672192142954 -0.820590170921004 1.68683024103828 0.348821247331416
1 0.00561721985751007 -0.67290710939471 0.0113982470616451 -1.14328320942018 1.26920535172677 0.295804437035822 1.33160683415930 2.64451535277186 -0.590208402253056 -0.695354381381474
1 0.584350564718795 -0.171455287874673 -1.18302904805040 0.91032896892786 0.594350110675698 -1.24616748273992 0.239044195810254 0.706569356833746 1.01951113981366 -1.58051035674581
-1 1.47958070077949 0.326014527346664 0.221068964012169 2.32181470268000 -1.08215095638382 0.698605875910903 -0.914535516596722 1.29831139748551 -1.06012963192700 -0.0148017361702231
1 2.64422555624351 -1.78661401972808 0.267566416557107 -0.68596395213098 0.117803585563890 -0.327883784962681 1.01604721074264 0.800085622961258 0.853744915990719 -0.581953116536906
1 -2.52678362267754 0.430228818108071 -3.24623234417889 2.28790382669212 0.386891343938827 1.54406347973163 -1.31795556822076 -1.82224146948263 1.05759050685721 0.719885146896262
-1 1.65475073165518 2.25386720183619 0.546236272106265 0.740618477962587 -0.290188066278355 2.00661780210593 1.79078052500736 -0.195690513539483 -0.639662599243264 0.046080435780257
-1 2.39849564008004 1.12466459657571 2.20505277050093 1.16559774159173 0.984450614248073 2.19218827243741 0.143231241688345 2.81594437972998 1.21701490105635 1.43756313390283
1 1.13068835612115 0.66490532900118 -0.993483862427014 0.337892381916903 -0.72539299969882 -0.0136702308351572 -0.0282568031177097 0.990454845056792 1.31902589059856 -0.937023205233296
-1 -0.342867050172717 -1.15080052722899 0.499725911936201 -1.28731735957972 1.73100269008178 0.526184069429084 0.642291458561928 0.811215180049895 0.0902342995435618 -0.577485833363467
-1 1.02251028112235 -0.000777310245564045 0.87312843261653 -0.0889929360744337 0.809755172477787 0.872923922889555 -0.0756876139129207 0.444139052294213 -0.341320892348204 -1.34511412128363
1 0.605200151306949 -0.738321774699773 -1.02067832660972 -0.337019085769795 -0.910821706691861 1.55833778833471 0.650333633474308 1.27989370171306 0.925411045033393 -0.0183815445458014
1 1.30199549420489 1.89303849737144 -0.0222609079744455 -0.566210040615936 -0.0461042497270658 1.05363294604554 -2.92110698976345 1.92910468800936 0.58983339742767 2.26846064379236
1 -0.875853179873254 0.704473952544228 0.257040445206965 -0.177433829423482 -0.0443818101040373 0.594313299611723 -1.15748619187236 1.16460543890206 0.389706640803014 1.02826647323512
1 1.05178858608595 1.26238769409543 0.951189815503267 0.824311814855463 0.801640630369809 -0.803053300567914 -0.857212123381949 0.82555289881778 0.823998667373526 1.20217710997947
-1 0.923290533220368 1.08677334997477 1.24288573146586 -0.801192775014158 0.764935250597259 1.23522678068626 0.725298783043567 -0.277281508894076 0.814659667109488 2.53107213797202
1 0.396331112823162 -0.447454422582338 0.786238537859353 0.370733141189068 1.52188869323863 0.317747912538008 1.46819676628470 0.157839822284922 -0.589437816520685 -0.583745567525073
1 1.61518234790983 -1.98492745490070 0.954999652943783 0.587199566570725 -0.0402415234879037 -0.179765939297704 -0.0690470735409407 -0.150855656028313 -1.55991075592162 -0.188540782312928
1 -0.0550662843778239 1.25275184014669 0.336476415512659 -0.440502270498276 0.249001986834289 1.85453835042181 -0.811643766958352 -0.427083714978134 0.581796447209139 0.283040149816829
-1 1.84514894606215 1.17307692546785 2.81177655704961 1.40086842185989 1.73128517107564 -0.373079215787279 0.342442438557257 0.0203168378371629 -1.31538022328049 1.12665105164533
1 0.273650499105837 -2.12598193333622 -2.84220902229216 -0.896637202009315 0.240516149167944 1.02322743618957 -0.160298784687575 2.06018774063555 1.46066464591642 -0.233109722106981
1 1.39302698908528 0.958225594231153 -1.01674497748773 -0.130680801718397 -0.480089378785763 0.0552704460792429 -0.0830859342361136 0.156374868635738 -1.21021474425442 0.28287897065173
1 0.902256097254451 0.862310336184557 1.40380858259670 -0.200224250277582 1.01211867299851 0.809666244493732 -0.408283758164769 0.849979961455177 0.918136148135763 1.30783100050425
-1 -0.256809505643434 2.29533106848969 1.62067820848417 -0.0726819788076424 2.54594426118011 -0.194120169618873 0.455936771324731 0.515984420940661 0.659355700989256 0.628565989949635
1 1.40737999069405 -0.730179256028691 -0.300848553900903 -0.470029198071368 0.761377860098346 1.09170041550867 0.608431373819012 -0.612071474531012 1.02755381292906 0.78257885050036
1 1.51289913597318 0.715345077360969 -0.655246883145936 0.0390675799540668 -2.45492510932345 0.694317786450642 0.754713868777647 -0.474473668007624 -1.74713759690846 0.592584026091945
1 -0.185668263341974 -0.364289493577046 -0.222289248941294 -0.30067219648206 -1.20256853540112 2.53990419602646 1.18544283854592 -1.27153534510214 1.27661756367426 -0.61744385261398
1 -0.509680163858104 -2.05783880799083 -0.000522268945256796 -0.053931923459936 1.94550855604729 1.22927127374042 -0.474342479940732 1.84855193245486 0.940819776887702 -0.786581662727383
1 -0.205306556305882 -1.29319604687159 0.225140948395995 -0.117617590765190 0.198152530277554 0.410324264963051 -0.558142199456451 -1.52874021838036 1.91485852787081 -1.21266812985373
1 2.34992211576264 -0.542189537749574 0.488904283899822 2.19557341239340 0.0802354391882109 1.15146332370491 0.171188594701659 0.982277155604627 1.22633950824198 1.65070381858591
1 1.75519786127601 -0.913865912660517 0.566518050909009 -0.296814926813375 0.70001941189756 -0.19315055240487 1.15403843901030 0.239825888145318 0.481629487406504 -1.58689138808316
-1 0.00432964435194227 -0.391052042418139 0.286080678284434 0.721703371102033 -0.410488851249860 2.01054232688556 -0.206477343238652 0.258220634944439 -0.141553969746341 2.19818207017062
-1 0.265510412667105 0.39925733257155 1.39792155704401 2.11452194742469 1.16959115299859 1.90404334786692 -0.144210265415863 -0.0184786336941145 0.619747534829067 -0.0179581106224792
-1 0.653166719648332 0.460545703182357 -0.0115929091478738 1.32972721928234 0.715894526509877 2.17251211563718 1.41373057037283 0.869033521704057 -0.0671987507629532 0.67982733624391
1 1.33824989387550 1.50980651975748 0.14888698113578 -0.193967556185101 -0.8665891120146 0.0791625479951606 -1.50649864233507 0.288867461001596 2.58140225511324 -0.98162102961171
-1 0.935540602797392 0.64744989093503 0.871153767645695 0.58394740052045 1.98460816497465 1.30175399873706 1.46298676391687 -0.546917675382933 0.743770937881417 -1.01172659375707
-1 1.78444678171568 0.631962685975086 1.02266333774328 0.171103067493072 1.34968935267556 -1.02846800826246 -0.268288679694877 1.08846135934928 1.22817959549125 1.05360445742003
1 -0.333753827712474 0.565838279104889 0.875939009318407 -0.699577922356485 -0.377774004941572 0.855942224912545 -0.910583980975441 -0.509117864571457 -1.10165921109054 -0.818158555474473
-1 0.210976731957943 0.337396436329496 -1.07890113028256 1.32249556706498 1.95482535697377 1.98317999472895 -1.80026321824052 -0.564270870157758 -0.857585309572138 -0.784732872707128
1 1.20139784107761 0.524488544458563 0.778241320280728 0.924947935850883 -1.70941999347737 0.0976312764822756 -0.152533546311159 0.104895745713181 -0.0796898112413207 0.607970804093744
-1 -0.697174094402621 1.21350405094832 0.720253358806231 0.0822639285971997 1.69767070412163 2.38032757616683 1.22167696596719 -0.56973801489829 1.38605170151615 0.3664379067925
1 0.402708145739208 0.208151551501098 -1.59524574523964 -1.94050716950753 2.03069409187666 -2.07996377327798 3.17131987152990 -0.133858058084927 0.808721256444065 0.0259133291493027
-1 0.54358810019977 -0.358643752581125 -0.135830162907380 1.86737528143229 0.676767328904443 2.20452154503117 -0.59034907338983 0.0928431376948435 -0.150880291669605 0.968745310392447
1 -0.6535007075145 0.238113126704151 1.34953248830503 -0.230672808462722 -0.177296270846246 0.853370429545091 0.516083050974238 0.691140480363171 -1.66202969940845 -1.36505441328498
-1 1.01061879616705 0.635962296485567 1.01668922424712 0.467775658978189 0.79778267776175 1.23030428842761 0.61884410099186 -1.89189491667082 0.949458794332853 0.411795906807937
1 3.04216660234206 -1.97244862987881 0.344679568447355 -2.04748556646113 -0.178330332480591 1.34049123920988 -0.163433720183346 -0.808511789884036 -1.01231282884425 0.675785507869058
-1 1.07669455815247 1.68623979415573 1.60587458951511 0.390247872278901 -0.232870590784106 0.540474334923809 -0.0190370871688896 -1.55618272470508 0.963959798497312 1.56759560665288
1 0.223681200198729 0.825759644567438 1.01417316742189 -0.140404559603439 -0.369299721791444 0.531447384312944 -0.540057862882756 0.447243658940948 -1.81132622000028 -1.57092878262668
-1 0.698879373634312 0.7045677371655 1.12568265261013 1.35643123698114 0.902731225484792 0.0991356610245957 1.67721888520086 1.46953378915422 1.34543739252460 2.43045769666841
1 0.530907725881068 -0.362300667821613 0.495114362876789 0.865849770270541 0.399494965480334 0.561642354383887 1.02615135404209 0.28033480624185 -0.730247558210001 -1.36473524370132
-1 -0.24135443944774 0.645830543061633 1.67596849604412 -0.799722183620161 -0.0554782751412564 0.196188729313123 0.0339495191021670 0.101003463064798 -0.315008879592139 -0.806881736212137
-1 -0.568283515442871 -0.396715005390186 0.899124876384389 1.52077052937731 0.97868769967083 0.664478651161846 -0.892274300224338 0.235028816259884 0.349416298102417 -1.16203025470510
1 -0.150613673340536 0.242048668768836 -0.317540174002130 -0.103911909635742 0.856221041198716 -1.2161934173415 0.248147300426024 0.0557535195896885 -0.59980328344429 1.05920809403785
-1 0.669613480728034 -1.96978822744544 0.467244358217797 -0.586136651173941 0.0409420783513265 -1.62902513019254 2.04788864817968 2.43288803676902 -0.127775849302076 2.21345034641011
-1 0.623604525592903 1.75191250619471 0.951354469800815 0.0527513973361166 1.79394599141147 -0.938205036367787 -0.86280801402607 1.60967594601829 1.57456505760379 -0.361250078478706
-1 1.40895030888852 -0.064479931705216 0.521730006372607 1.25028754987273 -0.19339908662565 -0.246892747175598 2.11938757471406 1.06135147107867 -0.424292439363814 0.102331354644715
1 -0.244178492479579 -0.0216462604717948 -1.48640150191380 0.421125262311750 -1.67423829647936 1.29309988292213 0.37455146945441 0.0990847899322378 -0.378047795017136 -1.14292984872030
1 -0.98503386461539 -0.0733274741313344 -1.25556480987727 1.83993828485459 -0.106442950035696 -1.62910915811195 0.309868498122673 -0.300132278973892 1.24604425960868 -0.179177578027419
1 -0.144773263114423 -1.07282189248082 1.72807891756148 0.200359384359925 1.58420814788529 0.316601698310486 -1.31830037548616 -1.34018579980497 -1.05404487752232 0.279125883212156
1 -0.920488977801466 -0.59576097879871 0.602689872291791 1.722152289403 1.62925773943407 -0.518108196221794 0.232764761702731 1.39616454226259 0.575502078256744 0.597877310439014
-1 2.46883925627387 -0.20542947373874 1.81434803849158 -0.28314266622629 0.378768683884255 2.22705586349366 0.64844981868352 0.707056881610763 0.287221865012753 -0.489703658580451
1 0.34923231542373 -0.144693814548747 -0.105528303978435 1.60980104450982 1.32763334705337 0.345412452589310 1.43332849980587 -1.62709012704910 1.11461187751920 -0.0195936844567049
-1 -0.258555876217032 2.13724031024974 1.26326140231477 1.29823445880434 1.97437185911387 0.600433433993369 -0.374122943241424 1.55321924175502 -0.014785354604546 0.267740519814100
1 1.67060870461714 0.348550246932937 -0.177374876800360 -1.37231430780062 -0.282542409041993 -1.58556816629574 0.000838505804836692 -0.0984266657953782 -2.17010365787676 -0.574159365497066
1 -0.671844383157039 -0.206211236478417 0.292870536987884 1.81590538355899 -0.657660181809746 1.28699395639647 0.528406384326248 0.709279765318836 0.305938997430624 -0.140087238486876
1 -1.67661829032359 -0.258164938292515 -0.850430688539415 2.18616398298825 0.260420925484503 0.493521000342489 0.910616018239106 0.805883237701644 0.131528273668517 -0.304641181435966
-1 1.31557947139312 1.71107237814195 0.457318021963074 -0.527967811534655 0.270781501925863 0.552531240891577 -0.312540382699671 1.93312419679830 -0.22041710168672 -0.586263492518739
-1 -0.0862929238181699 -0.977701874838083 2.59125056388282 0.531802667225096 0.993887207367458 1.85534331942947 -0.270452875178583 2.73967259046628 0.261787743061174 1.06051147823751
-1 0.185677542595249 1.41903631842409 -0.049494521479388 0.136429976637505 1.76385058217624 0.356533853807835 0.0503622913517826 -0.529909931367968 -0.395247866452271 -0.447632504024659
1 -1.10230513075845 0.0926021859245344 -0.281561963071308 0.330796825818117 -1.70078524267373 0.174554455514190 -1.03889925869765 1.91069617325736 0.179275338720267 0.824098510179055
1 -0.406857325838076 -2.18465289321509 -2.34049406498998 -0.558261180768371 -1.09355590071932 -0.238765385037287 0.64081546490421 -1.85330351300812 -1.88775860359787 0.852073424332012
-1 0.664562990145005 1.13546083033720 1.40748662555191 0.845626852442734 -0.158078912161828 0.550844960648015 0.430444371205782 1.48161173481882 0.892400260819454 1.40993994431947
-1 1.34162043699527 1.23682609240553 0.690570982902985 0.419197316659509 -0.760383848071322 0.676544382659399 1.34510217696826 0.875092772256054 -0.0437710981008965 -0.231473595990940
1 2.35097913408998 -1.43704215922089 -1.34140566046715 0.56816611330917 0.595510903713952 -0.55982930497731 1.40375687327063 1.41330032422109 -1.10317735671935 -0.824044796260807
1 0.0909316790165355 0.6394244483458 -0.77908806939444 -2.44541392685498 -0.0660951418138682 -0.39806697452756 -0.0566951439151 -0.950486457543565 -1.18798237748885 -2.01946753868294
-1 0.920200758516253 0.926050249155393 0.591123026934515 1.01258078962370 -0.789658077392857 -1.12716069448653 0.682051060943617 -0.429169847660123 0.901513540079065 2.04397228582095
1 -0.812451860931837 1.42313742567975 0.196099423031285 -0.0996151600702986 -0.659227820658566 -0.687376682415677 -0.483150707045214 -1.95401723406682 -0.693580951907221 1.07891941982184
-1 0.137503907226468 0.328489623142542 2.24026282823141 -0.312952974649503 0.800382541120433 -0.755990411524793 0.623323420053334 1.63019781074622 1.18651248326898 0.765382755791132
1 0.749053444562316 0.168321358434162 -1.40785764728907 -1.28412629048800 0.523827189470374 0.57026744719237 0.267061693271152 0.047815254328918 -0.303821609212068 0.185166733784229
1 -1.7048667185699 0.125213842848984 0.505808924490705 1.58061305988116 -0.0833969467470592 -0.169167580362938 0.556284920905498 0.837247430375264 0.193648286289149 0.617204608931017
-1 -0.19430710888149 0.414007947039733 0.846008665208603 -0.00272338297268726 0.900583775881546 0.452509777782371 -0.617544326311711 0.174238037887549 0.849802856626281 0.64064474854759
-1 -0.424450523939801 1.35996826404357 -1.54994208128986 1.46523408849669 1.24620505826833 1.55621840429397 -0.609205046038631 -0.110720026613063 0.805800179732365 1.01377303143166
1 1.68492353843414 -0.307852295520929 -0.995559933906344 -0.650573149373052 -0.843394959855178 -0.178972272063715 -0.109351007059036 1.24376660660949 -1.76328352278227 0.466825480882503
-1 0.544867499207717 -0.412558009802828 -1.36484485644915 2.22043313665791 0.00266306133644867 1.59052976055183 1.77474714396853 0.975402191329729 0.216985069024339 2.04186165345537
-1 0.60636052665358 -0.0961762746560437 1.52852490151853 1.43454381880848 0.766236723380407 1.69233181929633 1.2901773477448 0.599577531272103 -0.149384311085900 2.64301989927660
1 -2.05070162944081 0.356165931766004 -0.729788114920744 1.29606920293205 -1.10446773634915 -0.909335224456915 0.350260678979675 0.572786448178043 -0.496906732239293 1.31169333435565
1 -0.397698575072169 -1.14635009716699 0.161585095305856 -1.11097414173530 1.2151320697993 0.61135924796438 -0.169883430334312 -1.26056422691076 -0.465608551503512 -0.595866002932609
-1 -0.519428940819212 -0.283287280985678 -0.172611047133400 3.14673958427065 1.90730957165590 0.0184658194640653 0.885565105442951 0.0646828020314764 1.40335436586667 -0.565011114616356
-1 1.12623467301803 1.50977687184432 1.16480737194806 -0.600264135121526 -0.0822280925037224 2.63708643348325 1.13145293835138 -2.06955463589215 -0.261906979885310 0.94005009738872
1 -0.0688427066774394 1.43024538209670 0.700298139309111 -2.01335020650958 0.129367223774926 -1.65270876861547 0.129610391735565 0.546382754456646 0.538015411078525 0.746386785395518
-1 1.86431057006739 1.39987433535285 1.84163803312652 -0.412481230688407 2.83242943034122 -0.0583730329259485 0.102654259435553 0.957652744251767 -0.795441969920605 0.775614052710763
-1 2.19106337983653 0.819335447512565 1.52939864055183 0.284401309721613 0.644974659900416 1.25573993855506 1.16406050780464 1.03852324938293 -0.0378679536400197 0.0996836343441893
1 0.788288768318463 0.0686089985603657 -0.127040519356927 0.108149263031133 0.198450291190862 0.808249424303512 0.591083497449815 -0.252924487677798 -1.16973504566569 1.77968400601904
-1 1.54361584172014 1.56838807017015 1.02735486846342 0.0981379723364088 2.30790933291294 1.34766899095610 0.226917259913534 1.59199551902728 1.04135739923967 0.307407560245938
-1 1.03390503705966 0.731765310863804 1.5393967627627 -0.352980843964362 1.32305732750516 1.66761281526078 0.794317128172244 2.85943683993227 0.982833792148933 0.90753322903017
1 -0.782255239343879 -0.336992668792004 -0.00659036508546805 2.74457573051071 -1.56259432019771 0.388792538829520 0.126596966314193 0.857296752504726 -1.84744574699341 -0.306326872585164
1 1.14910299288238 -1.14680870245006 -0.574685060888135 0.443747619575733 -2.00964270709797 1.42829675781984 0.0541995642036589 -1.23822218758060 0.90587924787961 -0.170602830216168
1 -0.378853539694094 0.349590607841057 -1.98654882743305 -0.341080206850572 0.0810577965340524 -0.544103230936282 0.610351184849497 0.532032207792215 1.12177308480941 0.788394180485543
1 1.32362182316246 -0.30761242821792 0.513079532122927 -0.16358126050567 1.23257642786360 0.276849618715908 -0.403358453041481 0.0747979736201009 0.388236550617030 0.0502646961049684
1 1.4964906923363 0.905907050437224 -0.0931044739346998 -0.327436573107739 0.995228572723195 1.13482950129162 -0.0841802591530326 0.0679685176313887 -0.846555747506107 0.926467635510045
1 -0.60612585931603 -0.408047173371091 -0.42209263178355 1.28026519594018 0.618121704540456 -2.63945597965668 -0.431999253381927 -1.45163646710272 -0.295047473506404 0.201836208955659
-1 1.45038787549350 0.633313624237566 0.429885621564364 1.29606461363536 1.02336038578024 0.109043849980557 1.04327976359115 0.94986221675692 0.64878650735695 0.945507385477074
1 -2.44668326162479 0.40540043818819 -1.30127508281511 -0.900512191951673 -1.11903734571181 0.370774115430267 -0.458484355917948 0.491502481253057 -1.43618411395664 1.31613260626663
1 0.377021660618422 -0.78509739455964 -0.686517196430332 0.393249542625773 -1.14349659122173 0.130400933457009 -0.414978002927326 -1.30440694809692 -1.16525175309894 -0.67758816252471
1 1.46292404494357 2.26349517447931 1.62478538006437 -1.17014330176571 -0.0205835184932675 -0.095539352229025 1.83016579604870 0.970990540471918 0.999961986360574 0.706230660435749
1 -1.25895906975590 1.53214867324792 0.0324272795884389 -0.129876039856023 -1.53754457181993 -0.0745106017244278 0.211688747169233 0.0419044747182632 -0.0276964936719426 -1.61409281232016
1 -1.4702480664042 0.111291865739804 0.301750215753847 -1.12897099530378 -2.12947661451024 0.592322660199537 -1.04950809169117 0.0105291933489584 -0.496898956821832 -0.78708099805804
-1 -0.0104314605405493 0.576057486702352 1.64129530625996 2.41246087216386 1.07970148610452 2.53647736547990 0.657017527679235 1.51563818831617 1.15463977856098 -1.24026663439211
1 0.63866591572031 2.18429778401518 -0.0749914387929552 0.326924880291666 -0.208888379490269 -0.888498987924874 -0.200385985311455 1.35805340399740 0.0492068266148125 -0.356803391834878
-1 0.563393786929773 -0.531402253039229 -0.993321272818344 1.01170311514809 1.89340477973895 1.64528164669235 1.08784687146142 0.0289250228714804 0.0755038128048378 2.22298755582572
-1 1.36624054315835 -0.0608016605941949 -0.452757961362004 2.10677750397806 0.911037994752495 -1.31670362949088 2.16913409451993 2.17690214165154 1.43387369840108 1.00426956861735
-1 1.28087965385156 -0.169354905706039 0.604964988058953 -0.124279461988499 -0.645519590607131 0.0193663196861431 2.65467193156786 -0.133738988768110 1.58534159720687 1.71683331874112
-1 -0.84499358370532 0.687636922208964 -0.83866281173318 1.96938156451979 0.0475674962306442 0.155532411101448 0.79239639513369 1.52652113210895 0.345245258090043 0.602280003055433
1 0.593977790898878 2.48366919588034 0.967134814810603 0.814516812813388 -0.661739069013767 -1.41080081533988 -0.567046789695165 0.852112363948456 -1.17969253193804 -1.56954963305350
1 -0.00827188907336455 0.372090768235539 -0.228110257499667 0.639771472634317 0.529194528300574 -1.72243181553006 2.13948240554204 0.421002586824274 0.571677043332705 -0.254379412246417
1 -0.31851525730335 -0.936280332673555 -0.70655048944153 -1.47531957945541 0.849401170113506 0.379513789542998 1.09528424208969 -1.2733466199081 0.751118953695469 -0.169536729257354
-1 0.481156748302693 1.56063243251560 2.70726275329238 -0.726785209754696 0.0363003385591236 0.500204519640801 0.314424648973065 0.736374366670263 1.62854788949177 1.09447975630959
1 -0.347454888110113 -0.301581387255939 0.353293290565475 -0.73282085083783 0.0958605882403554 0.0257279913358667 -1.41762940818422 0.267603029052255 -0.572391286968738 -0.549943865715076
-1 0.765416769670568 0.545047798746385 1.65959830038198 2.60405409443287 0.347491524485137 0.83359597311599 1.10130923187722 0.177062556773127 0.94286205708669 -2.12093661711045
-1 1.92196037870121 -2.54439928571807 -0.784035570302432 0.791240482392925 -0.460989702911232 -1.28227349540092 0.0694444181573296 1.70888064609133 1.08690792569275 -0.262984203523166
1 0.487011520617919 0.996121611466292 1.26571853525232 0.631414218461857 0.0722923305015614 0.269828210607867 0.351106860908136 -1.55355433441893 0.40247499458177 2.22056474185287
-1 0.880036518230034 0.912119571756996 0.878022311785955 0.780491624346654 2.41208250143258 1.36536214703374 0.416250873349688 -0.242807564731408 0.121170940962280 1.92039315085211
1 0.198043758345303 0.420268537432524 0.56535730304277 -1.73746089949511 -0.272400570288018 -0.244051151349772 -0.577126151996876 1.00816690551949 -1.86542314080766 0.197319963853001
1 -0.853789067680564 1.9103448707427 0.00925848020160728 0.508100563427363 -1.03051731031991 0.65141174166721 -0.372702326562744 0.788628690793838 -1.06287214783491 0.208374308179228
-1 0.95024910419697 0.829219380329593 0.630247377221039 0.504649060419694 0.108092764708536 0.117136203632233 -0.459867826678621 0.517086113630316 0.0787807324097016 1.39636592848568
-1 -0.59444640737858 1.70463138047271 -0.326608273132180 0.413025543979653 1.70298789832789 1.17044835149878 2.50221404020953 2.40973642964961 1.05345684608208 0.552759383525326
1 0.0148996280536452 -0.597214994847694 0.372175099479845 2.1059864753148 0.829062940106672 -0.724395413398166 -0.00800856400484271 -0.917563461710537 -0.0893108565254096 -0.274693103830256
1 -1.8094248943211 -0.513067769617364 -0.249309850839573 -1.32650546508222 1.14005766774562 -0.469148775772196 2.92576191350359 -0.0895662852259355 -0.293858248941533 -0.7339881846766
-1 -0.491550191047873 1.78503354179688 -0.397242825023719 0.639555016850593 1.4206886840447 0.28286764456042 0.232081105821573 0.226266175942680 2.46409179683479 0.140085679327996
1 -0.341546382323183 -0.381925803973454 2.12633023830200 -0.932704760400778 0.749003576457505 2.75100670220940 0.98989917516511 0.248814911308159 0.0924771059909135 0.320052802724647
-1 0.321569993506566 0.686031245082323 0.129815466115714 -0.244208442864819 -0.61121520567831 0.451337585610396 1.00269806965241 1.02427575766236 1.45777957728292 0.974183227315017
1 -1.69837583466656 0.853297469911144 0.708250011539893 -1.15266302214103 0.410754972864762 -0.194529141774475 -0.041559185149546 0.932226026814708 0.979013506030323 0.689544315034929
1 1.57139653607746 -1.03966674377438 -0.709265645778662 -0.944548383724639 -0.287303901272388 -0.615816969091843 -0.02619729217335 0.515751919487286 1.04363468416723 1.09659400945234
-1 2.68835169863440 0.374463453095387 1.66251551186449 0.921235826814619 1.24802869708114 0.300007796024996 3.11642271862848 1.12059225976736 -1.55450662790934 1.90475686623358
-1 0.720931518407668 0.656456374251429 1.6834087220592 0.201841039557368 1.78447142491501 0.356142822021209 -0.799457754243214 1.14718431813471 -0.13960533419439 2.02195953276276
-1 0.488359728309187 -0.959871186991362 0.846776068094418 1.88862067179535 1.51713202445756 -0.045033896557288 2.26077541751941 -0.650928644146998 1.03166836261442 0.609708211705298
1 -2.13851173831655 0.900348007883433 2.16214436106550 -1.38820550959440 -0.266106517136032 -0.6484008411861 1.14151860402959 -1.20191961991537 -1.35528549881057 1.65205604694122
1 2.20989907304026 -1.51791077127299 0.683565867160885 0.669549938435204 0.73384133823815 0.744482383489595 -2.03484232968037 0.410513464911804 2.02817416948884 1.58464468433402
-1 -0.028790410167031 1.07126585565065 2.67878353404993 0.861480178800728 1.28890263198515 1.10105769808898 1.9088534344365 0.941362766087765 0.876645247372246 -0.00203424193948909
1 0.0176506302047916 0.466142197453280 -0.0858391035059186 -1.16716254285579 -0.0444062666965186 -0.140052798611095 -0.238261856771155 -0.703877906186986 0.674965659946816 0.0631730435407508
1 1.05690294101979 1.85547075411573 0.82761937686484 -0.993169442420143 -0.776214034653893 0.512006478147625 0.321361771752806 0.611551603381667 0.621014026719396 -0.511268465859787
-1 1.57735936578623 0.582482706186956 -0.0998902993867321 0.838930623658969 -0.972362530011014 1.68783736643237 1.79124808891815 0.754344571826178 1.76924496934995 -0.276013448867484
1 0.0296112852087349 -0.315309869036451 -0.509807129268444 0.442155299861503 -0.782017230136649 -0.475808026313131 0.911748909002163 -0.503274703558661 0.391561126593838 0.265698330992347
1 2.55201232598233 -0.595178909816229 0.199817909366183 0.6456537728031 1.76563928470529 1.36747884455485 -0.632915835540749 0.739495167579625 -0.0831778273713017 -0.311431417795679
1 -0.300067482590727 -0.331110320985257 -1.50797102535692 -0.679887587398181 1.46947861531014 -1.00278910785435 -0.345799600461941 1.17899898391948 0.668601032724289 -0.333879292311129
-1 -1.50978845015180 0.721311082145384 0.379274438402317 1.50660388435989 0.952101157344514 1.08436182264432 3.00744946058811 0.347777480772307 0.706126509501505 0.402077616258523
1 -0.153827465637268 -0.741163582362255 -0.99907896028686 1.61840726310234 1.44793675127137 -0.237866416155957 -0.155525191604581 1.31708074304484 -0.0326626830889746 0.822636715645922
-1 -0.0696564186171673 0.0467638713677399 -0.121129685871092 -0.00661750921713711 2.09988720317111 1.37943398900335 0.842485602378875 1.50643559772444 1.15505292187317 -0.80711943101095
-1 2.40910906044455 2.23454951693358 1.13908598886067 -0.147051353976252 1.37426883710676 1.58939180835163 -0.560011569938047 -0.226041851635203 2.14911405318743 1.18793957212788
1 -0.250928050119302 -1.97549413309039 0.422000976302416 -0.0342954243395069 -1.07177433926879 -0.218505988807589 0.165841783407528 0.127534386832559 0.446753230846013 -0.36159287744561
1 1.62255105831950 1.73701807158566 -0.7962190176809 0.554033059294032 -0.81856916944822 1.10110834488297 -0.796015710036038 -0.339075421978825 -2.12303532673845 -1.61288111338431
1 -1.49617918377808 0.515745088825146 0.86442374917234 0.283331202774288 -1.11279687729334 0.781417989550706 0.062438416744604 1.54220091562816 -1.36871312657268 0.364948351886296
-1 1.38760990843877 -0.399499243779667 0.602354710939495 0.309245694705022 0.188098421305161 0.639001496029032 -0.674636964571169 1.12206523380168 1.29282764964110 1.45428719089328
1 0.739469433582093 0.376280507348618 1.07969028217761 2.47722988717377 -1.83116840953718 0.0473311269390269 -0.331492856864409 -1.19823533275763 0.0488700602097116 -0.901559224614077
-1 0.90734516940371 1.24192210777363 1.04924130222927 1.32954957967795 1.78794203913378 0.216093575395468 -0.218932154255251 1.06157638597857 -0.856184220615604 2.59671740045685
-1 1.14186971919044 1.81856120982906 -0.135533765052333 0.309453901929585 1.91494223187232 0.504357486404775 0.440847931993995 1.43145982438794 2.19489401410528 2.09068087811683
-1 0.614094349381396 -0.518451077518389 1.62037784730896 -0.155085547438903 1.02909701549239 -0.294284820524139 1.52710135630359 1.67299717758911 -0.81349799180875 1.41298409073055
-1 0.608992234685415 0.656555056735721 -0.0700967784713126 -0.490799761649564 0.167178887252494 1.28335708829184 -0.972139421742944 0.0236045645184048 0.204268307283814 0.996253244532498
1 0.310062079474048 -0.534658338260192 2.19738652195683 -1.47761519888534 -0.658213362440083 1.97676376184472 0.75605226308978 0.686965010583898 -0.447423469893694 0.572111574528319
-1 0.253683917965281 0.169988768441487 1.36431613059138 1.57927848242467 0.168037197620388 -0.386742490387038 1.09834232435198 -1.26918138406982 1.10396130163677 1.97770948186822
1 -1.11080536239181 -0.0849528613334765 -0.137032782258679 0.795436746044461 0.553975495918171 -1.19201125000600 -0.240566890443214 1.07529207659686 0.236508396498784 0.405818246530482
-1 -0.224005603711266 -0.316230347379214 2.29156718853387 1.19042568850656 0.516113215248804 1.47759225945304 1.88622618454846 0.681692419344856 0.838477838152013 -1.22885784945790
-1 0.20224729863966 -1.28571718549806 1.76010901742197 1.29852204827165 0.10866336874918 1.13854902092808 1.10868781211843 1.74625887874691 0.0966812826178765 1.18318338816906
1 1.98078428156124 0.29156454121874 0.615209215325932 -0.341846177181192 -1.68353700295342 1.23826410983778 -1.17560527565071 1.59867646570000 0.332829515149562 -1.8790670364138
1 -0.326072928832669 0.258520465085658 0.406572753042983 -0.0940637076744798 -1.77734881971457 -0.719456806659479 1.34092507662571 -0.810813480123934 -0.334356958347273 0.71415710534566
-1 1.19714979673643 2.11202878279210 0.439450731875942 1.00903657968482 -1.09658781607464 0.0933486660118017 -0.128226228458179 -1.10084631352525 -0.325116963259411 1.96849776835926
1 0.227663380036668 -0.174265705661411 -0.108711805060136 -0.82264076050343 0.520164027074305 0.829718284897783 -0.260255707424193 1.32393345488202 0.658475926239757 0.314373507534901
-1 -0.67000992359973 1.15811278163509 -0.148863775140227 0.968806517318608 -1.24054038397254 0.5055543797929 0.377850843380353 -0.0139948766198749 3.17186164716993 1.00399870578123
-1 -0.317813323020471 2.31391472877006 0.139196947984205 2.17250773762560 -0.362734680060772 1.20773131534508 0.330486897962286 -1.06800493918866 0.340380753182425 -0.401159575867323
-1 0.182370443943952 0.972023813535596 1.57429366527278 -0.214559746047238 -0.613294022892554 0.786609412240704 0.844749741291796 -0.0279572648536532 1.59499861524639 0.164330956150599
-1 -0.128689326878619 1.31349492392527 -0.169990574890166 1.42627784831150 0.559714963447974 -1.46918651341583 1.20589914226241 -0.983125379341022 0.549320804097458 1.17599073781304
1 0.326468340274561 0.274466444744178 0.326225998074418 0.140941638574629 0.926531711400255 -0.0808519351006872 0.77640425780976 -2.05544756757434 -0.000440369091873372 0.952500683663546
1 0.620665050860495 0.141636878396745 0.334914743109355 -1.29867144273971 0.919911802544762 1.44611672553038 -1.0941780913343 -1.63409992138032 2.21271637407127 -0.712653221595996
-1 0.906195422529736 1.54449116929577 -0.206758144866969 0.40810810665138 0.68361462302201 1.65873797334495 -0.598607886292087 1.27507564453259 -0.933235939187007 -0.0773535933585439
1 1.12355015985967 -0.269840634183793 -0.552781984355031 1.67834615131496 -1.74360895498528 -1.34951307100698 -0.501831685595734 -1.14985697427505 -0.9777469064669 0.94054979946703
-1 2.04923319734448 0.566055739550666 0.457884627586754 -0.0386873206335859 1.87363299083247 -0.527855507064329 0.373938328224455 1.01062260686329 -0.547822586484141 0.00971865137919492
1 0.261320123631099 2.56125205336851 -0.0728776374127315 0.554690755282121 0.887371333690788 0.938618102782142 -1.29832698855372 -0.548956125771625 -0.617240928355189 0.0300867364424061
-1 -0.0894468302400663 0.129218668779708 0.360774694774589 -1.24710169105613 -0.637909395061295 -0.880792630272707 -1.09996068743196 0.170788435264379 0.356809151408023 2.70848829892801
1 -0.49274670498187 -0.503284510534213 0.279211265089876 -0.621432731806322 -0.356182016127906 1.80505152370655 -0.373295975215488 -1.48802015619227 0.280456653941353 -0.371932263829249
-1 0.276609697045686 1.69029064169801 0.937121129797282 -0.203526531721963 2.03845401421662 -0.444017992621353 1.68126001218533 -0.435746681245350 0.71009967518693 -0.032998582057685
1 1.38738883042376 0.68673153115927 -1.31667421603647 2.25780559678192 0.0277072726018675 1.17152091288375 -1.35373003193175 -0.144412261546523 -1.09944029958963 -0.0586912484342493
-1 3.08838311886835 0.965501491783192 -0.184584638996253 0.153363088584924 1.44579873985328 1.51950990538805 0.278215345578741 2.662464982126 -0.11251238742105 -0.157703674346894
-1 2.0028560843162 -0.552273774578526 -0.0882339381093157 0.275675543720422 0.404629741788594 0.269969162592727 -0.588308093296443 3.38730299903913 0.372416330269436 -0.373352299976706
1 0.405733163778697 0.799789147827726 0.883574006921022 -0.359736633223796 0.291577569153916 0.6398324639176 -0.52829921743843 -0.404320789936252 0.267221639449245 1.04125747866938
-1 0.279739660732115 0.992760211509562 0.517858723067241 1.00467838510932 1.90993505503004 -0.889340377681565 0.702265739736936 1.66135207456222 1.37522162538374 -0.142572599692243
1 0.798027591069521 -0.334704385626008 -2.60276118752914 -0.668538900742924 -1.26560301571129 -0.130119428019161 -0.616363959637737 0.299123944872292 0.0578291241707393 -0.125921481620690
-1 1.32467841992863 0.563614335952014 1.55032727685837 1.56371091666031 2.35184400042374 0.353014273576848 0.983883190128591 1.36240522360053 1.11178440430375 0.275015292736439
-1 0.531679894037381 0.168783160915488 1.37087047086770 -0.262248247800599 0.491897572284602 -0.328543096992934 0.00883755233480266 0.65822712892771 1.08931723731156 -2.62629489740731
1 0.376104790801451 1.11363165979917 -0.967643584767694 0.860496484486394 0.702908598530675 0.830460691249714 -0.00470717962898675 -2.57846842369455 -1.00331702791319 -0.937967856088885
-1 3.00307628662255 0.570440577528774 0.015464045146943 -1.06502145169676 0.201618381812607 2.27457100141182 0.955936391546382 2.71744879105969 1.43797882637141 -0.615163673425297
-1 1.01489200245255 1.61933455793189 0.894989603039241 -0.458100284937523 -0.817050698484163 1.46894374728631 1.39788909285736 0.295426578948301 0.665648076441408 0.0951022379594745
1 0.946782530323427 -0.446633876018973 1.47287277466646 0.524543772047684 -0.734528454304023 0.161971585919394 0.143623375251260 1.75701675824955 1.70177151691990 -2.3873979368928
1 -0.0592312468822185 -1.41161106491328 -0.114814613162364 0.0533483300950919 1.34212839328503 0.227699705947094 -0.404379133022318 2.04733497127005 -1.57622122152927 0.0650210345287442
-1 2.91881350124437 0.274282906258425 1.64476302596040 0.247431508660758 2.73376593642861 1.12565877725084 1.54064568340877 0.568496914606927 1.17287806852728 2.35610068783866
1 1.03709114038703 0.610821669427752 -0.458496075504639 -1.83407968676689 -1.09821507293935 0.895415545386656 -0.583932309566202 0.103249755264322 0.298741005678252 -1.06466309811358
1 -0.226060976356497 -1.03993244199563 -0.819148712474044 -0.0961541781052067 1.20062143805714 -0.422928631062948 -0.228349838688033 -0.271779790072762 -0.271402736086738 -0.149678173192222
1 0.734542629618712 0.504088347718183 0.715854254185037 -2.12432433378371 -0.105054239514563 -0.155051812069602 -0.669533329204405 -2.27358401907918 1.51077251505046 -0.92919446822569
1 -0.759493271513964 -0.987907725017237 0.0215401080510934 -1.10806938291603 -1.18655362076848 -0.282602541687261 -0.91195531376702 -0.164517419684755 -0.188341345964335 -0.591120758095611
-1 0.52418389272253 0.160370668159344 -0.250336605688181 1.01097186889441 -2.06303441353106 1.08041446516225 1.15950553115249 -1.42465920020099 1.63609124038271 0.243519484657105
1 -1.81721932916302 -1.88045365727524 1.30398035493119 1.38553195012804 -1.39325868266781 0.524134999836809 -0.338205490704186 -0.688311923071935 -0.463942760905001 0.62146130603139
1 -0.415623026598327 -0.398854314620452 -0.723428000159085 -0.186065317418421 0.166614089239563 1.58995215351549 -1.37293333730256 0.543763296636456 -1.72155174087369 -0.607684225152242
1 0.120894945084642 0.148077833993166 -0.583669849818163 -0.269926661173186 -0.038326488212779 -0.0147349992910848 -1.80307299246664 2.59034784687294 1.39534646829484 -0.142415500423485
-1 -1.27543731509316 0.576671939905632 0.123862268516136 -0.318945164415992 0.946854265814777 -0.446528155818853 1.04806881478054 0.654147001482937 0.423144636870584 0.656745639039894
1 -0.161403330104885 1.74401197375897 -1.01052626394550 -0.312957242717914 0.091998960749303 0.327771737777445 0.156991896557791 -0.802871781440497 0.225248606782807 0.313414752378353
-1 0.103170256564649 -0.0459327204280353 0.628628822289951 1.44763759319606 -0.420494655315912 -1.08220762485457 0.104183783125276 0.698022412626799 -0.539522194937362 0.654477134650905
-1 0.680495859092185 -0.661782148884127 1.44876080216160 -1.25978234598444 0.205624875901982 0.705528835220706 -0.487343945147148 -0.169842205997793 1.14314239850660 -0.991938685971933
1 -1.21608037543439 0.69504333078565 -1.01864652708774 -0.815824139597908 -2.69137557851361 1.41270521956979 0.496729287591341 2.37792141642401 -1.18378968561094 1.06255948798026
-1 1.86867685780779 0.30299969510974 1.60927135028201 0.140116275498033 -0.72061039872961 0.916990291857163 0.210981922232922 -1.43299019597325 -0.723426842182884 0.248073158418523
1 1.22245649673166 0.720918293476033 0.267988514068278 -0.296094875273476 2.39447370050175 -0.117536952748790 0.545735257054529 1.45495013096562 0.302547995583266 0.651914113415828
-1 0.264618227607818 0.711628361629706 0.521417991392556 2.33265367057084 0.92206456725542 -0.201397098926009 1.04474875988427 1.91147529672994 1.40719949567115 -0.809975578209323
1 0.0834278557565404 0.44193841302414 1.02419675964284 0.181430935969285 -0.836777560225395 0.530223790695728 1.95518105004067 -1.46994645325866 0.571453920256976 -0.502976527442733
-1 0.740333644737249 0.163943435183220 -0.664756738215564 0.772837211074575 1.81585785673325 0.484525010425676 -0.559405470139334 2.29052141632250 -0.430554126057968 -0.0112109953048563
-1 0.522184664038979 1.53908004807324 0.526976454773967 -0.123228534494974 -0.198735100673541 0.699987882264276 0.853607289510882 1.30570844352869 1.1444550521817 1.3978675529904
-1 0.107514950759630 3.08755587548519 1.03986563990895 1.14194228152799 0.545391917285826 0.709305734566205 -0.0729462352224584 0.0783160982466968 1.18057422414904 0.282483844602164
1 -0.555176853461472 0.933004152724683 0.178339235754542 -1.18564823590572 -0.268444245333587 0.930446793746513 0.927758895666248 1.01984598495076 0.462664745564588 -0.612745817446042
-1 1.64785305361544 -0.32069620362511 -0.550672591546764 -1.42186348940181 1.20800559374581 -0.222898246500108 0.826547245866198 0.181332327080132 -0.417663535458754 0.810887705236032
1 1.31061068107889 -1.04587775495443 0.292983049942261 -0.644381148534134 -1.96486767176016 0.190029222188643 -0.297519347881528 0.604767499213603 -0.775593693704286 0.958740999450332
-1 0.768544304073 0.771292003138372 0.146746058062525 1.57057495540391 -0.101697307647187 0.95540440022133 0.952278543540576 1.69334177890156 1.19331787647353 0.50985508872565
-1 -0.394393721125107 -0.283685618914777 -1.07409313848505 -1.56710131829764 -0.182411884863968 0.83258572203761 0.790681034043273 1.91514153490201 1.54998362385330 -0.502742297188217
1 0.0846423134095055 2.22950130812132 0.181233536940375 1.81373435820409 0.0904360243552322 2.05276999308159 -0.611861737279461 -2.96504754945512 -1.62610827538175 -0.945230822543544
-1 0.462966946166105 1.20236657371948 1.62116835436472 -0.664400993151336 0.0807552805694702 1.54564414843472 0.587222354159457 0.0130507879707812 0.783600976202973 -0.0982890092599863
-1 0.0147013452582827 -0.00273939125116285 0.182136594305588 0.226676997123968 0.517046286253132 0.541166925307765 -0.190121283095243 -1.26739124483559 -0.757353085354663 0.386273411910782
1 0.719649255658349 -1.42166205964662 0.0424109131151999 0.533246192821727 0.110773845916938 -0.612061854379171 0.820455699890921 -0.0196630452505547 -0.253166233964341 0.320831277729085
1 -1.91169024220207 0.677220036055627 -0.261675022227301 0.581686572695209 -0.83369911112007 0.0784933569448144 -0.279945262649407 0.447634231504279 -0.89078043350771 -0.183312593543119
1 -0.199826922226320 -1.27651322334573 0.338195386573121 -1.26215701482166 -0.990935885123903 -0.807317251127964 -0.663733159920991 2.08203228116331 1.12572794844553 1.19871935980710
1 0.664537093909608 0.576462804687124 -0.215284836427102 -0.533558444500548 -0.396131489075312 0.960130390202167 -0.571255352096876 -0.290933634239049 0.0230772710132564 1.26385559164178
1 0.053822870357511 2.00767622828874 0.661182670167021 2.17950257937315 -0.394584498825192 -0.0372823804496066 -0.221756786854018 0.377629887026238 0.472090174114668 -0.173982974479569
-1 1.78496849644060 0.54812381917397 1.3289057091216 1.20002448934489 1.04862863250838 1.9762774119463 -0.544439049841669 1.854624360106 -0.0539591545796172 -0.305629037746784
1 0.318874793803890 -1.00299817813512 -0.47149263633323 0.658339268316225 -0.618806836444942 -1.17948306896187 1.20393394381311 1.11022490903390 0.530914814174364 2.01124461604133
1 -0.0186724194515316 0.143979842309954 1.71122864223094 0.51636165822007 -0.839502548593259 -0.835276343968634 0.122561781294689 -0.093797389167089 -1.91230174499331 0.474718268818575
1 -0.500765591038264 -0.96699848863811 1.68336216851699 0.519766469123464 -0.0382449542518522 1.29696190212907 -0.866343001458536 0.700606161972713 0.643926476917213 1.28324267230056
1 -0.44768406008368 0.525452441308396 0.98214907614865 0.305424336077882 -0.707682753941271 1.58903131159012 0.811402762232466 0.700372752772773 0.593486498820673 0.280848318890163
-1 1.72251581106663 2.76034335477325 0.576224945261799 0.116904646103605 -1.33247785412844 0.294335666097973 -0.639320646749351 -0.390081305341463 0.611998279246635 0.330383370685029
1 -1.08286689503326 -0.329839611282044 1.15466997866973 -1.72031570345748 -2.16504674490508 1.08146609647872 -2.73000553261479 1.56154377095055 0.587872017420475 0.735874304519283
1 -1.16939501412374 -0.671723085508745 -1.11475545686427 0.0832499152961054 -0.244765710182547 -0.60846643704221 -0.371314270554597 -2.46010311455209 2.12232386961036 0.133937020343072
-1 0.793880230520071 1.00531261207226 0.896813285299376 -0.330638313998229 1.54398429720117 0.690410355350375 1.65443632313222 0.168870183898632 2.32731377246722 1.12282149822199
-1 1.15613450491112 -1.08244524676362 -1.32657137698944 2.42840150076144 0.448955466798176 0.0606420193230969 1.39851286006442 1.24140195554771 -0.461556415095883 0.976439590594243
-1 -0.925303443304322 2.06379116512090 -0.362577431385762 1.44450077923398 1.11425940847669 0.76745684593264 0.665519342020488 -1.00849985969697 -0.036929028548746 0.229559619600734
-1 0.0314726537222405 1.21162008899402 2.46697606443968 3.42524899266476 0.639537356078799 1.51554996528507 0.841753023792809 2.41792414513599 0.421408927881654 -0.137166714019601
-1 1.20270224348698 -0.131065987140605 -0.506021200259404 -0.0699515218912716 1.00679091494558 0.435712954685321 1.27187496404307 -0.0482647444544243 0.621753583499159 -0.399377247678005
-1 1.76456289330739 0.113998358884109 0.748092480244384 -0.707765454328453 1.44641498717011 0.538409497505301 0.476718877169637 1.33965899182551 -0.17797818316429 1.82897728913708
-1 1.65362645090096 1.45977275156458 0.0766879001194997 1.66135932642527 0.555978303031328 -0.393625688770163 1.28064764803316 1.60993580626734 0.689896892232192 -0.0625087559428649
-1 -0.0687209440599638 2.56164102545511 -0.614534661692061 -1.24090172974210 1.85655712732533 0.236404993948664 0.225489938586283 -0.373923795655614 1.88681600776236 1.5572669331212
-1 0.392207233716953 0.956820230917832 0.391592190186755 -0.43673237112465 0.140106371690138 2.88197925235148 1.00062584195988 0.354023176894541 -0.934683068305578 1.55596496479698
1 -0.707115925814173 0.484878434745029 0.511576293042318 0.487283803058296 0.870235513435959 0.521613830810601 -0.306469629291647 -0.193565259624845 -0.232072743189437 -0.074509598068766
1 -0.438040522157479 -1.44374030225184 0.38845436678744 2.00301867858667 0.152304852134961 -0.73586507173442 -0.897111128910304 0.71693027235574 -1.46695126392822 0.241282309023291
1 -0.436154371431770 -2.59567477895601 -0.96784229661517 0.137716186483396 -0.468471217998236 -0.584095459599402 1.75672644675679 0.686843192012007 -1.2581621738369 0.0360802384266029
-1 0.79984441458415 1.03441320952841 0.483979257507852 2.53401553665214 1.6539697084277 0.771520681174251 1.50827839367768 1.61553401543919 1.15967656416300 0.168445985393396
1 -0.412299452747697 1.00900561806542 1.83191726332274 -0.630478921158058 -1.32191305597640 -1.17745900816088 -1.27031647782622 -0.657232055506787 -0.521106171783006 0.239437820418642
-1 1.46352460481030 1.60118238847582 0.335149840329572 0.715186968670715 -1.27946091866314 -0.610145777620051 0.00613373508286419 0.968327017745671 1.58531613456009 -0.360118340714413
1 0.745325989870206 -1.64283322729162 -0.657831415459397 0.728831448475772 -0.0500423283507774 0.162536388144483 -0.282764501253711 0.0270059762422999 1.20634371104603 -0.81451362364271
-1 0.387007335500478 0.114878249895505 0.379964858581698 -1.52027337337231 -0.554646878889719 1.34833016744732 1.32737694648838 0.941040597274692 0.860169698457294 0.117899475750108
1 -0.7230288486007 -1.32897758063379 -1.09818571156535 1.46181578489141 1.17839729460937 -0.143166667301265 -0.9345229456283 -0.544948505449346 0.245850191752751 -0.77045030284598
1 1.06588189422109 -0.292210902693149 -0.879980943609076 1.41686037110885 -0.692711014951013 -0.091724197019254 0.902999743188504 0.62093690355126 -0.312754625440483 3.30528520410944
1 -1.03184632541135 -0.608353021908796 0.242700763697792 -0.960780934170274 1.68754036599819 -0.658838154094795 0.151954837873460 1.06513980557742 -2.47870421532241 0.562306424273507
-1 1.55489039883098 1.05044031334927 0.885486864716485 1.66705028543023 0.919837187233134 0.717176408785463 1.959775347324 1.95064247179545 -0.697137289540887 0.840971591756025
1 1.23746513477255 -0.526893204814421 0.919552096507737 0.825496790218989 0.272565823213174 -0.477665246791084 0.203285374185882 1.09742991415998 -2.413427094292 0.670503314012296
-1 0.884633895333754 0.887097392036184 2.17300258123520 1.17163767989311 0.722573797630895 0.906444734227833 -1.92289110960462 -0.555245770906055 0.860351822292044 0.656870095436097
-1 -0.516000211634069 0.546188350124056 1.32437807986033 0.101776611133673 0.86633499418834 0.717162780999876 -1.59062821809431 1.27991544922955 0.41314470970683 -0.0670072490359096
1 -0.182607830510679 0.307901001160602 0.0878006442764308 0.545007597886592 -0.0838717940619476 -0.55104952226466 0.988499854791186 -0.12781799230134 -0.665777430870801 0.253356551177907
1 -1.62061138270769 1.58044258035071 -0.0845019725197774 0.618170774087513 -0.365190129840981 1.70321485526448 0.607557498499234 -0.331174698312815 0.853615721513247 -1.07694071910684
-1 -0.344565379769358 0.806538685708849 -0.317181473022124 -0.162560933401030 0.738142638203532 0.756346761789676 1.95940835468031 1.90453283115959 1.02822174922165 0.104248043833414
-1 -0.335356845434451 1.19929255071851 1.19461096964874 1.02383534697895 0.341336398630126 0.703183185490706 2.69623266812155 1.32458163203506 1.61222542252705 -0.316131685650910
-1 3.3947188633627 0.537536193921764 -0.432531407729672 0.0740730320804899 1.12717763671705 2.49337426152993 -0.575370770694098 3.01387675489203 1.16816954871091 1.85072080058213
1 -0.613678538615868 -0.417563246293098 0.752043181750977 -0.682528687064812 0.46513248378365 0.076812197107659 -1.22485580360624 0.217324663785202 -1.30372280205454 -0.432895547155597
1 -1.84455206848738 0.954315617730166 -1.22171477470451 -0.595079825530354 0.369873006771444 0.540025819063955 1.16415733732990 -0.725932406334731 0.284024393543448 0.865071657493756
-1 0.390356798850915 0.963127837991222 1.88271326617128 -0.535767587055748 0.513244666352864 -0.458855505480782 1.24005735448291 0.544569805786114 3.21212987363876 1.32733902454223
1 0.168541563693476 1.50617891426725 2.00974262130008 -0.856514268942563 -0.702972528610816 0.0920018830529583 -0.717402790259164 1.05184530202475 0.364386123661627 -0.865938241898236
1 -1.29002248426702 -1.45136349751132 -0.0727103802858745 -1.21184010085818 0.609204972890258 -2.02589405404744 -0.893274547124217 -1.51787995551818 -0.621415282057281 0.68326162141903
-1 1.55917622473187 2.76960143927455 0.370835340156895 0.278212414140564 0.0485524660777981 1.32449690265477 2.39549969672695 0.792766346605053 0.958455047396527 -0.651441388822524
1 -0.67654224653194 -2.08488999183694 -1.60361555125209 0.234689474820470 0.320084622499796 0.737654863029279 -1.45558881742580 -0.701267508226928 1.34758268492151 -2.49874665610995
-1 1.39451756348576 -0.236653446181916 0.268457631012123 -0.572968068269151 1.07610066493280 0.169631862571173 2.09708358000564 -0.623553149494761 -1.0193560437533 0.419521280011626
-1 1.5756100734878 0.346822626166937 -0.225688258984327 -0.399110345646997 0.675188474879118 0.759956182635373 -0.333329025027272 -0.401620490486332 0.84298831090942 -0.886567299587884
-1 -1.55545937852045 0.76978908823936 0.673902610534793 1.46494746386224 0.179218388184801 1.00330229891085 0.489018876128589 -0.240813724486939 -0.617074948850769 0.174836217059479
-1 -1.55347045115729 1.83747613510895 2.52241110353715 1.97791376566794 -0.483042734018764 0.139814702425089 3.01706024325105 0.389730907320576 -0.231922492523163 0.535181709776332
1 -0.221021785148140 0.0245411387123135 0.241284731325613 0.64234597615827 -1.11853551171682 0.0637173454488935 0.247107985061244 -1.03878852094326 3.24137687421012 -0.961366447633125
-1 0.474069415564579 1.18535720757605 -0.220413117258886 0.773076894712618 -1.24684134686632 4.62956610875135 2.07700570781878 0.976217676568253 0.773184543707562 2.67631579347217
1 -2.51591251575904 0.5864470496636 0.368637595503992 0.210910723153205 -1.10491400580466 -0.100558896310199 -0.786723098614782 -0.915159510541308 0.623840981006899 0.694959552298917
1 -0.4446079840084 -0.292778232790844 -1.09422086826128 0.0596561756217744 0.937194958256315 1.14975909990512 -1.57627087742425 1.02824450297328 0.48186108542101 -1.12672284178072
1 1.08564835976340 -1.38580756583479 -0.604284113457112 -0.661457586764959 1.42646373009383 0.156336468150385 1.68141182268791 0.208472354353462 -0.582376523757803 -1.47990202481176
1 -0.761333152529136 0.89089707081118 0.498164632986179 0.652518872366267 -0.296232678300764 0.715981512393332 -0.67114328149183 -0.512910947374156 1.46139734344844 -1.05989827516662
-1 0.0098616795313634 0.173144053052939 2.00341097841259 1.20885540336775 -0.336589666602333 0.403828386402852 -0.536661923636256 1.11176328429613 1.0759770095638 1.73510676448640
-1 1.39149810539046 -0.866207177102727 -0.0274665603959304 0.35636170897073 1.20637432327244 0.287007019641316 0.514576092373157 1.25724451413112 1.8528882274817 -0.507329462071936
-1 0.493470606834226 0.148821298712140 -1.33036015924593 0.282365398606961 0.143387554372687 1.06735810868281 1.33330221493494 -1.42534979750551 0.262697861724311 -0.374532548453346
-1 0.789874538399445 2.23736386514706 -0.682595790589117 0.330472010180258 0.79107320827538 1.24981657847431 0.283062043787817 0.125986938154176 -0.148970959987394 0.170758399754546
-1 1.66403137566598 0.196588796860738 0.804728117467433 1.52111507002251 1.75265642011094 -0.822764189920244 -0.332995801452861 0.541169441459013 1.19007864721658 0.574035926954137
1 -0.676056076953886 1.19658063585078 1.18505148769654 -0.777961997186258 -0.335951460387786 0.158494216958801 0.888328019889442 0.0399321156667944 0.392996956661163 -0.870722400256808
-1 2.74296432637161 -0.837446164264488 -1.79158805975021 1.14529850890595 0.242808312425832 -1.53744364414948 1.38330757488337 0.805447191113053 -1.04544708549012 1.84278817902026
1 0.672010972269443 -0.37917163848378 0.387020037425931 0.720336279044714 0.562407954237834 0.680201320758935 0.503347373542256 -0.151149160405201 0.308942872177871 -2.65814953102408
-1 -0.247499251668466 -0.96941528138877 0.724013712462017 0.757659302854167 0.81249069451239 0.550072105579523 1.65343553513935 0.914551196757328 1.49544293932451 -0.454858141504074
-1 2.46028509855673 0.244387166965429 -1.13061529222226 0.488173776956335 1.21065255496595 0.773213762613844 -0.134171572044846 0.109875241235994 0.884584810271313 0.0982124638642907
1 -1.29225153897523 1.5214097562743 -0.0736513182796146 -1.55533254272906 -0.810736360528571 0.423992062187893 0.521316502618692 0.0400250534805545 0.249685012736586 -0.961779384038507
-1 0.509697449507207 0.397748450538361 -1.87511164072200 -0.0625456017922411 -0.894110324056657 1.74606310423851 1.17204635407875 1.20752286451975 1.46566297189573 2.89734906389785
1 0.518179416481103 0.568608877219099 -0.789739684393286 0.68580546878886 0.716715260097336 0.85150704541056 1.43814534945458 -0.239296604243574 1.66899056029328 0.0306229851939996
1 0.0868933481380983 -0.580871165686066 0.721678361974533 0.252700876396674 -0.00637458873341317 0.982981641942384 0.328561147455197 0.078451993029985 0.579741172160479 0.739677777317196
-1 0.64711634152377 0.620057470596799 -1.45922482447755 0.0833166160344356 1.84200317180572 1.06720851969315 -1.51363845045698 2.26918078218083 1.79047634831940 0.886839270014812
-1 1.2094444219548 0.286320758516762 -1.53913499988178 -1.64383580963266 1.27228928572943 1.83500961437669 0.880101619738144 1.23686085353365 1.00215833927492 2.25039053966333
1 -0.833472099768766 -0.445997012140778 0.183900543026326 2.28173874424659 -1.74366057582204 0.772976022690773 0.321975196008087 -1.05955348809932 -0.970959494073714 -1.1131591791361
1 0.332570662258871 -0.887542668211246 0.202937254770479 -0.0161516624301259 1.06765647813540 0.136782811092803 -0.896538577236555 -0.628674063350923 0.527563636678396 -0.279888972855587
-1 0.828417332478504 -0.554586602287444 0.867637151352486 0.95624792959372 1.28042472565471 0.482383117907092 -0.221613450583846 0.829550860218626 0.603184362277858 1.43295336102473
-1 1.16935886039855 1.77788118141228 1.44899427815246 0.713691748020831 0.00544549844215958 -0.418594027544069 1.23627892351541 0.148627427912601 -0.993034946766941 -0.485590716631868
1 -0.545121967159945 0.403395258264082 -0.394715028907138 -0.369036428501522 0.820928063344286 0.0612255335233827 0.59590548456111 -2.24829886103425 1.04020527961679 -0.175704403376446
-1 1.95423971932527 1.41287418077843 -0.413373386286119 -0.816011287536456 1.55756236790437 -1.32421980856117 -0.938493318292674 -0.264858443416901 -1.66598132961194 -0.403402794608661
1 1.16950474110318 -0.959687122782005 2.44719359259399 0.959141260383049 1.28295403450913 -1.31739450172378 -1.09667350385312 0.315953941604294 -0.282459641602798 0.0931488274969055
1 0.96825750573120 -0.0861684563491506 1.70754332714164 1.00450367875064 -0.0386576309251874 0.463142879873098 -0.503666588624745 -0.608800027333734 -0.0460961666152462 -0.208789154009302
1 1.88376194025341 0.142532753483644 2.42352139430751 0.360895119852132 -1.36204595241117 -0.919591875330298 -0.0248825610279476 -0.540513625464819 -1.10333342345419 -0.0562524998542068
1 2.46642473538727 -1.10560403221491 0.295763040693349 -1.82127800182372 1.03996593122077 1.41743567815633 0.451678897464635 0.166355288395435 0.365190977494302 -1.13121224041419
1 0.121811430813139 1.13684807416255 -1.98116922332076 -0.340700976172305 1.09367541031799 -1.33210083874373 1.41852078080116 -2.21769475964198 0.811938172689867 0.256062363042133
-1 0.0672481765386675 1.16911937449492 0.500943347865553 0.0451491694982132 2.39175946295801 0.348518304552008 0.996183294051245 2.6824510968021 2.67373122477379 1.11375484987068
-1 2.48753841826437 2.97573316351245 0.886162393488017 -0.564327409991644 1.65957905866401 1.70890214347011 0.302526756706057 1.31718256186334 0.106466949447025 -1.40833665133241
-1 0.504420396654713 1.58005889650040 -0.156105892344950 0.677864808568124 0.638438972585498 -1.59030852187000 -0.789596045014537 0.691452728286714 0.825033880898459 1.28727386515698
-1 -0.125432600646201 1.93421978305936 0.74715193557211 1.0011649459866 0.270883319416684 -0.293125617785957 0.129069910643876 1.26829069846541 -0.823934211051264 -0.128950299592259
-1 1.13321894115623 0.761453207894466 0.117454420656003 -0.762122467405664 0.663923152087433 -0.233550008861494 0.0215265464978824 0.354278320168564 1.34599027630469 2.38697553584435
-1 1.31211916481410 2.74040893041897 0.989698134337439 0.899097922190457 2.3812764492548 1.13234297118037 1.35702657709768 1.53412812829934 1.71230149170591 0.600107177511733
1 0.574194963757768 -1.91142951661899 1.5827706728282 -1.10838407978524 -0.259748331607309 -0.620779088566292 1.02775431460124 0.224986660168274 0.532706478188146 -1.24856150786718
-1 0.293694383718269 0.449766486412892 -2.94796597967344 1.21817527619896 1.49089366255298 0.480369866652978 -0.734657470413907 0.622952624773698 1.56188643361706 -0.0815321881358935
1 -0.117790654401966 -2.26821933763761 -0.00400095267590462 0.593971842380437 0.241694955450729 0.330104886642992 0.560453585385422 -0.184371160576490 -0.28082009295472 0.21153815272796
-1 1.39148281598519 1.05496701622792 1.17538348206176 -1.46025200178217 3.00150991553522 0.414841970716405 1.30242595854261 2.07309776174244 -0.341699149984334 0.670677813653695
1 0.595793646744588 0.556887805909515 0.0566746125170208 1.11408404538793 -0.406591266435296 -1.47301679091681 -0.249017598264159 1.07311114668859 -0.571053791067355 0.490724047545641
1 1.08830784602813 0.528791558769174 -1.98138969668659 -0.43277087286982 2.0399964278134 1.19597492062631 0.687905976832374 -0.77985202392017 1.88209777458578 -0.544862645097407
1 2.01315274530596 0.691113373867432 -0.910628479821028 -1.35323345799752 -0.252338744849472 0.871821965391538 -0.263583459602628 -0.0331302048898407 1.49135593442659 -0.349996987579521
1 0.278730112299956 0.820085897134646 1.44062162495778 -2.80198567629590 -1.59568522979569 0.391298936010046 2.10347141584997 0.279451274421348 0.232571834826223 -0.527806972926127
1 -1.89053640884879 0.496340967752267 0.403492190454676 0.168408527169991 -0.459554249169005 0.179058272524108 0.113886080726056 1.15707952660445 1.62230178068614 -1.33813196450107
1 -1.55166233254456 -0.594467765269392 2.31957907650013 0.429201099730965 0.230935032388530 0.624985563597836 1.00763985748716 0.103459658046850 0.260517592142458 1.61010032593756
-1 0.80105818162687 1.48151571248345 0.198907897446027 0.521271796606111 0.310377263894205 1.28038462306554 0.84719582231656 0.430100256830039 -0.270203901890433 1.14265149900620
1 0.314392636321755 -14.8380063462644 -4.9384688575721 3.35059792358937 -3.12659171133539 -10.4278685090985 0.669053303303873 -11.6142813406785 16.5742513579913 -24.8295642838623
1 5.52948288256199 14.0039011702848 -2.10343361380627 12.9936678791361 7.55052113530941 -7.38008332742417 -15.7298305843240 -8.39426899189614 0.613203940574442 -0.735078959872176
1 -0.47298759601552 -3.09157426664801 -2.20611350317683 -1.05415236413647 -25.6057927980007 2.62855102922033 7.75463391029386 -6.20908644940585 -20.5664447157569 -0.86209787919588
1 -15.0391198849104 10.6573772701426 -4.95483049810127 13.1474035963972 -2.55002693405153 2.16749587894924 -5.67030243973644 -6.69678963873515 2.08514767383399 -3.35416656648416
1 -5.37524973974859 -21.5085231840833 3.35662415744683 5.64549708737275 5.87506861125805 10.5433584757144 5.48253706659181 -17.1564690434327 3.81620991071696 -7.7625564352451
1 11.3999768144964 -12.2567275711300 -7.29624812312133 8.93110559674496 -1.62299708168728 -5.17504883934485 -4.73836673795749 -7.08921552737106 -8.95466341867169 -4.75793269339551
1 11.2254537494916 -8.8788995526936 -14.1967137631738 -8.57332153717709 2.41467003160493 -16.5539837824130 7.01344489128613 -14.4978015106065 -10.5566324947164 -14.3559686638926
1 5.78014666153316 12.7057180421060 6.60222866269739 -12.3184480551104 8.83572552329838 -2.14465537283203 6.40874539378766 0.780576569689363 13.5939347869763 5.92612878187085
1 -11.4131203364796 0.93054248676008 3.52097197188973 6.34765544144414 2.78557400698907 -18.0674695792306 -0.305090424023698 7.11809964930848 6.82493718786787 7.865294818318
1 -5.75181766175906 -5.58372550254898 7.68923926431711 5.28095184097761 -10.1703046407579 -5.83067163918283 -0.72915698901752 -19.0504131402364 -16.7884578999033 20.799913119138
1 -10.3081455689742 -1.80307175580036 2.82436936266189 16.0063517249544 11.6453127282793 8.35814514547618 10.2184154144379 -1.89651353763612 -17.9888828008226 -7.0749737827012
1 3.24024462058734 -0.513148370992277 -10.1104381425833 0.472203225981585 -19.1467688770628 -3.28238291213585 8.69501198116036 -4.7386198292324 -1.37280674299669 -11.4106145342015
1 5.80757791445055 0.0432606002853292 5.05607075444915 -2.74320805998335 12.1272013366613 -0.180797572157959 2.61164524616744 8.59687458954683 12.6840192194416 -0.398318509334653
1 -7.58728392441201 0.866066356142795 3.83640002324176 9.77676282575064 2.13888276701851 7.98995671630405 -0.204941462127288 8.01062890205644 -13.9764195874943 19.1266245066786
1 -2.10476175411859 5.47463368509086 -5.32473073885952 10.453450214482 -11.8792840475389 -2.19283041780291 -6.37733748836586 -7.4373185485466 8.7993440342182 -22.836068294025
1 -7.96236895492706 3.26956123088681 7.60194160656338 -7.372565416523 -8.71701203713843 11.4748506123337 -0.84158326817987 -11.9252841733966 -3.60342368145513 2.81750759733294
1 -0.834563005387693 -2.65683801850321 -3.08130423948101 -2.73464617127208 5.0085410325804 -0.488606121933182 7.79246175861976 4.49619038217126 -7.51638436280212 -4.68660809401103
1 2.09705611577208 -1.92946550101150 0.54029005920488 -4.18387796331626 12.4957769924123 -0.482730711830008 11.7003595037440 -0.113477418780463 5.91301443029235 2.61101523285564
1 3.82161370198167 -2.42825343822742 -7.45015171710156 9.34153135177441 -4.29138971332246 -2.29921385960223 21.9979092746916 -2.67590080993245 12.3148728808064 11.1826447400352
1 -2.58070016654717 -6.27565588679756 -14.9195472387321 0.253659698519084 -18.4400431701384 6.6661497415967 -10.6766531283943 -3.45929801276952 -3.03554092547559 9.5892100199561
1 10.0089769891629 -10.9003528465659 -13.0428372424786 -5.12719833525417 -14.3090397338474 24.1369721126339 -2.55178802615863 -8.37814142670737 13.3912286495018 9.26396014374741
1 -4.09715376639048 2.57396597677611 1.58700664232010 -4.83154934917618 19.8377406862604 9.26653166107032 7.78196131705 1.20475956237849 3.32557037816139 -9.1519317845399
1 6.35907555238393 -0.606284475371946 5.47319511192435 -3.84912487641024 1.88118902636315 7.82901224243405 -5.86174585703623 -1.66364421833688 14.1311560449367 -7.2090477880706
1 21.1683317508089 -11.9938458556959 8.85618193146179 -4.29831801244372 4.14048620052156 -8.62801430297141 -9.31151314032035 0.616378278617717 3.37559896869719 18.1428831873821
1 -13.7375144289719 3.56373297410472 -15.6616530647597 10.9919659737462 -2.58832265957785 -8.66207989092612 0.933662843343171 1.97637201805332 0.470689064927056 9.96619670521287
-1 5.4885015014113 -0.633520812228122 9.60160419663898 -5.84161519785645 -13.0589765442426 -4.72982757760723 -12.1017444173633 4.61465634762231 -3.48465335668365 -16.0689163602921
-1 18.3036289264428 9.28080111409343 -2.1826429174646 13.9624990925056 0.726234869748409 1.25670264031604 11.0036913489384 -5.68295106339521 18.5211994936768 -0.513652277667951
-1 -0.114875460330838 -13.3595960384805 -15.4058494982544 -12.8195221028370 -5.44219405659229 7.53955994023083 16.3623634458717 15.9862652361171 12.1993776740347 8.8710529419354
-1 -4.82509456292 -14.9178401572323 5.48939508747972 14.8864290419315 11.7869035311481 9.66063846796115 -7.67344351676622 -3.29734434428664 -0.879586397929035 14.7732234984976
-1 6.21604989814928 7.98116987540992 -2.64611441595022 0.697180178303062 4.16399847764695 -12.5860031989573 -15.6605134845006 3.30760451115253 -10.5558473945165 -6.09972989677133
-1 -21.9957512298404 0.616385682539713 3.97228195039747 4.90817719429991 4.28236990369955 -0.437559927633102 -10.1769410527543 2.27149858834016 -3.83376781896854 2.55209661060382
-1 7.12457222278678 6.35242302278854 -8.45021322608293 10.9363240781230 -6.7580307332218 0.216687887154224 -8.85252869063954 10.9769240563096 -0.355826836182546 7.85699985145245
-1 3.5888798064627 -5.48696275191482 17.4444318651734 -1.93278054195454 -26.6778783776035 0.743613859045734 -15.2441225720077 1.50434738418160 22.4245329287814 -12.1119745919531
-1 -5.57260625497742 2.02518113289090 17.3011659111976 -25.7849955701266 1.19228124543664 -14.3686909675912 12.3045714889984 -0.604468901778581 8.94775222430282 5.40331916435316
-1 0.178468064225732 2.00036308866019 -11.6684813756577 8.97458034611724 6.50053310822733 -6.58053553700624 -1.68500465888252 -9.84197798192282 -4.43482586107798 -14.2287553877515
-1 3.2918946928128 -6.15105935944749 -12.5166846667921 9.46507909065495 -0.59221992657042 4.44903341417452 -1.26615379917544 -2.92520885226019 -1.36673651651930 -18.3627546194873
-1 -16.0163963121951 -14.7358699694859 -3.42252128250638 -4.06421898853977 -0.534030985656514 19.0638876974029 -9.85895396620722 -2.63661307988425 -6.81117190893506 -0.982174279405461
-1 -4.52016397010717 2.33908912461119 -9.75717072239423 -5.63502172328159 17.0201024256578 -5.59271443677344 -6.75428469804466 1.31026754637311 -8.43033928421142 2.70167452401227
-1 4.74187721507142 4.3223989235836 9.28465081770814 34.3053701770610 -10.7297568335498 6.48601288677629 -7.95530878454115 -8.55339831363116 -8.1806710493371 -1.07522101197668
-1 5.54745004034415 -12.8368026001657 -3.23847805260461 -1.47356273336090 -2.33483539403169 16.3010226085392 -4.68819608888045 1.56362946256506 10.2734451353878 3.62902599938899
-1 5.69013971688804 0.508865860773033 1.65127494178306 2.63817947175366 13.8841554531171 4.29086624612217 1.51173569818253 -3.84534415617264 6.49150376405744 -3.46851690575736
-1 -0.258187811536241 -1.83526376252161 -10.9421924253990 13.7602329381792 -0.286417130045405 -17.2734008798113 -24.8300379329114 -11.9775747419749 -2.15139308540489 -10.7048731941654
-1 -0.198233135412076 -0.368882957560366 8.01894379461526 8.14631306559569 -0.0128857607451369 -14.3786098804006 -11.2584513076573 -13.2234285928399 21.6199124393896 18.6199100804501
-1 -13.7213994284197 5.48301815363147 12.1581522868684 16.3856557209724 12.6300725278466 4.93428700953439 -4.56566691675321 -9.28391103704192 10.291848501785 -2.83433049944733
-1 6.21079012308453 -13.5014988052127 -16.1047956232836 -6.2143804129353 -16.3949812134235 4.67750658270665 5.52686513287715 -7.76022366873244 -4.02815765739019 -3.81427066379281
-1 -1.91556696492208 -4.61500347837547 2.24514852099294 -9.44286499786802 4.76677283142462 11.5843415529595 -4.30733168948097 -17.6089540307461 0.592054787955518 -4.28040070414352
-1 -0.668288982204247 -6.61004371054102 -26.8596297253078 16.6173508555694 -4.23433464728227 3.28246185730155 13.1710885289888 -17.3266627104995 -0.339096700611328 -8.71229316278639
-1 -2.43840962202366 -4.26303050797182 -7.38234734567957 -5.73854411856184 5.62061269999592 -5.31292340304577 -2.24658771314729 2.44717475928606 -4.45555410734416 4.5260942025729
-1 7.38558771061084 -4.43185543906787 -19.7161288830339 -13.7920099065568 7.77284008124335 12.1477484051094 11.9916577014836 -1.91315285287719 -0.120781514807683 -3.5271813519376
-1 7.26451915785533 9.31549479325972 16.3617215113367 -0.145438709641465 -8.88634145172349 1.81404856673728 -2.89273714485197 -11.3205260235896 11.2750257947560 -8.53215653608137
