500
5
-1 1.78864903555798 1.64416569654617 0.324209708025774 0.638072937675012 0.607581945578949
-1 2.21807507796818 1.37027686514194 -1.12811437462627 1.92895504683745 -0.62234171734779
-1 1.94108654273412 2.78292021580433 1.618132965052 0.988827946686249 0.157418093142312
1 1.47937440948678 0.0726024337404838 1.08800426382890 -0.943742327241532 -0.0766333501990152
-1 1.80906655321678 2.21530612357593 1.36694280297041 1.57931090173131 0.698154374348
1 1.49779293602156 0.0233159449477393 -0.383468458723269 -1.81242980801368 1.22151107399906
1 0.622471923423642 -1.39992815181341 -0.633837289045451 -2.19971635364521 0.776301186810445
1 -1.31109662862878 0.553334238480822 -0.516825493188643 0.571726351032332 0.594159654526167
1 1.88148006023447 0.482763089694631 -1.58253488632073 0.552685327142568 0.41549447878023
-1 1.10089425318385 1.17709571618229 2.35974089228834 1.82802057623126 1.62429681634866
-1 0.80013174722792 0.681038159674413 1.36893006610125 -0.236102982366421 -0.104057364825507
-1 0.936493449576019 0.187386288147198 1.25703191930601 1.12233864561318 1.41801270191726
-1 -0.293975955420556 1.27959840832235 -0.92102944339782 1.28520109721483 0.772336127800376
1 -1.22554716721936 -0.0915940760021934 0.0308644248697584 -1.36592415077487 -0.738817829115617
1 -0.092018576235898 0.0819470706709277 -0.0622234555274883 -1.58077814114338 -0.794132133490192
1 -1.96764241875113 -0.261539470799096 -0.465642353023826 -1.52294392619204 -0.520808164221735
-1 4.06330553830415 0.536232395518205 1.07538543292876 0.276920658417786 3.60803536129194
1 0.116149882714708 0.533414265154945 -1.10529876661903 -1.03634229670341 -0.106929944216210
1 0.24786488980011 -1.52280105487904 1.36493814337487 -0.518522165971729 -0.336175477348823
-1 2.48369501495246 2.26639782830068 1.96948451763666 1.46133913901412 1.44425879092684
-1 3.0847815453117 -0.971936456434605 0.408631648340342 1.49139093249561 0.926065600856698
1 1.45274249749162 1.60567120336354 -0.371283256404938 1.15346024210817 0.727296076470141
1 0.479702295757782 -0.85286160783568 -0.0933291857742082 -0.0126800200903965 1.10064709844895
-1 0.0936662273260557 2.98435299167761 1.20166963873701 -0.106437972159642 2.31805040468958
-1 0.317447423771923 1.25734903533835 0.173175040447439 0.0753928258953406 1.41047086563406
1 -0.119930854338205 -0.077564811562424 0.490361247421722 0.839784284737844 -0.132474113950014
-1 1.57648222767142 1.01760578067203 1.73725042095241 0.719727600965127 1.15035204890477
-1 0.800302699346353 0.787145526289964 0.558211046913482 -0.91674875419096 2.15799057227112
1 0.513453018864493 0.255975779814105 0.040688620976772 -0.488287958480710 0.636126469641664
1 0.750813243308416 1.08154920742608 0.625969300938739 0.172836042396238 0.0347630196043050
1 0.698926645483056 0.498611445970716 0.69380023123164 0.9369435238491 -0.263778582380276
-1 -0.405175240925847 0.185357076951286 1.32286483445947 -0.0379883364683002 -0.531219937606884
-1 1.73522955486615 2.04012291926535 1.83217080550263 1.77981194719274 0.224046339562518
-1 0.410159554393397 1.2299626783311 -0.211824422572793 -1.16959134210810 1.26213252374842
-1 1.25681949253889 0.609286088000779 1.62610437558942 0.406249966278805 0.483760621892092
-1 0.495515678348514 1.28979043812115 -0.785176762196561 0.522915783209129 1.97451602476599
1 -0.648018239411458 0.251602658337267 -1.22115167830726 1.1764299102367 -2.10055286571900
-1 0.596992928432208 0.379856410093425 0.63921913060245 1.22441291676584 1.19000397567946
-1 0.66901723772091 -0.343894063845457 1.69846830037847 -0.937072349140985 2.29765999953365
1 -1.39251049096391 2.24581814665136 0.429932193281455 -0.0402011200167768 0.962759787438412
1 -1.36350559353264 1.54542506659850 1.12813152801940 -0.250943590938921 -1.70032676352857
-1 1.51986248084587 1.52884797696761 1.81999930019605 -0.147071452124773 0.377875661041814
-1 0.809542178370471 0.0443663573768263 1.82601797033610 1.72812258798147 1.40476248795153
-1 0.447573871886698 1.12947009464034 1.36002878643917 1.01691818830506 1.68681439269324
-1 -0.552552202277796 -0.0592345832340953 -0.0690292547920253 1.81107669675272 -0.771198497497482
-1 1.74789093515173 1.92528187266918 -0.427072931893623 1.54844529677133 1.09824480829506
1 0.955846434555026 -1.12913585539007 2.10144027052248 -0.998538709290302 1.87671244528865
1 0.622471956811213 1.02790373607811 0.512138301697707 -0.422125062735546 -0.206364274156470
1 0.400581924572318 0.605547901722132 0.165835184004318 0.724064159964394 2.78972638974362
-1 0.142532012951604 -0.145158215060645 1.16516833856651 -0.462158717643031 0.81861992104579
1 0.621640685583262 0.412739861999232 0.200878908383745 -0.429590881602223 0.476159161125462
1 0.166246214139699 -1.12569929971271 1.02297014087783 0.47101453968629 -0.880019441271955
1 -1.10484672032814 -0.494732954059982 -1.01581332320033 -1.07854495753611 0.156633980997095
1 -0.195854054327127 -0.376062857511525 1.97574240934301 -1.21345335442716 -1.60291243713928
-1 0.258739616346544 -0.309129004622279 1.27229363515866 0.655311138940592 -0.467629414488724
1 -0.189447831128133 -0.274058326255555 0.21059561989272 -0.394850050431744 -0.742281667591737
1 -0.228739105022457 -1.92073108630157 -2.00853494388214 -0.625338356877343 -0.360151938409528
1 0.323535463908761 1.85238988297841 -0.636211013897663 -0.0294893623360105 1.76511144929098
1 -0.0754256904569831 -0.230830572645811 -0.981988220673935 -2.24456108002610 1.09086492494337
-1 0.443845772107308 1.20761400889474 2.55576575561435 1.75327318797069 0.919016538379588
-1 -1.40677936896991 1.48292783667087 0.448977817371819 -0.821003202957562 2.49478317564523
1 -1.61887505100292 -1.22412230678839 0.0857379381345037 -0.113969267485978 0.268877020325716
1 -0.237410490386415 -1.19200497995423 0.275280299482995 -0.600552867202031 -0.0388933114497987
-1 0.190597771069972 2.70600871769593 0.585764651253445 0.0391339254201793 0.0925811798581595
-1 2.04736334531776 -1.50270512897460 1.67667880828317 0.880832749038457 -0.00741338444195394
1 -0.892649648760343 -0.914381587093303 0.114473200312515 0.931973526444529 0.909317498585642
-1 -0.440839879667000 -0.493728241117815 0.564465266638495 -0.537282604068482 -0.447298883744995
-1 -0.804248540269054 0.516115643827264 0.071895977317927 -0.468849714256875 1.77303441940331
1 -0.337478821541207 1.36681779706150 -0.092894069917044 -2.32511565516848 -0.505057745514761
-1 2.64469481619158 -0.227649117344376 1.38910387234191 1.72098952959559 0.620472406157648
1 -0.63321436353155 0.230073558710486 -2.12115564214719 -0.220456779781318 -0.566658268142599
-1 -0.0291985946741730 2.4223298968308 0.123025378469534 -0.0225199123476509 0.99839178662355
1 1.39106894551725 0.335002191733358 0.62543771533754 -0.244389242351795 0.279125820601471
-1 -0.662713160488116 -0.132227822450571 -0.0368026477781568 0.537774544566488 0.900738626876422
1 -1.80509510314381 -0.295830640202878 2.44046792631331 0.486514911151435 -2.31538685137065
1 1.01803788506079 1.88360617683846 0.626912777241089 -0.444325096093835 0.984305555315962
-1 0.150443383591022 0.921220315989299 0.506750423893997 0.740861681826635 1.88656125688950
-1 1.47608974513286 0.902153172158056 -0.387169780218653 0.0648206466247992 1.2910783292797
-1 2.70947054344074 1.7058922511079 1.45143296374909 1.48756866984005 1.19970314367213
-1 2.67124892894655 1.36097600370283 0.574182012399587 1.18353171674145 0.290057035486979
-1 0.456057429253489 1.60594310517106 1.04868125410433 1.56768655040110 1.20344584976957
-1 2.8243215533744 1.22153021837577 0.0166448922760259 0.552188597741348 -0.713260039977808
1 -2.63061162772676 -1.04478006303164 1.14763501716234 -1.07461621998151 1.71994495984402
1 -0.722701505060232 -0.550126831214094 0.309853518276763 0.854330668135293 -0.439453607924193
-1 1.14888676558487 -0.401156734788586 0.623209628539841 0.201489735832474 0.0549458980916619
1 -0.436699819028049 -0.103748344984455 -0.392033239305609 0.160662742770958 -0.198888939946089
1 0.257360025100430 1.29974981678898 -0.758620120108895 -0.574308633562967 0.297515942781161
-1 0.491550779479414 0.96569125653843 1.21559709667347 0.211196636734269 0.810413486442084
-1 1.86711658025578 0.83598094349131 0.00704648710964006 2.86338171570727 0.706052209213245
1 0.0250466661900162 -0.764927416485008 -0.537637362011335 0.716230634769632 -1.02495993305093
1 -0.845061162066094 0.300568536879315 -0.153079776714731 -0.39663961075731 0.212827479050594
1 0.208980027327825 -1.99404808943780 -1.13988467578527 0.456564209123012 0.0938018668942522
1 -1.18369744706711 -0.758324670343526 -2.03502236835851 -1.63102948255824 0.756065864078253
1 1.39156375836051 -1.62062475426520 -0.115823109325283 1.07781201404689 0.68345746491171
1 1.90107411264881 -0.752282534309331 0.269632786317484 -0.288127404460784 1.15032606857064
-1 0.310933888022570 2.3695346687031 -0.162413627754434 1.15312180908399 1.11111865359088
-1 0.574499659825797 0.171948389455840 -0.66962654059573 2.04822238932902 1.96093841656262
-1 1.65491028381379 1.86289865910659 0.108741743578637 1.31673771446885 -0.333597854440154
1 -0.122637974400114 0.358579413622583 2.98647725017328 0.58688477555215 -2.0781755857284
1 0.0553952819882431 -1.44823683319309 -0.346745019167445 0.634929127877636 1.40654098800975
1 0.875836909813641 1.58978366535469 -1.01533784588610 -0.225691290242744 -0.699404054148933
-1 1.26927786949781 1.05650341808045 1.74575562359048 0.934575362816968 3.98984504127418
-1 2.83044924841170 0.136118432444813 1.12392055725552 0.274529719486627 -0.642698493186937
1 0.00633278416100426 0.513705604032993 -0.477115190803166 0.296634251964152 -0.832628402029631
1 -1.76484455623049 0.781342414172306 0.03164200364842 -0.0253879216514401 1.42564750064448
-1 -0.496448340608975 2.10559861751276 1.07275818866376 2.92101172098935 -0.229367726253611
-1 1.55717105797955 1.61198764024732 -1.18511301144555 0.827212878260815 0.7336062458589
1 1.08851198773673 -0.0505647445789763 -1.42114542740170 0.557349845489104 0.727515809625074
-1 2.02755431723252 0.901036285056396 -1.01664880325607 -0.538423476769716 1.52713857911
-1 2.04449214035182 -0.79276156501641 2.67421078013123 0.505067568516761 2.35151374717507
-1 1.05765324719654 2.41366419778925 1.30177315554071 -0.253744959092104 1.98926582278502
1 0.640045510768271 -0.951840714417992 0.752107552853221 -1.09174788027118 -0.910904598342035
-1 2.10062252295408 0.90369893300329 1.43067446307687 1.74509076937574 0.621512631390331
-1 0.806074853194022 0.498723375264364 1.02356799188724 -1.64135889420335 2.19602288848086
1 -0.948726999832285 -1.56894712458480 0.518102179648522 0.243620321444888 -1.06330713734313
1 0.653996470075177 0.739466229006014 1.61093227305012 2.409371139278 1.09564552012240
-1 0.675430093546265 -0.49366532753393 0.69936679007507 -0.00075002007675129 1.26508746215692
-1 1.36036183136691 2.32244179003993 1.02339197704981 -0.320187008525737 0.488185543255564
1 0.381846168508066 0.334722023862173 -0.862537828096653 0.924772580521116 0.766592993467453
-1 -0.453161525624709 1.09827916655950 0.377604323360365 0.499259581607412 3.24341075288624
1 -0.826495741626669 1.53644582729329 -0.909056544380432 0.355150336567665 -0.524977840696922
-1 -0.175610496624937 0.339580961625823 -0.774054810490246 0.56863273198306 0.242941383363583
-1 1.52877846993348 0.422810135198057 1.92988750656158 0.543481814206822 0.531089793982859
1 1.60690769243137 1.90894011433314 1.39365820410729 -1.16141227645138 0.619134242020402
1 -0.719382177449996 0.515169456027985 -1.44781244032390 -0.963363853757485 -1.53069524928568
1 0.458766320819206 -0.86811388433145 0.341044713758643 1.14103833010405 -0.345657398505215
1 2.35882085521421 0.608290276631829 2.25954481368980 -0.162078200177453 0.067132236692191
-1 0.762374942805034 0.211210665921274 1.30992200978264 1.26013723395310 1.04412890467515
1 -0.71271137776806 -1.06324198251677 -1.51737403843239 0.664832804183702 0.510174248433145
-1 2.2936267357421 -0.106573528681159 -0.631184178257011 0.80974293627633 0.880883703707831
-1 -0.214196290629257 0.690260328395916 0.94585445138847 1.02399832993425 1.21657776571528
1 -0.143321079786868 0.839358459360453 -1.65385652609030 0.200511377984272 -0.00331200264784032
1 0.16230371216618 -1.73147167677386 -0.632065916261675 2.14447767274889 -0.867843101254905
1 -0.357060597484276 -0.852924864304577 0.0101094137054227 -0.246127733106383 -0.897754349486535
1 -0.392635630819778 -0.305237452148793 -1.55387324200028 0.0812497784341704 -0.472813820577771
1 0.347144692348253 -0.231822098856711 1.06212502386102 1.81481060102289 1.76602308672241
1 -0.173580715393201 0.219886170830239 0.438654072243511 0.434643317590878 -1.99724148321437
1 -0.244468772643058 0.280783449261866 -0.220879090466492 0.416832463188147 0.255298609911162
-1 0.420971471501286 0.152535006150448 0.899919851220412 1.99558580010679 1.02094687681821
1 -0.33431991004752 -0.689603601346393 0.781510225366733 0.348363908109728 0.337362807583848
-1 -0.239391499056595 0.842837398184879 1.06080549304893 0.887585142124773 2.62886886496034
-1 1.32225851118116 0.438651031347497 -1.24866005889494 0.521105381029485 0.9847063944507
-1 3.34487589869225 -0.200822407317071 -0.254387836971780 -0.206017052963264 0.684829689119348
-1 0.260058369170794 0.0323504875092792 2.37380263903551 2.58204243729817 -0.0562278039377989
-1 0.982006975474745 -1.39655615315398 1.11707843390878 1.11672692234545 1.59890896567394
1 -0.360573576953544 -1.998722400811 -1.42429735132273 0.597880316814179 0.115346028139522
1 2.00557547133142 1.23882633140894 -1.05763608394952 -1.22410979612164 0.638123814069682
-1 0.449494863474447 0.732953717214765 0.455558387168065 -0.414411039147716 2.22597382090060
-1 2.14272241360200 -1.17219690522814 2.7198116834767 1.68872483607370 1.63420966660063
1 1.20892522707717 0.117521988728436 1.01180053501859 1.02326307547039 2.74066338132919
-1 -0.156553331043536 1.27653409535255 -0.557872558308606 1.552963839165 0.995001225546975
1 1.05650957793005 0.169695646442585 0.0629401897305429 2.16187972763703 -0.29092983964874
1 -0.00522671400237015 -0.227630758687427 1.44376715860478 1.31593731174890 0.69036368280787
-1 0.713476515532298 1.71021312456260 1.98764933387878 0.117713533496717 1.94234431596873
1 -0.0843027085252024 -0.268349246222234 -0.83043746232636 1.82874630596083 1.44063595639563
-1 0.310573472824909 2.14509359504317 -0.413677946253441 1.08859716173706 1.49264694041404
1 -0.666633889998016 -0.171956065092068 1.54669019134348 1.64186658244260 -0.655300190297537
-1 0.138043335138025 0.102053849754109 0.638453701352531 1.59251651096006 -0.430496882025328
1 -0.822697491966 -2.19510437451915 1.40548429218652 -0.53554898340806 0.0668225961579033
-1 -0.262831296809522 1.09915371124290 1.80911776996886 2.13185743215344 0.341968154869577
-1 1.51168761414551 1.32608582170187 -0.780025967549664 1.27125158492717 -0.188248502924957
-1 1.09639460930604 1.54031172862539 0.627733932514405 1.69296425394365 1.08696338005798
1 -2.0973050796682 -0.246568370811586 -1.21549505018417 2.05680276714207 -0.913517534333154
1 -0.0659411121694733 0.526793876702491 -0.7102916294534 0.673355418037873 -0.243170019519522
1 -0.622146906845376 -0.40888886500664 -0.825729994461352 -2.45488638233292 -1.00578636955644
-1 0.808176346440628 1.39416043243884 1.38401750077381 1.36850540873571 0.578848587534073
-1 -0.215738536523185 -0.266850641581789 -0.323819168604436 1.96805067095408 -0.115971332921779
-1 0.45405593933918 1.94178120141103 1.19258209123212 2.49019640459678 0.538129548717362
-1 1.21609329130607 3.81034818980711 0.950744797691968 3.69348630546421 -0.123562678475349
1 1.97854415722086 -2.05075164977958 0.165596928177712 0.474243631020374 0.846197834475751
1 0.0678088140519536 -0.756928875423784 0.901737532410528 -0.70117300849709 1.72537131200237
-1 0.799853308634279 1.58504602491263 0.530802437428078 1.01923446181132 0.609384301618292
-1 1.05514624442036 0.588880712976444 1.07191496141594 0.610307211067081 -0.943698376644276
1 -0.104449386141612 0.881078960420785 1.20452340859627 -1.09075643942371 -2.03957032762739
-1 1.09809894134065 0.0413698562143088 2.66661985139305 0.56275178450492 -0.0888645275612753
1 -1.24651248564588 0.163340629171261 -0.221762655973915 1.50461237313105 -0.365085184303293
1 -2.39439913870855 -0.685740801605041 -1.18705605417839 0.760852241000476 -0.480577405883283
-1 2.30951000085972 0.72404764615998 -0.56557542007644 0.973648095488804 0.883018988024773
1 1.36626385354522 -0.982576826829696 -1.74309520068661 1.42841088701416 -1.95336880690828
-1 2.23071039253806 0.77645746110961 0.555107700663876 1.67433577774744 3.4146204707008
1 -1.14287686111240 0.349282841924734 -0.6088471992354 0.35696077769513 0.716488883760833
-1 0.15077083817549 -0.295795502296826 0.215924845147641 0.35010646929709 0.881960197700029
1 -0.416820093915006 1.00375289069750 1.97129817535761 1.21406590314019 -0.804799802179793
1 0.282220902173646 -1.54570380969013 0.249226624180104 -0.209537339391272 0.130671610968831
1 -0.662245447986414 -0.436511759125259 0.575925476036206 -0.553471669416039 0.771582607550079
-1 1.15717579299563 -0.282446653861966 1.19535479636587 1.70811796222270 1.98197328852189
-1 0.500587424003154 -0.36166022236811 0.854443260624128 1.17702076964624 0.588824143923658
-1 2.29849812167584 0.866345592579183 0.0787327515559982 0.653057350574128 2.24592471477167
1 -0.975408640732142 -1.83446500262006 0.0741219777681849 -0.429728006836714 0.391142201368396
1 -0.828468994503579 -0.97090433530342 0.984884717896439 1.02977602208848 0.447708999342409
1 -1.34406014205026 -0.280803100352932 0.108704903205165 0.883646945922487 -1.44830640429238
-1 0.0585559869754041 1.16691250186240 1.03364552298604 1.16029537090155 1.75731589405272
-1 -1.25150760176546 2.72984749610348 1.98451914026252 2.26958422615756 1.11627977317758
-1 1.79166594461093 1.23645456724075 0.657297636787279 0.491536544362475 0.852417411864865
-1 0.0899325432671334 0.379241995396446 0.661631139115894 3.10028803955415 -0.574560302465847
-1 1.91181800089608 0.882511968662167 0.677224369122326 0.194475347147836 0.92420689914177
-1 0.173304501917169 1.81687480345000 1.33088313376237 2.68056172514854 0.5355249743084
-1 0.705567123517216 1.17491957874263 2.28218778390449 0.170242478573854 1.27349383002164
1 -1.33325056498557 -0.0633291250942612 -0.920374795709322 -0.115767197149737 0.752672649642493
1 1.64119214446131 1.53984731735354 1.59803005054551 0.121552988965535 0.514971217388887
-1 3.03137099618147 2.36693267708138 -0.0447530463241895 1.7413917487774 2.74250177697315
1 0.188769385077971 -0.482983332776774 -0.647341843856585 0.106269690047071 -1.71870613596589
1 -0.0372634063908091 1.39127829852140 1.02127577088372 0.865445835332338 0.699464352622835
-1 -0.108328935620601 -0.466321299803364 1.16649213019042 1.79309086349498 2.68412371203564
1 1.74538307485898 -0.0342928705294776 -0.566065357947701 0.814648910366076 1.49987806266636
1 -1.5047930900603 1.56716913439229 -1.76884298501427 -0.776381086468644 -0.739772167799635
-1 1.33244341219293 0.356848293166945 1.29853526197856 0.363107972331730 1.06446273427934
1 -0.180717328242680 2.34703559576801 0.80988225260378 -0.632062790918087 -0.256357186331286
1 1.34528018033566 -1.44231399656709 0.25964117883806 0.0441253558584179 0.848725461470512
1 -0.692362159744129 0.772527150595566 -1.41004370329832 0.242547872187868 -1.21780908892338
1 -0.564190198463676 1.51690085950851 0.532561395912645 0.890636878768316 -0.699293589645021
-1 1.10855188176505 1.43382112419351 2.20171109205004 2.66532661377982 -0.50470346074341
1 0.0301289884937298 1.09486479573732 -0.708372426467833 -0.015970240996517 0.870124464655053
1 1.65840817749087 0.265354021446785 -0.419260407105337 1.49678789191172 -0.48865997705154
1 -0.114906806538714 -0.468488588951541 -0.106215025809490 0.685594557869658 0.225251249652016
1 -0.466882878110826 -0.378505762488224 -2.04315523350066 -2.24364847066313 -0.414648345271033
1 0.492422030628198 -1.08592844439014 0.464733111156617 -0.0403841656266918 -0.0604480522276397
1 -0.0901536269645418 1.90660832046308 -1.08039177095804 0.84088452358602 -0.160654026907428
-1 1.82130289177710 0.0610924932237953 0.439434968627127 1.27713403928651 2.59790065981647
-1 1.25653137978980 1.03337990236952 2.63076110119494 0.235894813474328 1.14828609609045
-1 1.57846896533014 1.60951379725244 1.81800293772842 0.927815858280092 0.42433444210286
1 -1.53141151665391 -0.075666998404643 0.831051920855644 -2.00870544726405 0.203347456885558
-1 1.33377478775464 1.44091910263076 2.63910856087563 1.19750728421171 0.608704489495656
1 -0.0917034405849778 -0.777865547077264 1.97931442653353 -0.753150442965318 1.10091993820582
-1 0.814524028634084 1.76401364468182 0.129822891812997 1.53744083405910 0.402857629407572
-1 -0.996875829375033 1.06056613405457 0.997277538966906 1.66499574919175 -0.639865172939914
-1 2.08270505297655 1.12612200732564 0.688492173612166 2.68239341561929 0.134144146397561
-1 2.28251187815070 2.94855285291641 3.87211774173813 0.883605880379908 1.22997707788124
1 0.095867539818571 -0.486540157053405 0.344147832343837 0.211210808205332 0.216985649395183
-1 1.40261154407401 -0.30863366564541 -0.91200276340393 1.39909304464262 2.44796015695162
1 -0.14759032026341 -0.893414477933311 1.49368571789915 0.317732731732398 -0.93681108870976
1 -0.705578766214598 0.98626079102519 -0.114788499600185 1.55658864774404 -1.15273851733309
-1 0.494037346423143 0.472173075101842 2.17258241717513 0.438891248425017 0.250059884836683
-1 0.791093602655716 0.825310065437264 2.68828588898102 2.35115924996744 0.906393222829337
1 1.19167253206630 -0.382441631096917 -0.586877079449395 1.38509588913762 0.548140740963476
1 -0.988824319690153 0.829808323670046 -0.113215134007994 -0.561994083496866 2.12933584190455
-1 1.15393156463709 0.765263000907875 1.82081830174367 -0.657162146211779 0.938489719343883
-1 1.35351276611862 0.269685795214052 0.308062744510287 0.677470794306634 0.915664664907696
1 0.705165972026862 0.183616997386191 -0.43531688412082 -1.37547476617037 0.270061449635563
1 -0.491020442257963 2.48633781813884 2.2661255314513 -0.153508744340966 -0.240795930688715
-1 -1.48472308571848 1.12359715146032 1.71825699573887 -0.622457291277941 0.489501080215672
1 -0.179247889532255 -0.0625503815271065 -0.485943055016027 -0.770324218555915 0.661723948696358
-1 -0.238351913689436 0.201127467587095 0.708962435033578 1.54258941190200 -0.0323899242147022
-1 1.21892009581232 2.26691627773553 1.56496049098606 1.26760803950911 0.588748783843602
1 2.12057082067438 -1.48278727882747 0.314650861760066 -0.820190913611094 0.787609371134632
-1 1.03432798543638 -0.0406999635474626 1.73643433049536 1.18588257299611 2.01278789206172
1 -0.0446943538668839 -0.0444209457200845 -0.282497077242886 0.0289856135863490 -0.905549499628187
-1 1.10134953987294 -0.149747241634494 -0.771774499153153 2.67407267374649 0.0358591393264883
1 -0.122295540409300 0.288719321063256 -1.15108690071418 -0.127616262872318 -0.551854664895422
1 -0.724219162632332 1.20810104880810 0.0577642283961101 -0.137316638703726 -0.947825204688028
1 -0.566924801694756 0.96875068207147 1.27913090576849 0.628901010817196 0.201577324873225
-1 1.32684660204719 0.562284433920019 1.23327565808618 1.65840511754189 1.99133133292083
-1 1.25258831040949 0.504050622825376 1.71076340731796 1.40131846587419 1.74108948000020
-1 -0.919412330686468 1.65256685412811 0.42917760214696 1.10740527897440 2.00553169549589
1 1.58748316831236 -0.338523332903118 0.678416321942995 0.625385126179547 -0.486134924697085
-1 0.00126375592228112 -0.260598203914573 1.24810744941677 0.702119205538075 -0.229646698755317
1 0.0202862107753884 0.305673786474971 -0.437280605343104 -1.94164224710101 -1.93309423702257
-1 1.46236154434618 0.44197803796625 1.51473197499876 0.0494781740677795 2.79887269985838
1 1.25785544869047 -0.396283245584352 0.411750512618199 -0.913621601501629 0.000670550070284409
1 -0.464338791228447 -0.480983695692295 0.94422592400971 -0.485147550345813 -1.32645620603572
1 1.20047798428976 0.73712699862048 -0.901629821604354 0.394830297519184 0.66429821969895
-1 1.52560595859292 -1.31264923629366 -0.472789777216494 1.11749387074358 0.509924177333165
-1 2.24181106665641 1.19623380871506 1.24276488934722 2.41828438600016 0.317687745208489
-1 1.38315941264810 2.02144991837283 2.45021415736959 -0.255645447336486 0.163130435814465
-1 2.03591406009493 0.243018960980696 0.490283844616815 1.69527121518407 3.05412486829778
1 0.656738995428083 -0.209821869269015 -0.179290622391083 -1.56935149784991 -1.67090717188669
1 -0.799505658052923 -1.48721505929942 1.12748284480262 -0.224279779007903 0.766929526628285
-1 -1.30212532807375 1.99435425154188 -0.328963027364429 0.686134305247977 1.49976217921959
1 0.169026242027376 -0.363274476948688 0.00469814859404998 -1.26325816666973 0.119703617936676
-1 -0.8557166754379 0.126580431480055 2.74329158155973 2.08237741024753 1.03922699807296
-1 0.675301479974758 -0.013582724323136 2.04882489364882 1.33354154548554 0.873972797288318
1 1.04936567247872 -1.53876132602163 -1.25069786764118 -0.0518281209115082 -0.744841912200804
1 0.140560588096368 -0.300394144934527 -0.808085421272647 -0.0942254799300451 0.913667274261975
1 0.686914441710352 0.402288852407024 -0.583259390576122 0.827249206969713 -2.14613474420943
-1 1.76390958377028 0.739646611992473 -0.319833109690707 -0.208959548751338 0.967725981322612
1 -0.436053622568041 0.0877201658636229 -0.364402386832277 1.23378397538914 0.076063684460408
-1 1.26308528427287 0.271990973261529 0.81656126055911 2.45570390374559 1.09607687318681
1 0.473351646199382 1.55624749194739 2.19506251553938 -0.422768329818085 -0.897584328591365
-1 1.46259416761104 -0.291019161991332 0.391542174461454 0.258168963005243 0.814189961068476
-1 0.0563979382720244 -0.131498873163741 1.08503788589465 2.44096352106815 0.504895230937741
1 -0.4408639175854 3.07576969263221 -0.84467387095784 -0.0702743982141082 -0.0946245090326656
-1 0.854659581151844 1.31337840886615 2.22848543411737 1.75322700710177 1.29626520264386
1 -0.0292884229273214 -1.42426016754772 0.254027649545044 -2.18598584761402 -0.534768510490525
1 0.377599335431415 -0.586989617766227 -1.38065359226963 -1.28973677999093 -1.16211886711009
-1 0.49890384827645 1.7877152196087 0.863778834074394 0.0650757196290986 1.01047059116828
1 -1.23243204761356 0.0789622269730847 0.665159062902117 -0.49023649232864 0.999881870374635
1 0.520775987105772 -0.869078680047936 0.281279720852434 -0.689432394041284 0.716474938662164
-1 0.531458028289637 -0.396886396757024 1.66312582596139 1.15233331257287 1.60919762372936
1 0.461327211749344 -0.0904203048800293 0.457366696707923 -0.685848763324028 -1.64826603373726
1 -0.837801502038102 -1.36158773183014 -1.78462595984941 -0.302337931975740 0.78749726702909
1 0.57144741732217 -0.0616875181967568 -1.01054885596093 -0.974425445954167 0.606093434995484
-1 0.677015853095094 0.492047292139045 -0.570170919136177 0.177340322675912 -0.286512184278031
1 1.88159268133014 0.200856391951616 -0.330586347178366 -2.71784609217223 -1.2368586755303
1 0.47690601934238 1.14435988614752 1.44796529296787 0.124957883457583 2.11484768566608
-1 0.987907232867636 0.816649417207118 0.516803308300822 1.42566790055968 -0.626533864294236
-1 2.46840593163415 2.08169707080494 1.51814925736807 1.96708449065432 1.68856962387149
-1 1.49489629041319 -0.0338721316954294 -0.392129170135796 2.04819516162265 2.83610730881015
1 -0.302870301436912 1.88444097899144 1.56497712397352 -1.10275732753068 -0.149497481409159
-1 -0.173692299305741 0.984947109781964 1.82839272698962 2.22629973065002 1.82474522204707
1 -0.264280565452415 -1.07805079520953 -0.188110244666571 -0.411362581364153 0.0564641115581590
1 -1.7793048219833 -0.45798001127004 -0.496224888576807 -1.92401086434523 -0.249097465602633
-1 1.04232783685886 1.33142234762525 2.20006589585113 -0.518947064732823 1.40009114158534
-1 1.70748323689306 0.997223534497327 0.501156668859742 0.210262969776499 1.81273155055924
-1 0.293929405736207 -1.77110734742947 1.59581180671114 1.09182840829792 -0.936413131833038
1 0.0768418704788657 -1.77709931692918 0.0594428241214861 -0.183573047734481 -0.442638685727455
1 0.483303416172686 -0.851041992803825 0.729017129966544 0.860473834262612 0.949535623209118
1 -0.0518733733963521 0.47915040598861 0.662147850589942 0.385374163524759 0.285016774901576
-1 -0.746737587146593 1.97226779123444 1.66891251808146 0.253743080681590 2.6578405482437
1 1.30557637287828 0.793325154344648 -0.440467655502972 -0.755316317289772 0.315566933283551
1 -0.880062540493546 -0.125824735211829 -0.192778556085787 0.86980791009735 0.111382032809649
1 -0.5772143793486 0.0747555445429372 -0.920517186739794 0.617486275465955 0.0554611298601154
1 -1.12229176663243 0.431048389569226 -0.0716274887325873 -2.03572514959310 0.0170847871779316
1 -0.775330950678345 0.334586456755911 1.51590691740465 0.988750724952348 0.241020293100155
1 -0.663539585530915 -1.03521442165791 0.489953519275248 0.10234057600907 -1.8670680611917
-1 1.07902910845521 1.53142699183676 0.49952327036345 0.206878658070605 0.696728002840955
1 1.73594788522343 1.14700692692806 -1.32761378632499 -0.804164344767022 -0.64571864431165
-1 0.980120761385838 1.85229861925856 0.673704933093577 0.934209981356363 1.05937958087905
1 -1.09425069010876 1.69422113417828 0.305457339804355 -0.909204146569712 -1.05175250967392
-1 0.430148396645021 1.25862911093301 -0.517541793721793 1.54984035027163 0.624881122635468
-1 0.376303303636437 0.998319496428242 0.730083376635671 0.765984632194145 0.519814164698276
1 0.8208523383711 2.4871925399717 0.244641402030337 -0.152812161448348 0.099846490314751
-1 3.21364264633878 0.55462955256988 0.266571752609790 2.08495945338859 0.724031881365396
-1 0.240632931208114 3.03560773178174 -1.29883687294085 1.01254932273766 2.60991080175039
-1 0.33138525082634 0.495333973755575 -0.553597019027871 0.348880563777418 -0.0726845918275171
-1 -0.0485327695997056 1.34169708089867 0.532056698900955 -0.50752915177899 1.29788923713759
-1 0.186472844090351 1.36269878983147 0.639225889010635 1.17813123239381 0.495319703341123
1 -1.34525587018730 -0.184248322328750 -0.81229969029573 -1.19942747314752 -0.301902295443659
1 1.23465914810471 -0.191603807679693 -0.280841670212556 -0.654600048476574 -0.0629675584862947
-1 1.18833784800793 -0.144511919277137 0.132552371157592 1.82224191995602 2.73047686191776
-1 -0.514045831157849 1.43681102556749 0.714348416095045 1.72904713593215 1.90274114857349
-1 1.84356319675760 1.68794730160677 1.34721763232658 2.17415146466832 2.04797781159849
-1 1.5051336762202 0.539288817712966 1.63205676997010 0.91359594497454 0.654311280674761
-1 1.70812922595428 1.40955656132527 0.83726500645594 1.34806753138931 -0.0916048110163104
1 1.13869874745164 0.733389322077375 0.237288476354977 1.03578616110642 0.210111111953674
1 0.669521111577923 -1.34043754729821 0.651487896504107 -0.512653210928724 -0.434608518702045
1 0.0396610782221893 0.0995733182606205 -0.737510876583583 -2.25328129803662 -0.780697003341996
-1 -0.520894481133944 0.783989731068007 -0.167510243387940 1.93198209156234 1.50300455835447
-1 -0.587371174608477 0.24714476403274 -0.614780588411609 -0.0630728165855837 0.788835637817857
-1 1.85550801793729 -1.71855225761559 1.95480090148141 1.19639691648450 -0.934964350156437
-1 0.493743667390890 -1.29658717515134 1.40316159769490 2.35349485561315 1.73608929669368
1 0.946820401576188 0.729862039139992 -0.874728091803274 -0.146247578584473 0.344613648753227
1 0.573393664800148 0.754534506187495 0.686660385710217 -0.210456298125607 -0.621976276621816
1 -0.346377046603838 -1.73029743581678 -0.168352594943519 0.191077695860561 0.59694435675486
-1 1.52653344161305 1.61813437234115 1.22801559255441 0.423780048691114 -0.355397341124542
1 -1.53051854150593 -0.565180257181812 1.05587349980779 0.140612219817756 1.65724743171062
-1 0.111158069661293 2.25490780371519 -0.114191416739626 1.35662447329042 2.14448734439573
-1 -0.499435664176719 1.74799437708742 1.88282555032600 0.377870007035056 0.4591616445416
-1 0.854439009173942 0.191319375581471 2.50775340557604 0.163372675223928 0.962366380817303
1 -1.65765285402777 -0.599515267700738 1.79774727827719 0.822232638320415 -0.258489160440422
-1 2.29370697395394 2.12928374206127 -0.553125289132457 0.245753118177020 2.82912213878524
1 -0.122619775922473 -0.942724930738768 1.03951928794663 0.186078382064634 0.741124042730887
1 -0.918855089184255 1.68154685508786 0.444166906377193 -0.918739815567254 -0.0139169623581636
-1 1.68527926233815 0.490756044588935 2.44826198618299 2.08714238527069 0.443852970349045
1 -0.809668516773159 -1.62399760387498 -0.466899726816403 0.0136683351191265 -0.181532265565687
-1 0.111205421300924 0.901042324425793 1.00034166862918 2.16635219999093 0.871775468964068
-1 0.103122001223341 1.77085021133405 3.4038944918434 -0.550197140498865 1.70877494363931
1 -1.47212283407497 0.203377823589111 -0.817526149256998 -0.121736156951942 -1.31965394763783
-1 1.22413051734946 1.59792302899827 0.941020074211389 1.90343088116764 0.399285387688823
1 0.842214754365202 0.710667593028708 0.317965922603333 0.653210423987521 0.761151296245225
1 1.32960085212511 -0.0407930763090765 -1.58288049187434 1.3887142773406 0.900324794377712
-1 0.971615267086524 2.35531894592546 2.07293121503616 2.42916165959058 1.87373560263142
1 1.47194558688080 -1.35069715316514 -0.547597253309292 0.488163949358012 0.60851039640906
-1 1.40659360932653 0.324534958699135 0.202316667602935 0.424783759409743 1.82175829612943
1 0.975733004857294 0.239198147851392 1.34816678145749 -0.64455371758651 -0.677050419613997
1 -1.66441426211969 0.560114581375799 0.115741852588854 -0.0601659415905926 0.261077777962161
-1 1.3715836904216 0.954688962105032 -0.619896095556903 1.28706982933623 1.87302229304467
1 0.044554303583351 -2.69565719468300 -0.436170035151497 0.818972194163172 -0.265508621688571
-1 1.18244864533321 1.88402208152672 0.615214303590935 0.798504780928864 0.662908672737792
-1 2.27091313138408 0.724429771076238 0.618852445583153 0.602933273397365 2.6811726750437
1 1.12342978507462 1.27253647730112 0.868702105981963 -0.0471379725204768 0.930008952699069
-1 1.04653028801013 0.198937628335937 -0.0927123319471402 -0.348869403168275 -1.47245917820726
-1 0.740672744586506 -1.63369592783394 1.79758716271903 1.55200704760754 0.914900473749002
-1 0.591468385522657 0.80897242566701 -0.66080703455935 1.67027569755645 2.43213815480725
-1 0.355926169872673 0.105627695859206 2.48358723875107 1.00706677374611 0.123816656975408
-1 2.69480452455912 0.491505634984141 2.62699220803578 -0.29646522078171 0.0718337969485399
-1 0.844623929990118 1.69287528699072 1.42620049837499 1.39609447149363 1.04578204712483
1 -0.611379803552308 0.0908071268052797 0.86751319302346 0.678678443736677 1.10741728063777
1 0.0236670573961472 -0.208300168138784 0.499012132719346 -0.784584372886547 0.192476030160589
1 1.25938373448836 1.26112194040927 -1.70387250695621 -2.03959916210228 -0.177079798846039
-1 1.5833739384967 0.203034871269394 2.47686965045714 1.74971304951216 -0.0315686299510548
-1 0.537614328247094 0.929837827285978 -0.788326756283113 1.27820183014868 1.59995572185634
-1 1.64887051545162 0.413773538093162 -0.952839177027489 0.237535322709972 2.48444813053122
1 1.32354357604331 0.987277527041603 -0.631852519467805 -0.101265957578296 1.38998540469953
1 0.518938615765087 -0.334921019209557 -0.784977563357997 -1.76838332238995 -1.28191461567781
-1 2.13424982066854 1.75855484022443 -0.026973524898665 0.124578530590317 1.49169771079885
-1 1.13509967649943 -0.709558148929486 0.52903447763245 1.7681577219679 1.65065879335655
1 -0.228461877499032 0.310436807098568 1.88354142307797 -1.42086976908245 1.03612155446076
1 0.818078209923593 -0.227096103956854 1.78796681065276 1.53897742960778 -1.19016569207760
-1 2.22407594269915 1.93142426477446 1.15544157757191 -0.307300719989858 2.73764746116343
-1 2.02585634582591 -1.57324064786751 0.784381137310223 1.54491889245087 1.55300432066704
1 -1.23709481423006 1.90346569818065 0.498083345744768 0.303296138642573 0.499488478138445
1 0.977671905388017 -0.0853887208024272 1.63494670668881 -0.00187579292085981 2.54542256792856
-1 0.168664863856122 1.02353445894857 1.53557527279349 -0.0981991011669725 1.89029991534381
-1 0.533951006169942 2.10476712412996 -1.42582644830110 0.797183390774348 1.87306970246538
-1 1.62940174750147 0.829507706958098 1.07309916660252 -0.379618582122085 -0.0655456692851526
-1 2.02600564561714 0.660384119010176 1.04772687805546 0.526524895345199 1.31233188864205
1 0.00438495174092204 1.16781932623203 -0.360771773671015 0.995135437840442 -0.101544318020891
-1 1.32949432112586 1.27234360298825 -0.475918836726186 1.48277626824453 -0.0158252727309116
1 0.368090669211084 -0.892647514022686 -0.240367994591270 0.246904233242873 -1.05987771568274
-1 2.51571536688037 0.405383255611604 1.90636612116447 1.30815780794862 0.698367347178865
-1 -0.181367131981205 -0.856312135778721 2.49747329189584 0.274723278972099 -0.306444963637612
-1 1.20151572381639 -1.09671234322791 0.887995621794507 -0.0274138561360867 -0.905006593197777
1 -2.40823378104876 -0.851870532198999 0.541955711068444 1.0701971444054 0.846082341255043
-1 -0.00289944524638142 -0.0191335616522027 1.16474660536265 0.270929681985137 2.25559171153477
1 -0.443875902825388 -0.350053748627182 -1.68721866394425 0.436018309116655 0.928968635076962
1 0.0427491443734235 0.240084440285540 -1.13797633918079 -1.35105501691045 -1.44390766279445
-1 -0.708579886503461 0.390310587995345 -0.819415619486102 -0.511957281479407 -0.205608963933512
-1 0.700854249448337 0.487613771855203 1.76193657104842 -0.461067797155219 2.20891300014808
1 -0.0250270392355413 2.00933236665301 0.436661700271787 -0.200534492942853 -1.23611438521612
-1 2.45192255196545 1.25862385556844 2.22455374831347 1.18121888452624 0.612609830926284
-1 1.04972260691540 1.42754431509078 1.26069147445181 0.94790150062306 1.06666332536930
-1 0.544988652326186 2.08256109735012 -1.36723375822126 0.164507145346383 -0.0219407389859401
1 -0.451032166949121 -0.527485113374526 0.248771455301618 -1.32017163808405 -0.505117236711203
1 -0.636721309828773 -0.704645290443587 -0.350091069992944 -0.90805427255871 0.696915198676661
-1 1.65156303632534 0.293555928333566 1.39253426171201 0.67687671051357 0.458727536641709
-1 -0.436812459050265 1.89803267493678 0.214725702421376 3.22220102593654 1.19061222175997
1 2.46155076169996 0.686045299437106 1.55944266373646 -1.60280399287044 -1.01220615723209
-1 0.580080048679527 -1.23821688695097 0.264120113114113 0.717985077869258 1.74208611878868
-1 0.862593254926042 1.17587014309765 0.334567647498754 -0.356693169702209 2.30936889850195
1 -0.343408671656034 1.28630963472294 0.854598671657467 1.33596566822355 -1.06141211097748
-1 0.150981012239189 1.49926414318700 0.998550968988084 1.97891617098283 -0.39944024378406
1 -1.83568357015060 0.998472147612846 -1.97652197083763 -1.07335443781075 -0.383425796385186
1 -0.263234017176497 -0.781631084658283 0.703947002082716 -0.173460412693902 -1.39546825834885
-1 1.62372582000427 0.182561738592156 1.94203763992982 -0.138446115181738 2.39484454265361
-1 1.07660621747745 0.195729049381259 0.708029256776277 -0.493510312264683 0.597963414031622
-1 0.042045843306614 0.817867672579798 0.69667485059022 1.86182863144955 1.96531372141585
1 -1.32068434318644 0.690059350768986 0.573278200148754 -0.367258935839725 0.208773826209487
-1 0.544346364771409 2.82057346480264 1.67862930695765 0.444790004289456 1.00319250015135
-1 0.742992320227063 0.113535042690060 2.83471304417335 -0.312389255627351 0.102655873119711
-1 0.311157126494472 -0.351290946279756 2.24692643577507 2.97832045872097 0.227063066154967
-1 -0.832061812278622 -1.16306684041551 1.84076170525022 1.26203680974829 -1.53776767516181
-1 0.991737695689067 1.57722119315182 1.23326791134681 1.46240348035269 1.95327429439120
-1 1.43360390774930 1.35960778247980 1.39128401970957 0.386092521092429 1.30720512272995
1 -1.79313933074610 -1.34733375641659 0.415858751323174 1.12099156983924 -1.46048580129173
-1 1.21577644375903 0.116531044197117 -0.427966788440838 0.484887174314298 1.04224357629473
1 0.372322501620707 -1.25613447158122 -0.5584025471091 -1.36775162600465 -0.718632051609195
1 1.81187163691129 1.18809414322614 -0.265718843474007 -0.520833084091011 0.81833238921329
1 -0.84796928869036 -1.64130496480055 0.86380877718794 -0.721224585924143 0.156393847316794
1 1.33801379635851 0.332040346579992 -0.226406282781066 -1.66450543699084 0.0534637398288434
1 -0.660645191886338 -0.759634374236108 -1.82115056176792 0.123166229855709 0.576744398415649
-1 2.14614011820407 0.991734477292828 1.12856565670807 0.160364188173602 1.39964830209357
-1 0.235093892932449 0.234719738059027 0.273716813798986 1.32448617041199 -0.244601397269641
-1 2.33396767943248 1.53697941899623 0.746118982432976 -1.22642519686629 0.593325115877536
1 1.90288281190805 0.108965266274439 2.20602359818658 0.246223044775300 -1.69779973324051
1 1.29037881550401 0.390843928098732 -0.790836997090396 0.538070296429845 3.22740164727965
1 0.128742667893978 0.66115947708892 -0.742251620205938 1.26591244439147 -0.47512973685
-1 -0.315269451102542 0.495226284096339 -0.0238119097474987 0.756893666499527 1.47351779439188
1 1.81118080492233 0.160429326789674 0.597294821110228 0.450128709608565 -1.59304786376095
-1 1.32626209945308 -0.438876725563411 0.543102511555054 -0.272204686493531 2.77718404604044
-1 0.175415325892348 0.607578820677115 0.87068800547026 1.24225231847095 2.07427907757179
1 -13.2159484106502 -6.69674939595743 1.85423230497326 -21.8727987353884 13.1019570412613
1 -19.0855592247217 -4.42689634046221 15.2422425857708 -5.14133716236623 23.7231654359049
1 7.8406734549339 8.89837098741473 -4.82932418777769 3.23058160542747 1.30790385908371
1 10.0721712085306 -6.94357294567427 6.34298909854779 15.9078482728232 -7.89173909693813
1 2.81143245022857 -16.1317216130458 -2.24273514570433 -6.06542164072887 -5.4572589284919
1 1.48959049587163 -0.92783083272459 -0.797031297684456 6.60264159109543 -0.871686427215852
1 6.81911877843097 -11.3206187817712 -3.95987528825218 -16.8032466145517 -6.48767142227786
1 3.65096735581862 -0.4288679712688 -0.589230472874866 -8.70850862656916 -1.25820238992335
1 1.02873941038418 -24.1222681266311 4.46835795614846 -4.83651595343688 10.3964892228080
1 9.80996061005985 21.1996302862546 -8.5083189966372 3.11642641827054 7.26152126501656
1 -2.03677564959388 10.2489187564146 -0.813096589470582 -1.78004246478022 -4.31997674472716
1 4.83652084141874 4.50690654805571 -7.76666073418462 1.50537241129832 -4.55259722487017
1 14.5755658128003 17.1663702875818 3.67830697303837 -8.90369707490924 2.74581949777355
1 1.53532538574034 1.70518716159813 -8.00768607262102 6.87059503063559 9.75054692178145
1 -9.88378131203824 1.34153437687127 -4.26888045983154 -3.58382199008187 24.3026503535201
1 13.7424603017329 16.1664399312020 -3.84780920964801 -5.45250305728545 -8.83812180489574
1 8.04886174477068 9.2112693786994 -21.5708600072111 4.07207995610734 13.9990270369391
1 -1.2071764848653 -4.1900386526281 0.785741623331572 -9.60966253505003 -9.04944596852016
1 1.51253096988279 17.089549662543 -9.97656757226232 3.13906935112373 -2.84939064778869
1 -7.10739407846588 -15.0515381677233 11.4509719068350 -9.19010723632583 -5.48304826250129
1 9.46270221837052 -6.37106603217007 -4.47258123486178 -7.31435031226594 3.69201182655158
1 -0.83095068602062 -3.76852692888406 0.197229599730273 1.50958480752585 5.77950829693209
1 11.4330487314981 6.69332839328658 13.1177161370089 12.5576311070673 0.138262126226769
1 -4.19738090963787 17.1519655376223 -0.956624730151929 3.25432039919887 2.75450168457801
1 16.4032367704124 20.4970812676229 -8.01591089264133 6.50755059201097 -10.664994530351
-1 -13.3089414366481 -10.9956456497829 1.72940522284690 5.73049611488753 -7.73320406080138
-1 8.22789825406697 1.90028075950324 5.89889440401885 -0.166684381874360 -2.80229469861381
-1 -6.81262579656129 -0.817768821579776 6.72717212619032 -3.40263134351597 -1.48038409758738
-1 -2.28639395957951 1.40765904297870 -11.4008824423792 12.6380555181486 9.84322582583072
-1 9.7002595413099 11.9526812847889 2.01626750436904 0.151677961919273 -1.88532647199928
-1 -9.05661876680858 3.41642613248895 -4.28826418048980 0.64518713896215 5.1665028895432
-1 3.18186335031659 -17.5636338127002 -2.16980727643466 -11.8343101857459 -5.46108863720529
-1 17.9210425123377 -4.92564892846932 5.31658673397079 17.9107883170949 -8.0571043621019
-1 9.26383886772689 0.342028061413612 -25.0964142327798 4.9306024794674 1.68010218943299
-1 13.5138445527013 5.40629980484688 -1.64129302794808 26.3065214095526 -0.416134458666324
-1 8.51899868230174 6.0173861989749 -0.428095582481811 -9.18829902402281 -8.8401445657617
-1 3.29593105340091 16.2907081959166 -11.313023597199 5.89380113242506 3.66333869644723
-1 -1.30733910773328 -22.2577940372374 -21.2333616768971 -16.0158134138441 -5.15206440956953
-1 -7.38218704979537 6.09212560475619 -12.5833864552417 1.16678492719729 21.1910803277522
-1 4.65866839408815 -12.0990910400697 4.81577440690395 -21.6598518007142 0.302901992911825
-1 2.86254632300943 3.79929258625710 3.91620021984257 5.0755449558957 -7.93617207758278
-1 -6.50587071167251 0.92494830292568 -18.2082475161718 3.95150201780556 -1.76092367081142
-1 -11.3811284687025 5.47209673569024 8.67898550416598 -17.0502791554177 8.14552145607749
-1 -2.83247229800002 -1.49524951346352 -5.89030948390526 11.2455890583072 5.57504334541948
-1 17.0845941087298 -18.0805456187786 0.809569280169832 -1.50426109740154 7.48076373241647
-1 4.75693840465108 -12.3796120562291 -2.24127821918683 -1.35214090080583 4.25766271526689
-1 -3.87698322181035 -1.13094490016315 10.8510623089474 -17.5799509431271 10.1929172357313
-1 3.56234202543240 14.8894358410051 13.8054763052922 -1.11433544155947 -2.39270634084432
-1 -21.1325670865187 3.24700942113627 -0.093476029145998 -8.68898840787019 0.0374177743292838
-1 -0.527115493607032 14.2213821825268 -6.94589915439703 -6.40716120342383 -16.6948456225653
