1 0.446278888365673 -1.28830947549992 -1.85361607691469 0.895881758248491 -0.760027752370334 0.611327129607311 -1.16611137418059 0.225185172627793 1.39979922964027 0.375634636175894
1 0.832167086849342 -0.392101631603572 1.00442749008038 -1.55080573723553 -0.323317545691872 1.53960817817670 -0.17805815826107 -0.0208655503537887 0.273470233842313 -1.02711864700171
-1 1.21491437460547 1.18034552787561 -0.337109801354368 2.17955654333131 0.556945846522321 0.652813372454281 0.984639880655638 0.593004638243098 0.116322944198622 -0.175821385576856
-1 -0.476633888865211 0.541850700442463 1.07774500975774 -0.897805321602737 0.746719690077735 0.749566687899 0.453342457162042 -0.804545418816267 2.08270262028603 0.266144306069025
-1 -0.0542221911000805 2.54863385596424 1.96071907763279 1.56850593882166 1.07406375528760 0.99368457358382 0.249669710228293 0.434648348379469 1.26250370216022 2.23691431266920
1 0.82226624808764 -0.260896108161472 -2.37456636374680 1.26722123346809 0.00629819694215351 -0.228415818329613 -0.641932710703728 -1.51499208915292 0.847850746936981 -1.37157077141325
-1 -0.616485522577629 0.916040911076122 0.979805651318884 -0.140180763623469 1.23544447990173 0.0527435727281063 -0.112340266059061 -0.183617438216727 -0.114349478259815 1.08523801824697
-1 0.246236633571484 -1.04594088617734 -0.128593816229188 0.254879562644079 -0.163542967033713 0.874916256941509 2.18867699733198 1.03592217890541 -0.502897410307524 1.54064138307133
-1 -0.418433298415318 1.42937698762367 2.35328114179973 1.0946012434051 2.46932833588471 0.741890688231203 -0.0332472063060457 -0.127317992101871 1.27029282162302 -0.748255762761095
-1 -1.30978902039617 -0.108170718573 1.40772957578822 2.56623676858248 1.64483601079515 -0.47510582358891 0.175137659306624 0.400466138560019 1.69209214655319 -0.443563638439431
-1 2.53154301544142 0.193675439101501 -0.0182333718414193 1.72520320764466 0.0963632304163695 0.00956117670819934 0.590020395718803 0.782023689713573 1.01640894100111 1.29076911820245
1 -0.851829327764579 1.42731204322081 0.212375813788401 1.68907184314936 2.87473109585476 1.09337452110330 -0.446837660243552 0.372395933014133 -0.83117723885947 1.06047660524978
-1 1.33480908573797 -0.126886748827157 0.392140028737637 0.0311647503593102 1.7839828834513 0.316878239371808 1.16707877943404 0.330324770317615 -1.98199935495392 0.93387874474714
-1 0.555973164436694 1.11386531999454 0.510522587616275 1.20811576089832 0.736822674408577 -0.911238616010922 1.01739828859964 0.324207284594484 0.99378413243412 1.11524054538483
1 -0.0222170430034441 1.12377348671522 -1.02347122051405 -0.580426242361075 -0.0933797474255834 0.261075860823461 1.06735502192243 0.344159316923148 -0.225671976508707 -1.95446176137563
1 0.761840653654663 -1.09293656622163 0.667026957402054 0.699882319546179 1.51905944229222 0.797883622281316 1.92875085568149 1.14091725898601 -0.787028937429293 0.244480347656443
-1 0.926276249624315 2.4281577258771 2.46248413736795 1.19756128575226 -0.0376356159705911 2.19904602525036 -0.0754858964330906 -0.0956550630677286 1.75977737210654 0.941562367375526
-1 -0.239879771075861 1.18573653740635 -0.401351806670713 1.89028935977736 0.370231177929758 -1.0107590111917 0.604715553757532 0.885966126582078 1.28674513313230 -0.0409576888827642
1 0.354291964439139 -1.02541714416950 -1.15766036100689 0.117007755257000 0.500207951483716 -0.964166582110278 -1.97693036253096 0.316798036142307 -0.523580366189239 1.06765454413334
-1 0.784042324982345 2.35182501894571 -1.48302017159325 1.35706767114085 0.492610717881716 -1.57724073809679 2.12223079715872 0.79164390004717 1.68656422486547 1.11530127240597
-1 0.642535189867176 1.08775973693916 1.1500812594439 -1.15747270837996 0.268844823901976 1.69444931284372 0.858356197743188 -1.89925985124766 2.49774187712168 2.41674231690155
-1 1.53578747681943 -0.105017020138396 -0.104896555519472 -0.229137804935428 0.270388044345126 0.513817561415074 -0.506400200593217 0.421292444631728 -0.318399843586893 0.188885482802517
-1 1.42238330105834 -0.127781308720517 1.43599137559827 1.55459707377549 1.06948877750531 0.96009852038046 1.00536829973857 0.0953290465775019 1.81503937239993 1.02631033236794
1 -1.92232205112251 -0.191751061445702 -0.767483791236783 2.29247466063976 0.653079876473535 -1.9412203318288 -0.170350066919532 0.0501406635031743 -0.175795852113057 1.06137057627231
1 -0.205599735127949 -1.31724116526828 1.31131692419297 1.174637442538 0.133094859674864 -0.539084441226256 -0.515800533688197 0.399009471757136 -2.43557554163891 1.00027384568012
-1 0.323081497430605 0.205120949188086 -0.31872015671524 0.526025704238292 0.376147008365783 -0.239504056421294 1.68046598278421 -0.224310963058613 0.861160639251944 -0.481253704184474
1 -1.34111651082879 0.954933036917078 0.196792665556978 1.00360221418363 -1.37940153195054 0.377884024841455 2.20263274635568 0.320434501973664 -1.65491906713824 0.00388561493178988
1 -0.984825326021567 0.386491976261652 0.543700522139929 -0.845744456058317 -0.380099350164273 -0.106222026524993 1.80118331294514 0.233173203391283 2.00373336343063 -0.0981204941486484
1 -0.250614199433458 0.0929806634499808 2.02395063094430 0.423206182953731 -0.21359594798417 -0.477491699051841 -1.25424809975262 -0.77415951677757 -0.236247335925326 0.843322982295796
1 -0.722558209680675 0.100196564245190 -0.662744194791389 -0.799037558987171 1.23459293447870 0.433107553251628 -2.75804950081145 -0.172409647960415 -0.325250644255555 -0.8570703761482
1 0.848746063957327 -0.610391964630366 1.10182632535524 0.763445152489632 -0.0989089671448702 0.375135876624798 -0.575168652330513 -0.232143624769374 -0.344364000138569 0.814679504607568
-1 -1.11497039340707 0.0205675428041316 1.45529384774380 0.725279701347923 0.160898081601151 1.85843593053999 0.646452540215593 -0.52143099732913 -0.107808873138254 1.21977568708078
1 0.356676584289906 1.54302035212975 -0.794819496230164 0.208637059530391 -0.600921557823995 -0.80651821970999 -1.24479865280394 0.0839685985160352 0.521907724226519 -1.89322739039752
-1 1.14203009946686 2.22142725292190 3.36338284648722 -0.0257996578918525 0.471183666996909 1.42977294160712 -0.601220408141483 -0.169251505192127 0.265305298368476 1.34135878630102
1 0.562492758479371 0.0949651961915667 -0.785080598415493 -1.77818681513065 1.14785367424881 -0.336176770236491 1.77922299126238 -1.14466708323100 1.1098194824158 -1.77054216243851
-1 1.78323485491674 -0.174309104681525 -0.0214061198271358 -0.476048551575613 0.881010597013198 1.15770257759661 1.17892475015078 2.52949181852827 2.35714831926955 -1.01911365070446
-1 0.64972369089808 1.37193998430030 -0.762616797445792 1.76694689093373 1.22447091057745 0.408206095870812 0.472578568861634 0.0152636901721472 -0.990426742246198 0.93018819319139
-1 0.760295694671695 -0.752897822006721 1.02898694149591 1.11635661133846 0.466519673983977 1.31227424255706 -0.454039835751395 1.20072122033455 -0.601531450216985 0.663433480201997
-1 0.789484739188945 0.863431235312679 0.511422347257162 0.915578464980803 1.30299502680317 1.3117449165391 0.0340002219573888 1.72530368329671 -0.118804221135040 1.30962051982820
-1 1.06761519878208 0.983294548554892 1.15988667669030 1.58229049702595 -0.503671577711878 1.04588315264294 0.0709073854359515 -0.337371678365102 -0.547633363127233 -1.76439831540431
1 1.00719808011629 0.392848206962474 0.266133287903751 -0.746542881151448 -1.53890155144787 -0.270482993358202 1.7876840184836 0.0406421528442786 -0.624408819128571 -0.00805189276971717
-1 0.9618044680689 0.604214809268414 1.18807434638973 -0.537069795675276 0.336595793341963 -0.67837348363905 -0.256041331380886 0.907527269361362 2.82777300981667 0.257891075509793
-1 3.06118855579793 1.42095488249402 2.19542234338568 -0.137735742999914 -0.088215086415859 3.27677411135796 1.54053549580907 -1.16944335964618 -1.35823522786031 0.0105468483075002
-1 0.542570962882711 0.297076142290550 0.121386624593249 0.933894303333834 -0.292476952419659 1.66376260558036 1.03035192588937 1.36055023780577 1.06470141794979 -0.132587576783254
-1 1.19703479727593 2.15828175902007 -0.426622230034455 0.447702855228315 1.34131620280544 1.50561079655762 -0.269362959098099 0.51769865039772 -0.270497828023322 1.95413630606855
1 -0.714585604745538 0.0599126221200235 0.76037807992897 1.23815181280531 0.421152581417407 -1.17111796811076 0.78648257979775 -1.04551866757887 0.492307701183628 0.190662509379394
-1 -0.155473310464435 0.352570747342031 1.79293191688318 1.50766323063969 0.089659683179188 1.00433583927720 0.562721434115816 0.719985294853356 -0.187671280433393 0.703351230996157
-1 0.527482513611574 2.45120626942844 -0.0489010067214943 -0.847673404739903 1.59456485633082 0.474070607478135 0.767688353476006 1.38827634740878 -0.360104332722586 1.57226506004446
1 0.433513823779706 0.127987734919846 -0.19680403111971 -0.78731617928768 -1.11077127906587 -2.70513226701972 0.686318486383007 0.327997107087895 0.436426980080849 0.835708358137882
1 1.19823819550987 -0.444001504919252 0.204523746573483 0.085667159242707 0.570343068784594 0.450523543590741 0.974951067752787 -1.46900136165110 -0.00685982714152488 0.56520349408614
1 -2.19959377186227 0.705878708750645 0.848867471324654 -1.10843722066774 1.07067775696846 3.22532316877046 1.95517561156702 0.199433964736072 -0.080282935482561 -0.271607349301332
-1 1.69830282721345 0.622083686763077 1.44440440464145 0.0550249553575084 2.09668385354443 0.556252457135167 0.648383364038256 1.04266444245356 -0.753822621177603 1.90017281788621
1 -0.170559302397608 -1.54288636413565 -0.0510180432397581 -0.242770722762121 0.528144030721684 0.0390216701133390 -0.772365231977463 1.10238226531744 -0.0183260114879525 0.0959536238172876
1 0.532604841529427 -0.539426315321203 0.78276133996939 0.77590938206652 0.545717311316595 -0.800884221351809 -1.90619851676371 1.36076839422753 0.233805243686809 -0.795734301608908
1 1.11980116513245 0.946454114496937 0.438571574404587 -0.314965468974567 0.88245348674437 -1.34820881940046 -1.31699469350779 0.479731146383559 1.24560473107657 2.60825571320462
1 0.219607589402115 -0.736080585355756 -1.5383812313161 0.802459755432615 0.102246668477304 1.56375481507243 -0.55070858569992 -0.458191400853155 -1.32634170089089 0.366263324079722
1 -0.00208250092395572 0.0363406299762243 0.226229553688816 1.15503846938677 -0.0885063914162801 1.32104504111571 1.13768209119890 0.970202610933996 -0.471983135042632 -0.382893695592969
-1 1.36597730356093 -0.333713733666607 2.08210667212916 4.03704293961496 0.0153338549975445 -0.165768104876056 1.63792369775763 0.910021424890183 0.974605712237324 1.65605750311945
-1 0.991521285468427 1.90712771297301 -0.027082823252761 -0.0351505955188929 0.316681490032623 -1.15866562952558 -0.637823210416785 1.71275841143031 1.43288513780171 0.885149190771695
1 1.48491679691204 0.789943463837507 -0.815343860846937 0.413696356392227 0.321091178356529 0.0948382598970974 0.96759625392153 -1.26524513750876 -1.32860685463271 1.08244403635158
1 0.609025719866004 -0.331803933566268 0.816141630718609 0.00783566740852952 1.86101168407060 -0.679421461499411 0.728264031081724 0.0808250651575952 -0.779512679717522 0.440503951983571
1 0.357432907540757 1.51470334756541 2.24648894895371 0.90541723617987 -0.227087168200951 0.0417540574060242 -0.439891916079429 -1.07102627059868 -0.87808038743575 1.06253770200347
1 -1.27498088399967 0.72300883383786 0.677979132603202 0.0172238959867381 -0.459616142405543 0.273315365075782 0.298945511792985 -0.0173908795052064 0.236361642969656 0.457524017839226
-1 2.44088120108945 1.89367523188764 1.55422779420884 -1.18979312566894 -1.74537168149701 1.58794896432716 -0.70920649963684 1.47348824698752 -1.05115140716951 1.59059951739439
-1 1.41810979824244 0.61671149460647 0.402622369806037 0.576353205089122 1.85422743799995 0.8591577237443 -0.326903042260785 2.30451228843893 0.684719017348431 0.830147979286262
-1 1.33686256748560 -0.0502609311680065 2.94895099340415 0.304940673363374 -0.321035382513032 0.964637239232007 0.101051226065452 -0.278700037876436 -0.248823365703462 0.360425104460756
-1 1.07048038136747 -0.726189311715074 2.00108675690572 1.53074757797968 0.748775070076365 1.86695662651806 -0.0355958831664362 0.404736969908212 1.10364951349615 0.817867349949015
-1 1.63427212181562 -0.335391877354644 -0.967877540810646 0.63160730525519 0.68439763262928 1.18480702636972 2.56432499359051 -0.255155446017029 -0.511948980962595 -1.51693496715298
-1 -0.730936989562663 2.8663984944642 -0.56614285703882 0.407582406968558 0.117442401942373 1.17645487300472 0.433518431371308 0.598809107676741 0.229213887843881 0.7310548855629
-1 0.390650765608961 1.95614120087873 -0.728783841987636 1.19832834847117 1.08415373446492 1.05899218700752 -0.68325279715116 0.26785855567642 1.08982833557493 1.12975869114087
-1 1.19939710290663 0.933531747950853 -1.22615220839821 -0.0685385862295053 -1.02390573610015 0.162609836320056 2.08676995552353 -1.15457689528819 0.290603383398515 -0.193719577443892
-1 -0.276168302225560 1.92842811467391 2.62944053320124 -2.44853801721643 -1.70349696756896 0.648559083247046 -0.281870108180512 1.75583384416952 0.740992462926638 1.36787205839547
1 -0.90945178194694 0.650359252683319 0.520975918937204 0.658549768242493 -0.673844993839074 1.62060253217955 1.15450310758903 -0.821280283502694 1.9070127261889 -0.0993751303049564
1 0.303709975958973 -1.26286665198969 -1.06927683444510 0.0875261011404015 1.16379295273296 0.285989714912793 1.12427076428493 -0.155370609034764 -0.867394143593184 0.227363481742729
-1 1.31822091346551 0.694456830022522 0.769964347138283 0.325110525498807 1.27009105008171 -0.47272313976693 1.11548717565290 0.429159800125227 -0.520010801473585 1.52259107306505
1 0.564017761019848 -1.69328943077412 0.182644291060409 1.38425862839529 1.41701308168377 1.65731143933370 0.303001133632612 0.326355999735796 -1.01095890384607 0.721304627655207
-1 1.65332338541042 -2.09181916485273 0.682619186327178 1.0148131008322 1.90064979431702 0.509404116142827 -0.729320293813577 -0.438842167055033 0.504439046021029 0.9252146008858
-1 0.0357632128689376 -0.0280546112880538 2.18671299299729 -0.722608001169892 1.00839234327716 1.47127175506947 -1.23071224416752 0.480764428094733 -0.751020713158821 1.61087786821119
-1 -0.602106944895012 0.0612932700772516 1.48941512950601 1.30545264679606 0.112515238672717 0.400655074800113 0.236588188723978 1.31089304762295 -0.784991286960698 0.888565790886553
1 0.821755812382027 -0.61106422178115 1.24268874495518 -1.07147260226953 0.182073168842069 0.656332917708215 -0.0325421365442069 -0.738780392525557 1.16840625837909 -0.56542485462148
-1 0.936228593284676 1.32984554987157 -1.03491251630929 0.625040059375724 1.86433571539922 -0.186392237790347 1.22924064387129 0.243867976576115 0.814599829838304 0.484411023783457
-1 -0.130977631393949 1.30019686885726 -0.151319275178621 0.710346157248426 -0.920423462629976 0.511704977974895 -0.0138038638630845 1.2914902984757 1.11340055960118 2.27977070087039
1 -1.07933190848349 -1.16772519502594 0.552566988745805 1.98021481383560 -0.47077184544952 -1.79785453853695 0.343043652123029 -0.252973111721396 1.52081046863117 1.58275369178216
1 0.500558149491266 -1.43805915293212 -0.167403197921903 0.786252052982375 0.870479094225691 -0.361559021938637 1.13069715286581 -0.161605256237792 0.512555111416267 -0.275631942509695
1 -0.0764319718552836 -0.450141765499358 -0.814282745931793 -0.138903627626014 -0.245837568994068 0.362928665778458 -1.14959582645050 0.492628991021644 -0.912816030770218 1.74258646566642
-1 0.974304128925626 0.640431587001042 2.59491689863313 -1.37674441646868 1.41953286886816 2.02859230334702 -0.197891270455898 -0.393554812165955 1.07030267612503 1.75184345754105
1 -2.28937586591236 0.266773135505976 0.731791266521901 -0.792300780006155 -0.660796820933821 -1.01981977584071 0.282822466961512 -0.00268461020262649 -1.39020596545464 0.388087515684818
1 0.210455309593036 0.85713262361863 0.4700119531647 0.990489770384205 -1.16629554943224 1.22501981407571 0.0422531258155392 0.264201478507721 -0.0772690350752898 -0.782419422336954
1 -1.41546473624003 2.00552509151646 -0.191476003583007 -0.753423075064069 0.756518547196836 -1.60677384252205 0.694637384380962 0.245032087473699 -0.811268383372543 -1.29724860407576
-1 -1.0326313484948 -0.563997293138995 0.965589247817547 1.07482746899418 2.03468007739264 -0.349060586593480 0.638243676247888 0.706651784493988 1.37397724834389 2.01945444179197
-1 -1.47292846198893 0.539648883756618 1.64421566221609 1.34713539583697 1.69759567872047 2.35812229924054 1.03704095812668 1.78082949946317 1.20400398458941 1.61324108025582
-1 0.274519864045238 1.69516673369727 -0.416885364649781 1.75240842817637 0.365455513472828 0.0769423139234353 -0.00490346053691448 2.43729009052858 0.488270779775989 1.12105975790721
1 0.761330540887452 -0.552881448526069 -0.192914658210554 1.99932517332861 1.16671135162391 -0.318646614472496 1.17064109767308 0.825859494459459 -0.820238543281063 0.00708814413303603
-1 -0.435984689588821 0.609239313119096 0.896596760381703 -0.118567137307278 0.314728903093154 0.805222756925348 1.52831423717449 1.11336870877238 0.503058589860157 1.29616916570451
1 -0.586295762023344 -2.09713773010142 0.416692448524613 0.863646325525329 -0.150977123978880 -1.24983659178519 -1.26319604231164 0.308170099438697 -0.0255009218293244 -1.57223001426204
-1 0.332387726374682 2.00950160019200 2.24951035036536 1.23608406415593 -0.0393271759366091 0.718697180845805 -0.307586969236125 0.241229367351393 1.55117463471481 -0.653125038027592
1 -0.55580478950711 0.515492600075843 -0.721233161018796 0.864804410092615 -0.968143815813683 0.166738500430803 0.922047781263641 1.81583765966790 0.160084294772566 -1.40699326402346
1 -0.705514713172129 0.599084912073032 -0.407883788614667 -0.582237044616446 0.37062943100594 1.18303198743560 0.0795442507606788 -0.145274680670423 0.201176507756957 1.14660305537679
1 0.6671011230767 -0.466482454025495 1.11498072757207 -0.167631405226074 -1.11245609532991 -0.606976654130772 1.81911696022686 2.22645872624715 -0.860188359760078 1.53334433410119
1 1.22634576047004 -0.944084765760683 0.0711020116620016 -1.86429017119336 0.608754207732182 0.528042757232483 -1.11446151713498 2.10241569436392 0.279619366929065 -0.146941204612639
-1 1.29154071413410 -0.104386548288831 0.5500313926871 0.570583584948979 1.03755767757955 0.610376235748493 1.66274794027993 0.496483075077927 -1.13192750219716 1.03297568453873
1 -0.521366656951724 0.563764642791301 -1.69969777748878 0.737470011631824 -2.39229298490910 1.78866352282162 -0.576970208066757 -0.331054282642877 -0.279864522368775 -0.237642208663122
-1 -0.418427823585095 0.182227785652702 -0.382436990099972 2.15772261363342 -0.36187306571996 0.184229479674879 0.709304204472138 -2.18589600022422 1.50831203206656 0.901706761348293
-1 1.74320670125587 -0.04954587807955 2.00289414910786 -0.219715999258194 2.25080012033613 -0.580598682216775 0.0326253616632115 -1.02085568580149 -0.247285985098155 -0.722543356669651
1 -0.194685295446203 -0.575895357720825 0.292881670380923 -0.473299901402329 0.422169153728041 -0.0266281747462345 1.71345358325386 2.62880803584187 -0.570659367479266 -0.167447535027398
-1 0.709225233875193 0.485591494446541 -0.117295998002011 0.76277004856171 0.646278743590654 0.82248928196804 0.671130685049279 0.565623763704106 1.76569469256525 1.88395615177982
1 1.67946016667101 -1.20899638895005 0.315195558888032 1.14991513460204 -0.106700005307239 -1.35317318571050 -0.796869816147925 1.02094650373858 -1.6831549896263 0.488338793651643
1 0.831200356655948 1.33348031083577 0.726813866504636 1.31123552037793 -0.0266563246942088 -0.289082713512322 -0.787964532389003 0.616529301931035 0.0413863297616625 -0.862656829657314
-1 0.592052328196687 2.32516120822455 0.063008437936363 0.349468594599026 1.05900079584975 0.663198139434077 -0.592707879215553 1.20528182019479 0.437042616939858 1.81171583841439
-1 0.0383849709896578 -1.44664096532606 0.0813854150343148 2.24820914219183 0.749778613814977 1.88605771987363 -0.0763950118668792 1.40532563503097 0.29696171552679 0.738606088859568
1 0.367740723286571 -0.670238197036264 1.00703225654314 0.0701483136811794 0.717966647917019 0.264440205572593 0.151145962336615 0.314687451196587 -0.0127937712630032 1.85357602145993
-1 1.57393026533151 -0.423486278852114 1.20842720192767 -0.336653426429921 -0.091858049326148 1.39691550294473 0.687793788722591 -0.0601625150023902 1.19723951148135 0.325378017843447
-1 1.0221913904762 1.8441076882032 1.26021133354150 0.771812108197141 -0.426740434448212 1.57397006821302 1.63517929313795 0.410089956000519 3.17059648351023 0.252094035709938
-1 -0.0939031815211973 -0.831665910686242 -0.842788272483113 -0.435898672621709 1.8226854410833 0.804569127991754 1.50383226178934 1.14381807941413 0.423127154494353 0.947217302825984
-1 1.36697067985312 1.01047195276999 -0.125956279448339 0.635352566934501 0.345875714839974 0.533202069471628 0.0283869134338254 -0.644299727389247 0.524990660770005 0.210420364086592
1 1.54995143649555 -0.115977836538302 -0.451455965929354 -1.06419174418072 -1.27734373483221 -0.220218851611923 -0.321950613154995 -0.490446875438298 0.831742780227077 -0.5894479746325
1 1.13610478279458 1.06660887081885 -1.45314943995301 -0.557260528645028 0.131494036697919 1.02070136529547 0.371491476164462 -0.788053746352344 -1.22465289160370 -0.417358200048148
-1 -0.109045767657392 2.00397436279541 1.79157492247828 -0.232191875847046 1.87872845289627 2.61821320816083 1.18846886245448 2.09312087409639 -0.210886219590161 0.623260911087157
-1 0.924966478297703 0.0824714746558292 2.93414979893742 0.0661814911459583 -0.622602650982489 -0.381753093853851 -0.0877248137805445 -0.214057737328864 1.80984288751837 0.0480989309928604
1 0.865767609928406 -0.444990963200778 0.0976589584056876 -0.805263598081342 0.939111615490618 -1.52254819520035 0.388356106159995 -0.779965945126378 0.454620597522581 -0.662636336699208
-1 0.556199700162995 0.61807001544438 1.26950312644419 -1.15535909852896 2.41355346251638 1.79563357670486 0.22258235787132 0.947475696606842 -1.83239414597504 1.55881237479727
1 0.911543938578396 0.273426834209693 0.510079952648017 0.874218240728573 -1.79259551808083 -0.642105086754999 0.427020485776874 0.822413372057526 -1.92978662494402 0.369852984794469
1 -0.00245992547901725 -0.670970357944897 0.331797158186598 -0.454499957127148 -0.772379870992379 0.261214955696636 0.079741738227182 -0.0379832919553512 -0.0968270617513877 -0.686643941831236
-1 0.039776770569301 1.44887422103307 -0.355452200214839 -0.303202088055719 1.08453612688602 -0.265634907814556 0.439674190117365 0.0213882216936760 -1.24804480500479 -0.409229698934985
-1 1.85668095776838 2.16236696229832 -0.870394441056365 -0.138275884002971 1.06411192314408 1.46407583534059 0.280777209474677 1.22568024615971 0.0819909951559066 0.00915791903929852
-1 0.729700903458579 -0.550419890774744 1.36823880792264 1.51582139473053 1.62051892918154 0.969825444291916 1.45394447182978 -0.87629254879748 -0.307178094916452 0.205230322194832
1 1.36418180812341 -0.321613266403176 -0.176399902020133 -0.524459491078277 -0.164742306390212 0.440016414240153 1.29580951283764 -2.26880663144993 -1.10712314545485 0.626208043647789
1 0.405862050398761 -0.0341782668215404 0.381730606796312 -0.362979838835212 0.153578349571344 1.40303790941735 0.939254819436327 -0.602144105314331 0.405285903697962 -0.105364643313772
-1 0.384394936452914 -0.695729402734255 1.16667025097995 -0.311039528517936 0.926074206306398 1.21970172480368 -0.593394146049922 -0.105241226980489 -0.164411542594060 1.40159500594527
-1 1.10894212948767 0.174347937957649 1.77751405063919 1.02894320927381 0.609779191449937 0.193923149191606 0.564183438412871 -0.257549012845036 -0.246608995579357 0.407509394572586
-1 0.809408767986473 0.246271281758174 1.55819615425984 -0.60684778262976 0.709460675151924 0.0512552204284842 -1.19403872719032 -0.301665094088188 0.295632671411181 1.15668842760568
-1 -0.9416265262356 -0.723957036019693 -0.357152083355879 1.07751947813990 0.413681824068735 0.188637706664623 1.22867838346096 0.507353518219976 0.36388340548197 -0.715873872191729
-1 0.164924098180011 -0.686311694688803 1.21941925184290 1.27676218042147 0.910846391697764 1.75099294989351 0.95328294295079 -0.138139535967522 0.786849624973903 1.67331761636126
-1 0.814688007353222 0.92311245736168 -0.75429716144212 -0.688632247277445 1.49578971062079 -0.0755721971434955 1.18422371009505 1.93478811096801 0.152601425809335 -0.151136155082355
-1 3.05954770264160 0.040421301800192 0.74326128620149 -0.121833709350763 0.619058057470931 3.03779788586578 -1.1620822418405 -0.751120963296696 0.752495390188441 0.68909683194028
1 -0.475273865729395 0.45912969179298 -0.260173719328745 0.0455627173347046 2.76550238631693 -2.03209116238888 0.00202451122736545 -0.535918304863834 -1.88767689500376 1.09697288123590
-1 0.110566931177114 1.42661667152216 2.31534327920195 1.16241644529710 1.55516095583237 1.30684306733274 0.418511629921624 -0.205269163844109 0.445623002256651 1.19321113501601
-1 1.01092428013831 -0.363588651430777 1.71832556122799 1.00892344323848 -1.85671889069131 1.16342041046349 1.42627136436148 0.975941991652387 0.525950964229815 -0.339326642741844
1 0.0167596235783625 0.467178081600732 0.812859944893778 -0.429990700792505 0.0299148395617412 -0.579723095032532 -1.14026315426362 0.199867176546433 0.0238826298309129 0.695205870265602
-1 0.749959870125701 1.96218959987758 1.52941706932660 0.205750719172688 1.45156269838821 2.55808139220952 1.15966107121046 0.138868751589299 2.76217318878379 1.64952691530502
-1 -0.603611453297045 0.9849013877174 2.25924781583319 1.69096792854802 0.671447630691007 2.56744719894277 0.148789240489720 2.16820899594122 -0.00440088166357899 0.202737672412043
-1 -0.616603274842145 0.475793174819791 3.18203186589605 1.15376395299054 -0.694381993486725 0.313541167995837 1.51315523022030 0.933107416794704 0.422349811509704 -1.60599461987212
1 -0.170740706651019 0.848298350034961 -0.743598520153544 0.48591613008866 -0.126739939486589 0.402376715948586 -0.286770887492921 -2.10085219454934 -0.154946270176243 0.925688337311944
-1 1.0185268061937 0.912700374003795 1.41824035432394 1.61108123894745 -0.709688145129454 1.73400413801239 -0.133292521033653 0.401035276883168 1.52300589662968 0.598390124974836
1 0.139726628085785 -0.655741459439707 0.0775167374715104 2.15034157829956 0.430825412010837 1.09420478291179 -1.02331580472834 0.433175977672715 1.7098940190106 0.985104417242884
-1 1.52279377787855 0.415210615699974 -0.68983062192418 0.871552140965924 -0.822319282574503 -0.185376224280543 0.0224750946513843 0.0369450947002351 2.57284359834098 1.38685123533698
1 1.39323839322696 0.466466497952412 0.903357580047709 -0.540783058274089 0.316178376352904 0.174917139833795 0.0324413589942724 -0.0299564075744453 -1.48088015077012 0.340537051636936
1 0.480851300266612 0.817405084390513 1.66548772766197 -1.07651021593984 1.14835674726476 0.671503471947049 0.711109852353062 -1.86005648986047 0.702871058777785 0.367612386823884
1 1.15143196376789 -0.702299256028918 0.711244410988701 1.72303521248582 2.19191004987055 1.47472337416969 -0.0612067216723781 0.94616076697379 -0.94811792181653 1.68929928817231
-1 -0.0653066054097355 -0.532393146363551 0.165895150536299 -0.2494770776249 0.0463532983168908 0.778872742974725 -0.318963789847067 1.13910439510780 -0.213451148882871 0.869975156292183
1 -1.26293646913637 0.133794623826750 1.37205351753447 -0.359923619114574 -0.620790414375262 -1.02397199358220 0.518278986839885 0.381439596541999 -0.267216335684290 0.607602039416668
1 0.557656135138172 2.07133138241288 1.06544984691161 1.914367290634 -0.394846864563451 -0.0720776044524612 1.14911887155261 -0.203275437832925 0.415934823964527 -0.841004466628382
1 0.171589576040530 -0.117261701824124 -0.296305123832337 -0.201494475703640 -0.685352729061607 0.616885499163071 -0.301753491944472 1.33881676324702 1.26533817384663 -0.237012605697305
1 -0.677538590914322 -0.648060774941475 0.75345932005751 0.551676922397466 -1.85814159907273 -0.293788962760284 0.230594331422784 -1.48993293174395 1.83484954718661 1.21569449073406
-1 -1.33508703481731 0.0529957427674226 -0.120407758583847 0.876489402460065 1.37561214484489 1.49437299208661 -1.66178628449263 -0.489172271720796 0.887620086505652 -1.02082420635700
1 -0.973754062266518 -1.01934146988363 -0.6167620272879 0.583822862450325 -0.517615015262795 2.98444392597337 0.311948312492054 1.4085294862301 0.686898275651508 0.887979046175777
1 -0.394515605531216 1.19067788503432 0.661192140338131 -0.663941199720454 -0.639466009847892 -1.56310013228251 2.64840852776909 -1.23035287502229 -1.69107451299034 1.03706851406866
1 -0.247475491566466 0.476120740604445 -0.970611357180478 0.477585257577602 0.908920497036864 -0.813381898369276 0.547568648932077 0.768760653212299 -1.06910380065154 1.46906679283908
-1 3.61098889938646 1.18993333021955 1.16584906130535 0.483545222408422 0.281124517394569 -0.211299577846503 2.76875878622049 0.770832971563185 0.833509127464639 -0.0737454958227353
-1 0.191176801352123 0.0663766440066634 -0.323775542771227 0.7221516399962 0.163921993294101 0.357598776784143 0.80283454618054 0.00885776611199363 0.750598420299303 -1.18523121541736
-1 0.36043845085269 0.940531738052327 -0.70344402246917 1.24451495786788 1.66204994411721 1.50750659796776 -0.0552324918437164 1.58334514678954 1.55720693116794 2.93160548418735
1 0.798115478893226 -1.44187964279891 0.719059665854689 0.155072168748192 0.31020212752906 0.0989292710937174 0.413500495394521 -1.09257767236709 1.70309506983807 -1.32432837953339
1 1.39614005426563 0.0716570020317095 -0.252280200225991 1.69580892233017 -0.0440797931121172 0.808924095885003 0.327229682961898 -0.800600980731403 0.609049309410016 0.736022792723198
-1 -0.0180055658078957 0.264929640485990 1.24674725558481 1.22973711890333 1.46769431700259 1.97340068620970 0.256899151900013 0.0114247624042407 2.17876377262306 0.32151734139043
1 0.0963425281569386 -1.20467179144452 0.778357761708241 0.135776974051252 -0.935488258628811 0.398128266461454 0.362297914760851 1.03536330097026 0.850245540297007 -0.904362526647835
-1 1.2347851821855 0.455464559476376 2.98322190128009 1.13560742668091 0.415230262292726 1.17836764788139 0.161501658639169 -0.564159924118224 -0.229201591695670 -0.721814618579499
-1 1.11612396966701 2.9124545010444 0.605579835161346 0.551349361881698 1.72284794375022 0.904058761079579 0.776402021699073 0.558678986288173 -0.251331163835255 2.02013827284743
-1 0.95385341780996 -0.775471012599846 0.123677211503356 -0.486286016348413 0.0414030667667327 1.71434145685074 1.57510369077386 -0.636877231577453 1.14622561383534 -0.664726352384157
1 -0.143952314919840 1.19727180539236 0.426101614023397 -0.876005746851157 0.221882068383322 -0.0250401259514002 -2.02397761924783 -1.77578195146018 -0.129139119190379 0.96560109879366
1 0.581688324081048 1.81807411259379 -1.23881210042653 -0.666843830390404 0.161537950529893 0.097897652799414 -0.444213893247455 1.02705647854215 0.174584826076665 -1.06107094650437
1 -0.426193117171688 -0.0360167544958316 -0.447559695305222 0.502731791589492 -0.373930435146856 -1.12779058126670 -0.645367337972554 0.99857585710038 -0.616714884334032 0.446970292375235
1 -0.378602867342722 -0.0455735368258188 -0.609485183236581 -0.72884892596652 0.487634964621006 -1.61468978778080 -0.0384366287265525 0.47120786923101 0.365766291414761 0.622488890562064
-1 -0.839202817191496 0.574464038330466 1.38598028311071 -0.392483680116732 0.260616674211453 -0.0242781755504606 1.56856830867703 -0.753941196706819 -0.346589321214805 0.705029343763052
1 -0.916680412012417 1.38628153028440 0.130276964607769 -2.74149242459313 -0.81833147200395 -0.631464152181006 -1.60663367876362 2.01502871768853 0.0339220480139201 -0.84277367509531
1 1.39269865483979 -1.04328523312833 -0.650316357673144 0.942441315858428 -0.227608212820310 0.0455090321720563 -0.893646832195031 -2.51230118633190 -0.0947534826895327 -1.80292478845168
1 -0.280734881734323 -0.51997882846705 0.69491338491377 -0.088035544109824 -1.14547772284633 -0.0847026230815005 -0.595732072479573 0.297544651931007 0.0748531863402777 0.334734085628084
-1 0.177154508722812 1.44561612565765 0.796516021758949 1.17250739307553 0.446411018386998 2.05071831995078 -1.28701594546417 0.33628315437842 0.608723464552823 0.231544329662066
-1 0.0647823652912962 -0.290052089670239 -0.360108777068648 0.86599267434386 1.08325214354028 1.56928275920239 2.20004620930663 0.0127356567215745 -0.43651076457181 1.13696755181927
-1 0.420578611591986 1.56337953794231 0.529460454026008 1.72319661807292 -0.832920981996593 0.607674479830138 2.78095801309707 1.12266714024924 0.721968231954452 1.22207476438142
-1 0.512168415607622 0.0989452649584244 -0.631866000688342 1.42292576728798 0.168719816268263 -0.0885332969030356 0.188565379549610 0.0150311383271956 0.953742581777725 2.26159687442172
1 0.315654302965146 -0.637714614903412 -1.05497406124568 0.288466092021666 -1.15361082921985 0.254706115486670 -2.06270769054041 1.2971732103491 -0.526045100632165 0.863420878196137
1 2.97338049428296 -1.00373321483011 -0.95676987004052 -0.535358249380815 -1.28487336550395 0.345837118864603 -0.133997179772703 0.393242924074677 1.68886935262312 -1.28582134681410
1 -0.94297398871784 -0.249143333345490 1.43613475047901 -1.58611975138240 0.163845645280184 0.605006920510223 2.46073100696582 -0.481843188102523 0.360514024681911 1.17117855316948
-1 1.01434722668232 0.177341278198051 1.64832036336784 1.33851709595091 -1.08613519239356 0.520672009163378 0.127853882970093 2.07880630935333 -0.175493128834705 2.14668961787388
-1 1.12190422032839 -0.304288274303943 2.07886718268293 -1.30633947364983 1.72886373536233 1.05638275013960 0.823989239299667 0.0999164625549038 1.08581477492528 1.18546624995170
-1 0.90108735529702 1.91715188492519 0.672854047009857 2.58822752729348 -0.534103258963625 -1.15601226804341 -1.62548409994219 1.95701681733324 1.43068418092063 1.48949820981178
1 -0.853736518189616 1.22489789537172 -0.567272908992546 0.251562133214015 -0.893265907333487 1.82471219066627 1.74158119355400 -1.36911515717434 -0.849190866298352 2.02543723148595
-1 1.56456903408976 0.0880348797131761 2.37419458192195 0.148852179233744 0.453285965316468 1.03256291248634 1.41270395529202 1.37888153083194 0.690552434437603 0.521703222395694
-1 -0.212774084521602 1.40885760028657 0.6750541837721 0.218966637098364 0.961760599391254 1.46223558804209 -0.74907476920724 2.27732701066006 -0.147143791413421 0.246854882077081
1 -0.179461202042281 0.588253983759151 0.29511045009299 2.63767393503108 0.106052407836460 -1.79196728147582 0.0776367372142857 -0.0339426860579361 0.329437128195417 -1.20260174257945
1 -1.24391168208033 0.885706947353832 0.981605125547653 -1.41701261725416 0.385552501176894 -0.595138485717813 -0.511520342893857 -0.734486300405018 -0.733016286237513 -0.97139608332182
1 -0.83614427979841 -0.154505382818744 -1.66192179332950 -0.936974792060042 0.535929135144805 -1.32212228400432 -0.216116887448739 0.198153214981899 -0.490682399416496 -0.913420518687862
-1 -0.00407462467434516 0.415796137675142 1.77146580235219 1.96402652955333 0.949640190218358 1.68271848251162 0.589393124664092 0.418059648919683 2.12198544954637 -0.367346801695477
1 -0.469472630743571 0.126639537022574 0.317879625639523 0.958244830724216 -0.384507478446157 0.548237048111215 1.30445385166511 -1.21348267111985 -0.133397059735417 -0.31874359204537
-1 -0.414273235318663 -0.586302240975554 0.712119060338027 1.02479507620006 0.145593449966176 -0.02842599051205 0.448479812752142 0.675019181195067 -0.372430885030002 0.549114606914715
-1 -0.447064116623611 1.53789534328079 -0.00129243357552311 0.969717794687438 1.35522661330348 0.918064595800457 1.77720904975132 0.820682733863377 -0.628698187961626 1.24638573924100
1 0.126209250078036 -0.234954327755376 0.921423666813126 1.34124768956807 -1.79019224870884 1.22171836895410 -1.04792917602898 0.137891544142239 0.859601224024078 0.731985545687371
1 0.461863928029073 1.08573956739851 -1.56563500728425 0.0625212837129852 -1.21897216349723 0.757107636287202 -0.904881332655714 0.0661761491088667 -0.0761704405261902 1.26936165478339
1 -0.83480799132542 0.803448861113869 -1.99244344765756 1.05759173061199 0.324543364096873 0.254090017321926 0.139209667799652 1.71405490150334 0.171343502496386 0.485156581523116
1 1.60062978302130 0.375459966508286 0.0971121270781282 0.145310804725409 0.256813599741053 0.167215139698104 -0.493408456004147 0.618992082160408 -0.0835010555362488 -1.36124598088904
-1 1.11048346456078 -0.0458088730387074 0.0862032014100677 0.72560175452496 2.3354327741929 -0.133482531089817 -0.229110162089374 0.684216111749306 0.450633533886043 0.344000519807237
-1 1.59339970155304 2.11819160621774 0.529311149860376 -0.338430685855512 1.39992161509912 1.09192999838899 1.54326485603273 1.15283785862751 1.36375456304716 -0.227262143491485
-1 2.5954864527917 2.35390389664589 0.0364470415322972 0.705087523700036 1.37990572154743 -0.192273247774985 1.69016298147293 0.403856783359264 0.873526958824782 -0.168113764149411
-1 -0.113901992396783 2.04933867278026 1.07898588138213 0.482242887859175 0.678763954642784 0.300944694439057 -0.345070369616065 0.085670808277934 1.14197938773939 1.86584828361793
-1 1.47948349999874 0.169545091492272 1.53016184494682 1.46009938263220 0.487379050074231 1.50896787295269 1.05716650075749 0.733416997612206 1.93582842733421 0.561985504671723
-1 1.83376165696384 -1.98509747670732 -0.822075643665731 0.558858140928112 1.62160064535653 1.68412355000675 -1.40712793239439 -0.625114935072899 0.826124325331777 0.81765209898343
1 -0.475087910957393 -0.426787418210302 -1.20885526530005 -0.0123865119907486 -0.511227389386891 0.639653356530277 1.87273198366367 -0.63122483562975 1.24003681248474 1.06097600639531
-1 -0.469334703740402 -1.23504655918162 0.598794863694443 1.79211276749771 -2.47877171769056 2.54650701011868 1.4920174582018 0.163039489573438 -1.52780256104637 2.20254401142713
1 -0.427209044188597 -1.09903666369800 1.63433731485442 -1.15709428324214 -0.0972766636310696 0.952088010932057 1.38923859975026 -1.00273573181338 -0.808563926849677 -0.057418650289989
1 -0.548968554135881 0.67830626399125 -1.42996160166717 -0.0886998868213465 0.543020727797956 1.07323719287078 1.69703391148045 0.096546906584125 0.259810466505381 0.488792885337304
-1 0.530081278365587 -0.707157722100972 0.517380253774026 1.10512908338919 1.43318928887496 0.705478880863178 1.97249441335272 0.168758159164130 -0.431407679969157 -2.27549830433061
-1 1.36939078958462 1.28708616294665 0.945825488006093 1.10002219843367 0.34471632529856 -0.01338299592197 -0.598365481401693 -0.860477269463259 0.497177749477544 3.28521462559384
1 -0.657113090100948 -1.55857235851453 0.0740309196925148 -0.948250071168065 0.246490380548552 1.86984896536404 2.05271598550563 -0.271546951021092 1.33031658397297 -0.381922647710791
-1 0.634626028973183 -1.85975092840969 -0.482517177051088 -0.158336485491548 0.383260086662664 1.38994482474745 -0.848664054023465 2.2698175192569 2.29925997724798 0.430575502446205
1 -0.363822626386446 0.0766615399623563 0.159617202577816 -1.31972659400045 2.17326124029603 -0.416643452437143 -0.977460151458383 0.874648254525332 1.86513649561206 -0.145218065994014
1 -1.85070159049950 0.468250851995716 -1.94277151386948 -0.616062836619702 -0.406014378654815 1.78330520022725 0.443401579920015 0.183667322241831 -0.934151177728468 0.305791045716115
-1 0.331044135207734 -0.851222363890154 1.70406001935130 -0.276933831278055 1.87255012800026 0.458025468981367 1.04112746787922 1.6929505172661 0.808949406830669 1.20395706745398
1 1.43331787304638 -0.771289303143681 -0.0339911252391405 -0.393690624915035 -0.455548653088498 0.00952056038665408 0.562303900638288 -1.34833183544692 0.67545172263601 -0.377191769462031
-1 -0.520790408558161 0.100132816027139 0.270131849391843 0.477377162217125 -0.00845664034191584 0.337895363349653 0.997985518898959 0.780329187920622 -0.584797448619211 0.885105016535056
-1 0.657657480283689 0.46369102774343 2.5853828210194 -0.45353492765799 -0.670459485371838 0.473158987581855 -0.922159091947672 1.55918347680356 1.3977411102947 0.413449266926855
-1 -0.853026639779388 -0.459398797211043 -0.163769205212831 -0.163652218366370 1.02900980045761 0.548037324502668 1.64912858896661 -0.189543410962562 0.754719774891853 1.17818839542079
1 -1.11086095586441 0.576105771935933 1.69693449472623 0.885987529225698 -1.16904640018352 1.00469606956369 -0.0694163449977568 0.162357787944702 0.980122226160277 1.38469112300491
1 -0.636856402750718 -0.323053226906608 0.672388839701247 -0.00583604303426593 -0.138722948177261 0.477319245651862 -0.115626271475237 -0.359986646067135 0.262761979463106 0.736530221598187
1 -0.560840998280683 0.36149046911682 -0.482737716951821 -0.197117395866845 0.277500822326591 0.616352755406345 0.627677268054221 0.909483676223595 -0.172826240230085 1.49747872464098
1 0.278418316075981 -0.462628858605051 -0.853958362164662 0.476673301330147 -0.6089925796161 0.287502303346926 -0.391751382757415 -0.0483967882219706 -0.367557058787503 -0.551414054529547
1 -0.0316123785098367 -1.01916689590334 1.12818887924707 -0.183372872850239 -0.0773016688538661 0.107346426088383 2.04608912753892 1.30427919055285 -0.364799140439245 -0.0077242877012562
1 0.173797394744357 -0.0457609269484861 -1.17336647829886 1.29238920781862 -0.328004643251847 1.52599608254086 -0.231797366121221 -0.0466905587944336 -0.201747067784606 0.255793870657795
1 0.568534208872858 -0.028587453751278 -0.70942281063334 -1.38910737376068 0.38771416274529 1.23533396236807 0.0809498497654699 -0.512929063962068 0.288686153208284 0.508685149917831
1 -2.17184355897127 0.0750714553288121 -0.0397900531576759 1.37151916395275 -1.6494821642987 -0.385283728212256 0.225024923665093 0.60915827548039 -0.0321006296682292 -1.02631477910102
1 0.115565162259111 -0.546833183745411 -0.120754745090712 -0.0417545758259982 0.441884076841925 0.525615540447733 1.59547740593073 -1.40754168269392 -0.391305471052541 0.402135138594462
1 0.156553352752735 -1.52554472596095 -0.266371585314429 0.510766121620757 1.14105416216157 2.24923355633151 -0.732737132531278 -2.31786628657530 -0.457486239654417 -1.51172530820524
1 2.55751815490296 0.0109857672776814 -0.8305497793553 -1.84824209715283 -0.215803647252380 0.0937564501878948 -0.183675727210268 -0.324732607164167 0.35881365064704 0.619087775003356
-1 1.41359596905032 -0.609562605097298 1.88814663289193 0.518569470861825 0.0353473507557082 1.18917990687522 0.242682156062693 0.31495484547704 -0.264499475417063 -0.00305712043377770
-1 1.66834522167239 1.63452067869165 0.349030852024957 0.44671905867968 2.04307775987421 1.72397549883557 2.32834969675420 0.286566384411014 -0.599062170259428 0.368202239496233
-1 0.900208301553423 1.98581336325696 0.426012737598111 1.12133939104637 -0.847399896039749 1.63967853475732 0.588207979469026 -0.23293336024909 -0.815029163425515 1.0134989374701
-1 1.33391504875541 1.79728151457518 0.426284854642717 0.0576943215908664 1.74193164582625 1.44462211063175 -0.156558280377891 -0.238770433008058 0.399396836035670 1.91811426781767
-1 -1.30086702360200 -0.0422820554859396 -0.343853330097461 0.549550887244351 -0.70955419105826 0.0788438978413701 1.09636538166725 2.64721971429565 1.25726865787594 0.569893122253069
-1 1.70553339050574 1.02937223885763 1.29028783202889 0.744361415643267 1.22170072405737 2.02335406935921 1.95888420068635 3.93729669422181 0.839338729511283 -0.884464515809012
-1 1.88865552668525 -0.166923035116726 -0.54811107009199 0.060965348223623 1.67386797321571 1.48541870790474 0.790793241733065 -1.18494080749258 -1.52517646343644 -1.02488582542436
-1 0.0959723605974325 1.17886465419478 1.30670410690994 1.87293562494181 1.59403872818737 1.11162109483988 -1.38470845961883 0.611277149892269 1.13047511090949 0.973734762314074
-1 -0.683572805458955 1.29627085752061 0.302696700374792 -1.23339819325512 -0.52985997295309 -0.530726834485562 1.51326263239540 -0.304066125531726 2.71557933680687 0.0284561120095848
1 0.507095634830007 1.07619956597054 0.749272270004696 -0.963274022500511 0.799106535353097 -0.70341470124265 -0.560669525041557 -0.761625284875228 0.458639538703291 -0.511945712411807
-1 -0.172639621089728 1.30979976263488 1.40842640271204 -0.176783830655951 1.8925491622234 0.869268508766913 1.24345600861698 1.82117821097534 0.222032789653718 1.49868654502161
-1 0.365080780955015 0.373513538485441 0.357627327361922 1.67159726221016 1.41567509686377 0.910353541592535 0.767946155939448 1.72947768967619 0.859803528076872 1.11112321215204
-1 1.71978750607401 2.49553523942453 -0.714149955088468 1.83650919255197 1.21967778558029 0.92127374961817 0.670561419144451 1.39138957521487 -0.0683995685024217 0.950168435317338
1 0.468124392469103 -0.154197818037178 0.354050178259547 -0.0350804101985398 0.271043903158819 2.43330346244485 -1.58841486295621 1.92387908869191 -1.11093555660053 -0.0454487531471695
1 -0.147170450889938 0.420133037297238 -1.36306873178828 -1.80668102901311 0.607901714787165 1.60950806780015 -1.37254359972644 -0.471487753435998 2.04961016212688 1.76240775180939
1 -0.673335873249772 -0.421224332458511 1.13954932940462 -1.38627194209535 -0.913693125857158 0.392898543289640 -0.684478350336634 -0.941202110654147 -0.633679460720885 -1.69147816075713
1 0.0756359953657814 -1.55266926727521 0.567397746607625 0.476276329330709 1.41232849151189 0.769097516194227 0.0429767951498738 0.213045538187151 0.0742548068334413 1.08560353187693
-1 2.77317288881618 1.21332901403406 0.68478015623506 -0.34307663296642 1.45388256484787 -0.0653917216495216 0.389874677082202 -1.54382678396584 0.97636642783203 0.757573199239979
-1 1.20787101810315 1.18119512987851 1.14999338008789 -0.802449383103885 -0.766717615892917 1.15434432570092 -0.426140806682677 -0.263401103139530 1.21790456222078 0.791490248063856
1 -1.84801936898201 -0.220589983201413 0.0207712107691175 -0.535489055958315 -1.21877960134284 -0.954128092647297 0.194981811415881 0.597243157842899 -0.267684385206494 1.14956302127045
1 1.96392777428240 -0.558244820018295 -0.700077891605881 0.0964067418431234 -0.204625719267915 -0.393349983963585 1.05047311309771 0.436412365590906 -0.0752330177686548 0.797804978300451
-1 0.925548260561862 1.25077491891171 0.0400764490075801 0.56577619886029 1.22864743292229 -1.11242825160123 1.85582175837296 1.25030064404328 0.228455931832321 0.51855798795123
-1 0.552188407400994 1.72090873996938 1.94332047001917 0.071278326573809 -0.281198645223598 0.833219400964822 0.999308303522117 -0.771130013116687 1.01579595810277 0.875992904855198
1 -0.445065576237692 -0.48492796857145 -0.457060770392559 0.158954229399801 -2.07236246960604 1.83042052976667 0.48223520436312 -0.479435047269124 -1.10989512701229 0.773904358715072
1 -0.450720806084747 0.485994545744118 0.437553392993841 0.0143766984018897 -0.626349796590457 -0.575470243026078 1.38911893343939 1.16989504572762 -0.0709164374406926 0.330270947368072
-1 -1.63843599494462 -0.566933152971242 0.346077658177625 1.87719912360040 3.22056964650599 1.41220721303873 -0.599349698216563 -0.153081218505314 1.57702667799777 -0.0343110087428792
-1 0.287084149487983 0.0327852333152122 0.173779538753613 -0.927223876746213 1.13970155429665 0.817651218170837 -1.95201274711765 -0.343567330706811 -0.0761931218137337 0.549782367078547
1 -1.91941832288172 -1.54352146777521 1.12006782308030 -0.4638605235637 1.23556484253365 0.477612493148607 0.436039039522809 0.413859452062822 0.248944435936265 -0.442962669612984
1 -1.38818906645777 0.461346361706985 0.651227246807945 2.02111669237787 0.195914822429636 -0.26565181628555 0.700954943990902 1.54934012400208 0.190132735498422 -0.123826002718599
-1 -0.0716104646503964 0.89858044162544 -1.23073695486340 1.64046964388783 -0.498498221633575 -0.0646040870424175 0.210906430774504 2.17770049874645 1.12306311692919 0.372927513548465
-1 -0.985063448845182 0.699660952243634 0.00533101076009723 -1.27179691670034 1.35031281356902 0.386000241557887 0.772403075009746 1.56670391850013 -0.351060833737649 0.780806043494836
1 0.000612375564148641 1.38747858217176 1.31300213505608 -0.33196128154252 -0.589527849082045 0.248452418510102 -0.949043732768454 1.49976074937299 -0.319650085684597 0.359267913828902
-1 -0.493692569303112 1.68307843064161 0.581630981183247 1.96944854723929 0.906933322619662 0.381896519452483 0.958002059340645 0.998176538357214 1.68788492102828 0.772067847595283
-1 0.494168768352895 0.717804379647424 0.0620126646540423 2.26164942507054 -1.15950084132112 -0.526967287746906 0.472758104947625 0.0657920642596705 0.582694176111227 -0.0115008398460880
1 1.15222990993820 -1.84029356346707 -1.24039749197768 0.131939913559451 0.94754444881431 -1.00068942454994 -0.404834180380981 2.26668854662093 0.755544389159888 0.384917396058774
-1 0.905053274062545 -0.212630311760528 1.16507872542249 -0.679411372865048 0.134382891228413 0.186025563279116 -0.145827060104266 0.594227807379389 0.0445985766031286 -0.196700082702076
-1 1.01888946524155 -0.0111087405206939 0.710664261230182 1.18937250693938 1.12872905092833 -0.528775487276513 0.064177005034451 0.782763144720618 0.937133178223984 1.31705500655455
-1 -0.651999768111586 1.48996872549206 1.74235392050479 0.393979307308623 0.470990720603989 1.72424177616026 1.73987283932879 1.7906903211562 1.53430310522521 0.133244430646634
-1 2.50224088581579 1.16754596013665 -1.03366346673094 0.255497851729822 0.790113621939456 -0.0207982762311549 -0.105552895469218 -0.916598604333304 1.97564427953425 3.53030818248793
-1 0.914831692150567 1.19263464988051 -0.0669697091406969 -0.361155418194693 1.16627901693474 1.94317895147811 0.313806956771837 1.52276482150564 0.0602596646016093 0.427161282352038
1 -0.698222284595702 0.532590500831254 1.25526507773365 0.58619032456904 -0.0209400643088293 0.575066284465917 0.571817670065257 0.0835274515528225 -0.992635277966129 -0.152027356087460
-1 0.378021427251369 0.21311894688809 1.65633833835778 0.501430617621318 0.0734032919533227 1.02700067533259 0.491585964177603 1.46172504570949 1.23025057750044 0.661051479485199
1 1.67680305185124 -0.196033832284973 1.47424828858678 -1.63206136195355 -1.17319052262546 -0.397241463631175 -0.952720122601697 -0.254070775386182 -0.120411987970210 1.0993317199441
-1 -0.288815542704393 1.05282259998067 0.300903356486507 2.01758287161293 0.79810211314184 0.832356669597153 0.0522145811057033 -0.217375445358802 -0.843506476527582 0.830453779550884
1 1.39786547658440 1.14711784693661 -0.0126307660087609 1.24934469562030 0.329233840097819 0.602633719516749 0.733737062692999 0.136491635255054 0.432214186345943 -0.360380634051097
-1 -1.31453059591468 1.83937298403259 1.47160712591422 0.34435284842058 -0.335508391980136 0.857307693118996 2.49384885026476 0.866834155898155 -0.777611366823865 -1.08280110362520
-1 -2.12495023909901 -0.114204426678807 -1.02546552437553 -0.51980314418289 1.45381722899732 0.502465087152228 -0.883839206295315 -1.12734388398610 0.697980219661053 0.686107469530598
1 1.91757381664718 1.46133174016140 0.311748421974637 0.325759359837058 0.434350905842975 -0.39964317745218 -0.175226063397810 1.48286363307268 -0.422364397159228 -0.0647016866461799
1 0.70608734902317 1.05874830717618 1.85433741445577 1.01436304540048 -0.694394755497736 0.515292866090644 0.51984266516194 0.524030879316323 0.731886419954433 -0.79540425935557
-1 -0.339860071714829 -0.168334864478869 1.45857999610529 1.02922894908068 1.10367829362745 -0.949153187928257 -1.33738416070969 1.21355439094306 1.35670349119527 -0.288718028646755
1 0.550929867045340 -1.51269741712762 0.228598589493263 -0.466774257562651 0.0979006903380787 0.550951455977453 0.809046634692434 0.433440218155621 0.426652718149403 -1.75016723705261
-1 2.18967654113009 -0.39744495115512 -0.0265693110059061 -0.00451957854459417 0.326495565448086 0.688096860173444 -0.426227620705769 0.403278971560323 0.905937912187086 0.524343953306382
-1 0.199828847062106 -0.317718102912629 -0.993764308484708 0.403749691580103 0.245913136774583 1.00906299912258 0.675908246060933 1.49990559107668 0.449227557684547 1.65235258497837
1 0.296077512906465 1.53738580255499 0.609960464578229 0.365981797875619 -0.678564211739653 -1.45185617827039 -1.1824412734316 0.719083371449051 0.343816716242779 2.16343503746844
1 -0.684635037033803 1.27139520333794 -1.03219698316430 -0.564562048006347 1.43577710447643 0.354466564912512 1.18436919302646 -0.461098542746604 0.534062042061722 -0.361045900102300
1 0.585194436162974 0.134251162037012 -0.640126126729954 -0.0565672029669495 0.688160939822904 1.09241415037656 -0.157194855685815 1.31385594837558 -0.904683719387788 0.186289632566829
-1 -0.174032971355774 0.425125227155907 0.861731448618268 -0.917581732328348 -0.391855291432108 1.53714613606388 0.776954289969015 0.313414706455537 0.519020600503733 0.607962834727009
-1 0.786547808370637 0.411770053906807 0.628734678121928 0.202482074015066 1.14159641703612 1.85867293292382 0.933493856201037 1.59354251015309 1.84916492093005 2.42925430580533
1 -0.116647743474562 0.532246720975842 1.04537179168676 -1.99222873630748 -0.990779933151317 -0.0226003698335992 0.231365753135634 0.436726886902126 1.47266779359361 -0.134506185859615
1 0.326062544131147 -1.28908823499207 1.24932633202164 -0.78649523954528 -0.765317660339902 -0.607487281565927 -1.01751104581871 -0.57128305266363 -0.0333507191223628 0.331008657541601
1 0.451751083317733 -0.725319179454285 -1.82587508230743 -0.751532786982467 -0.883333673495566 0.252513447119625 -0.96560204451727 -0.245585004684545 0.257376944719245 -0.360504321793644
1 0.0726601799280943 1.17010627276167 1.34352083304498 -0.0887481069601197 0.349012283838744 -0.86337701638601 -1.44067543486887 0.00526272527626455 -0.562354555883655 0.0955602885037119
-1 -0.991539368372865 0.25293757929289 -0.540821696714609 0.869706291809535 1.87267435034525 0.703794248547268 0.882739754120674 0.617540386234813 1.07598108617328 2.36257201142467
-1 1.61900160906643 1.94173419943762 -1.01556848254741 1.24977958494500 0.722861989265885 -0.247557453751612 0.967366107368504 -0.240297732708094 1.40674040151166 1.17860643413145
1 0.787032208784494 0.660086094930883 -0.609949840293538 0.469508384086972 -1.99332222204702 1.45328092444492 -0.919074943083283 -1.23598712722340 0.327877795608023 1.03337870904114
1 1.82349876052092 -0.368663366295471 -0.69553615184635 0.036040983489549 0.454872724032375 1.19180492499643 1.00351686871800 0.149423425335546 -0.330428410773227 -1.13281063956877
1 0.202918991877673 -0.192054737727536 1.78043385801907 0.525592767619694 0.322800589140077 0.485315034264342 -0.772469815709853 -0.681042661770714 -0.87636452288879 -0.81113752470041
-1 0.819505549773335 -0.935800390882828 0.862989361638911 0.919978158721608 -0.79132728748235 0.346730599593076 -0.46264005561993 2.33527193011646 2.5291658225942 -1.88933950858954
1 1.55972108353628 -2.12649640209504 0.644311081955142 0.526848498369298 -0.398371846570943 -1.05327747957419 -0.524861309296486 0.0210848693796907 0.83435092978492 0.780072885809591
-1 -0.0353901489565768 2.07754565833224 1.43506848535783 -1.70096599824844 2.74634426658596 1.74907726314418 1.53822326565898 1.92929131773761 0.78078058288558 -0.866509673975251
-1 1.33139496843105 -1.22444266801315 0.961602197456826 -0.397840168832785 -0.0236304135041453 1.51781429085281 0.229077490137405 0.724343719848661 -0.0380357250431138 0.957965219522018
-1 -0.47947252450736 -1.17451068754939 -0.134800387981827 0.607915055912671 0.0447738849968425 1.44549513380764 -0.294126650402027 0.630959684109814 0.945295641595077 0.649459135035017
-1 -1.37211826391050 0.688345168261276 1.07771212489597 0.167119464793574 0.563394194041118 -1.33275980308226 1.33257907156827 1.75865037112199 1.39942325090339 0.33290439953381
-1 1.51191654770250 0.459989393136446 1.11463321255580 -0.238672746608315 1.62686134800010 0.297871834616083 0.9593819978486 0.976523015944125 0.332447277240945 -0.491471977421201
1 -1.09231283540106 0.433140982507439 -0.664082733213884 0.637927288545326 0.515738727745185 -1.10300848919859 -0.879270652796478 -0.109190831502210 -0.129079123967797 0.0942009558665015
1 0.981984294891206 -0.342601880742021 0.431633294584411 1.45887042858054 -0.920697305651205 -1.90170781038107 -0.350472840257956 0.0679422820150668 1.64993426966456 -0.489408531651079
-1 -1.01270181968591 0.865262531472749 -0.45092316485811 3.005232865957 -0.493954593718576 1.17778957402280 0.167211673194499 -0.356352431411716 1.36000267444231 1.09797885201541
1 -0.212228225466688 1.01930276292319 1.28776819606010 0.0342690077719030 0.611563746534188 1.19080235509772 -0.0649666031668642 -0.419637105370606 -1.68905647845490 0.294026552363092
1 0.41745346408035 -0.606465790126366 0.119791670049344 2.43763646096422 -0.969494872931575 -1.68314950266962 0.287872529685441 -1.81105328652213 0.451497908128423 2.03667514488512
1 0.476820767053875 -0.520066007781459 0.994921902696997 -0.0795837549072802 0.930560331646102 0.171224107913079 -0.0846578618314426 -0.0116163988510167 0.605588428913296 -0.908964011080192
1 -1.06797467097868 -0.366555617395479 1.04601753541306 1.57824488170063 -1.30004296782193 1.37349379674447 -0.077278683867917 0.856717787856078 -2.47286908219945 0.814718582388126
-1 1.39616124573074 0.289629200277754 0.5197018258355 -0.508291888597234 1.20603335133851 -1.73018438971206 -1.50653183823906 0.7632783015113 0.0451989254526023 0.639976029311591
-1 -0.0764017495240947 -0.166590236022556 2.16948582336215 0.447826866432801 0.130287659254849 2.17678935914226 1.24759098472829 0.188485773057784 1.10438470448746 0.0776443737190717
1 0.199049844480782 -0.122932549026496 -0.394411540235341 -0.801272809602742 -0.334055082926950 0.308437379602819 0.412446002579285 -0.210390423418933 1.10381633570762 0.282912980928695
-1 0.649400151680956 -0.236420444318448 0.475318757379302 1.38345519057702 0.424648574672176 0.497352897564536 1.75880074338989 1.91602805544151 2.15292817220819 1.44259624675432
-1 0.335617869858523 0.417370969335224 1.69124489136349 1.08808432575686 0.785234627167729 1.44324685521324 0.463186085362233 1.02360551554801 0.525735906628846 0.495360377898912
-1 0.642105534306878 -0.921967799779855 0.88454416945895 -0.645626224816698 0.251058263314251 -0.68910029513893 1.19153287770622 -0.0218024906288536 -0.120879060456275 -0.116988797127356
1 1.17287478269259 -0.636939175495032 0.724607948480326 1.40606579067708 0.758490674453576 -0.546457782756546 -0.229049534867396 0.46932252524623 -0.287940852462984 0.133009190764955
1 -0.284532741629778 1.39664784836553 2.12488737576626 0.0378522042918552 0.0227029374970308 -0.674816313244065 0.152236835221729 0.277896895822102 -1.92041311212349 0.0492051314699909
1 -0.776397842345821 0.198106862577204 -1.64939114433028 0.0691478473088068 0.571834133152891 -0.428339459678564 0.195865803714769 1.07425165172772 0.333173101084167 0.269506399822183
1 -0.876351323834949 -0.409529834522615 0.836091835522305 -0.232385765101188 -0.36007608238575 0.602552254521723 -0.649053128274236 -0.431066755708807 0.713557694971158 -0.79497622140141
-1 1.66894068575448 0.422570508566256 -0.705052127949452 0.396568960460193 1.73376461364591 0.857150204122095 2.0521488885298 0.037356541130254 1.60085037822881 0.0672126825312361
1 -1.90417286541152 0.166605663072547 0.47506042817300 -0.40507952357309 0.613713627251924 1.1552564753833 -1.04439025936747 -2.14627749580646 -2.01954488280022 0.817834513549487
1 -1.61670189587395 -0.685406245082062 0.0314174325100103 1.39811390922099 -1.23028170519041 0.0835040991233425 -0.528391043193917 -0.381327280902032 -1.35562180769737 -1.68731431837926
-1 0.864462822714579 1.23680307524632 -0.106785961348142 -0.730255181217172 0.313552526041986 1.21286495787603 0.866824357632793 1.48914196847087 0.891675621292109 1.50320193038859
-1 0.593207256666021 1.49609523781503 1.15391420276492 2.69702493599431 0.588425001634608 1.25137625693112 2.26560947282958 0.90501561200995 1.10557120042786 1.02000665452417
-1 -0.405318085567976 0.577891959073547 1.05409982784257 -1.77064083274563 0.615164742907861 0.0788911729836803 0.0905949433496703 0.533631500719653 -0.535255491934116 2.2318561252906
1 2.26916680683884 -0.993836189569502 -0.503081707608831 -1.96125042515111 0.675419667721414 0.6781691889961 0.208092861695016 0.820248594907164 1.08739284356210 0.115553192637653
-1 0.910497909483386 2.38479095461777 2.13951237226007 -0.97484247706971 0.0345480892007953 1.26742176258345 1.84387800363149 0.723461934109612 -0.875211228442864 1.21592649766712
-1 -0.157761131411222 2.57453143968332 -1.94142765944849 -0.174188882388459 -0.853862754333912 1.26724346727717 0.61878326873937 2.01720398615784 0.228649446540905 2.02909748752904
1 0.883561271266897 0.736278778852519 -0.469469757971799 -0.592660121060165 0.0734430498913602 -1.04727488611996 -0.884334224334103 1.42979613416651 -1.95993977235252 -1.83194598177400
1 -1.50449270515559 1.76862250615759 -1.06695772945692 -0.070150044627614 -0.869785760659888 0.077712615331968 0.175015462346535 -0.579968702471261 0.273828464753331 2.02128033870832
1 0.299934051290118 0.191475191019727 0.711828902325623 0.966043881378826 0.060917836659906 1.60660428528413 -1.11575736634777 -1.36221263957141 -1.82713506055691 -0.21396681171169
1 -1.07199676277249 2.34753417863326 -0.802836064196596 0.572568350482533 -0.249973538629408 0.314905231039293 0.950829302342756 -0.572004821379751 1.90562763599892 -0.48341211345975
1 -1.22242648692860 0.205548572509711 -1.23095954417907 -1.69737776448877 -0.589818258818833 -0.674475682951886 -0.343061206927753 0.520727141837269 -0.82985985007723 -0.476376103156477
-1 -1.30147879312625 -0.391556566885762 1.75219239441541 1.07227465634406 0.246513906961476 1.06269995335541 0.81240375397082 1.06597821139551 -0.299762927809218 -0.105045699631932
1 0.633197666836305 -0.397347975909238 1.11877994970908 0.364205331108195 -0.27094320357159 -1.01589236520025 -0.704396249008469 2.23858789056836 0.395942920322255 -2.04423890915714
-1 2.16852535752552 0.361029793110878 0.690335247383585 0.707834748386324 0.360527875879999 -0.0438245492142053 1.23503654398736 2.37053480221258 2.95063247200825 2.32949714571908
1 -0.552668063819264 -0.58066007212711 0.454116210496657 0.389475690557249 -1.87772035074264 -0.193885239754409 0.00652453653283618 1.1505825021673 -0.219804014019132 -0.613685324419615
1 -0.751608059775237 0.493436322207724 1.77605365458799 -2.105970809654 2.20542485777192 -0.143245755266779 -0.374795307127622 -0.763419015269576 -0.723302921060042 -1.06544643144741
1 0.851461630516774 -0.356664302380828 -1.55690774273332 0.250220299915741 0.80472787088272 0.996256803737346 -0.167670124837802 -0.272802679421936 0.407490940314158 0.0679901144309504
-1 0.59641779627154 -0.0243849614711134 1.53020428951726 -0.77774783625292 1.47799228033875 0.33948002968804 0.469728337747043 -0.563395181473345 0.852057535010295 0.340377081352033
-1 0.249480148023290 0.0543061787767615 2.08143061229250 -0.43226817783751 0.543113977144028 2.85759017229905 0.912986362602482 1.96859159539695 2.55456252333548 -0.560493315732190
1 0.598009124587361 0.0108880064697310 1.63050369922424 -1.30167006065630 0.957759922382785 0.346351785697085 0.153744099498134 0.156825968346134 -0.260075023458070 1.66133078300463
1 1.30181090707176 -1.11365749636392 -1.61693899070635 2.37541779783559 0.590793849412029 1.60066054904824 0.0388894685074133 -0.289069611225469 -0.127848520094949 1.91902453360847
1 0.634424544100837 -0.629544088660524 0.148451262082488 -1.03151010634566 1.74426216990197 0.229362948485863 0.145111336794373 -0.309570631371999 -0.396568195314195 0.699288092881725
-1 -0.00546685436415562 0.718016567388294 1.36360332100817 0.508961232030803 -0.357355838296673 -0.0270067957164629 0.437869074965844 0.695645159095778 -0.273743745503921 1.17663226626994
-1 0.430713550260352 -0.0918523054866185 1.54657299412287 0.8340595537253 -0.0203709705212041 0.569455663438116 0.400528445404520 0.915545575731769 0.486339503647218 0.68915899431763
-1 -0.0917396617350913 -0.80117857442488 -0.0327045138736972 -0.0121606245214021 2.27492524117108 -0.806290960257219 2.45176346244325 -0.515644194964789 1.04070423064881 0.510487193617134
-1 1.07094391214223 0.464121729346078 2.77974965287385 2.14840061312579 1.25129091623482 0.279935878650009 1.78821004463008 2.46057123660919 0.648936321830793 0.467345601992229
1 -1.21524736270402 -0.833845711326606 1.01648894575902 1.14368293152744 -0.321769848666934 0.232718707487030 0.389007687347775 0.237192039121460 -0.057664468540146 0.996412962979185
1 -0.755750113189169 -0.102982805965464 -0.270639377069285 -0.147870319263590 0.511645497683255 -0.00094103028303263 -1.56290801585140 0.594871677619164 -0.767148967946441 0.0297059009630167
1 0.226707539929826 -0.100702036873481 -0.11688871928841 -0.360683701929088 -1.89332973625455 -0.366475679267426 -1.09977520025727 -1.96848348508535 -2.03210390680627 -1.62130536312962
-1 0.536092108598811 0.106530413955879 0.0628653885352671 -0.252327358071901 -0.151644439401905 -1.59969832400843 0.232281259233388 0.639115506890139 0.90750257990591 -0.806087329375999
1 0.254044823958582 0.126830457814299 -1.94189791779796 -0.46153536486322 -0.80892288363221 0.377397429819071 1.15329292669719 -2.30489323554647 1.15133505842807 1.07818905788657
1 0.157851847799781 1.96239156855185 0.374709884079382 0.609224751980105 -0.112219495867086 -0.157534271029236 1.86254820004583 1.19530237667647 -0.613737555667448 -2.43516747734536
1 0.800208422188103 1.29044186222592 1.31673008923654 -0.626178244276376 -0.903901798004112 -0.250144544686623 -0.453103830041126 -1.18542462563465 0.344490500872014 -1.95951029753367
1 -2.79818676259600 0.802079615146471 -0.00333842098617623 -1.4878386220721 -0.62536698435427 -0.142888445756795 -0.230836799267149 -0.46880660916766 0.874084820624556 0.0935441597966912
-1 0.998378786089457 2.92092497288634 1.35217883387662 0.744349961271193 1.75885467680981 0.698530630320522 1.76082525469142 1.57500950083805 -0.870582744392685 -0.190169689909103
1 -0.422523692495843 0.173077975431833 0.85642531252061 -0.562718855493713 -0.391049115116157 0.36475848326122 -0.520498081401078 -0.132523362462347 -1.91936575475459 1.65909439281031
1 0.489854295094744 0.264091837047693 1.13559679508360 0.538276604939075 -0.342655635116565 0.419239523044682 0.438301220885413 -0.495723695345568 -0.0920392605741042 -0.102424608919001
1 -1.34320981156379 -0.789017155781948 -0.87110386476251 -0.879721758159017 0.797622280945379 1.33050143058375 0.706293668822273 1.22948834666610 0.877761323585166 -0.68909150577934
-1 1.57764371665722 1.4047593821935 0.871253711219265 1.11972323725619 -1.81950961040718 -0.059494122447843 -0.196829363580838 0.187310552121881 1.63185173657888 -0.526506086757437
1 -0.881509950549967 -0.137288102862551 0.417702506481920 -0.095550173165095 0.406511725141282 0.810317672788072 -0.145261041327013 -1.00034891938085 -0.601683580192466 -1.13702903435607
1 0.70526582383131 0.455793895472145 -0.947664484974175 -0.98638332647192 -1.21442973995878 -0.464678176784769 1.81710223857621 -0.621540521663191 -0.268905886725639 -0.350723365729492
-1 1.16332657851135 3.01993796967867 0.203351359611557 -0.241534232578174 1.25316079741827 0.991454235582975 -0.913381190483804 1.76491038629320 0.59683708437385 -0.173771651872444
1 0.554392507460894 1.19300540017058 0.218882473534492 -0.182200441615464 -0.94499054544377 1.37122833028934 0.625611019250257 1.17344706484977 -1.21586812336426 0.873471838492763
1 0.415106841014825 0.493349392360675 1.43587505853506 -1.72011656446533 0.0472935135899668 0.594922379138531 -0.71390602198498 -0.386914078492574 -0.81125490209947 -1.28917446049098
1 0.470876007533961 1.78235381302783 2.85065431187164 -1.28500261130433 -0.450551340065993 -0.45370795115955 -0.317099303425999 1.76455328292587 -0.188613901476635 0.319421242137643
1 0.446449513710171 -1.52058564043162 -0.896786940879036 -0.297200367903787 0.739671272363552 -0.0701439118345373 -1.00740266848031 -2.62438470825067 -0.925275918462697 0.227209193767056
1 1.66043357772709 -0.328037921895784 -0.315410866753135 -0.535647242673661 0.250389845001456 0.219382379916090 -0.385308011214217 -0.576395769405834 0.581333381505113 -0.734170436627699
-1 2.06935143742423 2.82865735802942 0.170147115911886 -1.03689612976917 0.00041376509403801 1.45450602154668 -0.367586678020175 0.375482131473617 0.74217039106914 0.881368319263825
1 -0.285244428412867 0.5162555358425 -0.90757553288029 1.61407828050385 -0.295226621839874 0.366112794454225 1.17496223336503 -0.431186415824248 -1.15060115139618 -0.436614571952555
1 -0.677065037277902 -0.692731826101459 -1.03076734622232 -0.538941988093807 -0.672556828491048 1.37779692769251 1.51187668678642 0.0717713804594982 -0.267010272537156 0.83533381724233
-1 1.33337197452231 0.814985459554992 2.21289660885871 0.563342545250556 0.611571952503803 -0.44928845135493 1.70737230293377 2.04286359710964 2.18285820911676 -0.618038060749304
1 -1.69197345042219 0.0314465620127239 -0.183223024274580 1.43690998419891 1.3515266850208 -0.157427865407608 -0.95793083428155 -0.785474192882718 0.654106765936513 -0.058230982474721
-1 -0.00314882090128077 1.25363955603528 0.964698194319782 -0.588532588356535 -0.777143654427242 -1.88751751323562 -0.280498654959578 -0.688788906239312 2.17302143413375 1.5524347817389
1 -0.620038347920179 1.13795237923859 -0.954549247132525 -0.527834287619297 -0.220572235667532 -0.823099822611386 -0.55713791237148 -0.455567492645447 -0.00101989960077481 -0.850541106670548
1 -0.606370423452529 1.51466367474242 0.572181668136751 -0.210991992909601 -1.11652693167211 0.171446003690667 -1.32124550460610 0.222953893994188 0.668540370164197 -1.47118904474834
-1 1.96551479242033 1.15965075264047 0.0334871236493463 2.11977374516503 1.08202440314444 1.35988802246708 2.50425376288681 -0.818161210280054 0.300604197174662 -0.987638811095748
1 0.478341714323403 -0.248940821634812 -0.0447246025105553 1.07395740487932 1.86453834935930 0.434180983097048 1.14820287001677 -0.797194596535352 1.9668112931104 -0.116063591374201
-1 -2.37241852230490 1.01199046862091 -0.0674991622992263 -0.581112431360096 2.19273575760121 0.387201727009837 1.47852417604671 0.51247220352953 1.09817792929391 0.581307672523582
-1 0.463430830405753 1.23638399573227 0.294789509692545 0.927293999644048 1.34940839728411 -0.56877084830806 1.76943579156915 0.33056818619719 0.51264227530825 1.76916312500116
1 0.752444574004219 -1.13164503431683 -0.931981118690853 -1.69921535822761 -1.65746414176970 -0.227779377941188 -0.355567686828288 0.11329346298567 0.944840090550177 -1.22423630096448
-1 1.01421062312805 -2.13441984288445 -0.321950178839662 0.210828519560059 0.90066085980953 1.43752866654508 2.24557755193655 0.212102144035077 -0.182523500836948 0.981674307470984
-1 0.961730661759752 1.64375664546356 0.699053936478675 2.06209335371189 -0.134437803164688 1.12343057879409 0.914880035971878 -0.336165101454611 0.314133023486368 0.232669660747927
1 3.18146698276351 0.359856348156155 -0.0330440912379491 -0.800993695680669 -0.106948905508311 0.325413577672786 -0.528834474851162 1.7981540451357 0.735395219525976 0.700894461783254
-1 0.619694843769777 0.154415862466206 -0.469776320354087 0.272580245895932 0.201272332851048 1.43628131686604 0.0230552998488802 3.00108980836613 1.09280559342253 1.08480978459630
1 -0.162376568348325 2.00218707945316 -0.00976981620593687 0.471623425493491 0.709674200173555 0.363183740168042 0.257815686817015 -2.59629751851052 -0.608989620324326 0.834082620204692
-1 0.699473117326467 -0.592888809261038 0.473970897169886 -0.820426020172727 1.56858053932705 1.99762961178936 0.636575912814554 -0.94441866350416 -0.463399069765643 0.461906965070234
-1 2.35346617228081 2.70931762182928 0.571145355404173 -0.982896263116676 -0.870682329841736 1.82947848541472 -0.172818956234687 -0.246377675688206 0.993532055042242 0.554263177726534
-1 -0.130187608082743 -0.203989332033302 0.270422767646977 2.5118506222668 1.91825878373239 -2.04214009773841 0.664595679733725 1.22715079877482 0.564787368918563 0.605403772199643
1 -0.745812085150049 -0.243903131129464 -1.33390808133148 -2.05529823687381 0.733311385967003 -1.91217277833356 -0.192870527590321 0.211059993332154 -1.40198593579863 0.610346437172856
-1 0.161357950466432 -0.523945466480582 1.32287163519217 -0.710511211215719 1.48053520820447 -0.098351201475208 -0.0353883572511509 1.86720644249462 -0.198504942909395 1.66407602859582
-1 0.243695038378497 1.15654645254126 2.07191403792282 0.713778842534508 0.476406189530822 0.936973001024724 1.83960262979577 0.422930371003129 0.208849175581142 0.906967694152798
-1 -0.0319263066426256 1.34906302455392 0.619334607307087 -0.100411967497672 1.81615755746461 0.840375118656566 1.54776234176822 0.56463817930732 2.21060638931346 0.527370586678818
1 0.0648628856078876 2.14637071340135 -0.0142091361746604 0.136342455530452 0.568406432308086 0.659225006096416 -0.880653279029783 0.0473826166047128 0.740644846153123 -0.369298009518568
1 1.03663203953765 0.159796644169778 -0.371203663343574 -1.14810835120082 0.990029184544271 -0.959279038748703 -0.256858627661604 0.479711505052962 -0.38461359106263 0.509285666906486
1 -0.98864940455416 -1.27543594808577 -0.721733441947784 -0.64246971850879 -0.990750633319946 -0.697728981344284 -0.391805139171062 0.0169701675592009 -0.302163731775060 1.49456269107148
-1 0.432131389909452 -0.314107889176551 0.67707971087368 0.64660329138805 -0.0171754929126902 1.24466535479928 -0.310049334479944 -0.953082057048633 -1.49585228952092 1.30075831699563
-1 -1.29127334494141 0.26938895906882 1.81527787870551 -0.193840548250867 0.407188439669451 2.14724939514867 1.7358348670942 -0.98878821555796 -0.305728026692957 -0.141411799692595
-1 0.834094416361647 -0.64684802300451 0.829276007280139 0.666302262456618 0.165139570109964 -0.441540037224944 -0.896586584993454 0.363822829823043 2.38638106341315 0.242629071297618
1 1.37987336673296 1.90163742342797 1.22385556400003 1.15761694528671 -0.572400137333415 -0.719066321920023 0.542855871704614 -0.110576325703712 -0.420713097174808 0.0633346657459978
-1 -0.860104631137392 -0.0368408939160211 1.11575823246528 -0.134942904536650 0.909363654527452 1.30444704533372 0.57885490516999 0.694445705330961 0.328308054294032 0.65525072949781
1 2.60764911269542 0.0889001628895051 -2.01125782443504 0.32972032590136 0.512117540347899 -0.832211132657396 0.189795107142889 -0.39201796324564 -0.693659167145024 0.938360918897278
-1 2.01553063972918 2.16857357952194 0.476695543892484 -0.508413776300631 0.838350859782076 1.09382996147689 1.09746756277739 -0.891579254980407 -0.322103062479989 1.76615174240363
-1 0.191317067443234 -0.47705871479338 0.413426592131000 0.533291989061595 1.33848106768617 0.846824654510983 -0.594171855398298 0.879613875271582 2.17243414982383 -0.335296624997544
-1 0.353814257472108 3.65879507222198 0.234000242470141 -2.19923649191743 1.21479454775778 1.40031501467837 0.65856047592376 2.80532153895529 -0.0788715001013559 2.82255966201783
-1 1.73113855905256 1.80573288889581 1.62423611377502 0.885023881512904 1.99122993865947 0.376712964495767 -0.00126105235927065 1.57501589654272 0.84464011288627 0.34774489108537
-1 0.0875300415947097 -0.0462834564763284 2.55631822780051 1.10101828722730 0.320301305826727 0.542871611896637 0.302090130575881 -0.501770433478574 0.812145610290296 0.117384187932223
1 1.70072892885167 0.135193253692437 1.08135378599728 0.000406830405334438 0.4774200606791 -1.49919682690321 1.49370396510845 0.57291683302963 0.303338106974619 0.550125571947893
1 -0.510236550542145 -0.95565624756566 -0.216797270972382 0.31137997856959 0.411102964926011 -0.714868912444885 -0.796292405668004 -1.08695444884424 -0.473952383346751 -0.720965024040774
-1 0.273920767711995 1.36682677138663 -0.0378773934802524 1.29411628961662 -0.416617081181439 0.986253181754973 -0.816965372212626 0.167578875867804 0.275529201642773 0.598963655403576
-1 1.18789420517611 0.86152361350009 -0.110908646299357 -0.812157160503553 2.41262653441308 2.15172429823986 1.72496397197892 -1.68076507696679 1.03295571807459 0.932009077911031
1 0.00946153246975114 0.399130577187521 0.514574001726542 1.81374702187275 -0.11959683513364 1.2060132587485 0.359477805746697 1.55235758572890 0.933803339154298 0.736939953425908
1 -0.203370311008809 -1.61317027745134 -0.347024703459404 2.03335875790087 0.913865815071107 -0.222005743478315 -1.37830458312324 1.60093207688028 0.075666211502131 0.742978180837568
1 -1.04066144479277 -1.83842802318512 -0.4890452993437 -0.821594520869726 -0.149958657370067 -1.26286420250650 -0.346177419394343 -0.205490424136007 0.310920440115889 0.866342827312487
-1 -0.488832384157515 2.247103140345 2.82769153877812 1.01197662319815 1.33192441985189 1.08141498611977 0.263742450063067 1.15575714964683 0.113136105654368 -0.53972785686123
1 0.454110214861151 -0.0607025042591876 0.203993092297287 0.91796637955008 -0.814871194429346 0.300125827134832 -0.325135503846825 0.222735302918610 0.663470478909551 -1.26649262477397
-1 1.04536075971315 0.376618673848347 -0.265934636515628 2.15703355656087 -0.48335771261267 0.465085560732068 3.01581417340667 1.05501860594072 1.71589491583748 0.943842726233393
-1 0.554454402669557 0.00991049428349522 0.805054783111931 -0.185008892249084 2.68185562973551 -1.5291480088791 -1.85810767822177 1.72729607964864 2.63161373580709 0.274775560851249
-1 0.118752809109844 1.50332449889930 -1.70177229290515 1.35495106374083 -0.514255182712167 -0.0530644049421359 -0.295193407620057 0.0624999806543034 1.24836664204504 0.749362745784871
-1 0.318153995537627 0.222176102602053 0.963909561132805 0.772591892102495 1.37587227780779 0.612553728830962 1.11761780061343 0.383298368927831 0.639062708341573 1.92707428204095
1 -0.940589944057135 -0.235434524646217 -0.573628864230366 2.32100704973658 0.531739046467669 -0.0195868005798321 -0.234778805666851 -0.354066708518965 -1.14714034103644 0.758497547757544
1 0.006795802764173 0.200560110220045 -0.145523662075863 -0.067406677640996 -0.381151507005552 -1.30992882209706 0.0348220650043384 1.61115803720458 2.37144419533109 0.298807795271989
-1 0.577393877982795 -0.154718115522163 -0.473933157021973 0.78022505940658 -1.80413362482909 -0.0925184473142048 -0.318553346767012 -1.81211208588055 1.11495688592770 1.37323337019902
1 -0.209738261672572 -1.29522645434262 0.108950927387673 -2.59597598263023 0.938555042616066 -1.05941907752939 -1.24622372555673 -0.755138171448109 -0.142778802970477 0.806309616861588
-1 0.589172713905581 2.95566799567237 0.855687330217015 0.43269294049645 1.14598718991693 0.69673770859872 -0.0323557506115336 2.01238763338515 1.05620533317266 -0.00660958738619899
-1 2.43314203425008 -0.498042476305872 1.92699216318952 1.32457665588597 1.33849166112937 -1.02736951729194 0.340348622023513 2.0220182628392 1.13860030752097 0.660946384029431
-1 0.627786669453258 1.33878896952921 2.77764979004904 0.611569689477162 1.30185327823775 -0.102369702790526 1.42184577824596 1.07982371981625 -0.248376179814966 1.59129997715142
1 -0.124884901838581 0.568776941863665 -0.282427191427051 -0.63276153857085 -1.46484923063260 -0.360157645372799 -1.45855923468962 -0.216171921005835 -0.172673342646812 0.127297064395437
1 -1.13864980449246 1.28522660948126 -0.35858691525887 -0.024185366555187 -0.466339988088882 1.43780396487015 -2.04462352598845 2.52471047291601 0.470423032962852 1.58586592484092
1 -1.10546175787151 0.0271695119027657 -0.342846961306351 -0.991467133619577 -0.813375641140961 0.0473082036424987 -0.317656201557914 -1.20994015888905 -1.09045271240229 0.203375813763842
1 -0.518812419428522 -1.12266271374655 1.11994458374159 0.715023731955168 -1.83884350501320 0.0858346397326373 0.460849310243969 0.87377329725924 -1.51401674111623 -0.380497220596153
1 -1.49624697269097 -1.10914270832911 -0.162136730604687 0.0577047807903511 -0.995801609379371 0.525606094243951 1.54765589277223 -0.324608836863266 -0.236381253618957 -0.927956631585624
1 -1.6842157849207 -0.239910735171505 -1.68875452573499 0.185043255903074 1.12687018479689 1.03408498345568 -0.230592968298566 0.634857509632453 0.102563349036682 -0.950947223001305
-1 0.0637910060350452 0.173265246744177 0.359046754749839 1.67392699771806 1.14649261350861 0.0840272247370367 0.560662613458535 0.817421430035921 0.345390812784031 1.10388690914545
1 -1.45030574062572 -1.05501797346465 0.156076591490579 -0.357117061916609 0.608881263283706 0.191509837449025 1.50152163485003 -0.545062903777048 0.153908029631628 -0.566822664147586
-1 -0.854353480862007 -1.30678626409164 0.585261225989768 1.10015207741880 -0.394379773406317 0.321467431678750 1.50480498242847 2.24003108738232 1.7574518172463 -0.544116884780749
-1 0.336941851243226 -0.00270758283037054 2.1599965077547 -1.03096776783568 -1.13623839419292 -0.761035276045392 -0.0250325625733759 0.272874445670972 1.16956262075835 0.65410050092103
1 -0.44278084428661 0.312318167612793 0.0646067301974317 -0.141328994609272 -0.382682035689128 0.393559199460475 -0.523801397729144 -0.621630245041305 1.5794974626984 -0.551084613220956
1 1.06093126925891 0.360955698139971 -1.20748319742852 -0.835412446883626 1.69764326933516 0.275439550939304 -0.205262047668819 1.16748914301399 -0.417569095538457 -1.66212341324189
-1 2.53265884391903 1.75945409897874 0.611506907941488 1.79855243545020 0.499488453596331 0.825969190932978 0.858912715101353 1.46211410615408 0.772940776183689 1.90644307521009
-1 1.83922861331381 -0.410265633997203 0.609784581799772 -0.293393340300649 0.839593723848936 1.72933369605005 0.511517241542988 1.65370378087460 0.259998941437525 1.05866382392863
1 0.594398573961505 -1.09464030831798 0.137902114407970 -0.649247273110435 -0.802907176154144 0.518382300082662 0.0602763364314586 1.26224117183276 -0.918615308573944 -1.26566476563666
-1 0.81153630623702 -0.256395219338178 0.520459650600451 -0.210681932925169 -0.297087436521218 -0.0366235355371882 1.69396733995336 -1.15470695090336 1.84640169429508 0.963313112138647
1 -0.80715055316431 0.428180739750129 0.64509462622365 -0.442083026134406 0.586049198768895 0.71325261187413 0.359396309040992 -0.152877761110048 0.782698805187324 0.116570113226221
1 0.873648408521714 -0.971152072704878 0.815981459642346 0.580716197545591 0.682365778841039 0.933795005930185 1.50505219575917 1.02491658024072 -0.0567516877697615 2.17498386261335
1 1.22006317659148 0.00264274482793359 -0.470415548899271 -0.518051311670158 -0.768259463676627 -1.51114513806982 0.334227356695626 0.61271824263907 0.332080103370463 -0.756328192945496
1 -0.277014399593118 1.21638995562085 1.46706283175513 0.696912794684463 -0.350349971273616 1.49506233408127 0.510899100538497 -0.0197861596687379 -0.938249393793617 -0.0860295260467466
-1 0.857839024224177 0.796527642901233 1.34830239844540 -0.711418197899069 -0.0135150995344351 0.81179180233088 0.433909679733328 0.0085316476631293 1.47727946206806 1.01583339494398
-1 0.416545857722421 1.01900617229793 0.369708937349134 -0.535203241144488 2.43869352682496 -0.346584553568382 0.143573108439555 0.0483911073115282 0.0804001956426946 0.0349101509761504
1 -0.123038699395473 0.662366625657938 0.622233421488535 -0.420741758418388 -0.0013323351845569 -0.679114810441596 -3.89172856691688 1.02343554640889 0.618647755575047 0.633266421839949
-1 -1.58666585137375 0.82178295882247 2.72622825017812 -0.957619224480303 0.718980992190743 0.610603602092767 1.24860769461725 1.54588234130358 -0.0279702063292503 1.06839972136943
-1 1.51958547427071 -0.455846007448531 1.32100034130157 -0.693263380013714 -0.120044437705266 0.0899294796481788 0.453608098857272 0.329242454860098 1.38245740066825 1.36170976293943
1 -1.12401540142961 -0.916150726256756 0.392384543102562 -0.866038946484595 0.6738121335169 0.585408260275802 0.160097684772607 -1.0653869743443 1.30273504029548 -1.30214013412900
1 0.0162172602143814 -1.06732533486941 -0.0661595018744005 -1.28380114155465 -1.09737939213109 1.73151362227730 -1.13662187856360 -0.615230782952087 0.573097555102263 0.602785713907843
-1 1.98492245095267 -0.897638181566822 0.402757210086795 2.68398377348546 0.984090283558204 1.30220645758689 -0.0277494972326600 0.5097642565203 2.07035411292145 0.712222343173762
1 -0.769102092932387 -0.51621071277302 -0.22056651481577 1.02534449700291 -1.00624361736203 0.72211356206326 -0.310753407036462 1.17462131639476 0.654342999205967 -0.573496778192289
-1 0.224172212817238 0.91092934786703 1.12494426551521 0.689360999284044 2.73100704918468 2.82030079662359 1.4640096751619 1.54496717956411 1.74619208391028 -0.132341013614166
1 -1.83380297688066 -0.161707381539700 0.827247675171504 0.287290044948957 1.62339374643161 -0.260785444942486 1.61778101504392 1.66160209712205 -2.56264603842171 0.682984325060935
-1 1.23299987639013 -0.927150939064608 1.32373935263886 1.63671915949944 1.04961681753964 1.28072586902372 1.80883297435180 -0.942729350716354 0.952727072215728 1.09239662807907
1 0.321178929255556 -0.829133693203703 0.169124197305002 0.494248680836703 0.422247315167039 0.428013591873466 -0.169006556276632 -2.20226132240702 0.68424573286734 -0.749099395999888
-1 0.0126669167052825 0.948109846975328 -0.398110049493860 -0.272963881703484 0.205109033010472 0.606663270656833 1.84893423872283 1.93383216633901 -0.0552378575789735 -0.560588958867293
1 0.207739434396084 1.27352712548455 -0.949713471078924 0.880785025255473 1.85710608795783 -0.0791753453907568 -0.89438988653712 -0.864863440914606 0.132347543354243 -0.434908979270223
-1 0.826310357820549 0.258603017181173 0.89467762369786 0.951502467925071 0.327664188937814 1.70323644707122 -0.830851964720749 -0.532899389342362 -0.574144980450767 -0.200316748134951
1 1.58577706732403 0.168718945120780 -0.56039890939281 0.739771423422367 1.59329395719621 -0.576683163153934 -0.122347004377812 -0.543116499652112 -0.259450186600153 1.02646160690406
1 0.846191360138752 0.607157762547062 -0.0489150486282683 1.80870206914819 -1.25416942137514 -0.000708114088066263 -0.260111277572129 0.0637123150698229 2.55250257025075 0.497478288184627
1 0.941563177773537 0.408443487643008 0.140224437064031 -0.80127830397589 -0.0396328725495436 0.842945949784527 1.44893027107954 1.87245600258977 1.00964707938071 0.660971846240571
1 -1.2571440588979 -0.481106664806875 -0.478556007752628 -0.675270546704098 -0.819159579766596 2.55541806730642 -0.820559863425134 -0.622050881765928 -1.30871134842313 -0.459793552862521
1 1.96692803718631 -0.512785322886989 1.62369735823301 0.188466260193275 0.984997827013305 1.22781786175848 0.737564300920272 0.223801608519495 -0.601650419124247 -0.127612865536909
-1 1.33933119545248 0.0310949374245464 -0.81390718244319 -0.610979131096149 1.98383160371751 0.805145842567505 -0.771529092410308 0.94592542950164 1.47060848040101 -1.12666007206640
1 0.972614634555644 -1.95491178738682 1.3811948656729 -1.05112767127568 0.536353998856022 -2.19671037295065 -0.311372514161423 0.729037335264318 2.04035920303775 0.418122879858618
-1 1.76563949675977 2.90125481173074 0.998021379416352 0.590006929713697 -0.759521062321242 1.46025639996808 0.754780541202084 0.082027395013993 0.402690832114483 -0.180770139460593
1 -0.107354387373653 1.6192867581045 0.361485945219284 0.481093197334241 0.517969121915905 -0.422066892780703 0.94699387220030 -1.26904474981709 -0.223899355738097 -0.495248247286674
-1 0.363797892690145 0.895093602768803 -1.51037085437430 0.472554238043182 -0.537752398928418 0.267128102128448 1.05966463031714 0.20414048213592 0.909118465196265 -0.112815873292457
1 -0.966819567013344 0.885439075064315 -0.440329230104743 -0.185803090317685 2.00398905716944 0.573308558635412 -0.9663643681626 -0.365405434673505 -1.82782458043009 -0.32050007315363
1 -0.667328862305973 1.36329870467912 -0.934752782749564 -0.846232128203523 0.0423088099620217 -0.430357385923937 -0.266992786463676 0.706704087384458 0.955132370302 -0.116010885168649
-1 -0.102928373393099 0.518950505291228 0.343942836225156 1.29976034592671 0.274907878491582 -0.312210788705469 0.418024652253376 2.72985035009466 -0.62482008489105 -0.72525916178272
-1 0.920510821168947 0.39481803043849 0.630204632627255 -0.82853149649843 2.15775637371252 -0.878191338463561 0.401131340264928 0.55024659406809 -0.0334512516702185 -0.279460947234876
1 -1.00232785680333 1.57002425151698 -0.580470008772897 -0.0490871406581819 0.309764797575378 -0.745915207037238 0.469069317450572 0.0873844821795104 0.686132443173718 1.50970557469077
1 -0.519369203454432 0.1725809294202 0.534336799791348 1.44716084387671 -0.59131750246086 1.80296913506718 -0.341521113289957 -0.974650267017725 0.302193202534996 -1.08283975120449
1 0.265131229002806 -1.06561851176509 -0.53086360956315 -0.544404076475731 0.160969423097628 0.167128459996813 -1.33641642276968 -1.69751722805664 1.47647780029737 0.926863659802089
-1 -0.38341054614833 -0.0333836492481429 2.21169578394741 2.02788045996599 -0.731186284033011 0.697428746830555 0.995543131697397 -0.246741955893890 -0.185849736344555 1.01886465489811
1 -1.18281954486122 -0.481857127742962 -0.687148111080294 0.62871869172833 -0.425716021475851 -1.33800814460333 -0.799246533837273 -0.278143269545037 1.63244330441815 -0.0322047274226075
-1 1.56828917066275 1.01667407484692 0.952658792996237 1.58947958202143 -1.31713793555415 1.27426961901102 0.473135756449045 2.65274274025649 -0.23917763173482 -0.754022814079531
-1 1.06127476894479 0.105246271647107 2.96660615723264 1.06701811103429 0.125216262796511 1.14231890393700 0.146433564120936 0.318195995456334 1.13876254849166 0.689693665474204
-1 0.0521806986941187 2.29120852475467 0.854305831864154 2.24432039736523 1.03844032656840 0.0664769307029782 -0.470821843915767 0.250204318241708 2.38561451825851 -0.440896681651854
-1 1.66368601660144 0.428705194439214 2.12031166782864 0.503825438608477 -0.527918674254195 1.55543886498940 -0.998580099430657 -0.309337586641970 -1.07082316270734 0.346876045986638
1 0.102327421960741 -1.84078038965292 1.77919604983626 -0.116061935674515 0.0564160381615317 0.761020862506915 -0.802076264417867 0.946057785979307 -0.508397361335607 -0.574187372661367
-1 1.35084445582381 1.22557778410123 1.42408788887038 0.356602769062632 -0.488528188655923 1.36893696773093 1.81630261339470 0.121353558222085 1.46724288100092 0.593704001261423
-1 -0.546067199656418 0.742253761813144 0.80447578829747 2.31090258688823 1.30624155409989 0.482632348520424 0.326907729009441 -2.44129277104320 -0.627403700322968 -0.0873466629974202
-1 1.68592460425703 1.39157525451173 0.800359471766191 -0.519326800827238 -0.424210060222888 1.28158099477324 0.141653798867476 1.27856105140074 -1.83308248111509 0.469738169079808
1 1.10430563658499 0.0075123321025918 -0.23585515386984 0.481980959748187 0.186421691555625 0.465947648479737 -0.120866631802042 0.266534529055581 0.142406293180942 -1.14631210384433
1 1.16942158455538 0.201704763212119 -2.69954507185686 -1.99945934117274 0.0300073002297225 -0.6534845606367 0.602804784040526 -1.74161492668884 -2.14610310846039 -0.653305342341405
1 1.05972261813958 0.0495108205317072 -0.684358353451281 0.510906137416868 -0.296106640074361 0.57517972967889 0.56325730727669 1.56355181393851 -0.257806661103002 -0.440917768807666
-1 1.45999794348716 0.547829465088157 1.83199615153217 -0.5864273834351 0.586681982306469 1.14020432369112 0.31850189932122 1.02633761956241 2.18881656139981 -0.205170511841683
1 -0.945285439954105 -0.567594725690829 -0.501847605829547 0.548166194954066 -0.499622603393284 0.277297995535165 -0.152122579244920 -0.243031276323962 -0.0628403870604315 0.715765661415715
