500
10
1 1.5394293855753 -2.20910437224261 0.980210753134991 -0.356251937404883 0.599898828253114 0.090579704236652 -0.04241977114829 -1.25740395969750 -1.59021226248714 0.220858933171471
1 -0.769307201948654 0.228595185827322 -1.82851267350832 0.718407994607756 1.03903826993441 0.403891724694911 -1.30645482611446 -0.514609021480113 -0.462764984246537 1.03439069186950
1 -0.0615449418210953 -1.03284911691112 -0.234383941883927 0.560865767478403 1.04254525063710 -0.362734382929248 -0.914462887606713 1.54269811444301 0.176548083730621 -0.44522128595487
-1 0.649186698374585 -1.03716419294554 1.15875961174025 0.116606586705231 -0.380794685960542 -2.16566034381383 -0.526725275785832 1.30456689097212 2.7441738051703 -0.132646969532251
1 0.746312565499279 1.52835314269161 -0.912221955971412 -1.48372563875305 0.661980478291673 1.24050638009430 0.595135434548517 -0.194211938795781 -2.19090097111604 -1.46796011923293
1 -0.129644136182228 -0.11227156739975 -1.28205649764189 -1.69022602065135 0.382580778363959 0.383898739862773 -0.124633031867649 1.9606121877573 -0.866155537703159 0.476326260686202
-1 0.177544118656819 -0.653921994139173 1.45130336582402 1.77922522837256 1.7996788305581 0.360992389144737 -0.877430832213386 0.725371934397656 1.40741415018925 -0.92344035366575
-1 3.03427143562551 1.82449396722534 1.00946402783376 0.932834919371991 1.50216096842640 1.09253585871226 1.37225977765750 -0.221156550601006 1.29137318296997 1.66457337075220
1 -0.0415475640318962 1.41421139701663 0.0124601590989104 -0.946039101135666 0.477477252483328 -0.320622810839770 1.13072683052677 0.352185482511168 -1.40827141545623 1.10308633418776
-1 0.413616651437023 0.706605989325872 1.03007765947981 1.40656960588359 0.40077463591776 2.31178985831495 -0.291299167116616 2.23273817113948 -0.659925276717988 0.235147795664323
1 2.81826985659222 0.585675963360105 1.08751154950489 0.201504411819077 -0.556465136310161 1.74546996102857 -1.02393021856980 -0.320709147011298 -0.084110548433911 -1.60765219085746
-1 1.40493348131166 1.2980720478321 -0.722702256917632 -0.89694583638274 -1.68633101242524 0.214353831861491 1.02569627230985 0.774719649187827 1.18428303810493 0.122398087819415
1 0.946184322368494 -1.58662548370459 -0.362800524311084 1.15337669569706 -0.50942515944651 0.510495515635136 0.807191479865691 0.150874839644500 0.81564606388992 -1.04368068993567
-1 -0.0563262511552588 0.964699678662955 0.876888955995929 -0.0514007444067045 0.453310864841333 0.897047095140575 -0.81312290769736 -0.207123393768588 -0.998800907336513 -0.73144594379731
-1 0.0196183155802863 1.40505077660461 -1.79981129516899 -0.243967705061221 -0.0422141916762128 2.19608699166253 1.72310157539155 0.621635181439553 0.204160188854551 1.48015970776764
1 -0.695003771016369 1.86235585573220 -0.592020142123305 1.09116331401702 -0.434024171574836 -0.250012281970469 1.78562126586456 0.809208549952438 1.16315934991356 -0.492926892227612
1 0.04118088339499 0.226735252319247 0.244013121151612 0.677549691878319 -0.0554933075490996 0.588041663735024 0.335320043991542 0.405625484518575 -0.215908008805315 -0.873048781341004
1 0.203015695247179 -0.00315901604267589 -1.83952436652781 1.29852023475077 0.0892955907089016 -1.36468622826534 -0.75147303904227 0.129142139806105 -0.294425085962338 0.258746869221678
1 1.17111552267116 -1.88088302453149 -0.397859972683939 0.183097044430142 -0.296378344655893 0.95588725391692 0.438855793542037 -0.346093641316482 0.0324776265432408 0.233939119506361
1 -0.932491111375542 -0.621785642485524 1.25823197924449 2.02187367130542 1.08615983659909 -0.256010725384751 0.298966481138336 2.70383932762117 -0.457136848364038 0.776795303671929
1 2.31359645675919 -0.874426465020562 0.266410174377966 -0.137617161489764 -1.68598042834346 0.452029951440794 -0.197261216570863 0.638485329269247 1.88031424816801 1.18881364114873
1 -0.640890591051482 -1.01734362947278 -0.670245552570968 0.0148133719120758 0.625567503808027 0.810467529472962 -0.226319848103077 -0.0809580350402356 0.0082479469720465 -0.6493176851167
1 0.47181225039773 -1.97564942764285 -0.9928417721236 -0.795513154242866 -0.238357684586228 -0.0268426388925495 1.04215725208109 0.0674819517174968 -1.14663634315033 0.187115016926536
-1 1.46160916689202 -0.511225143002139 2.02676430391087 0.570855474536658 0.0589902568778122 2.95699520161876 -0.748981195806484 0.58285880269331 -0.742364632046788 -0.706088582479914
1 1.14303757653003 2.04138946196356 0.116281508143643 0.881329098462873 1.18986990944121 -0.716244638429366 1.17929108079811 0.246439069937211 0.43424099892198 -1.33908344479632
1 1.34887189055487 0.0632457276746237 -1.41135009270133 -1.16247500651074 0.136059367334585 1.16931016335217 1.12343905761351 -0.0768613918570187 -0.928672929140005 -0.928600595876507
-1 1.26095090147913 0.917836343565552 -0.546118448967074 0.768358104152518 0.45536718572424 2.23861923607811 0.521075231957483 0.722119427570813 -0.170942870351218 1.86820335112916
1 -1.04690424439314 1.40828208685477 0.614996573435562 0.146277883435424 0.0288243405430276 -1.09321711087691 -0.0299549663496692 0.368491826597931 0.669588391090886 -0.0849367073756646
-1 0.194437013505683 0.629776476303485 1.54478860647144 1.35240545107208 -0.99512311354841 1.81805115565722 1.27155289301190 0.630013940173977 0.619529272698694 0.0446225732424984
1 -0.423903906552076 -0.240095263582761 -1.09741020797514 0.361700875091383 -0.452289257638173 -0.460610149507217 -0.0201262551124978 -0.288544066846843 -0.942474597810513 -0.964881266002583
-1 0.475503938083632 2.15443378860855 0.57153425892292 -0.612890022051092 0.70926122880047 3.40338979854701 1.42877459025488 0.614037078824041 -1.35961282063384 0.652138916984349
1 0.485483550694472 1.15977854808889 0.118063256289066 -1.37686169769603 1.36903997083359 -1.91555200429693 -0.0567651750130596 1.33043626279876 -0.429655329037044 1.87012727941872
1 0.518761306694136 -1.13696562886492 0.589559079309363 1.99246160363846 -2.3174305821219 2.26706023294657 -0.588666717739131 1.03679892804008 1.94737124781490 -0.148027381410957
-1 0.123538659161551 -0.133675316989059 1.93249442004553 1.96171282383455 2.17000209718914 -0.457680104605991 1.27845667229798 0.450596146002918 1.25341594842071 1.03775600688188
-1 0.899592484552971 -1.38215563479109 1.42349930952378 -1.73452408487216 2.37071347556491 1.10828618962677 0.268578153858102 0.285082438663137 2.19953001568347 0.964218358701819
-1 0.0228885933595088 1.52648395319526 -1.08126344646983 -2.03232293668989 3.04539666376329 1.69108768789538 0.410516854088784 -0.117239577727524 2.33207954886844 1.76890059721813
1 0.121309354931310 -0.577323965328258 -0.0873267427581151 1.85859860689571 -0.341525423934885 -0.08822350934859 2.27333438989339 0.675254474124195 0.675621000178608 0.419913247820252
1 0.445684447672145 -2.54925493242872 1.51959567415502 -1.31762408613075 -0.333628751871235 0.723762167719803 -0.31410531696992 -0.826212588664612 -1.27791200634638 -0.586867331824634
1 0.990752695349969 -1.06154211916714 -1.63001226274764 -0.7788999452558 1.45492256709332 0.718587195359224 0.232772614204734 -0.434076488367201 -1.46751416930694 -0.645352680859534
1 0.0684492726694673 0.217116364298045 0.339369274688769 -0.411418250890104 -1.24013249922482 0.800797099636125 -1.47600358029542 1.43362902424212 1.33546322033909 2.01842725772971
1 0.136301402132072 -0.211337277509457 0.245640099518909 -1.73371774309064 0.476877526290602 0.97418458157175 -1.59807168949717 0.616536914520788 0.496860323926623 0.128005495092883
-1 0.563047592375806 -1.16883777839247 2.00897631689771 0.8584505650074 1.68461599608389 0.389027503217048 -1.18539057739864 4.3091930110538 1.47129456400783 0.504350937875336
1 0.824901825250721 -0.216837497896917 -1.02798009231566 0.933341711090138 0.832803293259685 -0.0991490832125747 0.739034844735463 0.392223778992812 0.0599862085903911 2.13010895798813
-1 -0.637353518596156 -0.775946917635117 1.22060670037843 0.721827355108152 2.99467988620694 0.75718272229236 0.741020734189126 1.40683335341367 0.755226477746915 0.617698316424244
-1 1.62171347219048 0.578372103687464 0.577707574431166 2.3194443855248 0.170891535738992 0.202354210632384 1.23809311941348 -0.611420668195162 0.131182567177566 -0.02872020540761
-1 0.509251696632997 0.295004262320603 1.28284803700946 -0.0870506573338597 0.447050831570115 0.274188534611703 2.47811733382667 2.23979683836269 1.06187024555784 1.59687670381279
-1 0.7328608637494 0.455152834351041 0.815752207808183 -0.55027535294452 2.32591022240356 2.77727958203623 0.0903597249851578 -0.328630415193619 1.55898755204454 1.25761010479475
-1 0.311523920065422 1.95742778532897 0.579364390946663 -0.555822796666863 0.338897450899227 -0.59121975542554 0.200618514423555 0.542058421615895 1.31569304073208 -0.318253476043126
-1 -0.0537673632554727 0.320832725598528 1.62634738305717 1.63527277450116 3.40213292512016 1.41991069447115 0.730260938082266 -0.685961791386943 0.591198823254095 1.79751728696447
-1 0.102963972619905 0.785484494419487 -0.1693730234427 -0.46134255166598 1.26013240238620 2.32103617706718 2.3310760463258 -0.450347586240003 1.23475983216246 0.760674375327406
1 -0.536306443996392 -0.268742828322694 1.02989055417292 2.01121711777927 0.206211161832276 -0.501233732575701 0.61475288373456 -1.36079124165705 -1.07508391926477 -1.39902668145524
-1 1.04473100613924 -0.306679454528373 1.25651153181087 1.82314476033557 0.765209805465093 2.49422217065374 0.486343765932686 -1.27382735498349 1.44691587701188 1.20890190458619
1 1.26280778083356 -1.77980585279171 0.644012046754707 0.161068652170255 0.379968382537569 -0.72672219575393 1.14009390855998 -1.97454746560557 0.566879726811901 -1.05823551607085
1 -1.43679811616804 -0.148059750142810 -1.56168051859327 -0.0314992263978412 0.485025071915598 0.487393265512016 -1.24379422803898 0.772458507565135 0.557051710309793 0.478263884388572
1 0.00672182385882983 0.0490891662077479 -1.29610439789974 0.725543110064617 -0.093422504616151 0.207366609641792 -0.50849486025722 -0.642655064017609 0.475883468821489 2.25980189918725
-1 -0.455706950322010 0.208077045985983 0.680640239597057 1.55242927862742 1.05079319436317 1.0140284872252 0.137995389708158 0.184159245332767 -1.02237569906539 2.25623714233714
1 -0.0736187357281576 0.784706429358827 0.321270648542640 1.33409316140208 -0.70098647063387 -0.355041191356575 -0.425969187134074 -0.324791782471744 0.33080181986604 1.99376735259289
-1 0.154507243397195 1.43877635852003 0.598012222593693 -0.64045061036133 0.0719635978089541 1.09568105671171 1.44041736968825 0.0870589353238724 1.95564438813881 -0.0760899786290659
-1 0.825710969391495 0.266045391646161 -0.472866260820839 -0.601694066599592 0.451916374131145 0.565480819013591 1.02279168104809 -0.300584611057937 0.463956694359585 1.00664259282455
-1 0.0916895635684392 -0.506354489964025 -0.420575081443003 -1.10717684167609 1.18055079505917 0.410358108429694 0.225179509694326 -0.479297438162291 1.22558990441901 0.655937157512248
-1 0.560431006148026 0.651138302517482 2.96789424239751 0.578752479028991 0.902718013959543 2.02951562105492 0.185555366528341 0.0954793504964276 1.92296193664974 1.01938487682794
1 -1.15896884781914 -0.907333663379901 -0.613493563885722 -0.503794819553484 0.737855011265141 -0.281225323095391 -0.136206851556466 1.01426764623821 -0.0942483740718223 -0.9974186798667
-1 0.617582031435031 -0.284063164447635 0.630587905398231 -0.77430859880616 1.11553029011859 0.138700222051726 1.55843022239792 -0.0150038079378412 1.08373293664552 0.343282742979320
1 0.961034592204774 -1.18504032286263 0.757068963129801 0.339943473190599 2.03009427078110 1.63336918271558 0.0526111178777782 0.96439169057825 -0.488137083380866 0.197090550364019
1 0.676703349539446 -0.554436332192254 -0.211293912301662 -0.66310675300874 1.48403849433377 -1.56510388490813 -0.245054975344758 -1.08952639130755 -0.209455484245628 0.466670007519656
-1 -2.03285493578766 -0.00613023882285246 -0.93114218916964 1.37070342044852 -0.375000958703917 1.29645073581352 0.770935742002163 -0.653495060431881 0.57969105536103 1.24471538081611
-1 1.10744715474701 0.819936802261554 2.00041627536900 0.413501647278393 -0.33444299707196 0.981436076798406 0.800946581697075 1.57046219722822 1.35833544730836 -0.276954094873262
1 -0.54815601773583 -0.552998393768415 -0.981804592956137 -0.93620478417196 -1.49306493914878 -0.726417142272084 1.05690597075950 -0.711031494653395 1.07838856844684 -1.59740460242128
-1 0.835547178237259 0.589588529414802 2.67557284187014 1.67841552899062 1.01051037796505 1.52401168214476 0.991880670863053 -0.385392682354712 -0.184275343475337 0.0499597696450584
-1 -0.361343548987620 -0.474229490867435 -0.530613641281627 0.523243795646999 0.723195390799149 -0.777606093966782 0.611326811625329 -0.45685886289995 0.346445613312938 1.93159649169757
-1 -0.131644713458384 1.69491988827931 1.15762305598344 1.88930679770033 -0.318914412140934 0.995430468903766 0.540372616820788 0.671714970604688 0.416225541956654 1.71792527436661
1 0.349133513975549 -0.857675787160516 0.637517578933289 0.530441003622535 -2.62330752022936 -1.62855678856403 1.06174217237252 0.53755160482587 -0.707151104101817 -0.21516442207161
-1 0.366404072185658 -0.708169338607678 0.442112884917114 0.726292528144505 1.66747117317176 0.0855397516450898 2.37956953507098 -0.430300510053254 0.886822506632253 0.211434419205697
1 0.870969634296457 0.84338267946238 1.92658586875606 0.145475758193974 2.22158775700725 -1.61566728546912 0.0664213075657017 -0.611184722208595 -0.176656631589845 -0.5832315730836
-1 2.17480290968868 0.838842359333332 0.542097543360793 0.0808162492770912 -0.150845857822722 0.924619936065636 0.932194346017087 1.59252770821668 0.141063631898969 0.963933508384777
1 -0.454057290595331 0.172644439242829 -0.520045790442279 -0.590852024452717 -0.405264394134617 1.98014257345753 0.173018700376151 -0.327889937516291 0.719108288030498 -0.927083041637745
1 -0.0137737505988447 0.196793253003053 -1.93898098376548 -0.301017352847923 -0.393555878386222 -0.090616161985292 -1.21190441265075 -1.32585403128143 0.278885163163817 1.64538721266618
1 -2.35723161636151 1.42582166040675 1.23080577268063 0.141443728287194 0.695019039516758 -0.432103600339414 1.04741032942424 0.465796246470646 -0.576657059825438 -1.73434058688646
-1 -1.45138529510770 -0.934167889493955 0.858510875682595 1.54530502066497 -0.523880345720291 0.0882258784424375 1.38996302767180 0.113057777471102 1.54091389105247 1.39695005746143
-1 -0.357632808403476 -0.0092472684287056 0.454827239658265 -0.0136568240392759 0.214350077115274 -0.313079015676322 1.83111903197590 1.08108830890609 -1.03379630453432 -2.10645892035248
-1 0.179498359885668 0.626440831329781 2.36949023234168 1.6212054562628 -1.34729875060470 -0.2007441930956 -1.21114502318221 2.58831909904967 -0.312241219141062 0.283563132060974
1 1.95956107484689 -1.05288101467198 0.776803397132916 0.0179165613104637 0.173702967496310 0.495682475355861 1.69697560494521 0.288305720332808 -0.0307713560998631 0.656790813600607
-1 0.706075519148647 1.17909455474875 0.0341711220921797 0.729200633332801 0.587819350247255 1.15093688545542 0.867677544059923 0.0300261660117037 -0.194604802381858 1.06193365841145
-1 0.455497172571527 1.85275434922712 -0.0621538547028831 1.37464598686619 -0.67866530729562 -0.651610337124978 2.32397333926527 0.0905943799919566 1.43062957707585 0.8137974298012
1 -0.946791689786914 0.140532968103916 -0.177112836256050 0.393936427893566 -0.0248785490784785 0.242316782380955 -1.26289132668936 -0.501082960316941 0.259390536352487 1.38892095545236
-1 -0.581015847788169 1.04594199942016 2.91364015994964 2.36756311635548 -0.485335044423406 -0.66862319750924 -0.721167502865753 2.32599562769518 -0.608904521437895 1.14921131561955
1 0.597756388366336 0.398278102476817 -0.373396362981565 -0.367028001600125 0.793611877400785 0.516112257254994 -0.836359775965508 0.0914619480173742 1.05843605675604 -0.890430364271489
-1 1.40032136587394 1.72592212119031 1.49716241158884 1.4651096759767 1.93670326256906 0.0656659836857398 -0.661770743496969 -0.456268482282784 -0.527886626486861 1.54506490899543
-1 -0.366042581962179 1.31379104602051 1.94755686201379 1.22645662077508 0.372046346763217 0.647647271391677 1.73238106116804 -0.212243444714600 1.60730739554365 0.534089614703205
-1 -0.096376571874965 -0.969119841632207 -0.677483397671538 0.59053728763763 -0.0109732174287629 0.694117918349426 1.10470269858685 1.31561829278511 1.69310118402183 1.76192159468510
-1 1.30657148076583 1.58073917683772 0.80121651209209 -0.447236163525446 0.296057395508621 1.78776081112066 1.40996055528421 2.27118888398602 3.27639341000226 1.77733358196716
-1 -0.600132556153347 2.08723085514930 1.01503055035639 0.148823074576090 2.46631274086113 0.881617029998277 0.458357526157790 -1.4861164526927 0.0377748672410124 1.70620100291393
1 -0.168241673218561 0.859873212183962 -0.101401343480628 1.52812180931676 1.55437003164304 1.64143432047361 0.499467234362565 -0.694055851345505 -1.26345965544951 -1.05872110987905
1 -0.859894269958688 2.27710936154860 -1.17317594915997 2.03432386053090 -0.990446030008134 0.341988651317355 0.0710984330464599 -1.25280023331858 0.181748156968281 -1.51262531589329
-1 0.899316220471334 0.256617510722024 -0.0266157430492319 1.29368868130148 0.919714169315328 0.212975952888874 -1.47456490041487 0.0379624592667487 1.09285730659641 1.53908410338977
1 -0.0228304323283707 0.0836122006656386 0.48469067189671 -0.27047329140404 -0.953887296070994 -1.57641485586019 -0.441218684611688 0.12479526583254 0.622622188557369 0.557947960832104
1 0.354499339497545 -0.0694463530495878 -0.89709710472258 0.864544230092796 -0.609011624920723 0.579888170594345 -1.17519636603153 0.701449421945648 1.81451194968301 -0.862292804600077
-1 0.483100954655756 0.568961895812916 -0.0518977305115392 0.107394698880068 1.32489700854877 1.16390531428304 2.00316930084024 1.01812410453180 0.249336033169726 0.944220096185363
-1 0.335070812654647 0.57839217939129 1.25412001304236 1.35477560590129 -0.248434116427729 1.01592588477177 -0.166017190185433 0.093774305669649 -0.714877078406217 2.18894977524014
1 -0.674301128842065 -0.441695113467940 -2.83006799244185 0.393487746139742 -0.629521497125384 0.178100503717904 0.362049874400835 -0.994756449535206 1.72869347168188 0.47287269587345
1 1.35050549315439 -0.833602869214214 0.716024162425769 0.568262987429161 -0.736091183484329 0.448003716543344 0.230351280308943 0.353100147893948 -0.229401942047213 -1.67568465743961
-1 0.396836514874382 -0.148958372968983 1.22545829040963 0.934057678390549 1.08877234299765 -0.0550623169069284 0.365689357937476 -0.961166493584445 0.955766700833819 -0.0438819358932793
1 -0.0337115622388967 -0.78484970521672 1.29558437344407 0.983548928077797 1.21034670198878 0.697700340217506 -1.50687339114266 0.295186957294577 1.35723428937745 0.446492545857446
1 -1.69595756647429 -0.851248760343592 -1.11748762853057 -1.27788503789422 0.251716446513153 1.24308480015392 -1.22545426794067 1.01769954655632 -1.72298395775156 1.40378209532881
1 0.114073630935861 -0.0252103199664344 1.62953215004807 -0.956787680798928 2.60217211480194 -0.357233427066993 -0.137321337557609 -0.962418149321362 0.602817127982002 0.579822931362302
-1 -0.346903799901722 -0.671778204091305 -0.274826714519271 2.3595424200945 0.66634172375019 1.64580186609164 0.352245849688824 1.67515964958318 0.5755265412775 2.07744848996128
1 -0.0521991879582388 1.49855286597849 1.42191834419118 0.544629830406452 -0.68789961731293 0.399538800408433 -0.747495524379734 0.129059788663460 0.205508055006415 -1.00275054935264
1 0.044958359167861 0.707078777362843 1.83245956416059 -1.19087991074939 -0.487829221893335 0.878092711273634 -0.783879077953871 -1.03488779550563 -0.934224100661619 0.931928232823315
-1 0.0263804227494719 0.296866050157852 2.10079491994227 0.280835857246866 -0.747762888728243 -0.443199718556486 0.878436079665125 -0.306472864620162 0.779870525619572 2.15305917543237
1 -0.57016171474249 0.297596189817247 1.96073441292764 0.211139331605389 0.423674091126069 1.93195067381124 -0.62297882706244 -0.489445159545892 0.545333902146059 -0.186860900750750
-1 -0.582499176587792 -1.80755203942897 -0.708932866647372 1.76391036155198 -0.496172935328594 0.60250571599626 0.309990621975631 0.0695096163194084 1.21280170870003 0.264203606425333
1 -1.06743544196905 1.04067132823254 -1.28491039318512 0.823489672089904 -1.41893365683180 2.06474211502692 -0.810872374983684 -1.33890322798311 -1.86772813810375 -1.25937548097594
1 0.92622807536441 0.444484003301518 1.41615553350209 0.149840767681347 -0.188819505229405 -1.24514853254877 -1.9063485109533 -1.21164100073199 -0.725675040962509 -0.215441408971713
1 -1.27962932602414 -1.30423076221356 -1.75363443624792 0.158573046188414 0.00441731054900121 -0.648104440265408 -0.0194247124410780 -0.145418009722893 1.26203322676356 1.50754858367145
1 -2.20272727300482 -0.837219860845374 -1.17099448880890 -0.792488258058458 0.562707763960477 0.739399301702083 -0.883715951353192 1.30019376540879 -0.35606470902405 -1.96734697067633
-1 2.74979212610041 -0.204658688979017 0.24927314420548 1.17884851556650 1.33903405385409 1.03790451849558 0.0434484233591214 -0.0193903256736356 1.03003920208959 -0.87469929464622
1 -1.17766429453968 0.97200661312348 -0.274240601984907 1.42662150335601 2.10997091176793 -1.23126461751849 -0.466350082896556 0.0394507442377931 -0.412419573769144 -0.692039805224355
1 1.95674284243632 0.603544682598843 1.90537717481630 0.0470363828398295 -0.211185627366727 -1.31260933955117 0.630489109661238 0.53604998519962 0.417671342702861 0.493533987851373
1 -0.347932010254931 -1.07183616823048 1.44090250113831 -0.966232420784385 -0.00773275234921028 0.103442130755910 -0.84736899843169 -0.586874282578711 0.571497916584535 0.462706751241679
1 -0.413285399665506 -0.237459307432447 -1.18329023495627 -1.74491032627814 -0.115588839966514 0.941579206008387 0.0191197280799224 1.51884854114256 -0.396314120976187 -0.666195088088041
1 -0.459545162383255 0.250517449506319 0.477205949535397 -1.20902618681440 0.183725418721724 -0.598716193295224 0.88181176788782 0.715981378139807 0.327056585696488 -1.62191400276559
1 -1.28422766330539 -1.58972126053687 -0.569251372260838 -0.788312891726449 -1.55164945977730 -0.981544923408566 -1.00705745825627 -0.460882408643515 -0.00376057531652744 0.791286814780967
1 -0.158989691265648 0.0761323437032382 0.502711067817136 0.54694387038997 -0.957230807676726 -0.350472001289539 -0.265308485692054 -0.70813350709404 -1.16733669501962 0.177334529742287
1 -0.451591343913453 0.0841896308691795 -1.90962299111688 -0.665472332035542 1.15548459060514 0.56651123567994 0.754680001371717 -0.536290577565134 0.0762975116578064 0.346314355633712
1 -1.24533000002053 -0.135615966010676 0.320931629417274 -0.398549135816092 -0.376665385529799 0.0751673936694859 1.06564836501684 0.831465535481353 0.237939510204864 0.0041163468280919
-1 -0.294594963474249 1.7949596156122 -0.621144585164522 -1.00953954184518 0.273664616726279 1.65538770102696 1.81140127023277 1.26232479201345 0.696666100679454 0.114920340474639
-1 0.746514290643564 2.05135335136673 1.52199379532198 -0.260988512208693 0.831737970556239 0.188612218497346 2.13200799102416 0.508035014051767 0.563836259507726 1.23241546693212
1 -0.117476131792285 -1.96761025749676 0.0552162241596107 0.981422930079664 0.534810305393979 1.30995167192073 1.50661345201586 0.386332546932167 0.338959693469692 -2.02638832576952
-1 1.39750144821958 1.64946009905105 1.18349740816491 2.03143625601263 1.01558890647744 1.53456131415423 1.45943621110192 -0.729379908141969 0.351800403881873 -1.07124971280148
1 -0.917018637956855 0.293402131895565 -1.29886943290619 0.82691826129599 0.695777540256933 0.0427875709406362 0.54794380343225 0.479812780450519 0.82508834977435 0.841188364903316
1 -0.140567692753207 -1.34801909058512 0.417071407452705 0.900186998530532 0.588115205454533 -1.65173493714658 1.07287716391409 2.33273658887466 -0.474359908113119 0.319055841667392
1 -0.675521107901003 -0.744317252719481 -0.0410703396876786 0.485727960879262 -1.74059540368413 -2.33139140843697e-05 -1.37483320250124 1.55540690318460 0.908105214149752 -0.0284511373655666
-1 2.00998553843802 0.6384981147351 -0.460060837725746 0.920781896723176 3.75427255555726 1.29610749437047 0.529551117737372 1.31262577433777 1.46076392866744 3.02829371255423
-1 0.477638139796448 -0.526436895037481 1.72933782704682 1.13877812819299 1.57089541466764 -2.97524576395249 0.145424474072527 0.899756749484534 -0.185446298801768 3.22567319843920
1 0.658062758453583 1.30321826764757 0.571058733092426 1.04139266893412 -0.00822544901332402 -1.29894925600112 -1.36753549159358 -0.273595848178458 0.197534958986359 0.647057590901122
-1 0.99701656754684 1.77536041828034 2.20376239606137 0.712153066378748 1.63491470375298 1.26491801477413 -0.987802520194862 1.79155871895490 2.30078388813364 -0.396499880152343
-1 0.832575611661982 1.09877763091236 1.24553321138335 0.760956278920963 -1.60073067720608 0.386652204967333 -0.523916380925064 1.09394010067268 1.52945256340088 1.52404421340404
1 -0.485358557913546 -1.15819941476333 0.626114946029981 0.686943086606962 -1.72701058475545 0.659754249088882 -0.925619533590439 -0.443092321225734 -1.54406563646263 -1.56092935974102
1 -0.0657981436151351 -1.53524827698530 0.155370055265981 0.366894128232674 1.37585323813537 -0.439881830511514 -0.536467920621186 2.3317526139072 -0.50287920144797 -0.0403631194615665
1 -1.19170153814145 -0.39882328702172 0.873594923435917 -0.922311980660314 0.62945106599063 0.715803958108651 -0.227546119251942 -0.64163612414855 0.867759024077328 0.777176073443385
1 -0.302521069519199 0.194629253679703 -0.872239708219796 -0.305941255395622 -0.118696412080963 0.372717589558767 -0.834243309456956 0.738868686470371 0.838707354526791 0.858652380657542
1 0.537818023698433 2.15426940056675 -0.598724417251485 -0.618138809788664 0.539145785412661 -0.262279428900418 2.30728071074907 -0.286968772370658 1.96453942942459 -1.44525367135971
-1 0.842709061860464 1.29474649785187 0.416979474262882 1.11424726244315 1.38803729906627 0.390829902944854 1.34330219241926 4.38171761728847 -0.26987405566671 0.676282203675445
1 1.59247123364027 -0.726111542095944 -0.200214427453059 1.64178641926611 0.00943701072912356 0.492844409567683 -0.130322477122418 -1.33914780785058 0.725414654888919 0.26703609295001
1 0.296097912320694 -0.537006941943756 -0.799959307117137 0.189788564264213 -0.744687693450287 0.661683246048166 -0.32670091631553 -1.04770692409620 0.53005425543255 -0.564134103112009
-1 -0.440975498966358 0.96545276237167 1.75891314048211 2.78988416083872 1.89360154928710 0.113203739712638 -0.0912888761575066 0.966732264446405 0.690649792130332 -0.329743283976241
1 0.451272809026568 -0.245710050605929 -0.574496827852687 0.671291068677916 0.579236885398565 -0.202234000442453 1.17530199904250 0.597512733497455 0.154397494859722 -1.84755609599642
-1 0.920106938987889 0.251560032277888 -0.380651507078427 1.13620992338008 2.14253426068111 0.352169760866098 -0.113478781877083 0.572997584208973 1.72680365602802 0.152307847241050
1 0.0611026374287506 1.80493397374815 -1.51090622493708 0.0624618247448342 1.16587163004778 -0.45297894532985 1.78410378653892 -0.627485530585978 0.396558336773423 -0.158267304497094
-1 -0.491564635922426 0.740095968699081 1.83895839296484 1.48701414153165 -0.393301880099595 2.16424310420849 1.32835255057812 -0.184988584973776 0.191225273678925 1.34141904317002
1 0.406077854428347 -0.119282536550212 -0.786959459955509 -0.255918131905298 -0.769303710656669 -0.0625101968000886 1.33988906364229 0.445378158763332 0.912220993841177 1.00295285601365
1 0.770474210618016 2.19178785284756 1.34081397809575 0.895384036227598 0.535261985727747 -1.23088803910861 -0.806568138512227 1.70680428223622 0.161797081528727 -1.69449552182622
-1 0.796382647402494 1.30765159471517 -1.01348932423604 0.382101271299389 0.872503273710746 1.94094181344605 0.544915252784175 0.610516354280706 0.895795206689564 1.20249390305791
-1 0.854010698297812 0.718572126887878 0.245000836121672 -0.63601407509519 2.21410118704076 0.647400309469751 1.62363553788649 1.05834112513021 4.1781490055295 0.553712269329786
-1 0.56614297849794 0.428212437540341 1.61612101919721 -0.36095355964545 -0.184331435265041 0.429340379807964 0.749813184276235 -0.115414773575623 0.506113649160448 1.03637365536750
1 0.623869516344183 1.19504031372198 -0.676579561562162 -1.31936658067915 -0.462238258478536 0.8588304142706 -0.589106554313035 0.399379661288723 1.04556707240499 -0.6482745586839
-1 -0.632077933808184 1.94837406022778 0.337597369514887 0.481691202383874 -0.369097056289541 0.484774817363702 1.04836198723495 1.70135407608454 0.356051358723559 -0.377121916951057
1 -0.0388929391679907 0.765360825563028 -1.87095408608769 -0.515211052949954 0.653626609814831 -0.747539051770619 0.761100624457367 0.123494626997980 -1.80885220638122 0.796584616735952
-1 0.394390718258738 0.0598217537203222 0.797926778063315 0.523917601986959 -0.000187875512166147 -0.981476623262946 0.709117829328613 2.77270980035727 1.18119617683203 1.58827273353978
1 -0.412935229128601 -0.842969397218847 0.757249211850601 0.629476625688106 -1.02779459966289 -0.635849157729457 -0.582896895052425 -0.524189763655236 -1.26731289211395 2.39481021846650
-1 -0.132462115023360 1.92846500093838 0.217810536648944 -0.18313959805361 0.197869905107612 0.623542472907726 1.09658490251181 2.39890166363806 0.69363310917971 1.18239576789637
1 -1.64176057785542 0.721600756060542 0.282617089045642 -0.893034107117214 0.492899881089458 0.276950947952833 -0.0409539045165642 -0.807916829145089 -1.10124462300578 -1.41378822983467
-1 1.85179447323075 0.710543303672006 -0.425663872383958 2.30166183620770 2.07534826194660 -0.849667161221453 0.0353397777849535 -0.258608247221425 -0.800450614317664 -0.227286420326159
-1 -0.381686813865039 0.269860418604744 1.00499048066252 0.63145874263156 0.882805965516765 0.454708713732089 0.979135488340553 1.01283562661092 0.283855574683344 0.135607651973755
1 1.97361297353645 0.109275223619638 2.26562514834736 -0.423606773138952 0.137276198509758 -0.363665775618206 0.24899846016591 -0.106615261163461 0.377097507683936 0.154978554810916
-1 1.11704014000945 0.71093308224227 0.729734767874872 -0.216045485940736 1.00030341400360 1.06945610084410 0.0205112918992318 0.95590232679227 1.27142066713116 1.15994895927237
1 -0.720412732616645 -0.0530466640492061 -0.140553950393282 0.743174679671016 3.053374230672 -0.0075047260778972 0.586248765697803 -0.576464918129448 0.804593747651274 0.290660010072965
-1 1.06525504209220 1.56075589057090 -0.794730170299476 2.21298413181695 0.887590323890157 0.715224202828378 0.909671464986788 1.60434233072071 -0.0842420529734037 -0.727643209724724
1 1.85346600940272 2.04481222903957 -1.22223186640445 -0.865763670779073 0.00301735025239487 -0.424900553944847 -0.839724346768297 0.378101992166843 -0.624542185019157 -0.213244168217515
-1 -1.14918197047028 0.631906820696495 0.508611209085514 -0.95591568478286 -0.113528576492594 0.0635999386547237 0.739626758767605 3.10322967958679 1.73233775457872 2.09856989019230
-1 0.837911231363122 1.92865681607559 -1.01373946280287 -0.881527700618732 0.783428909910919 0.880409822602843 0.294916779969863 1.24914127552119 1.35352177371951 0.444186581239110
1 0.12857142282653 -0.260859217769691 0.520493290015667 0.335012782208456 0.662073660671302 2.30737798359202 -0.261434288299252 1.57070009218203 0.230499081636813 -0.54594343158514
-1 -0.0247572953639759 -0.983108446982682 0.749589851704621 -0.113362424876231 -0.747405276833834 1.64775536259483 0.686263457956276 1.15405316214914 1.75707149198844 0.061575853315234
-1 1.51957181287665 0.21152168813373 -0.0168822790736556 1.16151258906645 1.65486504978078 2.00132824794997 1.53037466384441 1.01613684287348 0.448748474246698 0.50478375696967
-1 0.824124924569157 0.571114325399132 2.47235051486634 0.971671938642367 0.803888888978351 0.949504410768857 0.134349351689181 0.232331765476080 0.338598086705901 -0.428471161964427
-1 0.813032170353715 1.06862473191617 1.42216182945465 0.605378028965236 -0.751464252423127 0.909396163927937 2.11668200886245 1.67665031446165 0.483519700949921 -0.193537644496792
1 -0.838177032409078 2.61640352720434 -0.422130875717215 0.495507976649242 -0.396866694755186 -0.914731729273839 0.212457890105462 1.47112585521952 -1.42716129322393 -0.235731644045568
-1 0.777399001877192 -1.26921710053942 -1.16762318631643 2.55341089494781 -0.720394919998557 1.71190059441784 1.15938239912633 -0.723905737745336 1.45469030375035 0.244962710069313
1 -0.20159380143037 1.06871808464996 -0.342799116300219 -0.8481787165563 -0.236676455778904 0.575086591193438 0.198407139676551 -0.478751359566607 -0.472600630385583 0.989788164808407
1 -0.550879937514599 -0.723113762268345 0.111729298091566 -0.89554219955051 -0.194707674151367 -2.68297732521817 0.0920716632349239 -0.528596635425547 0.777855028145683 -1.11502404495318
1 -0.222408725433922 0.982803504634385 1.60578947226693 -2.12716257379 -0.476063185630605 -0.716116798002284 2.33378895840723 -0.314669001360942 -0.232211836871845 -1.29733176819676
1 2.47957187924671 0.526707429437865 0.237628298652223 -0.422592792688854 0.242871581474385 -0.505614112569701 -2.27404463926208 0.215797868590852 -1.67700997081525 0.992063780155769
-1 0.860275658408448 -1.27777011029632 0.415342197602594 0.146471352326958 0.98831562538195 -0.492783920010167 0.162627893232789 0.653688082757779 1.02905516649829 1.26040081616498
-1 1.07013459627449 0.371819869382118 -0.239086979504008 0.0976483020179887 -0.86591954494211 -0.711073380041679 0.657408425542575 -0.147134572691942 0.710544177811573 0.639034058654172
1 1.65660869663145 -1.33742509240720 -1.16398394150995 -0.483788083817748 -1.25554207505013 -2.29512512440647 -1.14045633654895 -2.4233966717231 0.804811824765958 -0.238046451493863
-1 0.0498978891681793 1.49809622758005 0.997259495913168 1.48766322813707 1.18337777671999 1.05021312731994 0.615027765345849 1.48650290815846 0.569454693657474 0.181541250204443
-1 1.97846525185182 2.73017886170662 -0.941858973302688 1.08144742448386 -0.445130065633935 0.284349235207591 -0.525670173335716 1.68859798744153 0.646858755151067 2.49565975354145
-1 1.33886761492308 -0.68068100029283 0.272991354415466 0.0982687419632043 0.04513624543073 1.25587467216515 1.12756856890723 0.301631015642363 -0.322969016886630 -1.19411017801493
1 -0.0170083280599019 1.71080922348076 -0.064480578574508 -0.0542527034541567 -0.898017230149437 -1.20946376532346 -1.32142407893504 -1.08234913086988 -0.0907138238508543 -0.580966097924451
-1 1.14879993290002 -0.719359690638963 2.37164931669753 -0.310293067125367 -0.550928594594714 0.0325472931334063 0.506888482922895 -0.481597217046771 2.09229891335742 3.11034331426678
1 -0.75609933238094 1.33427626606908 -0.315933121451435 -0.948295646138197 1.60776966754379 -0.351783307258828 2.24933689597256 1.6574210861511 -0.227241086140122 0.28803529854542
1 -0.472883355091809 -0.476944470312839 0.361109683921056 -0.110790401432475 -0.041979186008041 0.837429254513506 -1.08977706107780 0.853815849569063 -1.27969550656004 1.47547189877243
1 0.94796855936932 0.764924448381478 -0.691282318831308 2.68712913662577 -0.0766299614441644 0.153462920803194 -1.18936553196422 -0.195321024786966 1.21141053885075 0.718853624293914
-1 1.52297615482453 0.830057088019523 1.38143908555227 0.954691194046491 0.108501033119296 0.387297743147094 -0.288211572770433 0.564306396643264 -0.613252386070248 1.49000688717847
-1 1.65464364831579 -0.970276015100344 1.42767108300108 0.703968962326131 0.102418787732035 -0.57341605910539 -1.11366618594991 2.62839968222822 2.38305296939585 0.0640635780187094
-1 2.47802138119580 0.65680769859678 -0.117697909973932 -0.107577860694660 1.28084482334947 0.690348110774757 3.01725366685199 1.22336124981016 0.116678677654952 1.03434363791693
1 0.0354276585989588 -0.161061673936840 0.614015891379625 1.25210875173014 1.76878775381032 -1.88972861500773 -0.421833099170451 0.144160053930804 -1.09720335666923 0.109056040757474
-1 0.459617991715267 1.00783913821523 0.136307737425999 0.143926665766488 -0.224824863399211 -0.666285502432156 -0.436698591363763 1.24203286631268 0.384829433857977 -0.0108913961286778
1 0.308924554044878 -0.238894139744262 -0.212174116582548 -0.661472101442789 0.621055976386178 -0.235640861308664 -0.375284231207291 -1.24415659596337 1.22866775709057 -0.600387571576568
-1 1.28963389454373 0.371872561776453 0.0944960581431457 0.898097233883742 1.43139211492074 -1.25175672015323 1.16459321561258 -0.958551908367903 -1.37452596438929 -0.347276228397535
-1 1.71103599736904 0.761434863721487 0.980330267432122 0.34496195526602 0.256739213570457 1.81099568420378 2.09595875969432 1.69564871786019 1.45079833614066 -0.62621381343153
-1 0.0981025721302835 -1.44623914454721 -0.844141287206816 0.60421664799553 0.261869068751323 0.0713128506790692 -0.867351918878513 0.195774114491866 -0.973672265866187 0.990613256951635
1 -1.69579998372615 -0.231965858163642 -1.41796638988447 1.48274929804411 0.858498482675187 -0.00529293599450036 0.799231765388425 0.9727572357005 -0.522239591036115 -1.15183938369445
-1 1.16049729161624 2.06247806859655 -0.276477686126851 1.88538740325212 1.88817015989023 1.43986017727172 0.85921435203011 -0.0239732455318177 2.31874201235545 0.728326085436485
1 0.111691813994015 0.0107219642760106 -0.440630097906103 0.281521477106843 0.0155225909660415 -0.716904591135216 -0.474157047691747 -0.158440358515974 -0.449836115344074 -0.372932699675778
-1 0.495465482865566 0.625015085548568 0.0523207329691846 0.0196658010515997 1.78728044524412 0.0732744494528355 1.7093872483145 1.90664406802957 0.692628155888877 -0.563601934429912
1 -0.163793318180680 -0.788442882537303 -0.797804065316503 -0.693263841884847 0.76769981954804 1.89519569778674 0.26708295596238 -0.0575430262764376 0.0549948950679564 0.516543258013103
-1 2.38487566874729 -0.479299713092792 1.81339461443979 0.610569715692948 -0.569747054988705 0.92510757492548 0.763901893323255 0.773613757351745 2.45257938473713 0.090439840555407
-1 0.989653604358852 1.00199989790698 0.567683405525195 1.10556646693684 0.833537970071133 1.44436613142544 0.659627308001276 2.30552712255103 0.397214354541581 1.22071681005798
1 0.264756914774884 0.827905974329997 1.12641477960438 0.108592377751054 0.661518451161108 0.68018018574858 0.0918130375926904 -0.0222107265488421 0.321642499809397 1.16587534291092
-1 0.2189227461206 0.00627837128100972 0.635330731114318 1.39592245785451 2.82908959527079 0.314513054685265 0.401352844484946 1.95999857232529 0.155913992736599 1.27204394818892
1 1.21468484403824 -0.147983429864888 -0.783975942270862 0.539493376717922 -0.121052232506730 1.49063328221337 -0.180487217776514 1.35435408127044 -0.239616658619998 -0.681324388022
1 -0.476960996336864 0.218382145930437 1.59790293923414 1.25877108535801 1.44072198425533 -0.0908484609725879 -0.734400561423894 0.755574773337494 -0.989216568975365 0.362091643057073
1 -0.646996680213576 0.686424781188349 -0.816140051608559 -1.01180543643583 0.145511701842451 0.852414996458971 -2.15730831792876 0.388262351283547 0.462367535802 -0.738947495549322
1 -0.599902861189354 -0.351734228641311 1.75623323541149 0.187160961194592 -0.585956480588441 0.619427968072196 0.126558683390232 0.374213063419843 -0.534901292648673 0.388358777569686
-1 0.618376451981207 1.58951488991300 0.494176626609174 -0.241141396093837 -0.275669338726977 0.586257864311061 0.156674395847235 -0.295793752839251 2.64196340893486 0.44519162501245
-1 0.105098126368050 -1.06953295134792 -1.58289164173608 0.322244172892755 -0.236101666290724 -0.767111376225168 1.34953307193266 -1.21061625232710 1.66267397887698 2.15360132580515
1 1.22570114805515 0.115502881087230 -1.88620884157088 1.15901609784593 -0.420222900344147 1.87775210769863 -1.67524146173019 -1.13708366067682 -1.37201412851414 0.754583625588759
-1 0.215243197367583 0.333158341375117 -0.301277346676608 0.903093684025491 1.66233244212501 1.59741535240498 1.29351110547532 -1.67547635972618 0.68307501075991 0.654860948295452
-1 -0.214398626596076 0.658723528107933 -0.886724229603127 0.151759220640206 1.0784174534892 1.75210640828651 3.13100307901516 -0.902649845071162 -0.081561354077535 -1.42150399507059
1 0.92984387593203 0.33759455515226 0.944227284756808 0.453902921580056 -0.920328429496765 -0.0987603779777697 -1.20257731454159 -0.44332539167531 0.31478245802579 0.581533750290184
-1 0.0945893874334938 0.613271261180889 -0.124954930417756 1.75865650375902 0.108449268644198 0.988795157882518 1.74359901874522 0.560169454264356 0.115419373835471 0.834210187146411
-1 1.17587715742771 2.68797113989851 1.11647852091155 -0.533346812998921 0.202804031463711 0.48913244870459 1.81042031787687 0.377530245832911 -0.555483782120077 0.360318377414139
1 0.576347333207538 -0.870440075620494 -0.663983223198616 1.39819329874747 0.191693555117086 -0.441126349449194 0.468998823349622 1.46250924926018 -1.72778686465238 1.78760970487115
1 -0.890564378873208 -0.950007773486277 -0.483726477737337 0.184627275842304 0.120546990635677 -0.80222883662429 0.905702492456859 -0.939060247758594 0.484131476506725 -1.40126209733723
1 -0.728809843016308 -0.220152052236499 0.0665375359149052 -1.8529732291307 0.725944752285823 -0.151479981445675 0.774405165332185 0.668351459316111 -0.772525613020658 -0.321411761919219
1 -0.153042055680029 -0.898064987314303 -0.480537012245229 -0.445925083520436 1.15294795047456 0.70566783374789 0.911222173567873 0.630804841646306 0.355687995544047 -0.444509509121805
-1 -1.69904400750837 -0.404766743269288 2.24064244759829 -0.239491359838797 -0.319220869787328 2.14188563451418 0.972152034513103 0.214307206217414 -0.427431545831949 -1.05541015329474
-1 1.29156161421407 -0.175646521352913 -0.199799714329011 -0.055020884288954 2.10599606521747 1.81126955245455 3.00332714015631 0.60602008386039 0.939578782793713 0.755262777836799
-1 -1.03326965539459 -0.0645567617929821 0.878232180051562 -0.251237335016199 0.487363355610467 0.266053485279151 1.38705961746965 -1.26985887473940 2.60254877690116 -0.199677297632958
-1 2.24456393707981 -0.168185409307443 1.60199985950621 0.88998261751037 1.30488767817329 -0.664104993485794 0.672020349510268 -0.5680379166683 -1.07554110284169 1.52706374277625
-1 1.59607870357645 0.0788813534378386 1.80795155412148 0.704189621721718 1.98010865078044 -0.282519318310864 1.07969007884042 1.38698580470411 0.87137916969141 -0.295060357892118
-1 0.77091370525808 -1.22806422585648 -0.298754693531201 2.01861878068982 1.06129690680966 0.992928139383486 1.82696023406711 1.74010035659580 0.426243639754855 0.990804103035138
1 -0.298837666125423 1.64629968299857 -0.534225643492798 -0.763830590909742 -0.8392766336154 -1.53541656504765 -0.996375778310557 -0.215192465474111 -0.916683821521018 -0.176757960617181
1 -1.95953398181212 -0.60575473148209 0.302409692291418 -0.407611342769303 -0.726033036652775 -1.75098395189083 -0.424436318848844 2.40177206127397 -0.122282443788739 -0.272792558218184
-1 -0.446667893477886 1.45365194964017 1.52200576292133 0.0988798564598755 0.45349705959118 -0.566068611108112 0.738872630783905 0.117831384169072 1.30151804280688 -0.821277076388074
1 1.10208046485426 -0.000244556581241531 0.426233097781254 0.233331004651942 -0.592091209743738 0.778542352868244 -2.42529322816228 -0.305635717574957 1.02420791295183 -0.209003024896624
-1 0.422719045785863 2.31115396883705 0.109049093354268 0.423967961710436 0.137021110270423 -1.29586387250047 -0.854365749141144 2.16183531197057 1.34203383080275 0.464104314402411
1 -0.946424359888944 -0.238939322165256 -0.267002137885615 3.40416555948514 -0.615737716121927 2.08738596474178 -0.302366584396662 -0.733295358299406 -0.5450220504994 0.899429102033057
1 -1.11733070308381 1.76803994135219 1.19961350201007 0.0755404716390815 0.121934206111062 -0.88894585212723 -0.397899062838837 0.766586891914251 0.758725827177836 0.355073657231603
1 -0.208620253388805 1.64363725947572 0.898584302152912 0.161301667532274 -1.12449220516674 -0.0537468573939723 -0.795021924488516 -1.73411479156701 0.684445612351867 1.39511463316608
-1 -1.26620273477995 -0.439163953793421 0.63463683536689 0.776742480724882 1.19972999759426 0.211106273232052 -1.63702811898581 -0.131125893383798 0.241582975309757 -0.131672880617673
-1 -0.0450817178928856 1.45420017142903 0.232097981812631 0.318298083813617 0.503294530684469 1.59499121154625 0.578750417376788 0.434041260644561 2.05442097703117 1.70432896727118
-1 0.660475420333999 1.83045304955954 0.87884255539887 -0.785713654069746 0.425164558106669 -0.563453372975305 1.24837992888428 -0.157456609920161 1.83168455892526 0.809803414326073
-1 -1.41449242895898 1.84899720347114 0.38759697195279 1.20259776091655 1.3052029207718 0.189438136968333 1.28807639411328 0.601983493045491 1.86542353308682 -1.08736574387045
-1 0.491360168820281 0.274873728639044 0.654958666176961 0.866617014436304 1.75471471785297 1.01101704778302 0.0819690460771693 1.06605287210608 1.47692244466223 -1.18579562425337
1 -0.840504748386186 -0.103339381242829 0.313233417696955 -1.42745393359572 0.15448035053448 -0.052125822898246 0.589307514816543 -2.14021269412111 -0.31239980426539 -2.00489217788397
-1 1.60915463861164 0.892055403792877 -0.561211583764278 1.43992196500221 0.597115348164901 -1.18616990546531 0.83803325903054 0.106419711438525 0.651876642519013 1.42332267045413
1 0.526904281053225 -0.302749277002300 -1.09641792368635 -0.506643536601265 0.959503393675638 0.418949312894918 0.302007193370162 -0.33383645232019 -0.657261904925259 -1.4031040466319
-1 -0.703847019030231 2.58615927727939 -0.0772020301017877 0.9991731635327 1.41417630357951 -0.761633193913759 0.917035597347089 -0.99156382290966 2.19436249017849 0.799853302903
-1 1.50839664989393 2.10313254767510 -1.21778257345196 0.0745199331759023 -1.11233765431154 0.834506917053227 1.86530588402911 1.61215523816769 -0.983363439471689 -1.50347626081904
-1 1.75748507847520 2.13781144991332 -0.400474354957764 1.67544181721334 -0.750887611896991 -0.41210410727382 2.14313744524042 0.384451661272505 0.389107569122333 -0.275299429696325
1 -1.48870294682173 -1.49176651379098 -0.254402150473566 1.72966219742741 2.20018801802603 -1.64447791238044 1.52255111127701 -0.451911408672003 0.60358828635797 2.39077504780008
-1 2.02740296263339 -0.142739338682055 1.37555091316463 1.51069931860645 2.25371307231670 0.489681481532641 0.389926518375792 2.68122161283541 1.75402257291342 1.77520635836287
-1 1.29930495798025 1.94837776596436 2.64935150741579 1.75050826350933 0.183577874477775 0.631150006244105 0.220289933215666 0.614596001651242 1.17504608195739 2.07173891044407
-1 0.257467838792384 1.18752695015880 0.621684163298976 0.517900187663748 1.52260355928425 2.61346565836480 2.769099179884 1.44339790152058 0.388075493696155 0.0796318497285196
-1 1.37016592437296 0.399036992278642 0.202980627461358 -0.495919794820811 1.63620460368311 -1.02670460592794 1.73452085908604 1.52925731017637 0.9303658730622 0.491641047797363
1 -0.512640757909676 1.5369769442239 1.42395735183687 0.736153435437419 1.70919731998685 -1.12267685849341 0.0682524521668455 0.494783078730566 -1.99816212327784 1.49192282459386
1 3.13030405344228 2.24595151896147 -1.62023447841016 -1.51450859091557 -1.13712709642707 1.23408002184139 1.01457165434290 0.54590193577195 -0.595538704770646 -1.17530571403909
-1 1.6118490809987 1.19508163040821 1.15094919406023 -0.593075306850234 -0.448312421549144 1.03009966752389 -0.00380851973978058 1.63186010655351 0.718817285126844 -0.0308064543339832
-1 -0.491969368047494 -0.211685973209307 -1.10679279584196 0.549808058935983 -0.616978328249256 0.858020810070414 -0.689519644080976 1.39999028622368 0.757425711888907 3.15236697393229
-1 -0.747536362040734 -0.502323222010375 0.211805688801342 1.34399221113859 1.39743680840496 1.12798030947817 -1.81778899396166 1.67611034839174 2.51650751298961 -0.433945255996751
-1 1.59203698667206 1.73253361288091 0.511533968149175 -0.941337072166667 2.67957447295356 0.83626461624203 0.56944794356683 0.530710559136588 -0.0912481128263138 2.26143525973904
1 -0.222006071209186 0.180013982261947 -0.69091676545302 -0.62925215073903 2.31328920820696 -0.139659123727484 1.14611098233369 -0.0568525044005734 -0.125217969761054 -0.349373452834786
1 1.38247924674990 0.444377033581228 0.247442387898356 1.00379647161797 -0.638694926007685 -2.17184791608383 -1.82614154088854 0.292017257118708 1.00436460374126 -0.297658941877647
-1 -0.811524952229246 0.724219017732094 2.29435555654993 1.54776229252980 2.58277699555635 0.384887369860438 -0.225455419427534 1.04382691106668 0.602704938996747 -0.531724231067387
1 0.754496009113689 -0.361523079097556 -1.42720418762500 -0.256042236093655 0.9635824507611 -2.65219850091010 -0.512757760980356 -1.13497595408118 -1.22681546737245 -0.206738303276274
1 -0.81251420054845 0.435378140440902 1.15506321696421 -0.956944434204503 1.34091930446404 -0.191561844852593 -0.617694116612248 0.526211638510438 0.57503650871841 0.244925233342215
1 -0.183454200750568 -1.76983144055896 -0.442253758454223 -0.791732756662444 0.534229898570447 -1.36323681354763 0.583896479587765 1.46746756021481 -1.00959099266597 0.762491586365922
1 1.07235153459349 -0.299294986966423 -0.280249174458714 0.46128630318378 0.374295525636814 -0.102521076416409 -2.43740317643786 -2.20051162503161 0.110019467183167 -1.22068056802564
1 -0.676284123124495 -0.461814170560522 1.04489449400681 -0.862987780124192 1.07282889108109 0.439491442955604 -0.634560335820131 -0.115054443855487 0.222936480067922 0.6222840992275
1 0.639673994750903 -1.48682668858842 0.262175798254472 0.182021825426942 0.674165674614761 -0.646309528026436 1.64462929488266 -0.196129540416292 -0.301888413353075 1.01551827493430
-1 0.688678883023176 2.68387398381610 1.54349047037157 1.04217919003309 0.166316265375901 0.845855586793574 -0.286628808799114 -1.24223157072162 0.470752167442767 0.417799995010548
1 0.915012035093454 1.14922543927351 0.930986440917936 0.801849401581917 -0.111706587024179 -0.489745858370605 -0.642339827151931 0.254780124584634 -0.923635699814685 -3.10606593204069
-1 0.862263136189084 -1.04148491268375 -0.272993963558821 0.787775420550874 1.04919334289106 0.328901279226918 2.97749660597605 2.50651865025968 0.417615454303700 0.617043658798459
-1 1.66611920466371 1.10448212456987 2.14755567045688 3.22359895985185 -1.05093513015767 -1.0246256788744 -0.136254881945197 -0.357027632088834 0.647352410881349 -0.610389910544719
-1 -0.440810646523429 -0.468430530552781 0.230229659926259 0.167310827709804 -0.313343254972998 -0.436074669296289 2.94218437437099 0.288464278001126 1.42808336778986 -0.344004981247417
1 0.314399138887248 1.27916093150144 -0.764317086365177 -0.110850478105283 -0.864876261532305 0.681004330135027 -1.08224064317132 0.853422190091991 -0.915160586318332 -0.791030598200201
1 0.628165492355459 -0.43260257134917 -5.15972132194397e-05 -1.31634594155305 -1.09221018918673 0.813930280242575 -0.995810734301483 0.489460221094073 -0.264304276185789 -0.0137669910104845
1 -0.0811261000028166 -0.541229833201108 0.202438035532964 -0.424325323436056 0.130711796528529 0.307280647597371 0.446400249660274 -1.71193025996222 0.435125373093952 -0.144080228313857
1 -1.05576690888446 -0.00254765955829202 0.74226029645359 1.08114788221125 -1.05175965191785 -0.197135446670998 -0.136873629908579 0.311958621223597 -1.09894869977664 -0.0817440549824216
1 -0.452319178191661 0.58085397861821 -1.20928477450936 -1.83040802315863 0.83402627146437 0.916823505915013 2.03638765612695 0.304769932659130 1.04052684881329 0.224093999858188
1 -0.925002574294831 -0.622354737348024 -0.913936581508539 -0.502213552453879 -0.353762586584115 0.114627256063427 0.138418510967006 -1.95449799726655 0.812724542294718 0.313684899727721
-1 -0.300431988803844 0.137680252216695 1.06002572764364 -0.302134928388073 -0.978477287911458 0.558794714276358 3.00937777011805 0.80740484673935 1.51349850149227 -1.61439997335489
-1 0.407633669595894 -0.0383071448828731 1.16171293826870 3.43112960080726 1.34574936723952 -0.312370977324478 0.0508539963574542 1.84529820077780 1.63169286033085 0.388681831105377
1 -0.323255727104554 1.08971472345975 -0.920915482840125 -0.714005199213232 -1.33211449797583 -0.143299937408604 -0.431855682032819 0.324241086053828 -0.39693090709324 -0.0592491367123812
-1 -1.14221240798912 0.781132361506476 2.06924107600089 0.79153454655123 -1.29986021053723 -0.698935619143654 -0.161438758544644 0.508374448716547 1.78298534012047 1.35290825136968
-1 1.55634927264319 0.950551705944509 1.82122268758492 0.560985413797872 -1.93521260296728 0.341940384735747 0.683527173340466 0.420002822955827 1.01722805729758 1.21406833844441
1 1.54519655660410 -0.568659101915753 1.36790683841505 0.212316601816177 -0.936394287034066 -1.96192007447590 1.35828773369806 0.163725258450600 -0.137645398631895 1.28356822933941
1 0.408188553280408 1.80384933149707 -1.77908408161273 -0.227562240696899 -0.998959477229738 -1.73360523272984 -0.341770158985247 0.35891537469115 0.0417451049284462 0.479765331617443
-1 2.45888544692277 0.609621993486145 2.01072713522597 -0.367957745902952 0.779623411194768 0.556899651875692 1.64281156185056 0.311405167890627 1.2002686808733 0.303032358124061
-1 -0.444391067417897 1.17503869495599 -0.760091043701613 -0.962274328095274 0.892539312415116 -0.076231061253425 -1.83720649463951 0.367531524096637 2.57641807505444 3.06883754156549
-1 1.3455594479493 1.35068934714436 0.663386359085299 0.83798166912843 1.81462485070517 -1.21965278175265 0.217431935662562 1.77819943461886 3.28234645574341 1.23240240480107
1 -0.237595116016453 -0.7518181499474 -0.50490141944728 -0.903650298762723 0.00447373678539827 -1.54718779041934 -1.09626315737279 -1.06281614261746 0.648481916413114 0.386123000018593
-1 -1.01116346908392 -0.369876377941115 2.15579447070414 1.01385054796332 2.70668462234403 1.85267637540138 2.16865077421827 2.09848827976499 1.98807094626863 -1.67196233037123
1 -1.60526244181016 -0.96637340451806 -1.72162861457771 0.97325179376382 0.266326131416575 0.360802836768319 1.43862815546734 0.518180256427411 0.35081119894089 -0.573782984735764
1 0.88811971993966 -2.18326080523806 1.63937631023499 -0.8231090183404 -0.561576175662801 0.431690120818897 0.96116626178892 1.56709464489601 -0.678219040174977 -0.936117509638226
1 0.925948398772651 0.047169207405503 -0.857291241903244 0.465855668230633 2.12861833142825 -0.529247257205052 -0.229580281018682 1.47450603048592 -1.78359866038047 0.410178626040087
-1 -0.03818857198216 0.383090139166065 -0.528914703695513 0.361929771237131 1.03999471853688 1.41922438220642 2.22263450459189 1.5644183319746 1.27456051001055 -0.284336284623519
1 -0.695557424633648 1.51784068692637 0.95506893520577 -0.0213436132215165 -1.17698991406328 -1.03739546324297 0.098857928235447 0.962248292750898 1.34791925187285 0.341143577399576
-1 0.533295230010872 0.138464020321877 1.58039933757546 0.441571847576842 1.02983974783598 0.80720255536353 -1.34104655469314 -0.291529142289888 -1.03909210807762 -0.142735695713244
-1 -0.3247243716025 2.34932506292522 -0.207685873092704 0.000266438042624495 0.154362569715917 2.73813514645818 -0.996621977253135 1.17132073559094 0.88812238760649 -0.129630345610005
1 -0.00494856719371291 -0.811904002613555 1.89023908743550 -0.102479580706770 -0.595651789105432 0.96646499683086 0.567582174220745 1.63444020603383 0.509627913933854 0.00127176510540475
-1 0.0394263141376094 0.330302091628566 0.241304286034331 1.74661105058702 0.49472607405657 -0.629285327948282 -0.456255840094979 -0.0407055522126775 -0.0594055890053689 -0.468232963962107
-1 0.816265797296233 0.706474489907142 0.508239023191526 1.30136149056000 0.928158369510091 1.26578473029847 -0.913095030463452 0.240237784318851 0.722749014806678 2.29398382180171
1 -0.653357921457622 -0.507697270072115 -0.634612286703643 -1.15552209231485 1.34176122067770 -0.28128363848546 -0.551042135544308 -0.144228898642452 0.251012800321979 0.199497108074687
-1 1.16063995269406 1.01912395049702 0.237867804844716 0.479323915348994 3.45665399553564 0.142690823842704 0.413563396474403 2.02749249065889 1.2162053101999 -0.122542826075882
-1 0.479026793183736 -1.05437265764261 1.54369213072167 0.715521124017047 0.743457177399697 2.49963236373984 2.35160137507089 -0.522073454429507 0.49214424028273 1.99059612061633
1 -1.72940925941632 -1.62619976157811 0.388673000399151 -0.250931940311440 0.761443457153198 1.15284676145191 -0.625126320955238 0.154245998357902 -1.50927068802298 -0.710884608380763
-1 -0.481489188253624 -0.836460775392469 1.78902537365243 1.26731774540489 0.378974819335397 0.89909081850425 -0.445536332797725 0.593676405256835 1.6275865791657 0.652484760439646
-1 0.420577112252423 -0.415479906740626 2.03295047311329 0.863838360760534 -0.929017299269425 -0.0769316915276641 -0.692777480416657 -0.603439131158366 1.91299578211171 0.399085139789886
1 -0.386529392175016 0.268614441997625 0.21816720698466 0.280398715504632 -0.116755555115518 -1.48800132979584 0.932445874473031 -0.235215750535081 -0.354196726469156 -0.61903203748545
-1 0.236092285361223 0.321165912377571 0.78624248805499 0.6458056799956 2.68072522585623 -0.0169144447357309 -0.98355947965076 0.234992215740479 -0.924515869691026 1.01724026466069
-1 0.110536091885186 1.32925052848322 0.372996648904795 0.948657781594895 1.94845593184712 -0.295457820923200 1.23450304388650 1.41010379406205 1.06063310746313 2.04433836934062
1 -0.503290483688882 0.0929728709723147 -0.204181882013339 1.04149752618403 1.45017648456687 -1.27969404443798 1.11347214133671 -0.449915188013596 0.082564759610894 -0.624319651197177
1 2.41304523814710 -0.197017700431059 0.385037387678854 -0.917807007812888 1.5448408071554 -1.00608707507137 -2.38302649453763 -0.454131179341609 -0.956112940091336 0.339729575926519
1 -1.12451966691702 -1.58629976466872 0.171972766699783 -2.0315327418239 0.384417297230833 -0.435846807462728 0.0705690717871717 -0.312095345557841 1.20727674211505 -0.660427518370233
-1 0.176561507061546 1.58315709491788 0.846849973626948 1.48798486725378 0.770171439423446 0.113986074476624 0.224747148880122 0.534077637528742 -0.867124250617953 0.345406646496996
1 -0.435344171145933 -0.296527325722599 0.985185087672096 0.916182876641305 0.767190472409053 0.870545068483828 1.86073840844634 1.30537323684970 0.104024491563633 -1.16515942084680
-1 1.35584808954520 0.0611066628814193 0.63989312271776 1.60282847030624 -0.636358983187462 -0.404535547745385 -2.14629625907087 0.564863967362855 -0.176160197377933 1.35890017991934
-1 1.31349297394329 1.15517602249782 0.238809817187737 -0.604134195177993 0.597932707126906 1.44793543674552 0.427963209552366 -1.66464326689789 -0.764889692948016 1.66860569394146
-1 0.0849239905146532 -0.300428520383614 0.771236118389646 4.15643684933664 0.943088007478592 0.777700336816766 2.42263920390754 0.284021430402138 -1.55476739072330 0.97417184182285
-1 0.773157379949193 -0.403342469752766 0.433590707685583 0.530454337095778 2.17125263865789 1.41724414063263 0.405273016222282 0.255442224746154 3.07591699610305 -0.0477937030616269
1 -0.500248704222316 1.17148689636992 -0.154531518497800 0.598879209486759 0.663553941883401 0.487902353835187 -1.36445893863147 -0.474027270749562 0.375544041139956 0.570458558456838
1 1.74452585463524 0.409494067292034 -0.287457942565952 -1.12841445501534 0.272990085578735 0.62763706077074 0.185978811091542 -0.475122146078155 -1.22860292669891 0.130177411290139
-1 2.00471365279360 0.227182461823559 2.49145698614632 -0.00828323980692913 1.80650175519537 1.62931798638988 -0.385432683583042 -0.164088677832627 -0.130992796728314 -0.00384673529427582
1 0.752672328739257 0.85761295053605 0.825292947675802 0.717232032875386 -0.336092763476835 0.808962176344437 0.974404450254566 -1.85386858234815 -0.593528236107024 -0.991762222032518
-1 -0.872572274932356 0.456211999461767 0.741548411608365 1.26395326608625 0.283755448862519 0.551698152657829 0.90291109352205 0.661485062254443 -0.631898417653535 -0.557598181402262
1 -0.0227375916142871 1.46540569968511 1.03516489499460 -0.308545524228821 1.05912901795165 -0.68662467890012 -0.362269197513843 -1.94538804444317 -0.914164045473018 0.974490029546925
1 -0.833562623813588 0.117226850745821 -0.384184479709135 0.9008064936667 -0.594013254694406 -1.08159847933337 -0.779525356090282 0.0757294645727287 0.317303508473691 1.57376064925472
-1 0.194066992162485 -0.203655511150326 0.267404271555563 1.78937661850215 1.16908503374857 0.627847224604159 0.857606345203596 1.45870271538476 1.87544040026324 2.46363429026902
1 -0.590128932590371 -0.936126216001856 1.23946344114038 -0.39110238246934 0.416833547165473 0.890372406419686 0.0171272850432826 -1.24813248258537 -2.14267164025919 -0.170013443915465
1 1.10031638038777 0.814367369061028 1.25228339639849 0.783969715366784 1.0256274503045 -0.471472548155711 1.27202466568843 1.07114855927097 0.444088816474232 -0.00388654843275952
-1 0.320322011394640 -0.191695878105261 -0.275011424603004 2.44709566542222 0.321089304697285 1.41129479287145 0.816467276717543 0.411367115193664 2.63075958660389 2.52559179974273
1 0.562593308139963 0.892226540616075 0.117236485796080 -1.23848268604449 -0.776818988027744 1.11163032354513 1.18805230962397 -0.468043807830263 1.53854415570116 1.05310999803490
-1 1.53184310482115 0.740827284516068 -1.02917598241730 -0.939928054874592 0.114047743022274 0.625082892928076 1.31172766987394 1.39066321159959 -0.760857420613466 0.71350143353273
-1 1.58271158433808 1.76401208518528 -0.966301306745264 0.579861216306818 2.50750720840145 -1.23310332832343 0.0236748311471758 0.751028614340263 -0.293590525366157 -0.61154559357897
1 0.690952426290012 2.05184662865485 0.836213468556681 0.246099088394592 -0.934238770598336 -1.74446407356263 0.756239712113146 -1.07390000677215 0.466746935915794 0.952473398109273
1 1.50090257819368 1.05543158592140 1.27854256436152 -0.772901045200529 0.323253549710098 0.668893082495774 0.681705073872887 -0.597857519000932 -0.175876680170971 -0.127795509474186
-1 0.802713965789601 0.0399185942851543 1.70578080590605 -1.33430185433644 1.99500636913647 0.00631927092264262 0.0831205109428401 1.36179845452658 0.627214522781051 1.38559402842883
-1 1.89469599201311 0.0879415741424311 0.417289792369837 0.424818462111121 2.39991659731446 -1.38081167076788 1.42124163886819 1.88041482504639 0.214575571601197 0.675659865360432
-1 0.623803187206074 -0.74595961991643 0.423679302061256 -0.388686015768746 1.31669055591064 0.464349269239617 1.24241310475631 -0.649532326089164 1.54320399539635 0.758621767688717
1 1.06536157979282 0.0439127100158343 0.0130263969341166 -0.312951347664639 2.03822925093021 -0.721056724789331 -1.14687473910639 0.215245778095955 2.56172776335210 -1.24061243402707
-1 -0.127725810342913 0.849680353703947 0.571563978259903 0.124924220857783 0.145816674694950 -0.655563597456346 0.705475099405574 3.12840893310637 3.03362636263283 0.062435742589548
1 -1.14673193531186 -1.18087524915181 1.00553326087400 -0.854584404090668 0.168027243504515 1.69833630053378 -0.968387940056469 -1.84430204867868 1.27583806045019 0.558759479068262
1 1.51163377859904 0.364592938207515 2.51960479328132 0.324398532236168 1.32126762307393 0.832803591452116 -0.170767969009392 1.53791648459482 -0.669647333483739 1.05420789140016
1 0.994022764284091 -0.441939330927599 -0.00955677105023313 -0.684008635974652 -0.519736823830917 0.402724683923336 1.34528233456722 0.0467161019656609 -0.0702083067510987 -0.0180971126003016
-1 -0.477604974899771 1.48800512025149 -0.254149173947276 -0.387485208363077 -0.456900911564443 1.30645172472817 0.989264995273272 0.834232960556018 2.12402055012876 1.46442931394598
1 -2.60251233306771 1.08812705988674 1.37387523822885 0.295276495746767 -0.648269962513801 0.296397324731575 -0.170928059224888 -0.00895680773231626 -0.743962814675335 0.965926045134276
1 -0.916937138899529 -0.00430017596095228 1.54431235696276 0.223247423937694 0.56047314795408 -0.350038700735791 -0.196722792236955 0.355272028027407 1.26376228997861 0.419796476993635
1 1.70727014651502 0.828452478655617 -0.485668144825418 1.72946870190779 1.67161604334401 2.35296183760822 -1.05283031278415 -0.581664203437742 1.43781727227936 -2.39629727286593
1 -0.347624766659871 1.06072548814984 -1.03772065449391 -0.369458296084082 1.33054661861362 -0.876421100876778 -0.788075249109698 -0.44200523521847 -0.819453315428569 0.39549167277012
-1 -0.190643712197199 1.97140706136796 0.864146552377698 -0.156679585589512 0.852928710847093 0.555485130255127 0.540505132449893 0.683052123558052 0.0877328005194965 1.78706728389594
-1 0.965564435126835 -0.189453236773019 0.271193192764214 0.755626298218684 1.79060354099468 -0.251247485199270 1.59390129714496 2.64508486850463 1.88836121122559 -1.05801795134400
-1 0.665201039034629 1.04834699785009 0.644915038648402 1.8918089569494 -0.772321585667436 1.75669598532884 0.279961526813121 -0.691538527924413 3.28435660564306 1.62543923905053
1 0.891847328967562 1.23560169725878 0.188717025614166 -0.312083689171089 0.501440017197416 -1.02761695113468 0.5280385085771 0.839221703690822 0.656306319515123 -0.712470700623813
-1 0.714494416188927 -0.0526544966077221 -0.0672461877755763 1.0085299306726 0.330697995724735 0.563547560272258 -1.29557800452859 1.61980135212334 2.24798986596545 -1.23210716566600
1 1.15273924507274 -0.776416406369435 -1.6577731512026 1.36761816640392 -1.01953545779497 0.454455634365917 1.30237853291275 1.19574913135814 0.0564449201620372 1.57845572763928
-1 0.422230624743362 -0.0104064034753283 1.37692611603247 2.56321181720514 0.294985837487626 2.51881206918082 0.277813901546014 -0.270389544449088 1.98553811742683 -0.326622099644173
-1 -0.0464945472265981 1.39015943387856 0.670587733871686 1.39334163872302 -1.67640962499871 2.21510682916928 0.174039845228397 1.44186383600391 -0.204894241948062 0.936736373452538
1 -0.00831788378508465 -1.39366274290073 -1.56005539663551 -0.13800898514143 -0.219043852978780 -0.742798973032318 -2.54865366312065 0.718841369725206 1.90823342637539 0.61988128221656
1 -0.0366129866885361 -0.629990920418741 -0.512555785699166 0.339447950070234 0.79170027296196 0.644596669472241 -1.00056554736975 0.411902519120164 0.433166956116819 -0.569044460933529
1 -0.45561802841461 -0.065556232588481 -0.331415216424784 -0.0483531709946648 -0.621715984085894 -1.50356443859083 -0.616745515532809 -0.943286191444393 0.710013954339331 1.44346273315701
-1 -1.22646743393601 1.20803855829122 1.30745931166285 0.102214222853335 0.920595267671931 0.61196001335158 0.155865864782370 0.745616814183511 0.0174384894579945 0.376954735219222
-1 0.286480194181312 -0.680307310299557 -0.724338392906878 -0.438624937813849 -0.197694573834099 0.0813802586735772 -0.101045919895104 0.401050975195465 1.53843589420758 -1.91009859305937
1 -1.38944510384266 -0.0537753887500331 1.07677890219160 -0.595140289403883 -0.84531186957606 1.61643610012556 0.361675280769027 0.809281357469132 0.6366065996632 1.17751893523143
1 1.01632097685052 -0.440017657407833 0.645703875125189 -0.076815253106204 0.95768691289371 -0.848535913720302 1.37654343887057 0.250049926685911 -0.869218755647554 -1.38968114756963
-1 0.944296123576608 0.517534164552762 0.00742227496298509 0.806222819979737 1.25822242187796 0.171111874936017 1.72515008762210 1.11800202932874 1.44796790942697 0.586695261043021
-1 0.95684950121791 1.83203319213381 0.154788618712602 1.11766251123752 1.50800623733564 0.383672716131302 -0.598715206467649 2.40118536348393 1.03363187020622 1.12997370118935
1 -0.615776795503491 -0.745671683465606 0.665203209142247 -1.33054121015292 -0.0593659643442511 -0.592532717467765 -1.28972067518083 -0.540132245991419 1.26463977408532 0.239450614289319
1 0.185787459290630 -0.764187328588561 0.9560528694899 0.0990920045579788 -1.03491873766094 -0.0116583111023797 -0.458934077126149 0.657626038929518 -2.18478234379283 1.13625066253860
1 -2.65405778419813 -0.253665742624340 0.861108944061256 -0.564492413453344 1.17313345004371 0.285551129700902 -0.378368483169525 -1.50357901897736 0.496418012946399 -0.889337273823724
-1 1.38417978626773 1.74433773856347 -0.53961027569239 1.80776030086641 0.55636160252782 0.839046163021312 0.665722886783083 0.822525979050151 1.45612121836994 0.93038100983824
-1 0.448876131997312 1.77048543181241 2.41823350080707 0.782139881877763 1.06516844988894 1.98299733799147 1.29734809282267 -0.0909679667865051 1.76594648321096 0.41276458541267
-1 -0.609062303906556 0.75428760696712 2.99827612577632 0.717932992700379 1.52282356353144 2.47960956303179 0.44890860269433 1.68636588596716 0.39461488701231 0.966570642981014
-1 0.397875036025644 0.681896330888484 -0.277582825190779 -1.33422079618788 -0.215190362832755 1.98308554331478 0.722312574946404 0.00362446767228242 -0.533620021588591 -0.604229969828337
-1 0.823391785122071 0.398590352029953 0.706637896264909 0.243501488937827 3.03114686200171 0.308010346948118 -0.688460130117387 0.836226324318289 0.801528016122683 0.91469769208059
1 -0.092200685392838 0.00665438987799657 1.08238961312872 0.129693732149940 0.205005559266450 0.418554464635433 -0.696061460012513 -0.569056991849410 0.630207317002365 1.27320284282936
1 -0.068302651093238 2.30824364408019 0.321197158652423 1.00814079451276 -0.208024718704391 0.0914193138094035 0.888859788265635 -0.123081609243219 -0.057765079650544 1.1840422246594
-1 -0.554896875681196 1.65029517361575 1.08048501219901 -0.687640948719684 0.970785462836124 0.670914272108725 1.14386182755454 -0.0778035882559153 0.188198709537066 0.350962287367622
-1 0.127462685617134 0.87700462353388 0.432420161937763 3.3008844891477 3.38431315354108 1.38923048229318 0.460770408831607 1.54982427389935 2.18621471147059 1.73832471422054
1 0.735655886144989 -0.0167718583304165 1.71845796731796 0.300528627403954 -0.0129361073434933 -0.952641209891505 -2.08295811837098 0.0193528610147425 1.21142931157940 -0.522350563877654
-1 1.05278577977229 1.54636550288483 0.725574929639948 1.32294150997327 0.24410814600191 1.16558966771061 -0.0304846106181194 0.423477566077865 0.99623174510724 0.421347085229849
-1 0.450942262925207 0.369580339885929 0.645685263015436 -0.0254587660809549 1.21926815713481 2.1093202460285 2.07290176523147 1.78601181032242 0.64867178707145 1.37744043419002
-1 -0.458656649341456 0.517173823452674 -0.861477759935212 0.355740100594693 -1.4672074151751 2.37036992621928 0.198982411744827 1.58253394715269 -0.0294249900899285 2.26145764114814
1 0.613279633648032 -1.4274461565248 0.666265709829095 1.38610279267420 -0.838512308548571 1.52466542497492 -2.21071945995129 -0.464764677448462 0.00941386742897765 0.810576865518323
-1 0.134867789275888 0.21233308517606 2.67505051131723 -0.53957134459012 0.498041806356736 1.46979585360483 -1.17380766316662 0.312550997910397 -0.288491244783925 0.573025605668095
-1 2.12804204561989 0.731973144501489 -0.905099793272108 0.78032162058484 1.68763297638076 0.025260024228536 0.351207885267152 0.0667285325776618 1.36626884625163 -0.6198307665147
1 -0.47218452829751 -0.841262106797859 0.376766087329883 -0.126306898650217 -1.74542141924123 -1.35034052379465 -0.512084598197307 -0.0357792617978798 0.465660526177507 1.18211087142775
-1 1.60882950950319 0.752340609877094 0.533743216697725 0.653674698942367 0.389323120376473 0.617617241072838 -0.711317154024803 0.610850360492505 0.564070247706895 1.94321490511526
-1 0.181787440327016 -0.195209920774142 0.545807824760885 -0.7653290885742 0.0447232283039585 -1.25304423828300 -1.07682117295406 -1.07775429089875 -0.458998043851278 0.716682537768454
1 -0.826613900442423 1.25878423862028 1.55089666196110 -0.488557315472092 -0.0676890415254684 0.981120648189595 -0.036630614393907 -0.764532968361789 1.57402652979296 0.139856901888899
1 0.367922186020898 0.107127219519042 -0.0894496423030588 -0.170590275343654 -0.443644362091975 2.05052738783186 -0.172359603930586 1.96564602427812 -1.05287385518927 -0.803253204386953
1 -0.00124776009243803 -0.158396235877533 1.34115822057941 -1.47680203693904 0.386861657058588 0.821274500344034 0.93195273938246 -0.809181178653626 1.45710770906147 -1.13153544197133
-1 0.0260992786557973 0.0155307319763779 2.32189462702469 1.48694270733321 1.33723151432512 1.41443898960835 0.866015317021322 -0.636988032534505 -1.60797051892709 0.455591037353204
-1 0.588658642631862 1.07994926481677 1.22323730995861 1.25063153732702 0.939992707940294 0.289813458986920 2.51141861455698 1.02364130217666 1.18420098652102 2.73544835367531
1 1.09152789041397 -0.214090413066533 0.941997858101898 0.835718637767193 0.692922400826884 -1.22051764556054 0.406383939100892 1.17849212799378 -0.857268616107397 -1.26128188069990
1 1.23356855683819 0.232052343805625 0.137371667741372 -1.38694400958783 -0.0241014400581113 0.232934350396753 1.19786509542513 0.0968432240837692 1.32813010002503 1.30397053224943
-1 0.507591210721701 0.427629905970755 -0.0917194656069732 -0.11118245894652 1.48869482544153 0.591919335570207 0.489589466153145 0.853785460814861 2.41066493380931 2.61687790361518
1 -1.46346450461878 2.06107300691366 0.896318655190783 0.657520885178856 -1.15050984288682 0.273136432741767 -0.203531947630986 -0.544447165725261 0.840034569052217 0.736397017205926
-1 0.368837383279753 0.990727907150284 0.596231339522615 0.963291896215166 0.548790897687699 0.41682441270882 -0.254667425049394 2.23967321030201 0.627937162722087 1.77608366133791
1 0.687319759470244 0.178874367641014 -1.67348829010376 2.54072050345555 0.395016414638062 -0.387432039472975 0.995575148592798 -0.972834743407844 -0.0970191758760232 0.221317797311817
-1 -0.578883148264431 2.63021292570925 0.128872638570578 -0.0743325802032301 2.32885664966902 0.219106002040455 0.338384966739259 1.23567574791984 1.7171159849033 -1.24776377686226
-1 1.06678731022847 1.29409202213414 0.301718231774919 0.499143645413499 0.460592469685353 1.76514731195144 0.11367839968675 -0.36825281808268 0.150851302278794 1.24020091316526
1 0.724622245142287 0.450060012299697 -0.893152083683478 1.08650357859764 0.587929399341829 0.215214670948353 -1.40907616529905 -1.16207629598898 0.0996269397375963 0.299095205815792
-1 -0.654062885153659 1.17386039580439 1.03918354034373 -1.32344662808726 -2.47018772764202 2.05269840046123 0.136715048023111 0.649302591659551 -0.674438026186428 0.330431615174658
1 -0.0151696233197401 0.0628485171790869 -0.510616429042889 1.69786329161384 -0.630699277910719 1.02208697994281 0.105414593145486 0.28885426402436 -0.702610454833037 -1.84743050852167
1 0.615409917515596 -0.269271985453803 0.738231904849453 0.649863482281664 -1.24122814761759 1.63963202142579 -0.142303250508490 0.511675276438619 -1.04961445667061 1.02032939926520
-1 0.335683770125942 1.17376557208476 -2.24627176426355 0.702519304112399 0.48198642634776 0.923708448116021 0.287737385553867 2.23508238709077 3.32884367388647 0.0185971054328588
-1 -0.286053910640442 1.33007377314867 1.02449376166368 0.284635202106407 0.868978874671 0.06042269031346 0.915337924730076 -1.07774576311931 1.90154055323343 0.901506334812665
1 0.968238100415291 -0.668419820135762 -0.074028839117355 -0.739442617579638 0.594048312055023 0.201763777844009 -1.51720134817150 -1.00020413405017 -0.734108719062482 -1.78210434905489
1 0.656050756311877 -1.47398683890497 1.39321588112655 0.862664286829665 0.164129010684112 1.64104911267496 1.73977821777051 -0.484143598866075 0.164556362161131 2.18204544468812
1 0.667346125546111 0.00419077334255223 -0.972171264935393 -0.749273980569236 -1.71819468048665 0.886010107749637 -0.615184730799363 0.998441572501026 1.10291246015861 1.01307489025058
1 -1.93715407157733 0.7100380926399 0.349085879660567 -0.281543525393029 0.416179144105985 0.652590381188331 1.09842006916231 -0.243338198126281 -0.588470759713388 1.43646637691476
-1 0.593405557889528 0.176539426680272 0.250671848245079 -0.0209915883833278 -1.41182464328825 -0.309602138043670 2.16906754729458 1.14300878257270 2.30087246545056 0.457716293018006
-1 0.881310618757602 1.20659997985749 -0.387262296431333 2.56877983877585 1.37322875367942 -0.967381246178487 1.28611081076417 -0.671169295309639 -1.99997395408859 0.212856244382128
-1 0.00261536469335011 -0.268871179491593 -0.573539697713756 0.0867408352464776 1.05355288785525 -0.260895130747625 0.116673916267504 1.56598881213382 1.39571768175523 0.0566788020765189
1 1.32807316812651 0.51044501730068 1.97867000030907 -0.502508792710860 -1.51652577530483 -1.91221379211324 -0.574217183032747 1.2195640852743 0.547858448860855 -0.508066001601248
1 1.25115366114863 0.846589672151342 -0.86878496059273 -0.702333688367063 -0.0843412265218928 -1.39047453489827 1.21636267789367 -0.254039038806665 -1.67301778865002 0.226434897961133
-1 1.05978651451255 -0.651122567492096 -0.234368768811340 0.886386308167451 -1.23332075637533 -0.836271270116979 0.00761777241159789 0.567512763765459 -0.550960665449207 0.656204813895355
-1 0.273888140259875 2.3540762235981 1.28724481547627 1.10140441470424 0.499257406170636 0.050329206904805 0.84271038336699 -0.552330614750554 1.36607467111470 0.356332285694119
1 -0.216429257139280 -1.67895074117352 -0.65565719345353 -1.86818779124350 0.376882691662978 -1.00543823132129 -1.83716861156038 -0.7936465180225 0.53574255529847 -0.878436274645338
1 0.156141429549394 0.71645959600468 -2.3807525090978 -2.09604085822589 -1.22165356955137 -1.97411927800364 1.17818136086675 -0.446445844473335 -0.837892857696028 -0.29207503410238
1 -1.78479731990187 0.421408133880050 -1.58835166126665 0.159727894701479 -0.302868218976844 -0.291983850695902 0.598507792528992 -0.767769878838636 -0.194211365158402 -0.0540362356721173
-1 -0.797879028715432 0.375450280570887 1.71233660716718 -0.00142973162265714 -1.34412790286283 -1.03903059665356 1.77057331514981 0.41229638931907 1.32534518385691 -0.114915041368912
1 -1.41514854721161 -1.13401606440059 0.633886601475908 -0.910472201678667 0.613037890685662 -0.957397298097487 -0.792965794637413 1.18821082224832 -0.143804697758918 0.370986981074979
1 -0.89120880813801 -1.11188155669086 0.32909380426731 -1.02274141061758 -0.534006028642315 -1.84422036830847 1.41946788655701 -1.31215328630229 0.0126426531026333 -2.20187805363656
-1 0.748526404038318 0.225785287093813 1.29964984927364 0.338497960335357 0.719510197193206 0.112415017625225 -0.4400538156876 -0.218180169058954 0.511261356601551 1.03443265316755
-1 -0.0168876804215712 0.147628857532048 -0.405639302427656 1.30154496884281 0.577771925579097 -0.244036882844703 0.468847436838949 1.33877515611236 1.66229837884111 -0.151349411589341
-1 -0.721515626602956 -0.137904929543697 0.704252309094765 0.294972493883628 0.138961882071835 -1.53053240753974 0.426866778143256 0.959906894457693 0.258824448164177 1.85280295552698
1 0.982054491913929 2.59963923479690 -1.39516494874707 -2.40166139083828 0.655019484430754 -1.40713771598969 -2.20021394626424 1.42622568543519 -0.49417486718356 0.0226413954340032
1 -0.280744938515819 -0.579543633755872 1.28781116748513 0.69298673814136 0.0311029413515241 -0.815111901797529 -0.25917977556102 -1.02739684658262 2.09231067756594 -0.401992784162882
-1 0.882679805611883 -0.499217962621659 2.92879193974666 0.775644147150999 -0.166113127821289 0.334573883459726 1.550978273608 -0.685037495898608 0.205878331830047 0.438409113367292
1 0.601592663154987 0.996011176615586 0.617248323472177 0.731016982022882 -0.630704048868657 0.456211203151059 0.51241668187499 -1.87881630473548 0.153399095320474 0.681788569825297
-1 1.94233376906603 0.563417717793961 -2.11256107507177 0.486107130845509 -0.754935641412754 0.326621589180544 -1.77454522468484 -0.841861907099375 0.76673049816348 -0.150078372000922
1 0.147034384835206 1.61545172440355 -0.167074339923313 0.503070961095643 0.265394020217358 1.0204439814487 0.740238095175245 0.334712462747787 0.516647279655302 1.28485205613904
1 0.0896985805264619 -1.68154603048738 -0.304156854454863 -1.01704900058681 0.275058477799018 -1.87633229639807 -0.500985325911015 -1.51089461729044 -0.960980756612558 0.762362672075523
-1 0.953138208976186 0.631277361060022 0.0937925304932408 1.16837062697927 -0.648021841112932 -0.0408786818017433 0.624788174918811 1.66451184926648 0.627793077189354 -1.22736970053962
-1 1.33552275375174 -0.579283566493493 -0.770803553191305 -1.46609474613439 1.31891667585470 1.29580611276034 1.36104367461741 2.39152925996039 -0.163139795341145 0.447002190218686
-1 -0.209743604852053 1.01847584364412 0.272171099417515 0.740940632206311 0.737324557823678 1.10098805838933 2.53002804357864 2.69233486825164 1.75468215073933 0.552920237148287
1 0.961842655259224 -0.848951465544792 2.81778191218369 -0.920442589825788 1.17683043065570 -0.69923168749631 -0.123458608387390 -0.125511304705815 0.79205926670282 0.297037971874447
-1 0.830235142299724 0.975543986826688 0.63524227575522 -0.0189214390679937 0.108894198475387 -0.544311640079878 0.0611392937820789 3.20610524711740 2.03179760763317 1.06249454191426
1 -2.00374844016864 1.24336010336948 0.125750041900211 -0.259266037480493 -0.329900892449621 -0.339893056738462 0.554606892668982 -0.818940703201337 -0.355692909068451 0.876081764600368
-1 0.407492256687171 0.396921644168571 -0.165921768296949 0.225139312640650 0.864674496245927 -0.300942265242574 0.287600976965860 -0.0346981618906314 -0.63527721056941 0.527321297353872
-1 0.182080046910951 -0.124588438065185 0.750982272558922 -0.359773815305630 0.516241500698229 2.62801353598278 0.900717205415373 -0.0508657927202553 0.362662798117129 0.712333518779094
1 -0.592029256738572 -0.340000405516359 0.0717906649649265 0.618560086469854 0.823598844236343 -0.229131539468483 1.23603136696587 -0.99254681224148 -0.580976141281577 -1.76475221346821
1 -1.63741956248504 -0.0701241513583792 1.92304521849717 -0.155358631572602 -1.86514570631032 -0.068682236171235 1.02687686519644 0.325530698054552 2.26119402824084 1.11649547631755
1 0.562730937287307 -0.188936458262778 1.02554510160211 0.649861029363466 -0.125450575068414 0.496433044882748 -1.82510594191737 -0.576511386088428 -3.13763557873023 -2.28392703718298
1 1.06707030742391 0.353134118519783 0.814344387325387 0.127209117116134 -0.610187893065412 0.0244124983797850 -1.07621017294349 0.137975267991765 -1.52129350031073 -0.454547194937368
1 0.76282103319534 1.18046152012328 -0.164103366815259 -2.16993347946332 1.30831793744325 0.278893904481003 -0.317449674070833 -0.243112524098662 -1.07922057451062 0.756996824670976
1 3.13702924229549 3.04943955130086 3.26969365722382 3.2300011881662 3.15825947245038 3.08512167298636 3.25449873802079 3.32535465281136 3.13232865594494 3.17896545242853
1 3.29383493726390 3.30436635101919 3.23368544945314 3.38836129372041 3.263664345838 3.18843038606412 3.27648208007981 3.06470047894158 3.07501370489292 3.11358819928169
1 3.27489374746141 3.12346349149057 3.08391489845284 3.02556238649602 3.29404473201272 3.02123537148109 3.12350508519540 3.12820372778486 3.11754673129723 3.23150271453429
1 3.24869422561005 3.25216894518201 3.15803258432306 3.22500995135714 3.12649282850854 3.14134835494048 3.15617662499413 3.09212153625512 3.06338353170367 3.40061353297277
1 3.09064643575032 3.06514517832175 3.30337575464301 3.10995455182206 3.00163061753316 3.17693349870768 3.08286442026428 3.23965092183883 3.07680895009785 3.13899459775365
1 3.17842067643251 3.16940718779500 3.33214582743929 3.23420403837894 3.20750697689248 3.27775966531455 3.34737765952665 3.13993985668617 3.18665514680404 3.15490460657651
1 3.13877717001216 3.22534070996701 3.07671094114462 3.09097283715057 3.17140685005725 3.33075512295292 3.16981937152001 3.24474647438319 3.23876901041166 3.45732763850839
1 3.19859414948244 3.16604212471504 3.16678735364688 3.11263913299441 3.14585055168779 3.10731434933174 3.06719019685039 3.34157926088527 3.06977728147044 3.08017678145906
1 3.06188905053257 3.1824156511054 3.06355710625216 3.07016875108702 3.26202120797371 3.04433896175496 3.03491030681636 3.14820185931915 3.18639129767553 3.08115530072940
1 2.98493709826201 3.17687457062376 3.15578605251458 3.04264994033311 3.18649391644713 3.24380096392988 3.09045201289075 3.26868088418104 3.12156543027157 3.10611714712392
1 3.16895928084516 3.07252045853757 3.18062940050274 3.31486669985757 3.18376644748888 3.23799422714816 2.96231361595643 3.22927356033838 3.23406063944152 3.23891536318955
1 3.16106608224492 3.16668164882633 3.17287841326272 3.15455775793884 3.10490571187361 3.27692655184232 3.23151685660847 3.0915262611926 2.95293689842179 3.23725830842757
1 3.24687419530627 3.1273857465161 3.13847645966451 3.22128608911098 3.1016132981011 2.97112016777145 3.14452826521302 3.2251098511149 3.26993818344158 3.19813937632122
1 3.2460406005211 3.10442674676130 3.22548558993878 3.16324030640129 3.1621031211431 3.13678527345375 3.11880979316038 3.20542279408499 3.04737637472361 2.99699916394586
1 3.08576523115851 3.11447798551194 3.47541402851637 3.41389007883123 3.19667805272533 3.10745478606503 3.16883370691297 3.10160795225163 3.24995870424808 2.98834666465609
1 3.29534283286926 3.11417824027173 3.13004942168085 3.25402410555221 3.09080742356806 3.2546333361544 3.09385652455215 3.3546078401894 3.13862388155578 3.13657403584203
1 3.01136522355253 3.39243920494454 3.34266525271818 3.05036381745163 3.12671805153517 3.09170448228638 3.29245524530241 3.18048226815394 3.08321546942705 3.12174412928460
1 3.17161656960717 3.29539268440506 3.24553380290328 3.08096594975836 3.28238028279991 3.27365872376825 2.99146262821413 3.22644255443608 3.22383434108723 3.05286832792094
1 3.22369516549477 2.97463749609012 3.14843832235085 3.19443758732373 3.34805385811157 3.10039280971974 3.19937557877482 3.1509548897414 3.34599296145831 3.13328741923498
1 3.19436991724210 3.02783603310309 3.05271731266856 3.11635340634416 3.30367163657436 3.12328670964699 3.37431649747004 3.15742969601448 3.12508833068438 3.34469351471874
1 3.07200084026602 2.99583170128111 3.16855109772004 3.27782984184334 3.24302771637337 3.13283537923711 3.20607045250074 3.07890969293897 3.19929163192803 3.22996889491836
1 3.08415321527208 3.01032684029622 3.2425572968632 3.11329724740403 3.11810952722213 3.21202996169651 3.20829205556743 3.28452992352055 3.14560267780777 3.26701619707979
1 3.26920871479122 3.09994326123025 3.15385466415282 3.28973293920575 3.25281476853027 3.17563694319632 3.07596662337508 3.22969115819825 3.27937482687875 3.18428321835666
1 3.32960557601439 3.03974154310178 3.18093937090715 3.04806344490903 3.16131647194196 3.09482786640804 3.18709326660184 3.1849154136349 3.12931918820434 3.14161893253178
1 3.26849462915608 3.19375267846134 3.25002049499198 3.09290691603031 3.19555997277155 3.16870289583392 3.19087311214617 3.22789421150952 3.10352752137789 3.092708364795
1 3.12578712497655 3.29406787141712 3.15241081683033 3.13819148833639 3.05151276605987 3.00724449725713 3.17585186026982 3.13294935021729 3.10442722621791 3.09138110365308
1 3.15125480757214 3.19658097992917 3.11415395264833 3.22671709155455 3.13030284030642 3.21154011890142 3.17221746263972 3.4052716678401 3.09257737802555 2.98335293808349
1 3.17376616458667 3.2659058099809 3.0077828487755 3.23116096997287 3.12421329734942 3.23472386625987 3.0728409346008 3.10236905754178 3.25702045041049 3.34985540788406
1 3.19183836323151 3.14753645333506 2.88407666477914 3.17971474093521 3.42870324774772 3.13491994899456 3.12367258738237 3.23094735846126 3.12615161295366 3.19178094793225
1 3.31819083080116 3.16361817275398 3.10367564390484 3.0685581225998 2.97094451662053 3.15105931985485 3.18274301096229 3.15251322460213 3.09524655839626 3.4380578533243
1 3.01341339049456 3.26936262266507 3.22861082488411 3.10847281524593 3.23026234523695 3.05770790342401 3.24188989147659 3.0192226051029 3.16627399125875 3.11011717783460
1 3.18241200600602 3.13260685480170 2.92492787811716 2.98697598552653 3.09503650646362 3.15983066923607 3.12693015429572 3.12703189442089 3.22270059952557 3.20833336594154
1 3.19347334797451 3.15864473116993 3.04070594276689 3.10218318387964 3.19809547262201 3.29959402222602 3.08167751972739 3.24236100811783 3.2193948945928 3.03375022563240
1 3.30852431625724 3.37630917656905 3.24779972655746 3.21759648613519 3.18216076273992 3.06126784475057 3.13868642774730 3.0703968317546 3.17834001949666 3.02907091264413
1 3.08115209804061 3.05881912788981 3.21462240180529 3.23567779642396 3.06760026607521 3.16696722800957 3.1410396309677 2.99063662488996 3.18786533856738 3.13960859073956
1 3.13871093684685 3.05092106391130 3.26272448389335 3.11913998609909 3.07976070147043 3.10543449830206 3.11415544553895 3.27451713089149 3.46281179733888 3.11473866605643
1 3.28156508504365 3.11212706472832 3.19022799526927 3.04018987895752 3.1441494658162 3.30858526912669 3.31635916783796 3.16993352257643 3.10682886054447 3.40445426740318
1 2.96687185732228 3.25895687733658 2.93940688995434 3.33331731017052 3.03827309705561 3.21878722899779 3.11696754634389 3.28058807867052 3.06043154906409 3.28780402340991
1 3.04241848085123 3.05825146353551 3.08730922043541 3.09330174312666 3.24983046133549 3.15636312726700 3.33074401509796 3.17457856894294 3.15055591497545 3.27599495522347
1 3.17053023826356 3.14755705769464 3.09053227239870 3.17007712435147 3.37545273150382 3.11442742714766 3.18221337380892 3.23653915039119 3.02601539421590 3.14357787089057
1 3.18251762998062 3.12289497522376 3.07299764114194 3.20729217273327 3.06115914132939 3.23874948204438 3.09816102119582 3.19112751412323 3.20122385283533 3.10439267557872
1 3.37495606975556 3.30235132465491 3.18209273512533 3.04718230228761 3.22290115530126 3.10543510646874 3.30037854099294 3.16163615008863 3.22053372254557 3.13871627387581
1 3.07761106013768 3.13008684957316 3.21920422431443 3.10293137300517 3.32599468981956 3.26235712699797 3.04873529189013 3.15828650998644 3.05914296526920 3.29924293363617
1 3.14272897346452 3.06977929339503 3.27457295257817 3.06067838327950 3.15121258722132 3.12556626752719 3.18371581697836 3.13836452282516 3.12436794842357 2.97862189377866
1 2.98672978261984 3.01094556706383 3.04228394978691 3.09969908955021 3.27863475501768 3.18739316733071 3.19291047377216 3.20838412258251 3.17242543921285 3.36153197391826
1 3.09358050624159 3.25085727049257 3.15300643657954 3.1743808596003 3.29925065352984 3.21655349789583 3.11203840076191 3.06060413414642 3.22586914174149 3.21131480689582
1 3.22361380807469 3.12989408971243 3.08694942749803 2.98358363220099 3.36251675893673 3.190912483661 3.0822468130636 3.1685203095046 3.1440044206544 3.13537991700919
1 3.19116075913937 3.30837306929788 3.28091470075971 3.22778913670737 2.99810550149168 3.19778808232631 3.04044091760185 2.97381786397376 3.01529771879270 3.11136595365093
1 3.2728356989386 3.26859262047487 2.96071151152896 3.32510170904173 3.06022434922397 3.16946372069446 3.06661605425997 3.06551668233470 3.23399478277584 3.11566267378654
1 3.32050994858959 3.08131603381259 3.11035236891462 3.10894615434130 3.19180388721725 3.07564866588891 3.12422319063074 3.12902370374177 3.26246172265727 3.17651952552673
