500
5
1 0.544730043557677 -0.441304407138286 1.13946582707415 -0.693268026396438 0.538181148638467
-1 2.45281465403217 1.89521044957037 2.28543880452595 1.54162299860208 0.452570321288087
1 -0.457378620880314 1.67383675714298 0.946916139923044 0.364347094746140 0.589139576320321
1 1.29245428736428 0.754373221590083 0.396723005989441 1.09840583283673 -0.759277959236288
1 -1.27269992397436 0.755084274744934 1.70791654786218 -0.588753348949104 -2.20357659440425
1 -1.26467754888559 0.0417174666041903 0.745233816330467 -0.119252242919228 -1.76995069292079
1 -1.24761097169698 2.33288101881328 0.111511608674193 0.61221117240324 -1.11977651383617
-1 0.269748560348312 2.49869742157518 1.04455608367050 1.92378313328092 -0.0458936999397164
-1 1.25495276001490 1.64286288819481 1.33838811204398 0.247398889990922 1.81537653445746
-1 1.25506374221090 1.04999691211773 -0.598994154678859 0.190965222171657 -0.334689715348882
1 2.5019578233691 -1.47931272522539 0.361018990616415 0.216019620139708 0.0137507695785433
1 1.55964309647418 -0.318143282826092 -0.844173919574963 0.9389393022036 0.631945491320153
1 -0.098621797736023 0.409931647362927 -1.53610906680729 -1.17838821339424 2.16771943931047
-1 1.05591550502408 1.10631144804416 0.479005503817461 0.415710665900426 0.491951001648476
-1 -1.45827347019117 2.65906304001399 0.76526252394682 1.14865158030078 1.64202089948757
1 2.43817025846480 -0.207965921061826 -1.23320639705343 0.0347344958786901 0.350056867615328
1 -0.96918311107953 1.51110077987885 -0.632825117388606 -0.124344448173304 0.476342362077456
-1 0.606112582485318 1.56967753877015 -0.0832360861042792 0.720172408441477 0.716118344550892
1 -0.0590003109728098 -0.8733923606791 -0.603277394273023 0.358857032846568 -0.452561420106807
-1 0.216093556530605 3.5509935981675 2.17394345161814 1.04977880058161 1.12949239302378
1 -0.885041350157062 1.36284854798110 -1.83225746775250 0.607603140254766 0.966870688761623
-1 0.683835124890621 0.930392669185069 1.25892778499133 0.84204778347799 1.78788230994480
1 -0.833312616391082 1.27634561472588 -0.0114872648819585 -0.426894472570286 -0.354185259353135
-1 0.99972327953039 2.23315835320473 1.07485919189353 1.76087332776437 3.09042797426465
-1 1.39555588677323 -0.42370190741474 0.65136349811272 2.28920672078714 0.661001009891837
1 0.730301280894372 0.601421744297092 -0.492012022444611 0.547438330625427 2.33120758116529
1 -0.0127058021460812 -0.201049288519719 -0.827846939213876 0.0147062256162798 0.120913296414678
-1 1.73201873892410 0.560164263158559 1.05469283075191 1.06090959053907 2.18879149611630
-1 2.33505359723131 1.12118861895399 -0.53818543579788 -0.675861621987476 0.633609481770525
-1 1.59150527554608 -0.802007102956207 1.98684741402749 0.64259657844322 1.77088018559212
1 0.639624251538168 -0.799028491996722 1.12696065855476 -0.782944471964143 -1.67007785189290
1 -0.432508087424781 0.227297375006029 1.43637058263238 -2.4817698590274 1.23274706245933
1 0.00896224803769952 -0.817438254381504 1.89014307172556 -0.75949190220454 0.151462810297293
1 0.311855777219185 0.919061615221276 0.9809566677097 -0.254632608936153 0.0716242980945827
-1 0.618023632737199 1.09400482670028 0.620543412162405 1.48884536583745 0.980056991825899
1 0.792234143808875 1.15782621858955 -0.195426403870309 -0.553391044822066 0.920704528148493
1 -1.55163357214154 -0.334669965834479 -0.259366109813057 -0.907088555196404 -1.19723915579172
1 -1.17391805520319 0.97508345590318 -2.39516124950468 1.27430318935985 1.26404802645294
1 -0.900229011313147 -0.704075804242083 1.05731220743175 -1.12215460105190 1.20124969492046
-1 -0.220390040123443 2.17572825073809 -0.01620337959563 0.886994707335795 1.03993971221955
-1 -0.0929712699873303 1.55199722129955 1.22182882401221 -1.19001281213460 -0.396991483879114
-1 -0.387600573318409 1.05614994837921 -0.00641277399418494 0.465733718619349 0.493080542372019
1 0.260549778347186 -0.90720007320835 0.501746379243263 -0.497345131066131 -0.158277540870239
-1 0.331338694866726 -1.21212551028896 -0.452447956305789 2.48023034229043 1.86955906173904
-1 1.69906715967864 1.77681747056603 2.07787854024847 -0.579433574484072 1.49932730905307
-1 0.652311856308136 2.70504164804372 -0.171751239710354 1.10280667549446 1.19451322790754
1 -0.70755351368834 0.201003028189632 -0.995880444400821 -0.131549565201313 -0.484452213265223
1 -1.14012768145096 -0.268399529526286 0.217620039587981 -0.163527642155859 1.31496466270896
1 0.560166311043215 0.244338436540884 1.38281229810466 -1.40933593434651 1.80119126550702
1 1.45668750337539 -1.30953301166360 0.94247965912005 0.202852865336567 2.12291560240969
1 0.22397247945547 -0.592158736988034 -0.83487153345963 -0.378567286825737 -0.939011766608001
1 0.440847450153376 -0.401735544076123 0.442983822733689 0.243459710079607 -0.155655235194663
-1 0.904655076174046 -1.04269519810654 0.76257871327989 1.46416616088886 -0.134134445824823
-1 -0.309784947733725 1.49732695456484 0.862325439309044 1.59208539294635 1.07140021537669
-1 1.26982348772325 2.97779529496774 -1.13768140936610 2.65946640248801 1.37747625573801
1 -0.306252541304609 -1.60772586262711 -1.62588380752977 0.832808628535523 -0.901190120224876
1 0.0641448575120813 -0.250051674063568 0.097243302989052 -0.993558232878552 0.454084612609094
1 1.51387095116181 -0.45271062034121 -0.422700268354634 1.72052177045448 0.475731215279125
1 -1.64452029820859 -0.207951830214150 -0.300445832929088 1.46322198998335 -0.782329390997262
-1 0.83680413700376 1.27854543258292 0.441394523673657 1.22498912671030 -0.782351989047482
1 -1.34271714512180 0.904152949701483 0.252633893010021 -2.23894613575897 1.94169343948262
1 0.946493719307245 -1.75432034149284 1.15350437998706 -1.88449844739769 -1.69359597217276
-1 0.75578561621924 1.23559424587277 -0.600117720406272 0.318091464006057 1.86214003738216
-1 0.69143623487798 0.256613808586566 1.06541442805883 0.7030021283539 1.82153547745333
1 0.656132377738282 1.32915874898007 0.691267809480304 -0.87968318613148 0.459390498632585
1 -1.10396709761911 1.28290948215977 1.13584807090882 -1.24499248658553 0.501327952586238
1 1.63771131696501 -0.788512742852266 -0.247476538273722 -1.66639225481184 -2.34165990414695
-1 1.49572082145491 0.173165509290328 0.275861088572765 1.14564307179839 0.177192866381479
-1 1.11518486082663 1.72457865777255 -0.261456658134063 0.467047771847202 1.49229132322530
-1 -1.01788681326828 0.971304728380721 0.273644912407353 0.451533713707047 -0.596009402982638
-1 0.633019857637344 -0.606180198489466 0.701433115121284 1.22492103454262 1.5541337893679
1 1.21566838035157 1.19742567434038 2.61544259501019 0.158062753184910 1.76989918971731
-1 0.190701092989365 0.822350743301633 0.966951256781892 1.15061166785114 -0.0433089388134622
1 0.577979443023364 -0.0552606652303187 -0.120567867154618 -0.299229775569209 -1.09955487425042
-1 0.753568388104408 1.6105008339123 -0.144864611222781 2.34589262990441 0.647906552726869
-1 -0.0858177535842145 1.85871915620392 1.65753700865409 0.0144584584854546 1.30124445101404
1 -1.27895671153062 0.421641111695079 -0.201791017616314 -0.218597695213050 0.0651088801461854
1 0.936370278377992 -0.659175099758216 -0.134859883856208 1.13006364012091 -1.95233661592064
1 -1.12263674154976 -1.19517087886871 -0.856318889369537 1.84762810473965 -1.6523644094269
1 2.48046902626591 -0.106961376123080 -2.08304490642816 -0.308959537268545 0.615485306791587
1 -0.567616763776076 0.935101328139135 -0.846139383680887 0.0830314029718084 -0.152299975390805
-1 0.319121009256232 1.33707189128928 0.398708776165729 -0.524574586188277 0.321410482812799
1 0.87456662216209 -1.05461275515886 -0.859964917030168 0.355035163403342 2.12047793961388
1 0.704322163595622 -0.245318700592536 -0.85217807979247 0.398116835583198 0.214084626184751
1 -1.67126292806112 -1.50429612348888 -0.149023402190253 -0.376163175718040 0.674291611102908
-1 -1.57863413854817 0.784439968663518 0.691627908615475 1.14761394570768 0.257001299747967
1 0.131991549320937 -1.26882462692558 0.69555007124256 -1.68067780784429 -1.23656086947299
-1 -1.15817436924909 2.85071698863741 0.119932650321859 3.36625118218318 0.0699870876101522
1 -0.235155211765828 -0.211791086163401 -1.83453330876328 1.90500281803788 -1.03512075921199
-1 0.774535530234421 1.14614421310533 0.945764139845889 -0.616815860609452 0.219712044526053
-1 0.682375082581056 1.15510021553382 1.60134501710782 2.13010978184763 1.26645800862518
-1 1.82989078404568 0.983429299048243 2.33056906719444 -0.257151720126852 0.458688440831073
-1 1.01235100080860 1.49890225714723 1.79614984227302 2.31695256746163 0.693950825776849
1 -0.664052551354528 -0.0155619036139856 1.16613213491794 2.62201822403187 -0.705335908234972
-1 0.819040853437045 0.649120924019746 0.90031311935634 1.39259769407401 0.784762373974419
1 0.125688228047778 1.61257259478041 -2.06315960829308 0.528572882456081 1.32285274487261
1 -2.61329206836971 -0.0444082871924956 -0.979584983632637 -0.761431762126573 0.827569232882487
-1 1.3281278487087 1.57772620675862 -0.844979925189545 1.05299721578194 0.50989107936374
1 2.22583943204075 -0.570973752125723 -0.811440667109528 0.571933022039711 -0.428688579230405
-1 2.61440119944063 -1.41604807669313 2.40831949106511 2.07214911765047 2.32334149611628
1 0.193806231910494 1.12749650336648 0.694117425405985 0.823382998405866 0.236454738892626
-1 0.150948518199262 0.0303445407964814 0.991757430812978 3.14877021228863 1.48674432591312
1 -1.67775396992964 -0.327180870920277 -0.954915537840507 -1.28769692664172 0.490735157754588
-1 1.72996033161483 -0.100159376904338 0.746506131325305 0.278837859751694 0.130485815614328
-1 1.78779621360277 0.0598521721218717 0.121378205527754 2.903916829111 0.928990233497749
-1 -1.18679089498297 1.97519888091718 2.03520734542050 0.315181355855489 -0.380422026992377
1 0.823409397139071 1.38766530744626 -0.527599194391057 0.55862514640198 0.523085287142023
-1 0.728814691227416 2.39125662061753 1.53410980832109 1.39957824818128 0.327008209384391
1 -0.488685890467901 0.826117596112195 -0.155135880763786 0.620040142216488 -1.11859900695737
1 1.05388380273916 -0.724242720432281 -0.12566799309301 0.0581942376238107 0.61667254672475
-1 0.0665737358963078 0.543338077553636 0.664481428016446 1.38120137883204 0.419881574484678
1 -0.601696001783865 -0.434573314344125 -0.23184265742682 -0.285047991860754 -0.998889522981029
1 -0.209591382717234 -0.103984710190058 1.40529979305418 -0.100095688029251 0.309341641318791
-1 0.774910291810907 0.713337381396184 1.76522399944359 1.20225483778592 0.313438926073288
-1 -0.183025439299597 1.59273707204924 1.53542032875020 -0.536292350475878 -0.0624993789545494
-1 1.97370629111168 -0.304480675808733 2.19107414617900 2.43129327755302 0.589239054516521
1 0.888484157128122 -0.808401632177155 1.51085729815312 0.279488639224271 -0.630589087692126
-1 -0.444950170177737 1.13679525571095 -0.352839958728028 2.02661006677263 2.23999797313587
-1 1.81355316948100 -0.400505067756897 0.519062439971439 0.334324533090622 0.949402682720002
-1 0.591893453201633 1.26695286656244 0.60560001382304 1.06015303099946 1.83343958650920
-1 1.68517039069329 0.998504342273278 1.32369926234398 0.446789294884257 -1.0157359653939
-1 0.327160890134865 1.45906301501406 0.742086302230953 1.13661330624513 0.806767738846712
-1 0.346477554809894 1.87481595525193 1.91065393403411 2.25173266152405 0.330664112381946
-1 1.55129249063568 0.644657822891467 1.44443114279437 1.19765384783831 0.361241379595309
1 -1.59983519737397 -0.115631114426204 1.72087968045723 0.819382695744698 0.808233964104061
1 -0.395680174233318 -0.239290083393322 0.503630533673792 -1.10517343500993 0.624409512214078
-1 0.410509933847812 1.10156097750637 1.27043075631396 1.82546505076491 -0.374737875280347
-1 -0.205626145125304 2.32235265099444 0.331658247744487 0.894220452936105 0.607959901157282
1 1.91625831007721 -1.65588956733033 -0.546608332987244 -0.464292410361699 -0.369626892037303
-1 -1.27359050920856 0.636781056061548 -1.2423400159052 1.73557183062362 1.36389074446221
-1 2.51254060036414 0.304974722556513 -0.878158539337045 0.0266400022796995 1.51687948103151
-1 2.29142841030332 1.85517820678915 1.09655556932572 2.31331010596709 -0.568832500358154
-1 0.929886944774635 0.443593754896679 0.31566334787656 1.80898935401378 -0.309540064597812
-1 1.30405147104542 -0.493835897626089 1.24200942591608 2.25590194659317 0.452012476074514
1 0.898241216332912 -1.06811083712175 0.2214559032946 -0.459603868000752 -0.793041263953924
-1 0.269817456923113 0.504914088377079 0.324801289411213 0.360898804914732 2.35998472419469
-1 2.26924272297636 1.41435930482233 1.19251283563697 1.15287280823122 -0.670537663121024
1 -0.269480714300199 0.587264815556644 -0.504555122653889 1.21845906690491 1.77779957919382
-1 0.866229582590382 -0.319664238250650 2.32057244415335 2.22524689322138 2.57949366540277
-1 -0.035585744545485 0.554430511690258 -0.51340165268337 1.68197901657865 0.93016598172703
1 0.536912246141197 -0.506842815876192 -0.953614021969523 -1.25918628910180 -2.73533635696437
1 -0.571160173174976 0.60250126140904 -0.662960312444452 -1.67907011920428 0.364933785935457
-1 1.20740970355513 0.910187530573487 0.239432791749587 2.33466467800281 1.17678183351442
-1 2.63477744801352 1.03199634627127 1.29465331422116 0.999023632455085 -0.278798413030426
1 -0.937992743727183 0.0587029630217817 -0.857043187682208 -0.112222089797248 0.227138918135375
1 -0.498820409278112 0.592691899026678 -0.291057415155263 -0.861045596052867 1.93648075954656
1 0.979020778684789 -0.231136478656933 0.670154674314247 0.641614483733885 -0.941930974247514
1 1.60907131783442 1.38461401828290 0.279908994551368 -0.300707862957546 1.57510453443617
1 -0.244029755523695 -2.07124916718994 0.135478515596085 0.185136043829936 0.314823081292432
-1 1.02014596132534 1.40373761732914 2.33980985394675 1.10915031649970 1.03602414284271
-1 0.807860527078463 1.31281302938103 -0.130652261441929 -0.474162042318058 0.113237549247304
-1 0.729487563873475 0.596534224018388 0.184859642868971 1.38945323803903 0.137708104380486
1 -1.65670399365354 1.03919961785270 0.877617314247193 -0.737348410513419 -0.475287797891997
1 -0.853497969383558 0.961880960183107 -0.72766937804749 0.591897657885602 -1.68509468750125
-1 -0.747470121350236 1.0645680583273 0.773065460626343 2.00389247154159 1.91891937274422
-1 0.575462106744238 0.451113761885042 1.48065224401150 1.27451166958491 -0.0551429759511503
-1 -0.0184673425108314 1.77690920806076 0.0585652316523794 1.97729358680007 2.36748230728817
-1 0.877240200620395 1.54303999515602 -0.39439513557398 1.26662203223462 0.824860933252938
-1 -0.361636217945641 0.316082679854995 -0.742542455493485 0.290679148948572 0.64847397393155
-1 0.934931564333806 1.7982739471911 0.816368488646315 1.29089795826090 0.427853906900683
-1 -0.0841417337366536 1.79213931783944 0.687656824511142 -1.0471020414037 1.64280006531666
-1 0.646424736671861 1.44849168560522 0.780575624462732 2.05243083457225 -0.0700211103881101
1 0.0242577586352602 -0.543231879831673 -1.33064465834046 0.746551974252853 0.787312816090678
-1 1.01520289865041 -1.00660087824770 1.70602274147675 -0.704827018952482 1.51087138385352
-1 -0.751843890561831 -0.774554247178484 1.31784148749752 0.353442632105855 1.39620585206244
-1 0.445021387885901 2.11995930665738 2.12140250646447 1.77136560332743 -0.168068665357472
1 0.62168194005027 0.812519963472815 -1.69761741143353 0.308143038396109 0.324420283847408
-1 0.871189092364364 1.05256368774144 -0.837094774133411 0.0889700270043138 0.17204925707621
-1 1.74146093946639 2.72850736406236 0.627690898907362 2.23776196019824 0.815724718525837
-1 0.820468873137284 0.590805777212069 -0.559407802368285 2.61978370734581 -0.039776289202772
-1 -0.0544944048493837 1.1078224857771 -0.0282432464885202 0.195200842418098 -0.0552178256211796
-1 -0.0350868514978739 0.603956195370584 -0.507030980131458 1.76484150091871 0.00579981747536051
1 0.424168342704178 0.157295239276283 1.47308721925462 -1.29818517640420 0.841179752951633
1 0.450574834496473 -0.766902186200493 -1.68518927544765 0.0614909019429023 0.985707133726996
1 0.090519920053339 2.14576755610831 0.314858947751910 -1.25036619701045 0.4846955115521
1 0.31295091991736 1.65956325037365 -0.632336429976074 -0.884678278305354 1.2921738254632
1 -0.442435659488661 0.673529436061379 0.389962070961318 0.94146216503793 0.420397981877836
1 -0.553344836074177 1.33209635418644 -0.0744307149593804 0.315690171999212 -0.94127013288105
1 0.412893847327581 0.423828962110343 0.896535045289884 0.26355251482269 -1.89475038396623
1 -1.01087853417571 -0.991385066381662 0.233877961959306 0.102900255697167 0.00715606423024106
1 0.272969746621216 -0.183842647494997 0.81600119133643 0.324307457980168 0.048922973049314
1 -0.444830444178244 0.896651421934477 0.387324782025370 1.79807622902422 1.26651154037807
1 -0.308788732427166 0.828002167190908 -0.00738536454696394 0.692233209895848 0.663996481974607
1 -1.01312015036429 0.847557831539598 0.362224944670195 0.261158413183132 -0.0710059130044924
1 -0.22794740845007 -0.807888492730015 -0.907253571341223 -0.0506083992967529 -0.561439340492464
-1 1.31792963999941 0.408360685467248 1.36829111015266 1.45230814945290 -0.855453301373957
-1 1.94126199660396 1.50144637321469 0.118254661088134 1.13528381169489 -0.526552103231591
1 -0.629731968836922 0.395933058213932 -0.603452306318618 -1.04013872201634 -0.0501361802213672
-1 0.742554306483315 1.19751118351248 0.545031015876739 0.658056274427057 0.518575066708951
1 3.07932629710112 -0.328253213934182 0.0689545849167285 0.0293938203882087 1.96706797176345
-1 1.7765336160345 1.83234421087761 -0.625263198164653 0.652196593982277 1.46109111726556
1 0.239606776613006 0.718978497989113 -0.890812557883583 -1.29093392575813 1.17457252953238
-1 1.30510838874565 0.382624116647219 0.70008712201204 1.44871615235025 1.60667442614547
-1 0.408950777483968 1.28901676500109 1.70110848312506 1.69444401443839 -0.0303087307460642
-1 0.467222276009447 2.09556135912331 2.06245421712823 1.72516811286486 1.63887233143003
1 0.863882586166917 -1.24350763608842 0.665675833448978 2.14555213624374 0.0466299140243399
-1 1.95740986664893 1.55703277229575 0.71886551841045 -0.935153532611472 0.207164668532242
-1 -0.0913883121408365 2.12973945374409 1.51289887264655 0.87656555535785 0.791235155054916
1 -0.992012132772789 0.99190302340422 -0.0359967015410694 -0.326342354919385 -0.799357250226418
-1 1.37587587564063 -0.854452207357799 0.224631572223328 1.08885296703095 0.490655335313559
1 -0.397402206077067 -1.31983405040461 0.192864421681481 -0.851976826178597 1.64154922832758
1 -0.694736218638524 -0.663959691326067 1.38581549162375 0.383163168960378 -0.722915919865347
-1 -1.20756994668512 -0.77200011462954 -2.22471533201638 0.481114705990534 -0.15767638353297
-1 2.33117096106061 -0.316761563084111 0.636498506199502 1.29397124239985 1.39387101774292
-1 1.55982939194269 2.86387009437619 0.578866943869227 0.868592887339443 0.567703482138061
1 -0.766714389065721 -0.91819482483275 -0.627221634935583 -0.981903256132383 1.16020565787796
1 -0.176710569317976 -1.14758744157236 0.756542828848839 0.163619669180404 -0.78370911094628
1 -0.551116211699056 -0.447187624163932 -1.57062771156862 -0.865568946818406 0.407042227829591
1 -0.253689110109809 0.620936449798015 0.217311865886730 0.122933523783779 -0.431558048716625
1 1.45365580282853 -0.377608235649391 -0.171562418754760 -0.785068778539963 1.43451069178507
-1 1.985075157805 0.958883780921126 1.77914264810017 1.76220402995241 1.59674646261558
1 0.470665305314589 -0.80038131961118 0.552380553842691 0.989168191087036 0.398048316983264
1 1.56270113324283 -1.04711385362912 1.23574574541311 -1.08283631714893 -0.189853622967960
-1 -0.244446561815485 1.05650203245520 1.13944824170673 1.25485700879627 0.817135821928036
1 -0.128330748480197 -0.525218949047295 -0.615440947806159 1.05168635076414 0.334448864719586
1 -0.659567305511053 1.87480084246123 0.0291348149999241 1.62500665972351 1.71377963260061
-1 -0.591457553013787 2.62533639270735 0.486934494290929 0.651918604144755 1.08326588031190
-1 1.41318577858662 -0.988739266296115 -0.563174997711621 1.75241063256691 1.21049667968356
1 1.05031572536169 -0.538345665979455 -0.0278313222080009 2.05035984351884 2.62078535280254
1 1.61628878278249 -1.35677206386025 -2.66372112765375 -1.79930327647239 -1.7745229057139
-1 2.15803221648411 1.35015742356812 1.35625726778507 1.89125927588788 0.295034690976641
1 -1.48854319919519 -1.27660838418477 0.280460221805841 0.268986421714366 -3.04513868649630
1 0.106306834240548 0.248012798540477 -0.836830982246946 0.0348260311778451 -0.326925600267907
1 0.149527790560811 -1.73513862389241 1.32259753087592 -1.31904407110419 -0.36603410928875
1 0.59174131912292 -0.216277803071578 0.317432435508844 -0.783122581090556 -0.356974379714086
-1 2.65909787185524 0.180860711164005 2.60240908370457 0.777509044012727 2.37955055105949
-1 -0.600942756013267 -0.225546401977676 -0.507762252062715 -0.076744743272727 0.731899055773935
1 0.981735668355995 0.958165854991553 -0.385778687421975 -0.0192240693512604 -0.452689808747977
1 1.36238339495888 0.813548650852369 0.199660520294884 1.66125657292573 -0.317153849437484
-1 0.548759476538526 1.49106435518870 2.75849779840346 1.03387931649865 0.82055206637477
1 0.719103952331605 -0.432908978657612 -1.19861744522199 -0.460708462328338 -0.279492786643109
-1 2.43415971623249 0.443227738059867 2.5203244076776 2.71755740612730 1.45198190146178
-1 0.780981413389536 2.55906856914711 1.29601861615889 1.13544347239259 0.633528169465967
-1 2.23466266164088 0.0751247040012669 0.732985619858284 1.73602938894270 0.698285998418107
1 -0.280033969107451 -0.580751641344665 -0.798377069167926 -0.901522491137517 0.0475061692240618
-1 0.325522434959937 0.544010405182552 0.638815042582699 1.39684218019461 0.846353576686654
1 0.242039525149999 0.279675747971886 -2.50429435023094 -0.140688029101984 -0.673540809890982
1 0.174295079460834 -0.00846911782230999 -1.16103930082036 -0.786414885900238 -1.40073597651725
-1 1.40654915432427 0.608019939489608 0.161385184626864 1.29466144216441 -0.692606185909138
1 -2.04784762992487 -0.787629212397455 -0.0408076017588046 0.851995333013142 1.05816626679346
1 1.30317378622131 -0.685892491190966 0.84243122246359 1.80126912504052 -0.517473448770562
-1 1.28604908473021 -0.651334023672823 0.635396232058429 1.38155370773208 0.827093025212208
1 -0.725497046514294 -0.423727256494674 -0.486960872586537 -0.518151203035338 1.25943253732540
-1 1.02510125799426 0.189585905022991 0.78837108071022 -1.31456004613797 -0.132221051927479
-1 1.50331487683544 -0.343055777485453 1.44993381002164 -0.118573594272217 -0.570694896614136
-1 0.264566814508370 0.50797197054734 1.27776322239423 -0.137721875492390 1.66483278862028
-1 0.216394370025210 1.41806071521969 0.553951964867235 0.73905614858707 -0.209110741319927
-1 1.57969266505691 3.77221754611239 2.27723176622692 1.15558895539285 0.817672312633882
1 0.573456045785192 0.173172259653928 1.55045192211849 1.60139914908732 1.2146140145631
-1 0.078723298317861 1.09850667963625 0.902968800893778 0.803301563404315 0.480557016128705
1 -0.839234354793828 -1.71530579348402 0.883922203269856 0.69564719773674 -1.70348461275171
-1 1.66870151022541 0.169320437805198 1.53078649535309 1.43329302150975 1.77002420978911
-1 1.42018770427540 1.98570584021493 1.56537185588889 0.866478363773044 0.750980831253179
-1 0.788047606909112 -0.226619145620013 2.88868897247072 0.772068768566267 -1.1184214825653
1 0.692316171231933 -1.25216016865675 0.351750303901906 -0.853294240803834 -0.750045163230461
-1 1.17201608601948 -0.701912784147155 0.544537035777255 0.977177948345397 -0.0788028503215443
1 0.289725557052509 1.46285666667826 0.67335069622461 -0.861098275604622 0.830483978308485
1 0.227440747052067 -0.552413574824867 0.203457906423881 1.63577393033998 0.267741388804493
1 -1.04625501009399 -0.550867451412066 0.04845929339341 0.416602187586428 1.12300186689318
-1 1.62532679822999 0.339831581616852 1.13723088806065 1.55287306481515 0.9479382076871
1 -0.171208644490986 -0.619186193132229 -1.21511039190739 -1.98536749731104 -0.841712676351483
1 -1.10466637647643 0.802874812880524 -0.334064010289531 1.17177945646111 0.295681582133163
-1 2.07294099742264 1.80876450021645 0.157677061126193 2.1899957670991 0.60801819162678
-1 -0.524479034223561 1.49035911417134 1.53459073853229 1.34186141364634 -0.0082834351158536
-1 2.50530406198857 1.75106815842436 1.47068866944293 -0.864814832252117 -0.460561902655076
-1 -0.00203306919448121 2.87238418815008 0.901725694820466 0.55614893906467 0.684764460576757
-1 2.02392169734774 1.31333350416222 1.01386863424895 3.63935608979773 0.87097065280773
-1 1.86833336166879 2.24922464071219 2.71105687645406 1.89305447985066 1.78131909098518
1 0.290627484480102 -0.564598766199193 1.04271195870829 0.589876576633549 0.275315290845382
1 -1.47116810821316 0.126256067460927 -2.22403652970865 -0.840430141957857 1.06336863888886
1 0.89445332777305 0.698995281910478 -1.36413273213586 3.21194750183118 -1.51922077638592
1 0.177055467510182 0.84777129348573 0.470235142994141 0.246477872367787 -0.876455470156839
-1 2.39085595837741 1.98529406290319 3.13854592919325 1.36988891637732 2.13454040425887
1 -0.307636189259883 -1.08358317150185 -0.0193969660738937 0.938866786839641 1.78772252718086
-1 1.37128820147466 -0.795911381986984 1.27796359783720 -0.40030013690272 0.0474427829546089
-1 1.69636218341997 0.78524700601191 1.20417791004171 0.693862005109461 1.66321164241073
-1 0.610915658623997 2.53884973204194 1.62934890928655 0.489708405719832 1.11543635102143
1 0.6236968738797 -1.82133973960969 0.687401665967961 2.54942817841957 -1.15590380013922
-1 -1.35495508939210 2.49807755664777 0.733382560257423 1.41895852209867 -0.456428884532459
1 -0.904372893104444 -1.95787879458048 0.409100012735271 -0.280001404578513 1.38400839296952
-1 0.168319709826304 1.30937177157217 0.101478243516402 0.000503628421130164 0.925048619762488
1 -0.959446134500248 0.542797099782528 -1.04943582349386 -1.07270818290798 0.766719319874506
-1 0.583822790319964 0.0998336758620761 0.643714574583509 0.57832344613538 1.66571685256324
1 -2.0370042149034 -0.470217142354338 -0.419822837389090 0.0470544908797123 0.920329668703328
-1 1.79002117654498 -0.503038825082193 -1.15765571340517 1.23762619458418 -0.892182377541546
1 -0.311066193092145 0.0195039674116753 -1.64074857616959 0.142993742969659 0.338450688055084
1 -0.852912980028809 -1.49276242225889 0.826323034716274 -0.759659890027629 0.659524042162981
-1 1.42327258216680 1.46717680490270 0.713406265654221 0.870052930355852 -1.23355006994040
1 -1.13402244542134 1.25210316043602 0.504076396011431 -1.20469895293487 -1.23484032836988
1 -0.765350515863112 -0.374409541392446 -0.965980828548334 -0.00254231867120563 0.560454362976966
1 -0.75736205219223 -1.40189491718154 -0.992117895434222 0.39488579060223 -0.98153707016717
1 -1.17164215281861 0.0025082501050665 -0.504642562975322 0.0316960874157292 -1.35848595534182
1 -0.154773104283963 0.192809482847851 -0.0678789007822724 1.16730535461656 -0.838967419928895
-1 -0.176292529914077 1.42704366665509 -0.0811930088142219 0.367049587288889 0.575882120676834
-1 1.36355240660669 0.985444666239813 0.904523364323197 2.23809372170385 0.105580023897937
1 0.882762298192277 0.543348889286227 -1.96475643270351 -1.32387708252189 0.644145971048852
1 0.0842551381420446 -0.00210239313813906 0.536703768535233 -0.754820084563728 -0.154023445236378
1 1.59882248350296 0.378776572440767 -1.98029951265742 -0.837290303388547 0.831538936461566
-1 -0.34619040244629 -1.08066658487315 0.616041242129858 -0.86047241161438 0.294721507587745
1 -0.25898985936546 0.64095376252634 -1.25065290683486 1.04865987027974 1.85581115412341
1 -0.650704267041508 -2.48176563763347 -1.53460986761754 -0.554675169604535 1.37863998434207
1 -1.09977476009247 1.41952380756694 -1.95224759877625 -1.46830505044044 0.354076343493614
-1 0.369737821598765 1.91328765905048 1.50241700559548 -1.43746375765602 -0.158234452692004
-1 1.41617597510186 -0.770548576060115 1.20491961938009 2.36903971304244 2.54894357548659
-1 1.10670621280433 0.477372223638052 -0.311005534595073 1.03650517266285 0.914520254956281
1 1.10413503655716 1.52138306374498 0.320149613873543 -0.0668721137225039 0.494702218801538
-1 0.72226150017171 2.01984158271846 0.07508444386468 0.0976209562717314 0.395217415929943
-1 0.343289398015685 1.47125019093146 0.347173799511199 0.6993058848546 1.42084948517503
1 1.68780496840044 -1.67110689265321 0.407099548806514 0.0874358722218679 0.130360879508276
-1 0.741406355511661 0.78036342172993 1.60415064250392 0.610660999475094 -1.95401663565963
-1 1.99781810094727 -1.65199556600775 1.91219758878063 0.044082880833234 2.3649485540701
1 -0.206842241619841 -0.64766422966308 0.108426996835735 -0.237270415207120 -1.03831662495316
-1 1.18674890747475 -1.17860621696769 0.43748807176842 -0.0122028278649229 -0.100892420660988
1 0.660680019839171 -0.319149633865079 0.333338354425607 0.0288606032816496 -0.880309346330872
-1 -1.43937579847933 0.00577605410391202 0.880553874585654 0.946050197819646 -0.952266590249693
1 0.309643178417471 -0.0591853782171431 0.311941508811595 1.39328250621709 1.98852628503513
1 -0.677337225394144 1.49532108766765 -0.406467427530357 -0.978350837513171 0.235745254873244
-1 2.93245466272687 1.41314531379368 0.802006851892175 2.54012188948692 0.607532168385663
-1 -0.549270942881298 0.403639863627689 0.0973243845967413 2.34010050447557 1.31607439980914
-1 0.791541261938549 0.648626136362701 0.423379581545684 0.506423170405678 0.310334620850682
1 -0.378452980106072 -1.1471267491464 -0.179064550881504 3.04110995970558 -0.288312035928853
-1 2.18842940077592 0.830254298675174 2.0468914427585 1.06673231886170 0.563002462339296
1 -0.697132741103923 0.524348217298227 -3.76784489264370 -0.929312347715818 -0.713446419446139
1 -1.36669963037440 0.312536838369259 0.514842642075317 0.185039472751797 -0.986655155966588
-1 2.39276857576046 0.385460288502744 0.0858017548782625 -1.77816832825138 3.22338066606373
1 0.42165002825009 1.21032953170204 1.24173893969366 0.405683507848614 1.04158205918129
1 0.235342874697688 -0.0264132629380066 0.157098946393971 -0.773525094921961 1.55560888834002
-1 2.88955599868182 0.689801997136778 1.00005253674891 0.996892502366896 1.07350209070499
1 -0.370578834385754 -2.04958568764744 -1.16487598533689 -0.0987353299455502 1.68148562726405
1 1.12611661950419 0.375554332577132 -1.49151724432353 0.82098137222048 0.723920974252877
-1 0.171487581207074 2.92487090674742 0.729382621134529 0.4321996858397 0.309523991725630
-1 0.55361150192739 2.28018300412699 0.329375678159867 0.800942165956646 0.528668115827527
1 -2.07631077026526 -0.76131124885068 -0.956858633907088 1.95823794444503 0.617237980553463
-1 3.24668259551132 2.07333567845872 0.867880736200093 1.85631796682050 0.312576048437646
-1 0.439293077853183 2.31627529766708 2.18571549143358 1.73304872781462 0.99997684924816
1 -0.541717521560032 -0.52956096829417 1.03093802953412 0.813100931513303 -0.384987564378355
-1 0.756580611874224 0.0240377554502087 -1.82741945625202 0.307583136819514 -0.81359086251017
1 -0.436674014811559 1.36298390558415 -1.67576826277761 1.11196839689309 0.131938046870339
-1 0.957390118795166 0.378759271356357 0.942306967815532 1.29797587625873 0.119805001783446
-1 -0.0978736759394223 1.29485624834833 3.00587203487225 0.936535376104584 0.97194342648640
1 0.63146016785669 0.549424680832951 0.100869265615131 -0.0841360823932696 -0.59827157950048
-1 1.73606457892603 0.316796651253521 2.26733382254473 1.48176429736127 -0.276272794671029
-1 1.52104743585592 0.647564836081658 -0.732878816493261 -0.400672547508639 0.218661801900066
1 0.698160846258786 1.45570443079437 0.368335827742813 -0.132415554963987 2.12728565736634
1 -0.340805998030856 0.366733915124431 0.752201585298864 -0.708649484705852 2.21260587472772
-1 1.30097269947079 0.420278999058223 1.04959973380197 2.26264903207589 -0.741525749804896
1 1.11332377322835 -0.839219540347369 1.04502199803537 -0.438519336369507 0.306291169262877
-1 1.94038447177725 0.098905910502736 0.27546262417631 0.608434889312038 0.829478896465545
-1 0.475126212756986 -0.112150018541188 1.09474311291119 -0.65779041695402 -0.88926825951234
1 -0.303102152541482 0.956157533820181 -0.857691973178673 0.601912039706565 -0.489683149593005
-1 -0.906573993193453 -0.756666668260065 2.05336027219082 0.380626500430804 0.630580419272435
-1 1.12775258723862 -0.850158294576726 0.703327812969054 1.51709176028429 1.33436451168230
-1 0.184958905792432 0.490395504181232 0.978697061655613 0.930953303003325 1.8824649003278
-1 1.25865743878107 1.07444937494744 1.8725860195763 0.78107927994723 0.780351576182158
-1 -0.320105068504257 -0.110461635429890 2.24221387842668 1.04963491336877 1.95963256607539
-1 -1.18403291079612 0.0165874605518285 1.32959983418236 1.40691442835719 1.01762476520827
1 -0.91337388021918 0.0250463678807225 1.73503067365268 0.485635827789219 0.0208658187566565
1 -1.00812807554914 0.343222659961877 0.541280185122078 0.584165563840617 2.31046380282764
1 -0.325472955705915 0.473775157686262 -1.04022066126955 1.62223842211328 -0.953048092909458
1 -0.49655354593758 0.346663940755981 -1.56469347724553 0.965840964428702 0.326607283698991
1 1.00344528041912 0.768327339534836 -0.349110900979546 0.249011370164846 -0.118188565713168
-1 2.94019884256568 1.48837709486375 0.279080382141932 0.955166366594353 0.763650660694426
-1 0.803915211701773 0.705389217486993 0.493951402614237 1.94817882307979 0.970974230992332
1 -1.15099943703336 -0.667939107620694 1.09920782723962 -0.671647159464819 0.153409214973900
1 1.26201921485001 -0.0169159072723865 -1.19435829914551 -0.142576246234728 -0.258495807721917
1 -0.701688616797769 0.540640438203178 -0.128577968422299 1.56622790574211 0.659779034153209
1 -0.89844653395823 -1.57689700018842 0.695401655356519 -2.40720605902721 0.0833399399417726
1 -1.17864978919336 0.824951765052904 -0.131043942729759 -2.19406630089724 -1.86193812222618
1 0.791655092505283 0.610903615062367 1.04228065262172 0.535145618520679 0.175524649486895
-1 0.707760602562588 1.89594188808766 0.373632905798811 0.188736690767251 2.11004228539805
-1 -0.014380616004946 1.348513128951 1.12055448804461 -0.158562668959513 2.36056722975739
1 -1.96369316438403 0.508456647516263 -1.09084727967843 -1.40460205759488 -0.874361508801848
-1 -0.904824601193092 0.39632754402972 -0.236878878356854 0.122457307085175 0.117494383202818
1 -0.962528277279602 1.55197442356331 0.680701412551618 -0.63310177669081 -0.835111871004312
1 -0.638298764685377 -0.596773120020699 0.876984707823653 -0.177733552559633 -0.0303314567276525
1 -0.0670879181173736 -0.80649262537464 0.658268392716259 -0.691686177111012 -0.343819893475417
1 -1.22777457780671 1.56841466777650 0.759989266930561 -0.964296054947347 -0.741406353141828
1 2.21956835477375 -0.698446746609901 -0.539281522222063 -0.762514332965636 1.52172183262027
-1 2.00621670564461 0.362892153448534 1.59080457774543 1.08112751627733 -0.189564477897612
-1 1.94408507134616 1.99017300480762 1.42072272958437 -0.182107768093822 1.28748426598248
-1 0.787303161853396 1.02990362286225 0.024846251163266 1.07671674243325 1.91899510965657
1 -0.322310818556145 -1.78186212467609 -1.11089942804937 0.618850094326271 -0.295697046724337
1 -0.67819633106803 0.605366143525393 -1.23631205976008 0.694015927437173 0.294704739187306
1 0.4567438307695 0.561595021664163 -0.0622110920045545 -1.59755298336522 -0.716864450625645
-1 -1.06842123555546 -0.352477071960732 0.177778507567089 -0.0728718030900988 2.05745496054669
1 0.490195775664166 1.40944822298287 -0.862480896653552 0.195475569477092 0.713095476646107
1 1.45963592871813 -0.85591891754088 -0.905751658346031 0.523281706429048 -0.0928148732939305
1 -0.992957895719476 0.7550918471218 -0.626643131490903 -0.242333974645571 1.61759356715913
1 -0.274986345200220 -0.534394776927654 -0.67147051523188 -0.441674062584192 1.71236075570663
-1 2.96410164067179 0.927482346348868 3.51495254591355 1.88108543105168 2.13104436363035
-1 0.343382615685606 1.92752576530508 2.92406350058282 0.926612324354486 -0.439218043180988
-1 0.93053726180947 1.83642632616966 1.0881540069143 2.40207893455193 0.693332414774934
1 1.09510130325537 0.00593306252811678 -0.731166032379712 -0.234037870911732 0.488979421519312
1 -1.10096942797560 2.15542415203789 -2.42187356660528 -0.197569449334783 1.98062631860178
-1 1.09838096632242 0.231159258256324 1.97848005812738 2.29934668678800 0.548845413518835
1 -0.860719017010491 -0.426152252642784 0.572132863955259 0.184216179158258 -0.273850184013803
-1 0.429220802968897 -1.24681653340757 0.72826901134782 -0.962542249068976 1.13204004698514
-1 0.677798948352961 3.29703058736728 0.687410876483106 -0.651219861698597 0.334117080482008
-1 -0.586494251188477 1.28872113537461 0.0435767470241698 -0.340937506101954 1.87603252263339
1 -1.81071155204574 1.13062412042546 -0.277425857300327 -0.0420413397011567 0.188501693563073
-1 0.532002125306493 1.99171857776921 -0.180580263256090 2.50550486959539 1.66761099225012
-1 0.426104186948444 2.07765839532439 0.688451164462296 0.919432538477067 0.496678917028614
1 -2.41021703710683 -0.501103820756546 0.091518880547844 0.104497284184231 -0.653331031548285
-1 1.36446925266231 0.0763521353226838 1.09276840011154 3.11846657636571 2.02295641363402
1 -0.141608435664255 -0.030257960066149 -0.609024842028551 1.56082629094720 0.87871137229023
1 -0.99762706539737 -0.637369004616535 0.650196557556496 -1.03670297440296 0.9131987487685
1 0.512851859034613 0.310640643964932 -0.510952219761614 -1.19698995527961 -1.45804339438197
1 0.905687336581436 -0.122524575254207 0.443139498765301 -0.0820790631967698 0.0331827667261639
-1 -1.29831985642832 0.162640756503802 0.304947970936767 0.122178698737945 1.28060441026422
-1 1.16125546596847 1.57515124690055 0.983300078750863 0.963818285243525 1.56530072619223
-1 1.12085939306297 0.729286785725813 -0.442913457691191 2.17785155097415 0.436250396708015
-1 -0.706910937068489 1.55194875825333 2.00452167606195 -0.68301253903092 -0.00731065967773892
-1 0.65415124219224 -0.209168333037146 0.109716262688680 0.690799124692275 -0.215519327535770
1 1.31927343198223 -0.0777686032480649 -0.273422956188518 0.798948404040903 -0.412638617962866
1 -0.91287205072538 1.42034223866078 -1.43936269185260 -0.89797313597619 0.465681285062633
1 1.14481366360958 -0.560586181657402 0.00500498400270992 0.996702574097822 -0.878048021974263
1 -0.565796610104803 -0.94464424894082 0.218306300153927 -2.2211261338757 -0.596236494614643
1 2.06947922435984 1.00006669764819 0.376826429198668 -0.341341962367866 -1.07599401785586
-1 2.04489407396990 1.09257992682512 0.353452651871609 0.812245159868711 -0.516407062499943
1 -0.417690664828278 0.135156094604768 -0.0552653356000431 2.17092909326766 0.777700924846322
1 0.423763762574804 -0.215374005776999 1.30956561450353 1.6257673662246 1.56389095137263
-1 1.35361536610922 0.382636658778859 -0.840028199342875 1.75769857448937 1.01923275740250
-1 0.0195057409701905 1.94670663157349 -0.0647181029441979 1.68301072311477 1.64052816307802
1 1.53895885534188 -0.138973027006091 -1.46925491902322 0.73114756399251 -0.176379665020399
-1 1.8933983559854 0.811224547894232 0.767120058703325 0.839441200492072 0.910110050825712
1 -0.220597609022973 -1.09469862177064 1.37216994851436 -1.3982723101896 0.756072557375815
1 -0.593674962321096 -0.974639233188062 0.224226628946966 -1.13771137162062 -1.88889968016592
-1 1.88395006633353 0.17065135623387 -0.229605792729844 0.388339213408632 -0.377663527959022
-1 0.304428573545772 2.48068762092946 1.63630851798688 0.276741392370684 0.668022718497846
1 0.912354128929614 -0.869104914164852 0.53155448374159 0.229925400535389 -0.458634342697475
-1 1.12735009301422 1.68496135872589 0.144065571633814 0.907328012088177 1.54489359036198
1 -0.191607280085832 1.88909185112579 0.219998747138214 1.08127960813768 -0.83832390024799
-1 1.30725212481716 1.04994300759421 2.64348512082474 0.170420334796302 0.864556143256036
1 -1.36421956415532 -1.07605328341312 1.60990476758609 0.476684208960625 -0.885869316194811
1 0.398325683082955 -0.919041765186825 -0.0790974218052177 1.77718654393961 -0.370678949901603
-1 0.715020996677932 -1.28313296055689 1.20467896794913 1.37367481374925 1.71278930463927
1 -0.832286848726135 -0.780395755668505 -0.099554665486045 0.464073671539573 0.0427439492218869
-1 1.80597418525387 0.768799805848783 0.304478622143125 2.39875060224153 2.91315944779250
1 0.242786927663504 -1.79891883520535 -1.65216083239431 -0.274669345193785 0.42174360228873
1 -2.49627906811918 0.0457600146017962 -1.73126735464120 0.867250572055164 1.79137072753544
1 -1.12390799690759 0.0878302962900257 0.49633381731227 -0.108496530378996 -1.95311503683959
-1 2.46344553267138 2.46648514659015 2.01564081076146 -1.11765667462343 1.02253194908860
-1 2.41215433291988 0.855641269328656 0.965674302694605 0.302139473535875 -0.242875975539183
1 -1.54539331494542 -0.325709438892275 -2.03869325566841 0.191353830004285 -0.634349068292842
1 0.553264506186275 0.501717523955916 -0.0138426909879344 1.02152085082132 1.25454776567060
-1 0.282470684803218 1.0491882361552 2.10986544363419 0.362167401936509 -0.216695615693210
-1 2.31472898296135 -0.605561846953171 2.31530188245791 1.00911575899296 0.927583693334836
1 0.144334247763693 -0.83490019226322 -1.10895256476924 -0.718330917452168 -1.05531090934431
1 -0.508432763527215 -0.157041737286845 0.203579618705985 0.48610190088998 0.42269394965898
1 0.856717846649637 -0.123488715269612 2.55685090384784 1.2166117157385 1.26683746407002
1 4.41956840526258 4.56216799980812 4.51181017589706 4.48550827225474 4.62482240595698
1 4.47650898525216 4.48741222164719 4.33001464467851 4.64179295618484 4.39209003153421
1 4.57910504291404 4.36364075311183 4.60289297496029 4.74334360340058 4.61376833643064
1 4.51183941029626 4.58555945458040 4.38452863897933 4.3698418780389 4.58502010244038
1 4.50826782778566 4.52779808789035 4.42782612265363 4.52481594923133 4.38907247341816
1 4.52453488232644 4.61056358138617 4.45928607104869 4.423449723772 4.61261695884289
1 4.47742764701858 4.42273834094702 4.52066962057861 4.37013416955716 4.4805491807522
1 4.45665896623553 4.45900815598738 4.3620184645607 4.43401692525539 4.57802389154137
1 4.37383306235627 4.51843431469081 4.54610484947099 4.45916155326813 4.41178516106528
1 4.56424150492996 4.53671814835799 4.61632509192039 4.39068449953158 4.35085911371107
1 4.38249799363266 4.43532026183734 4.44703949433458 4.46598246268391 4.42172401617245
1 4.32475489567839 4.45126888871831 4.42128768179619 4.45947719911087 4.50320394638463
1 4.5365700237402 4.51288554212122 4.34034662048163 4.58162938556161 4.71333779563036
1 4.36200661672916 4.39264360713867 4.45284605529656 4.51779336605157 4.29297858898527
1 4.39072335257967 4.32455431511902 4.41573304557901 4.37938968806261 4.64331985866288
1 4.30719606270837 4.36753522415845 4.58321888569097 4.46754413066558 4.37286166602565
1 4.33339256365991 4.50534050050944 4.33116781113511 4.73063349718453 4.51803073763177
1 4.59303110640645 4.40008094238436 4.64699072426759 4.49836762927128 4.70885962398425
1 4.41426893260467 4.52296349932011 4.46303880762982 4.51421270190322 4.41385032491812
1 4.59284766276247 4.60653412860421 4.61258299763852 4.41875747108954 4.50222660694901
1 4.57519144089734 4.19305533378878 4.51919534360278 4.40559849070498 4.65918925238836
1 4.48949178606466 4.60215596395165 4.27333700186901 4.55315035636748 4.33545630940268
1 4.49897267905938 4.44761372111331 4.34783408342077 4.38807837493997 4.62690219790597
1 4.48944767293701 4.38111271278118 4.44909433087694 4.51960118660494 4.37871589533859
1 4.5857147331337 4.60550817669365 4.49489027580171 4.49057710057033 4.44199840565392
1 4.3794340102668 4.38571106890606 4.31516661362512 4.45103330291336 4.23226450025455
1 4.38207404516674 4.55161440629445 4.61066280419903 4.46422374283959 4.48834734290996
1 4.60274049620572 4.48946773191572 4.34569016440312 4.54074258860872 4.43315459318393
1 4.46342839056712 4.39929754647714 4.29285442341489 4.55412779223959 4.51801823193765
1 4.38711566507076 4.47253596372224 4.69354485296011 4.47503931249664 4.51968515500518
1 4.52743708012423 4.50942496985213 4.50304180656992 4.42305104390443 4.47166971758163
1 4.40737054547853 4.72839057164749 4.47447991381428 4.51048151348538 4.35610991419063
1 4.35623006190802 4.58975711663512 4.35702655402635 4.49021001621194 4.43141015282669
1 4.68074214243128 4.3912116352101 4.54826655113642 4.47361531646882 4.34617478131989
1 4.39954488540129 4.53006636908644 4.51619657998357 4.42596301593330 4.48537832946308
1 4.59356510741412 4.65159458892336 4.62229791679956 4.5356730277621 4.55031897053704
1 4.48048210914219 4.52050178967753 4.4608180606712 4.50261162325642 4.54224256168948
1 4.41833455099716 4.44032934065071 4.45272450059248 4.41787789295455 4.48516776529816
1 4.44546604119871 4.46842931466703 4.4242540125203 4.62171502824776 4.64784940476961
1 4.47004612328573 4.5017092571015 4.532647977539 4.53694168357712 4.59513365961317
1 4.46890074482139 4.58547930808109 4.65658980867954 4.5797311919736 4.67646833633063
1 4.52586983639149 4.35763329423447 4.57331271748966 4.42109069699169 4.42224666286896
1 4.62851477988759 4.44872425375481 4.45319513806828 4.27881586791165 4.54681876651073
1 4.64058105880637 4.52632965140953 4.67441410633714 4.58930612461555 4.44710124895528
1 4.38402149459636 4.55600511203451 4.56652218047175 4.52670884937830 4.34058759249976
1 4.47589411950783 4.47474556173604 4.50450165003918 4.53515413880225 4.22800386694363
1 4.41082374323445 4.34020191074396 4.52016989251252 4.68798873910712 4.47597115210467
1 4.41608821498452 4.56748173437667 4.5397202121991 4.47782566447218 4.49069848774873
1 4.49053564184131 4.42154226015802 4.18492758548528 4.55143105938524 4.35855068934861
1 4.51040873248729 4.49298074839298 4.40387379094629 4.42039414414792 4.4398336908082
