-1 -0.253212253987858 0.276586084412468 0.419534384671505 0.143949067585162 1.18202499155023
1 1.20442560217909 0.323166511465599 -0.209630257884186 0.501816117446948 -2.20094289694364
-1 -0.789726388273043 0.470333917452895 1.74291453551618 -0.34461640583066 1.79290615395429
-1 2.1129359764814 0.446402458933126 2.05947182527807 2.15930496476765 0.456320134421604
1 -0.10516020515673 -1.34008580656320 -1.66340343994519 0.119471979965989 -1.40985953664074
1 -1.22329104072833 -0.179742804396404 2.83694874566623 1.04977469569820 -1.73370805468077
-1 1.82487866153314 2.28690564535334 0.801024881826207 1.00020251468517 -0.964619590632646
1 -0.423459055595887 2.34755949182292 0.928098731924258 1.67844391718282 -1.46347561126563
-1 0.858505101064694 2.76377876434017 1.62577848711398 0.610726226797255 0.527476009780966
1 0.664732634469331 -0.649282307746532 0.797268375480304 -0.130193976648695 0.0284690907160405
-1 2.28198336735376 1.15549323245633 0.828017178390718 1.82083642615877 1.18177519083903
-1 -1.14067934790594 0.213393139262928 0.95598414127064 1.83890372364841 0.453615901286988
1 1.93772481869498 -0.0183809911022904 -0.821320746969321 0.653107248131077 0.395279578707575
-1 0.213862580523692 0.166856766978657 3.54061924935199 1.60155900855218 1.18345201416756
1 -1.85374884669708 0.879446075816942 -0.467377074564454 -0.64751645004976 -1.17761376623259
1 -2.15507431969107 -0.469881611205834 -0.453617041144616 -0.0175508727574741 0.173626550799298
-1 0.951808822286903 0.41817803156954 0.603471525819628 2.75014532872974 2.31243021755277
-1 0.172079668772907 0.601483688964403 -0.379108062303863 -0.478966699575305 1.67973668329135
1 -1.08577985340615 0.00801826728366333 0.867967134929572 -1.27417570431552 -0.210906102233158
1 -0.486048670644538 0.580788423974846 -0.464759626708584 -0.469912942217695 0.77781871483862
-1 0.460063804402704 1.03184272033795 1.30687509432234 0.173396524035919 0.205082453377834
-1 0.881900299155832 1.90621670368577 1.75780612632866 1.32404930543648 1.81417169112436
-1 -1.55447849379403 1.17894670216041 -0.876005801714691 0.613855047425147 -0.202998799773769
-1 1.68543639852435 0.189711878746469 2.30177288971561 1.37257355845134 1.65007366636270
-1 1.35442747173738 -0.0927741814991537 1.71363205894615 1.04705671995501 1.80163925654071
1 1.38997182638266 -2.56786943560653 1.92851729268512 -0.129295047409524 -1.91620139506284
-1 1.21450708601561 1.38123225567256 0.62905960441475 1.24508826807445 0.869706721401095
-1 1.71841231981667 1.89511178536633 -0.0397299826634364 2.72124672188553 0.391889702667259
-1 2.04594034079306 0.195318706062900 0.181248533436319 1.64566140914648 1.30500915540057
1 -1.10283793772197 -1.1746342338129 0.685512330814127 0.457794358643883 1.67568648309441
-1 0.441962190087541 0.842517651211734 2.69069893944779 1.27826059338589 -0.58610049165604
1 1.81792329654946 -1.15909300392879 1.19757713404125 -1.94064384647163 -0.600589014649408
1 -0.669080895651836 0.399961638000411 -0.216041051160760 -0.794441490915593 -0.421372567308199
-1 1.44994827439333 0.378797783627098 0.732026285899858 3.70581358969449 0.587482648509488
1 0.512386336185715 -0.374777153746482 1.28396947877173 1.29422456830916 -0.323095342634026
-1 2.39123111975553 1.81086073799215 0.769208279141663 -0.689313671034321 -1.24718725115865
-1 0.508411431552015 0.442174863301229 1.76160027491402 1.61265271159262 1.10388059787235
1 -0.340901695859426 -0.898537284557549 -0.672247557870176 0.645351926399902 -2.05156230844955
-1 1.57099497237927 1.32435437945195 1.66196075661182 0.824542316949823 1.88627871314963
-1 1.14561883131523 2.01226351680398 -0.384444674278686 0.754974299084903 1.45061889729642
1 1.60919501318901 1.64290887477885 -1.05885537222649 -0.199016604701011 -0.106891255202696
1 -0.486269062718978 0.717685686098885 -1.12605171128464 0.266449412287063 -1.23264324277226
1 0.117515240362881 0.146433273355872 -0.0733763395908527 0.639471565926339 1.92790941283983
-1 1.77887255912137 2.58497513574293 0.969211776262582 1.59244629781415 1.38199347553243
-1 0.590359505529051 0.762936354798788 1.33464714555978 -0.00200507959924934 -0.320114154533056
-1 1.26952024870416 0.775380705266885 1.87179858214834 1.31988809554451 2.58804370491611
-1 2.63760754448716 1.52435648495820 0.698483164113002 0.956465667225631 1.55578098734218
1 -1.34589866709728 -0.180837289315065 1.26413807646093 -1.36059640874791 -0.496341465433326
1 0.531251960173238 -0.105264770509686 0.994759666426153 0.815396941798843 0.475706008173664
1 -0.0198253909841855 -0.194822173536833 0.0896882520654826 -1.26262808455678 -0.136698987837102
-1 -0.167304428007621 -0.301544077942069 0.69388501070508 1.33760861735394 0.658297366688002
-1 1.48983970897595 -0.580020612952651 1.63534070898760 0.954033884112366 1.39591435270437
-1 0.769240023988596 2.38799835984804 -0.487811908689628 0.0594789643573864 1.1215763920394
1 -1.40560146517574 0.421327229880061 -0.123620396654084 -0.802908143807309 1.60794509648588
-1 1.07956280629444 0.217416203945274 0.742448527956868 1.59790323936635 3.15911623182434
-1 0.986211956905642 0.227711366361296 -1.08989524321786 -0.196317907060866 0.894629490076252
-1 -0.479716476372543 1.36985405839242 -0.550933429494817 2.37536855072244 -0.275610439180497
-1 1.00577798123799 0.000765763050040169 0.598757965223948 1.93919854883095 0.104338842195652
-1 1.44890442529588 1.01894314405139 0.623172165733617 1.65703823633942 0.906466562025525
-1 -0.168219098055247 2.20186105989261 -0.147227281485288 0.834460292678796 -0.00298353435304444
1 -1.03419047211283 -0.862020547766754 0.537349997103161 -1.42976809350439 -0.748792283165749
1 -0.252318108139458 0.800406030466157 -0.8206186548543 1.27994344110311 -0.160328389232479
1 2.11423953054894 1.59730679503302 0.133921519674394 -0.227039156775832 -0.223998028701124
1 0.165864335108021 0.883332644714378 -1.46162818985401 -0.980027871770666 0.569235311449473
-1 0.771405535708442 0.148966720506111 0.0442851763644001 -0.479713298339588 0.559740720203797
-1 1.41031676318674 3.08779842408308 1.97398826095697 -0.838895540894416 -0.109218737143416
-1 2.55845893917568 0.0716347374903833 1.09411226257004 0.329925919322031 1.19864188011334
-1 0.844968135542836 -0.561721936461912 -0.333593508463572 0.105102054940751 0.409733756377749
1 1.3260192341122 0.179130878274278 -0.326625185865704 -0.0773977195195876 0.472623644976284
1 -0.0357458747267389 -0.545692680351811 -0.313944528856842 -0.381471320334151 -1.07429497857112
1 -0.0463285445470286 -0.86104373848497 -0.654298411311265 0.261290490270039 -0.4359331593118
-1 2.67074915019014 -0.0719074545724068 2.64686687543732 0.196188456841080 -0.104335869500186
-1 2.01082036382791 -0.67958964473848 0.623906596852145 1.66575512538255 1.25878928101215
1 1.06280676563262 -1.02626910967024 -0.353150601823974 0.179947924789818 0.291678088857784
-1 -0.859456114575959 0.569454996594614 1.26561597325563 0.144976376242710 0.452751644916258
-1 4.53617445450786 1.39847336399309 0.506090878934277 1.21282287272479 0.568888743444303
1 -0.547697114508635 1.08165135179913 0.768237271872285 -0.194092214214126 -0.212543456141498
-1 1.48590802348759 1.19418991148795 2.31085310544750 3.03891210856070 2.64970604726494
-1 0.120293732747394 0.312605811507542 -1.76701978537829 1.41172376314512 -0.38421411834083
-1 1.65894340501522 1.81679600826884 1.50408057439428 0.377913547295912 2.03287543914853
-1 -0.136752469324349 -0.0621458106246942 0.116305648206042 1.51269150408478 -0.0598156789313768
1 -0.691486766238933 0.371870901187455 0.675265023294386 0.892096949322654 -0.0476952195413006
1 0.162900854565117 0.281263880029564 1.05233821557411 0.354719353223554 0.898533905663143
-1 2.23803639921362 0.355584609371538 -0.324136970306627 0.513421994351966 -0.109130418901752
1 0.731659123123561 0.096702524026376 1.01159086500197 0.59675544850601 -0.813604756423196
1 1.03504647616167 -0.0667923268998413 -1.30763217513680 -0.0300129477190455 0.971805911109685
1 1.16790417626882 1.03119107663706 -0.466553087553903 0.80319335600318 1.21621867894721
1 -0.923038182064849 1.31493997076191 -2.39991761283123 -0.0826474239869203 -0.276814581665532
1 0.338308066206752 -1.49812620864208 0.299001575518932 0.578744305870094 -1.89063973844278
1 -0.771270959442263 0.93867940070162 -0.41102175250114 0.82951188204574 0.665893894226414
-1 -0.182458969179286 0.979578188928149 0.854958936599632 1.71226182276533 0.115633165522482
1 1.21890325677334 0.907739083075035 1.80952104123877 0.83801742248623 -1.28005594314151
1 0.647921801527557 -1.20801595838764 -0.665307136074044 0.708867216093943 -1.59044853269032
-1 2.26088774823215 -0.433630615044824 -0.151161308559450 2.18623905677128 3.69485715912286
1 0.94894706812188 0.800556881001016 1.11376678489270 -1.25762956441705 0.200176049161756
1 0.577410967831893 1.37314174439712 0.00263154811488195 0.203707597377685 0.0261249087747021
-1 0.532266477136909 1.7548214200419 1.10435308853050 2.33458162707009 1.56912534596333
-1 2.77433166895229 -1.21892451074606 2.75250663720395 1.32115456827362 0.437894046713229
1 1.09873227528812 0.206632812492847 0.12315464366477 0.690053558392557 0.750164211140025
-1 -0.493364330420983 2.80961342591537 0.982613364547853 -0.685875461234336 1.56262355532048
1 1.16900069163420 -0.969317731056205 0.217287756070031 1.46282629776200 0.231721505886793
1 -0.170314120626661 -1.15546838952276 -0.201539218039361 -0.432079374316866 -0.38269882658896
-1 -0.110688393569923 1.38858201012304 0.677043525054029 1.44217531935648 0.771829421549366
1 0.838450041396487 -1.14469255749319 0.955597781936643 0.337921305436337 1.38007529801639
1 1.05061625508473 -1.85904978885209 -0.52050293949699 -0.91802358018833 1.65011286718679
1 0.147999758430404 -0.323341629533122 0.379930130444999 0.311233138209501 2.88281543014064
1 1.31153986697636 1.03518967335927 -0.597309675723826 1.74002652120503 -0.0763963624862613
1 0.284275859131741 -0.434198862836793 -1.13809891995482 0.81795900019161 0.530508216060929
1 -0.888791718530608 -0.88358967464926 0.884319763479106 0.266754124767714 -0.884819505910184
1 1.98136839911359 -1.76853384203656 0.612341499811432 0.799710924252421 -0.267286693885989
-1 -0.469200049380815 -1.88292916184975 0.201565363989165 2.25473007063754 2.68045255969125
-1 -0.206399829739951 -0.822625787141335 0.618253325785389 0.754557354170564 1.40342763969019
-1 -0.302422212749581 1.35788232793266 0.636096403651172 0.427343462266747 1.23494829121067
-1 0.622407395230193 0.0782757386617227 -0.6038758330646 0.249505102307178 0.0203049021505362
-1 -0.254074600841467 0.99371426243929 1.76136403032308 1.47331094752329 0.633073899861622
1 0.591567810949161 -1.22310273927679 1.05315776717560 0.148394418242813 1.59148656940813
-1 -0.0603298404054263 2.51625940526589 1.64796742992302 0.288581949204083 2.56426347650829
-1 1.88239856522911 2.75961401006549 -0.225105338660065 0.500748645837612 1.19341441103457
1 0.765181371658952 1.45980011750593 -0.0609731682232384 0.930547838358357 0.316328399017945
1 0.80152281729413 0.685928615173207 1.13453537764477 0.604720790041915 -1.77274704364987
1 0.0440485402595033 -0.244712638760777 0.138948413657678 0.286649839642024 -0.246571329153702
1 -1.90764015398116 0.411236850945508 1.05168310992839 -0.613157076880196 1.67052897884773
-1 -1.45001933363391 1.63385362793960 -0.571443715791466 0.391487648227855 2.75842649571767
-1 2.10342515807132 1.31802228157956 0.110927908808031 0.204066558202476 0.394382952230218
1 -0.77231536624569 0.254201031092649 -0.133997923653707 0.0741609243863592 0.473682884625127
-1 -0.218285480842953 1.92240961208504 3.00713676288327 -0.623967713074709 1.29285577896877
-1 -1.11765622468135 0.593834511584422 0.823255444812345 0.883432815850868 -0.750708479921166
-1 1.65520898514135 1.39497548540329 3.11521166497396 2.29701655759681 0.642767875756375
-1 0.339739564587974 1.96603670236680 0.787549945903163 1.44761480855698 1.96367401298908
-1 1.68784507283541 -0.186130882215335 1.15630138213500 -0.0179049159528828 2.92435703466396
1 -1.22060067543858 -0.395687865071264 -1.12867833539786 0.425127658909701 -0.216001060818733
-1 -0.370741404469497 0.561218093417147 -0.77651695684377 -0.0477631872285499 1.08990299428516
-1 0.967861823750995 0.723879265243856 0.434882644448549 0.796067709561208 2.38166885841414
1 1.6212743019519 -0.44833123336831 0.78987813911808 -0.712838242557292 -1.57255029912395
1 1.29170932161464 -1.03916941855749 0.292003676300111 -0.930077266173462 -0.0958402500285982
-1 1.74339782774442 0.925459749379139 -0.0705532434386926 0.853791726236495 1.11236263034748
1 0.253939217554753 -2.11521167509465 -0.233538974055286 0.850151791027366 0.00442083527772301
1 0.118842637498467 -0.717479147013287 0.0493945383814889 -0.40100496861754 0.039849746137896
-1 0.84383308564769 3.14723072048545 1.14575268838748 2.00083122470698 0.181014974873690
1 -0.883934125617337 3.20708747632154 1.14496435950386 1.25704975600975 0.217146937371857
1 0.941968908660338 0.0817351299855402 0.287227017982087 -0.126776856736624 -0.0481295810190718
1 2.00515668962780 -0.437334690869258 0.968874122286862 -0.634331672781312 0.785474307257862
-1 1.12714950046160 0.490231772109193 0.00513636185206101 0.00531245503703504 0.790794816984739
-1 1.71686767645920 0.21029626315544 0.82738377158256 0.777341380311142 0.932336497380379
1 1.98551996901995 -0.205015816369125 -1.01734744277713 -2.03053323327359 -0.363459694210482
-1 1.76882397835397 -0.212645338136984 1.86557704617057 0.184823263575902 0.200880214822839
1 0.0403830917145782 -1.06839530708279 0.978998664294489 0.667389623804512 1.42055559612748
1 0.505813470738831 0.433808354748781 0.9961336782136 -0.416459347035834 0.0311669521723025
1 1.17866054967337 -0.034003801735218 0.88136199900926 0.351000160890261 -1.04433522462044
1 1.20611073272999 -0.533887092997259 -0.847144612957673 -0.53003926577959 -0.818944307781075
1 1.87899735951976 -0.381339265669388 -0.136671395728672 -0.644661783153313 0.529161964608145
-1 -0.317544847799254 1.80643748550980 2.06549144072339 1.22600994894423 -0.122099549825158
-1 0.563899692071668 0.283614763723048 1.27690643764886 0.0892462709144833 -0.70532165026939
-1 0.0142910828756249 -1.25918164535665 -0.5482399329058 1.42853152739185 2.63959530942749
1 -0.952765468387739 -0.264138496643261 0.211200180476964 1.07636543612784 0.793253318694238
1 0.721777338521452 1.3852366338764 1.83447166201800 -0.0632932880835996 1.49053874799590
1 0.40924633244044 1.54533554057982 -0.802455942475487 -0.555489851972387 0.0793892463260524
-1 3.09683846535313 0.988421920642839 1.41351617255239 0.446070140114424 1.61606217930938
1 -0.938623426174799 -1.12250024552879 -0.233667277854096 1.13943928365163 -1.06843510780365
-1 0.568776274153386 0.533363186959091 0.0127611779775786 0.211578820910217 0.856638860907702
1 0.309573851571467 -0.440467261183595 0.834460817315963 0.423141191391212 0.450144679680137
1 -0.848486386427556 0.226008140768057 1.13275158542458 0.128592567514756 -1.81798065006882
1 1.40828801434519 1.12410693341132 0.0539289868147902 -2.86891514295016 0.369662865383018
-1 0.175244293235412 -0.64746963463682 1.00571674100204 -1.04479050912222 -0.183413741536670
1 0.551668185521449 -0.0227747130060104 0.0333079511306782 0.522466999064259 0.644132265495544
-1 1.60590452330905 0.556114284851616 1.59484926556545 0.570481286539273 0.576808631366254
1 0.52815739696357 -0.452827700277737 0.971413414984874 -0.0421604416790868 0.448862784474058
-1 -0.574804130767806 1.93105118778711 2.40357811020653 0.896963391745792 0.460641259598868
1 -1.93150769050595 -0.47499737809362 -1.45147972613639 -0.455694777932908 0.271846867022916
1 -1.23012624802593 0.358936172129318 -0.919504738090229 -0.469608654190007 0.642517260112825
-1 0.742810352850057 1.58119039944696 -0.104324512947260 0.144217938130426 -0.0522716569814298
-1 0.704039067947262 -0.0830699078828425 2.98277340928882 0.190120045300016 1.28929873350310
1 -0.97930573393879 0.619175882606765 0.798575062689134 -1.06171116233720 -0.589720563698343
-1 0.715979786250773 -0.262108856048756 1.15777232992095 1.36197230850494 -0.201798707361734
1 1.19820253844990 -1.78221782121484 -0.107655175938100 0.00644338615452062 0.106827694924580
-1 0.410488244596039 0.373595107013345 0.056656122186212 -0.0935659926206728 3.32295511118969
-1 1.27774903427128 0.534853698803559 1.43647684631820 -0.350412881794756 -0.0563355256376097
-1 -0.432319437474267 0.734704822866956 1.34007390672024 0.467659567614418 0.87424420981859
-1 1.42588393377732 -1.23417591424405 0.503357495584313 1.00329140324220 1.40332291160907
1 -1.11782628132792 0.358999827623627 0.72507656160317 0.206967994455282 -0.695182332527565
1 0.582332080097888 0.625136689263407 -0.547594931491787 -0.253122070518202 -0.0921833316292362
-1 1.49359423356050 -0.352046990221205 1.40011478865153 -1.24001157490328 1.20617641823636
1 -1.82044171801167 0.0264532019354436 0.440571541155498 -1.15714021466499 0.0130843405037341
-1 0.758667187256237 -0.914441073611398 3.93820417755 1.50155554437549 0.890465150672599
-1 1.96854873398360 2.98609613749003 2.02851863434015 -1.68075555407464 0.97081561436916
-1 2.60652467906105 0.772740606836622 0.552278198950993 -0.89288575621566 1.09394124868643
1 0.678930891517562 -1.15237364745599 -1.46092667490878 0.657405900000978 -0.636832936421956
1 0.532451886333357 1.18576388330894 2.04366530131589 -0.290973639562547 -1.72428238224151
1 -0.61849640762509 0.491355843962805 0.728040950077066 -2.24794699611623 0.632461924661731
1 -0.94726859249272 0.127841968169803 0.944108450900301 0.864434433109652 0.101170697230812
1 -2.29781599718378 1.29613182336258 -1.50155014507116 0.251914801960461 -0.742332510561561
-1 0.385729054906832 0.704665102688125 -0.357691415358108 0.103159292322022 1.91130604407933
-1 1.43562543915150 1.96960579018126 0.362163905012508 0.445025396181973 0.508098514188268
-1 1.83150392374467 1.73690993366318 1.18017407725687 -0.482592450036435 3.16466662957358
1 0.58260850484502 -0.396933737276886 0.735884057545302 1.71311036121900 -0.451309779756807
1 -0.0699649223736591 -0.727536979322917 1.15570642496917 -0.175769074993288 -1.07347173550998
-1 0.156834601470570 1.02256863730314 0.138323084196385 2.88321094602434 0.689472928853935
1 0.611581071001013 0.743065119698226 1.30385172832348 -0.311204927874567 0.10646993829649
-1 1.24864453767732 0.731061329737493 1.68520538579316 1.75062799513607 -0.816507808425983
1 -0.270893918964020 -1.18876182677018 1.71154980912318 1.37317132911837 0.343291529534927
1 0.774834987673057 -0.40409855359714 0.783357703022316 0.0940624701677064 -1.19941004751817
-1 0.137771670355758 -0.186561702505047 1.33904150056118 -0.395323289178959 0.239701238220497
1 1.32863737132886 -0.0571600323964425 -0.400188924122233 0.205907580233754 0.938533469148933
1 1.48210473938625 0.0889314630479336 0.429889235951836 -0.690115449649155 -1.32311617407202
-1 2.09752182201759 -0.456216934956685 2.36640280296337 0.901320538438117 1.21355637064779
1 0.81220298112645 -0.282930509755784 0.642168765354114 -0.823835581793482 -0.194092851022957
1 0.815718070252118 1.47696836441315 1.34275716566053 -0.92656828663695 -1.45036698436575
-1 -0.973451188543662 0.68610703886665 -0.647367455105807 0.707640137158427 1.622507249782
1 0.852610115359898 -2.00557927914657 -1.47389520603908 -0.265616032141896 -0.147250465980241
1 -0.643784914501912 -1.02932474726059 0.171156401607866 0.111832981855228 -0.525947022586392
-1 1.13422955586972 2.91890072457483 0.841263476927186 -1.02124225430563 3.42767944440317
1 -0.433662775952716 -1.12208337940392 -0.413930087496698 0.637420802284198 -1.05930927218320
1 -0.0891219853635804 2.24779023145695 -1.01008197998397 0.741681125036742 0.296318603741943
1 -0.439259119232867 -1.03203222184452 0.517446616477072 -0.64495696094703 -0.181031567369641
-1 0.642847971050424 -0.0867800017708882 -0.157306099985750 0.779670352290635 -0.947793172488294
-1 0.989675283939078 1.06433017019550 0.91095527220094 -0.402306892314054 1.02200761470413
-1 0.0337881384545264 -1.48632842429824 2.83287627093743 1.28213676452335 0.188054231244832
-1 1.17244663658643 0.0743575623454157 2.02239886400283 -0.304684618947777 0.295617925016756
1 0.470636646057118 0.490153236355359 0.768502932911384 -0.78273220608034 -0.495077239751782
1 -0.267503680154588 0.483269653410731 -0.196164371547654 1.03924214491399 0.118513173122990
1 -1.31681698286199 1.18294863999187 1.08370412590358 0.488830830030275 0.417867668771668
1 -0.8267480418598 -0.0925516337987019 0.335214550893206 0.279782038744329 -1.67604276229467
-1 0.984850063073822 -0.085724204078791 0.867519525787945 0.150423472157061 1.94854567763790
1 -1.90695773657537 0.852795261412807 0.609162746818949 0.0571387658082057 0.964430573977208
1 -0.425354992216623 0.586998375823661 -0.843983536854962 0.690858455909401 2.64436355937499
-1 2.08689560597404 1.94664330107867 2.56982410430170 1.36579818861730 1.64412180712082
-1 -0.585445016762229 -0.28280131582302 0.788223348293875 0.808379199800542 0.846270171742338
-1 1.63315481493643 -0.796277716578614 1.99002939412752 0.565947700090344 -0.0445672020417783
1 -1.53936078933342 -0.106208605315963 0.939323404589633 -1.21809622831208 -0.289969648020145
1 0.148215891037820 -1.38986026242824 -0.198057700270750 0.468519011721036 3.2829310681697
-1 -0.162653720582468 -1.08802016845526 0.477147813019292 1.56849057260684 1.54831685171226
1 0.858252204528879 0.449579432041664 0.998659835449755 1.48982820099745 0.0285184456281663
1 0.935411357675601 -0.45714861089133 0.669848317263133 0.589487621881859 -1.40468083727018
1 -0.0674933141524227 -0.277533130347089 -2.19103241503763 -0.391047946547169 -1.47861763808887
1 -0.934150744502948 0.532470929002264 -0.61833983675237 -0.0588650119896678 0.371129103276421
-1 -0.964454841115946 1.535129765168 0.779047894759183 0.851519307523062 0.63531755466064
1 -0.256159184125122 -1.79015599851586 0.655313805898375 -1.38493246863678 -0.609678567626582
-1 2.7856933201175 -0.443351010568049 1.29064880938788 0.0465753268985806 -0.509018971922458
1 -1.12121388637985 -0.00616881889931711 0.839541558586392 -0.121299616426073 -0.98777085716229
1 -2.08074740328923 -0.519373621578236 -0.326325929934031 -1.7902573946103 0.459933466576413
-1 1.01901220905667 -0.139215943024979 -0.366331622215101 -0.780361861630404 1.73031988781791
1 1.45788463529705 1.80241295871746 1.00584627678329 0.453538221891882 -0.266565448718887
-1 1.46091014465526 0.90563140503264 0.498565328270251 0.863789741707187 2.06561462466701
-1 1.15661001928411 0.511215274785314 0.778765709234969 1.59799141163313 1.44444130569479
-1 1.86952099873361 0.74885823685372 2.72110624718624 2.01972766095418 -0.833620987278666
1 -1.04745676918909 -0.518064685119408 0.152224600545309 0.310306657777595 1.06444602605850
1 0.0256398720491146 -0.134886469717158 0.733536825681897 0.47666312596555 -0.444431765348126
-1 1.07237629649046 2.61055962198252 0.992639696822516 0.313672246871933 1.79719413285315
1 -2.01497751181699 0.306712809836291 -0.560947329411746 0.397271623719206 -2.73932182863967
-1 2.50412480883743 2.18166339716211 -0.213547623903407 0.225827764375910 4.14570963959484
1 0.0723329509185808 0.068867952299993 0.969259982603242 0.0683056554290634 1.02494532814423
-1 0.264902879639912 0.69580804761218 0.45266155267125 1.99109234476192 1.99419631284872
1 0.287687066170850 0.112118298007378 0.542727977537475 -1.02147388471545 1.53409881563713
-1 0.149429876803081 0.883090999147614 1.92952430446956 1.22404803150404 0.684101855357408
1 -0.870531841794259 0.924554190557743 -0.229677552944655 1.36378420860670 0.0295205327104999
-1 0.405138188862214 1.03369936799452 -0.157995822235123 2.08763259037872 -0.333732553229706
-1 -0.806110006462218 0.407523883786775 1.29477593554647 -0.292312875057446 1.36511845744871
-1 2.30861495921289 1.40001679087352 0.889234129681857 1.97543431737704 -0.0154392692411752
1 -0.227235338835285 2.21908284416423 -0.217990595686243 0.149793178561955 -0.195011884522479
-1 2.57238247059719 0.182821628155582 0.409443207613962 0.85244052923326 2.04070497727898
1 1.32731141050098 1.51092422872224 0.408040446665066 -0.0119770382842753 1.03072078645701
1 -0.73385643951341 1.05543545098910 -0.79946241950691 -1.39792810826454 0.74079925989673
1 -1.69816267557944 1.32887408630892 -0.718338905277559 -0.705295317557347 0.727199029484904
1 0.149236674876131 1.37088480786805 1.81191429611597 0.280881322577481 -0.634657219551382
1 0.932920706969438 -0.312240080342449 2.02298837231545 0.486132726713269 -0.598999092423875
1 0.399955472365991 -0.899927496399692 -0.503636161867493 1.46781229513891 0.349398959445007
1 0.0628350447177609 -2.00705364041227 0.160880833692239 -0.0133176617771704 0.911442333131474
-1 0.396107761098565 -0.620196460348479 1.80742343830302 0.68372731932204 1.71173010942807
1 0.0264265354539409 -0.560921622333142 -1.14248786877842 0.139419125304503 -0.363025650514566
1 -1.98140004140041 -0.360878819446128 0.565639090518994 -1.85410376410400 -2.88829173879529
-1 0.225393807110176 1.98197069847527 0.397039753316074 0.319746277688753 3.30724210469153
1 -0.934150865443432 2.2669267904454 -1.73345323909402 0.470675860578147 -0.275388295452978
1 1.20546246900895 0.348764857118358 -2.07787638327566 0.148963555946338 -0.362091761239859
-1 0.7543858495993 0.138799635230783 0.401996499103402 -0.920500309719098 1.26548137851698
1 -0.0107166546158706 -1.38990744771954 -1.15423369792314 -0.299372701682164 0.744673930442794
-1 1.18953170429136 0.296662475998291 1.76159155730394 0.343519330902565 0.872318900542293
1 0.382974286221302 0.204083172143139 0.021890890282454 0.428283823412197 -1.61701371855335
1 -0.552682096676401 0.995305051171706 -0.419077063043918 0.932624485386425 -0.522555894436249
1 1.74564693774725 -0.547800676005772 -0.726066726070684 -0.95184106087044 0.41367502553187
-1 -0.898439273500884 2.39335460715348 0.841882002920581 1.19223327386722 0.219932339377633
-1 0.58570558108923 0.553033039524721 3.16123805015220 2.89200858644610 0.957517243196593
1 -0.898125748609464 0.451392816061613 -1.54720632664680 -0.264443801425795 -0.689411251323191
1 0.970238888383352 0.0125121534760421 0.325948528754615 0.376637379537473 0.0178446812534222
1 -0.714965190517592 -1.53835719596592 0.653724517237809 -0.049725030337557 -1.47224556773358
-1 0.308499239858373 -1.53633276525516 1.01416949946026 2.51336577617329 0.104735470003249
-1 0.681870444830114 1.37245603084491 -0.531209808092175 -0.233704538615381 1.27163633676273
-1 0.313941287984141 0.190551010685045 -0.0960604591509951 1.99917818441046 -0.62575190646256
-1 1.65431433458062 1.46312388318878 0.0279943571509359 0.967248114126034 0.607479767865602
-1 -0.569913500196562 0.471926057371175 1.49962120941730 -0.0992906742394198 0.912661941943255
1 -0.319501687999945 2.15518277474257 -1.16876742024416 0.911021378309668 0.539541610293547
1 -1.50893961065312 0.305468563471654 -1.43327967619689 -0.129492642626016 -0.47595096399281
1 1.45124262591566 -1.15251274967017 0.198409777619265 -0.450458554136924 0.0054697752921832
-1 0.784663585564553 1.50401829907509 -0.0365102980237691 1.00346628324743 1.43223695577004
-1 0.717433960478323 0.65044888232877 1.46078016022842 -0.439385540922664 0.409476019134962
-1 2.26176935827727 2.18007984776700 0.307682366994714 1.28199654907082 1.55179629250853
-1 1.25893924336645 4.54492751276563 0.626167966542067 1.92061051270800 -0.0597924153144063
-1 0.573706405815443 1.53870189180468 -0.283724384667013 1.84539846255061 0.846032434765433
-1 1.75271433571593 1.86169370715974 1.60860459943028 2.09312993324074 -0.226042068218132
1 0.9387854622422 -0.178622370609212 -1.79348956654033 -1.21268743551362 1.23807419226114
-1 1.06137245605611 0.775808843315034 -0.0798835295725475 2.13840980989676 0.415697913487753
1 1.31658764647671 -1.65966864313204 -0.366203646113312 -0.0818266096912009 -1.26368868666223
-1 0.587141777818581 1.04890896079908 1.28770304371972 0.997420481634658 1.65988861036503
1 0.241476725550174 0.38109491553155 -0.103931657654410 -0.723379518946088 1.69774426558278
1 0.303186201344613 -0.186178997084276 2.06293748002042 0.507506524735498 -2.05369353043087
-1 0.606479579615333 -0.573940476212796 1.32494345505784 1.68951706258924 -0.293485687924213
1 0.196319830379834 0.509597805863453 -0.088904843396189 -3.04204446018284 1.34406628817971
1 0.61898985335369 0.24498254454153 -0.426188989292169 -0.619726018299479 0.158772425594661
1 0.131035457698673 -1.84277087668116 -1.45715965785352 -0.376376693212699 -0.0758132973150032
-1 0.298006633078697 -0.325249592880062 0.994420062970554 1.06204257435079 1.31841768916001
-1 0.428217769640489 3.33593584540222 0.0188267072962398 1.25314174482861 1.00057263656870
-1 0.755168763569264 1.34524585479616 1.85266201279184 1.35423556638557 1.46030444394827
1 0.851838023826666 1.08290377231305 -0.686428526111697 0.637713224609042 0.96426781999769
-1 -1.27294734643854 -1.61952640206442 0.65098644749844 2.37665923257463 1.27584110777600
1 -0.112004118558097 0.192594475103955 2.81504134995365 -0.142336291247352 -0.367488691862106
1 1.25524505143486 0.668498737734395 0.596129575838181 0.100741996993925 -1.19260431826870
1 -0.200570743184051 0.490562440878202 -0.544240946832563 -0.37651676109956 -0.691266556710285
1 0.424683627090843 1.29347743606209 1.04604923663690 -0.652484098001561 -2.65751901197499
1 0.119393235549924 -0.659540337501973 -1.67065256522452 -0.788695063985817 -1.48905563577016
1 0.0448205397574203 -0.708152781906962 -0.521295937166047 -2.04191840355217 -2.20955469477865
-1 -1.00913918467890 1.35997563279428 1.57673651323508 2.00677299062333 1.72174222896263
1 -0.195962071136028 -0.591099414397674 1.04697136087230 -1.67913100957219 1.55778372627218
1 0.892462026080277 -0.802805730971093 0.197085383593532 -0.259923469285668 0.316494960315961
-1 1.24409479302310 0.99934609551056 0.108304717884763 1.73279132340793 2.45340124797317
-1 0.91076292527096 -0.615328727271651 1.65804820581628 0.489386298405027 3.20428419648546
-1 -0.313476813661873 0.698938442009402 3.01780011026352 0.645188451045626 0.351262349726033
-1 -1.61033611758534 -0.441710697226827 1.79457239141318 0.00670188308999586 0.510130183605815
-1 1.25063152443277 0.523454701509959 0.106072495894126 1.19893167523449 0.546770042112479
1 0.722690695613403 -0.68647986955661 0.936574532807565 -0.109824394222962 -0.588380163480064
-1 1.02109656426212 0.311316883205526 -0.472305851514074 2.70125532804961 -0.171040137917522
-1 1.51668243499641 1.68647658169774 0.891794068805889 0.775841349820212 1.51724440384081
-1 0.871811199310547 0.345476239741396 0.403568889856595 1.22732663121856 -0.114677520764300
1 0.421247016698165 2.22728569053516 0.511379345530536 -0.832506991172433 -0.483637185835698
1 -1.65052335009660 0.951643768741504 -0.650937304415197 -1.26002371087765 -1.25499006000530
-1 1.25598225340311 -0.156125308520457 1.01165198660677 1.3962247339616 0.284827380840826
1 0.645771102073865 -0.249605219038935 -0.621949187053051 -1.39928941020021 -0.0451036001028054
1 0.612353303477496 2.25831632480932 0.715575863467805 -1.17989969044148 0.659493819424633
1 0.725583633549237 0.589499137921821 0.919998685980129 1.72884858342559 -0.18207471480691
-1 0.91624910711757 0.69522784009299 0.639130057603299 0.914581659378106 1.45563784795441
1 0.0459454200344801 0.456170413592690 0.0340242210067367 0.323155850130631 0.0276582169015841
-1 1.08365270297892 0.164495943721982 2.02561993926773 0.876107566954914 -0.318570130072604
-1 0.204122610951806 -1.19930372608084 1.54869873753125 1.68724386896740 1.48982418629032
-1 -1.03896373696249 0.690110091975859 1.60017299170111 0.496386213325664 2.07403959344154
1 0.766140330618893 -0.0798322614433574 -0.926343896851671 0.468362276453313 1.16681506786190
-1 1.57432384598817 -0.0927863085784346 1.45559928891385 0.142328516768131 2.26755759451679
-1 1.74732998700813 -0.353291966338901 1.24015140808782 0.901592101152587 -0.195763714423410
1 -0.82316239154393 -0.738309853282022 0.546238991040709 1.27467475343863 0.33831986846347
1 0.67307435411846 0.804099129527498 1.34018335469804 0.849575530056675 -0.038437755560814
1 0.482220237738603 0.47340717112999 -0.0463361824109225 -0.810181700951326 -0.621190427631356
-1 -0.276095343458446 1.19106832782939 1.41306239751331 0.226390099847088 1.26673133147086
-1 1.05284777498799 1.23223317893185 1.50009358453993 0.352962483161155 0.384836357592452
1 -1.19179344172551 -1.35580115970134 1.56071254956598 1.43884609699922 0.412826828501943
-1 0.144579216583465 1.46593610156424 0.384545973366301 1.17284489321504 2.59365881323416
-1 2.48988337349921 2.46868482861283 1.67201766274723 2.64875941544126 0.981832039072071
1 0.239046854442586 0.743140351077044 2.01324545247289 -1.30413933405891 2.05280202168228
-1 0.633582814900869 2.30310986624991 0.944930338354068 -0.0661919752367488 3.05041095545618
1 1.05703843391296 -0.852964273916103 -2.66300526769251 0.735051095930386 -0.673420533581293
1 2.49750551034611 0.858070267219094 0.465320254236823 -0.40402745826816 -2.91541198310635
1 0.761150620914588 1.71274744287510 -0.127190778612349 0.935470163844248 -2.20033008130712
1 -0.168242401947167 -0.840333881209199 0.501239567354742 -1.16987316802219 -1.19172069580063
-1 -0.332503269681443 1.05350414531646 2.12606750224485 3.25365700202239 -0.55859227265275
-1 0.93700007361029 3.48593803962207 -0.881668515450946 1.98937231532593 2.57772734516526
1 -1.04066744198593 0.640887799206854 -1.47266189909691 0.00494660218710498 -0.455341369291346
-1 1.95979174443684 0.363040565995475 1.13286263759498 0.618905608343834 -0.912759237355138
1 -0.549694162137283 0.316202216147113 -0.0965441839023696 0.453834292362998 -2.02422370571715
1 0.115859611778425 0.368420908400697 -0.140481357632380 -2.04459102455639 -0.0703716259390792
1 2.39701427094198 1.00333377010061 -0.0626627731332378 0.0583805602068699 -0.115899361703647
1 0.142813348674359 0.876128240652583 1.08011274639221 0.6987608458622 0.246521777880367
1 -1.32871156555511 -1.60960726045322 -0.295974812026518 -1.50510607562461 0.781391718557696
1 -1.39122481322940 -1.11791062188730 -0.925313810200432 -0.478017862592066 0.616858312795651
1 -1.47939294807286 1.69385707366492 0.73684453221483 0.458580265411407 -0.189722793713922
-1 0.433146859523682 0.367862033054972 -0.0985877966774137 0.0302769477638527 1.36199526345599
-1 1.37789730971781 0.260206487629402 1.53043305722053 0.279605609188734 2.03809344205759
1 -0.0680474810696843 2.16525347708571 -0.556975565146788 0.303057039704003 2.11604268639347
-1 2.85074432645867 2.29391201321516 -1.31493661631997 -0.273717247873729 0.172472168481187
-1 1.17089520174463 1.01627352964343 1.08805165999730 0.239104182500811 -0.359798924426041
1 -0.2176500410699 -0.119775566647325 -0.785882129498356 -1.90533256074273 1.59624368686161
-1 -0.51584774148698 -0.357060493168306 1.39602892353329 0.510869548646424 2.59878920670554
1 1.01143215552528 -0.238750300636977 -0.129814672971374 0.953108288915127 0.96532334835861
1 -0.57196709178349 -0.327113219026927 -1.94632263284206 -1.14741120990854 -2.09387099367702
1 1.78023524088583 0.0803816000064553 -2.06595483137439 0.608753016424988 -0.141940325612854
1 -0.501589432317227 0.472614224885876 0.581418536954302 -0.0466338768620929 -0.531632240917834
-1 0.00991619331438676 0.113874435416830 2.80242154505202 1.80703773998829 1.25724882290233
-1 1.07202682755469 1.32555102975538 0.678915614070714 1.67960317524978 -0.0311687455725902
1 0.435524180638344 1.40073115272593 -0.729547905149993 0.274663484863307 0.384539916378329
1 0.49936379973805 -0.452348115598628 0.814779554478755 1.82090215826249 -0.607258665741024
1 0.262243505581926 -1.77070304450045 0.221064059476184 -1.08387816886388 1.51437418378313
1 0.294510743034911 -1.74809580587283 0.989075245049239 0.589174817157353 -0.438933633542441
-1 -0.759273901244394 0.311840572890665 2.46723418959271 0.409249832117244 0.659136728240319
1 -1.01584771044280 -0.853064603063666 -0.49830939991392 -1.08115327421277 -1.5041187906787
-1 2.44369700630696 1.10419038930453 1.10357403341478 0.231992584610138 0.815312375444746
-1 1.52559097914899 0.605414301803517 -0.416083570425727 -0.0423440075608617 1.26649274162491
-1 1.80642481666937 1.93302640929385 -0.0153909435638002 1.67971504172453 1.48768614039081
1 -1.02450537879072 -0.554816427974103 -0.61436976657337 1.81167591692450 1.20716714598325
-1 1.44112684326727 1.02646312883250 2.72896112060035 0.7008123051431 1.05174768682449
-1 0.19757130346364 -1.18128223563400 2.21372679750329 -0.468694072409607 1.23822260556988
1 -0.354643784085672 -0.532399756456858 1.50708539268061 -1.80836242094401 0.130371567228478
1 1.13399700529054 0.874793565989371 -1.72152260784752 0.466487166321997 -0.571753505227915
1 -0.579024542575656 0.56359715101082 -0.85051002195681 1.58148434716135 -0.517889132078966
1 -0.290803097667998 0.93858663540209 -0.881495539894018 -0.458246722392472 -0.676547433818304
-1 2.21779096203007 1.86769587499946 0.280319788805464 0.489630093780892 0.366234850666092
1 1.41368899646078 -0.898565901953544 -0.050204237908672 -2.67611258568877 -0.635379947018356
-1 1.15647826144371 2.88307520143609 -0.924352163892714 0.566869811487726 1.97245630052584
1 -0.71254138263246 -0.91361099381398 1.41705393674659 -0.187716301382162 -1.58220025234149
-1 -0.255427888572942 -0.388071123614785 0.438403402983159 1.83541735495428 1.08168917071661
-1 -0.175252269340246 0.305766960803994 1.61763171749739 -0.206007486941450 1.99038699840815
-1 2.32483956563178 0.571208330370101 0.530481187356828 1.48430250913723 2.41293777627309
1 1.52139420859384 0.272341838230262 -0.270021014559795 -2.32993488156813 -1.01803416460889
-1 2.69774969662349 0.843159514639706 -0.472535463919608 1.47262603589655 1.81329787033193
-1 1.86276612877468 -0.568623239247295 1.28519585601968 0.068751017301662 -0.583557627432631
1 0.448468146621512 -0.917128717397156 0.141507935618526 0.432554191993212 0.420028036021615
1 0.315392429343012 -0.445226954847577 0.0432542943707073 -1.03853758710556 0.143586323101440
1 -0.151513261918806 0.290317879087442 0.567012278746573 1.83401726343259 0.0612946608217384
-1 -0.254444339641304 0.688910395971524 1.95967735725211 2.31435873215377 1.16554251965226
1 -1.91140316691614 1.30517690911196 0.0690435352695912 0.0310965837370502 0.3711035781004
1 -0.508695510971126 -0.610309162392156 1.48438489810767 -0.0296982678772899 0.299737981270335
-1 1.07639008709033 0.270096996022340 -0.772842753903332 0.524512344097982 0.24648105601721
-1 1.17519137991449 3.76954320291861 0.581598824102249 1.16140916718581 -0.87118208965371
-1 1.88043423792905 2.20807404467805 -0.928761239908325 0.465328935824827 1.09960324556551
-1 0.0169275879981825 -0.0253169707986350 2.66322954948676 1.08245886673040 2.10319232296407
-1 1.06988169496117 -0.0949564897310754 2.2563366296311 0.786901962082953 1.15180777113358
-1 1.9082667884576 0.49238217200973 2.62408642822325 -0.153654161858469 1.07914153296737
1 -0.699382189900968 -0.526896737552172 0.0572492481875081 0.838318265102144 0.27399388919588
-1 -0.131547460494315 -0.203207722780141 0.95992835980065 1.11603670611814 0.778224036490906
-1 0.0155836523999344 3.47931340010813 -0.404031946421059 -0.473956694500935 -0.596520729331141
1 0.0350374706241092 -0.366860471686172 1.05839332530929 0.068766282196971 0.649990034945047
-1 0.545655108396844 -0.498563918016217 0.767353234505572 0.681678233082374 1.76766529636045
1 0.298964193204537 -0.271494736829861 2.87136744514665 -1.66114309879189 1.26308169488439
1 -0.403388973526533 -0.617539449265629 -1.71092289592399 -0.510025876750709 -0.737422726403457
1 -0.795982906211661 1.03599321626608 -0.508629706454834 1.16037193708899 -0.79979684022354
-1 1.92691393437642 1.14488438924838 1.17186014369613 0.325141303990637 -1.3316252504614
-1 0.260314122292465 2.74978163333976 0.794180709502108 2.42982659947697 -1.03110450933782
1 -0.768946688361407 0.0828401588439452 1.96028556402900 -1.42614745408921 1.06631045596462
1 -0.335998314045027 0.354806938405583 0.612665087702367 -2.23046150274676 1.30849151210881
1 1.3091973198753 -2.07427092122917 0.0840447050248023 2.60995418081632 -2.17011482104718
1 -0.323795350475211 -0.460671510898732 -0.0111465363881015 0.0437902571210186 -0.157735333841656
1 -0.765601914949933 1.27428145199925 -1.59724323716207 0.000601145666078518 1.24724326047092
1 -0.70746549898987 0.183396545408134 -0.804441449211946 0.219773083236143 0.526402813053373
-1 0.911001147624611 2.22998037684022 0.5068927446766 1.54379024599363 0.198880810160509
-1 1.04362389396207 -0.219054923472835 0.917834422147709 0.364963226523547 0.649002914173291
1 -2.27972954302232 0.418675067586226 -0.194135208331422 0.237018723074228 0.290575348552971
1 -0.708872257413461 -0.437085163700667 0.882262216513836 -0.129017242143412 -0.208475757922853
-1 1.87832289068317 2.31272618740982 1.11963183207969 0.941754077000793 1.57553944251706
1 -0.287059438983057 1.50628085359321 1.02605415141676 0.538896047499188 -0.0932466585359559
-1 1.47682223070972 1.82421806641803 0.813343738682572 -0.926215587458992 0.675324869458098
-1 0.670250032081225 -0.0098590004688922 2.22106141211125 2.50794936515084 1.98039626503022
-1 0.437921206988424 0.208689128379296 1.36109774018778 0.739369164181044 0.459820100078107
-1 0.460254766467812 0.762371258876822 0.276915697584853 -0.0135382346933499 -0.674239181896515
1 0.236166424855858 2.42472784596158 -0.100020370609003 -0.54690896734824 0.419089697960677
1 -0.316051134061786 -0.951050042995303 3.02805874611814 -0.658813073616105 -0.80043213291869
1 -1.66271596044923 -0.615099751291114 1.23484482003458 0.98216149861665 -1.02182568873038
-1 0.154006400836590 -1.51564628809537 0.91831898943232 1.59898771465767 1.28979538873890
1 1.21169574899039 1.56522009535273 1.33862186556633 0.948844254747492 1.03374987420993
-1 1.74304709455807 -0.732865310664223 -0.18255461626506 -0.976717664284256 -0.272388960636775
1 -0.81723670184543 0.676292397068854 0.693812781865743 -0.549451884705891 0.100407683088764
1 -1.42039684647919 -1.26047593218042 -1.46347382798377 0.839437183979362 -0.98611351914445
1 -0.234335330060403 0.745936910030286 0.282478218461837 -0.200762623393869 -0.276852042631347
-1 1.85205078917177 1.59939282610161 0.650329055668318 1.61597073066513 2.16430843124178
1 0.275142764331532 -0.649665863177147 -0.107162203235313 -0.452554138251831 -0.935426074171267
-1 0.317311443261760 2.75991354589379 2.14293923293061 0.195844445497724 1.23730827017627
1 0.725268134690206 -2.00197292792931 -0.929482576798898 0.607755414395412 1.62892583055785
-1 1.14285837617563 -1.07447944913231 1.29957783929248 0.996688112050261 2.19641646779330
1 -1.53571179329077 0.280659336230645 -1.15996377406723 -0.439464832166988 -0.454939559863519
1 -0.160755017685555 0.444166690625398 0.839960562859222 -0.370351899691186 0.370891740310194
1 1.05575116548251 -1.9072652682817 1.15559158841983 2.22034265254365 -1.38236315550737
-1 -0.0650962888518978 0.0689343596801162 0.57157791803869 1.21332354871106 0.760047431280176
-1 -0.614819590944801 1.72741854334124 1.28266700164683 0.876740068777539 1.46117132806036
1 0.0290513055592055 -0.992909853098512 -0.0469342785571826 0.408743514376837 0.290161488189349
-1 2.46570960427128 0.655326123173375 -0.407258850929859 3.46460675115060 0.276989301670819
1 0.00591294909013284 -0.332601361091761 -1.25960088239378 0.305403376986028 -0.207797063127551
-1 2.03273299100589 0.0177815685480883 1.45913387031389 2.15956110789871 -0.173478625229304
1 0.276059511658077 0.336619481481186 -1.17099350370217 0.174887015449683 0.547852653177232
-1 0.573046405986 0.897064222107354 1.45237691792181 -0.0787185642059037 2.11547171304841
-1 1.12261519251814 0.49228042704114 2.01619506977121 0.618605577820112 1.41738147993934
-1 -0.147737567790424 -0.151230045691645 0.870643184029326 0.12664935690611 0.555068735979669
-1 1.22885692624816 1.92771329919670 2.64886609921474 0.913391069288399 2.03038755289189
-1 -0.243003035237321 1.05390534562881 1.91328108623289 1.33379582494889 0.593165880059561
1 -1.91037004168973 -0.700100295720112 0.0545090024563921 -1.27140485323198 1.02821116732477
1 1.96879153444961 0.87684391186167 -1.44519251097917 -0.645321540090401 -1.60263034969423
-1 1.24335089565792 1.82619465000103 1.33399344935599 2.51714947179125 0.911186044189946
1 2.80652318361583 -1.40679577803688 1.89911684662202 1.20733779413554 -1.25751990433357
-1 -0.616342686297593 0.52140904520994 2.87757185488053 2.63585700704053 1.78418219984688
-1 1.17417656718744 1.90902975505517 1.12549920880928 1.23921206447643 1.50491239650931
-1 1.55700439214124 1.33639198276153 1.03367770533917 2.27441655739887 1.36749497545042
-1 1.17793215326227 2.16115909426234 1.13947366345906 0.983108122206912 0.66250123019271
-1 0.468828536281007 0.207975902651757 1.72299707988913 0.240708894784402 1.64498323849150
1 0.384015163324793 -0.839974493649194 -0.842348763430462 -0.123086023871352 -2.27445515285225
1 -1.74458487023516 1.9846078145977 1.57683078603231 1.15665000589300 1.51382406795557
-1 1.60262145932161 1.64675973525126 -2.10767196860517 2.01671666619635 -1.35013352157906
1 0.352177175251871 0.232294760668260 -1.32053474151689 -0.939154254380843 -1.85179316872623
-1 1.78671541639009 -0.5585120496243 1.12140873894361 1.74828808517927 1.37114766050174
-1 1.29600911437672 1.85364722795509 0.590353461649507 0.178183908075216 0.024622348273585
-1 0.219181163689822 1.71289798682128 0.174165936086295 0.981447546234236 -0.755154392087051
1 -0.329436818175088 0.835001711390609 0.902200749717796 0.579612917663896 0.54221623929976
-1 0.771183161942314 2.76475784288897 0.0597218309562585 -1.32792166071319 2.10072978649046
-1 1.18338177015158 0.549717857961153 1.67339656676947 0.568931732638355 1.99263214210561
-1 0.557217049310239 0.670606834049635 1.08400241418441 1.64102833547089 0.61059990382924
-1 0.00796748046413376 0.74954109228223 0.243176386298310 0.816580266814232 2.31999974739268
-1 0.703909698354332 2.00565335504968 1.82132257976242 2.29529200436673 -0.880845853474708
-1 -0.170761094095435 0.989143200840544 -0.271513492166066 1.33886278580344 2.35575772640585
-1 -0.75589673510321 1.42239621730039 -0.48022502063801 1.27986624871621 1.88097472652843
