-1 -0.562259241957555 0.573293777794115 0.623548604507908 1.00096991881029 -0.0185830604193226 2.12438863690652 0.186321612980613 0.477419403684926 0.150811864564202 0.124067878972565
-1 0.274927515410813 1.13480861342775 0.602701767431621 1.03316426061980 1.90080323141893 0.623331309686881 0.849706286905719 0.756762748265038 -0.047730448135299 0.900745898472455
-1 3.08535771158281 0.361470099253971 -0.923340275046657 0.110045392503017 1.93350392168097 1.50317850561115 3.2217588987382 0.106114856199020 -0.219811276256967 1.90594157833632
1 1.19822722107247 -0.436252417220447 -0.865422284158205 -1.82898241708342 -0.0898990900995964 1.70452325694790 -0.215999119403154 -0.505175993350702 0.485327518227316 -0.59197072764208
-1 1.84336576155918 0.390058387261221 -0.734741963271707 2.22283478831855 1.28967890140221 -1.21555949843656 0.730176412495846 -0.720411219069248 0.597453400472916 0.469955718022974
1 -0.304734438362807 -0.422048937217201 0.873119477168192 -1.34276486260936 -0.2687118495862 0.260495831494545 0.684653524495106 -1.06264566882409 -0.584325202780347 1.73268561005065
-1 2.36691722070150 0.854270523908171 2.22456416631614 1.55574500883072 0.533444403106024 2.19137591071848 1.23908721984331 0.865816371916025 1.40574475556235 1.01397817089289
-1 1.39588997905271 1.90990057473536 1.69050868388155 -1.07923002118323 0.00896638846641185 2.11674831210230 0.57412790290627 1.83285828887632 -1.19443263353926 0.724404511888327
1 0.353303428696482 1.41494916967722 0.241300130018891 -0.192011495431418 0.260084230048645 -2.95359860639173 0.619446724978133 0.531798197759466 -0.103793544581412 0.25434683750441
1 -0.132808406332485 2.31519446513409 -0.307843415660325 0.806300660232576 -0.999851502486025 1.08340744617296 0.276727906935426 0.546602231110659 0.237083672015294 -0.224021267802404
1 -0.155597141110956 -0.725398408937049 0.477207963564199 0.827800439487534 -1.28439113196807 -0.115475975010414 -0.601207196792286 1.20634737427599 1.32330280649718 0.87550835559269
1 0.916326703939238 -0.235858321933327 -0.96242168394745 -0.409247854244802 -0.205438549488749 -0.0802203314854036 -1.08950249991739 0.20516529507047 -1.05093496493971 0.928100317055638
1 -0.288140330015513 1.16536707164811 -1.69470130701873 -1.13255818497229 0.332623094905865 0.36165224172052 -0.268065732595452 1.04556910193746 1.56926261106107 -1.04872878012598
-1 2.23925857879610 -0.92420135507527 0.332665695765691 0.569722478115251 -0.191700650824775 0.442826315229952 0.402208382121762 1.58085359132991 0.691352203105419 2.31794506825971
1 -0.880007820503454 -0.781169222349939 1.31678747997568 0.703563730400371 -0.268182718099349 1.39542439892269 -0.388364590803326 -0.556903987219633 0.584128744308449 0.873360423927916
1 -1.04594716592212 -0.320313171385894 1.55401811902789 -2.69053310727686 0.772388165123445 0.0395650202484156 0.498225658442673 0.125159738090342 0.223679703162073 -0.223407282303556
1 -0.167016094943135 -0.98441392155122 0.156650762788861 0.40350031189081 -1.15982642826909 -0.346872773135118 0.335020991715244 2.28287088981406 -0.238970169564509 1.07585846893196
1 1.05863819516636 -0.734995894407202 -1.11723054218654 -2.12787975788362 -0.890454117625685 -1.39858164458384 0.738280381408958 -1.27985617840965 0.730897699759982 0.522610055635573
-1 0.0997833881319594 1.14941933439248 0.800292487944626 1.36442693428609 0.962160111629373 2.43578597086465 -0.265842182484990 1.67397945524638 1.09408939991741 2.11128756009755
-1 1.77896453615952 0.389245598914153 -0.543478424016043 0.190848092710623 0.89558044273915 -0.426471813115571 0.253744392437129 -0.726847540711952 0.691589257203612 0.202182495259547
1 -0.691625157553445 0.432476859280626 -1.29710483271264 0.131636201292666 -1.26162298540736 0.199432991539399 0.835124096914652 -1.78379888165022 0.234605142862379 1.49954009354414
1 -1.00054572903994 -1.28318234378478 -0.585709050295496 0.0682926616518079 0.198505571019093 -0.0202628067497818 0.333587675174789 -0.611736263587807 -0.362431959496497 0.69473095607977
1 -1.61025204889253 0.528958555807344 -0.191850505369758 -0.281415553508927 1.26674205550387 -0.576615145574241 0.0110525541773605 -0.483337273949007 -0.066534336326899 0.225352161519913
-1 0.775648958706155 2.04143675725176 0.869293066538631 1.06381497856418 -0.666785834801473 0.76107499203828 3.0678183996501 0.595438710092391 0.876365791913673 1.24859108705148
1 -1.31926141741053 1.76125722604757 1.05210461021189 -0.647553126392685 -0.515393505414842 -0.00576620206564706 -1.13033513033896 -0.216928402523622 -0.146826785649113 0.117067543729994
-1 1.31445847078611 0.668588327724357 0.364236522388012 0.802200863550811 2.25393674333042 1.45084154940322 1.77100721837092 0.96188629867697 1.97269191491754 -0.0423965359836758
1 1.15062537421725 -0.96829536461813 -0.215374125647704 0.362128567178105 0.498758916826279 1.1803922194707 0.525482768527976 -0.230795896402997 0.450358589055267 1.78365607520962
1 1.18484366326796 1.60779400593548 0.445383236135855 0.129099327861324 0.00771501251037196 -0.792967082438079 0.266728485950604 0.492667202623079 0.713360775722149 0.48194280804153
1 0.190836871124578 -0.581819489061672 -0.77492626375578 0.831642668847092 1.36435598739079 -1.59052501685882 0.345609066306058 0.0368428426695879 0.555112425879428 -0.143630410767373
1 0.754586439878632 -0.618972018617264 -0.403657270113164 -0.152694202331656 0.287368506362303 -0.754042489866237 0.196874036972931 -1.49199074331843 -0.215499694640174 -2.14310938867404
1 0.517946637701431 -1.46010824446827 -0.508883279575825 1.08167308812413 -0.387219602589620 1.14587639875446 -1.01874301865575 0.0622656545823222 0.229039485015622 -2.28997866155418
-1 -0.102225337098992 -1.09422308102260 2.19498879015068 0.593215089487322 -0.167973145450430 1.62105330684129 1.03751742121639 1.19095209173940 0.0902747571901616 2.66948239258884
-1 -0.91365282419746 0.99409181357517 0.141364029755538 1.49844271083360 0.891461190594 0.191646842478307 1.52212412111249 0.292463264476714 0.778841660976309 0.556993731219849
1 1.89003137709245 -0.132545289595295 -0.393740313172933 0.974584223306538 -0.496362310957908 -1.21953575811218 -0.428519172611640 -0.944506610153066 -0.942534570598772 0.36850809009139
-1 1.52206167851116 -0.796524400368945 -0.679285805630035 -0.0351398501955941 -0.634587255071777 -0.305891883766419 0.422159621613318 2.04013675816828 1.20863740220380 0.223106396172627
-1 -0.728692127065953 1.34070559029101 0.677786402614633 2.04174749819369 0.836335293736579 -0.050370522337269 1.01389879473489 -0.122043591649358 2.77449309047385 1.29521406409793
-1 -2.26500666399084 0.440560057354272 -0.0620615162972389 1.48840912241081 -0.04102556373141 1.54718655600831 0.54886666507376 -0.757953430070139 0.304377659268783 0.3488022358067
1 -1.12514194182121 -0.143290427477379 1.25516006938474 1.06326744489964 0.455591291821975 -1.21948913807462 -1.11000426984896 -0.0786473817110374 0.993035980182116 1.22963077814663
1 -0.0265303149600734 -0.532232742681381 0.105824059753361 -1.62994292888898 -0.0898043265888423 0.553151376763431 0.354804536951648 -0.703194933673652 0.354293307035907 -1.07145136192550
1 -0.434358471301184 -1.65766585846193 0.114739236343397 -1.31173790665700 1.40534396350529 -0.401070288932814 -0.0095559346390743 -0.184424517824227 -0.318627279032933 0.424064503814748
-1 0.962206696710381 -0.90469171527879 0.0333959786542301 2.23167303401456 0.59885744676606 0.429838944754342 -0.396702079172889 0.548471635010404 0.483207401481562 1.44774423241735
1 0.436676107963112 0.210779199993409 2.23010089050032 0.103049388212807 -0.360427602639433 -0.63495309320914 1.02238329735994 0.066815034036343 -1.01808899335826 0.515727956969022
1 -0.515153817245112 0.647103131630189 -0.085376865522447 -0.132573043575851 -0.381254164594179 -1.87286691819218 -1.49336385915151 -1.37953972514870 -0.392159195934542 -0.0514244366832771
1 -1.38625670081833 0.259683472291203 -1.07617056002901 -0.0179812707153727 1.60987193221663 0.507849933391475 -1.60039341604178 -1.01030005499217 1.31545676662149 -0.523025930282695
-1 -0.0425083725608211 1.54792673669107 0.145020179155615 1.99048154017355 -1.66951701102253 1.90598883107291 1.09373787164229 1.50168259329071 0.588533437400962 1.38066325712649
1 -0.801968267982381 -1.87178772168163 1.43356611562484 1.44300752428457 -0.285366182062672 1.17200251690732 1.65683427620590 0.664323068362036 0.0533428017667353 -0.721805068010257
1 -0.442859715823335 -0.097669658404661 -1.81344668069199 0.0124593223747480 1.87335595627369 1.33817980035546 -1.00063899038250 -2.03469317481973 0.0991134430371135 0.133332654450198
-1 0.268279785839384 -0.0538735806145137 0.0979718920377959 0.960906642873655 -0.850488551756207 1.06289376712603 -0.174339761209449 1.20651470992081 1.90603243721437 0.973871542602803
1 -0.224894753877907 1.43794109218594 -1.65775314803523 1.15694813208365 0.589996126936426 1.13703206896967 0.206095058828925 0.95234611943355 1.74627419131029 0.0331767406757994
1 -0.510278263674058 0.301822099981699 0.984656435755212 0.359659152799115 -2.31766493600296 -0.328417147626379 0.77547406022361 -0.963540485358474 0.976919634108374 -0.60457543129217
1 0.627671535768468 1.09186029264876 -0.270544549318514 -0.0414154967245062 1.66272599376445 0.0265325151341868 -0.905076392203066 -0.35868345218147 -0.132024126271441 1.17712863095119
1 1.16021476366438 -1.19661982918251 -1.18689236935701 -1.59714876870134 2.37489270042999 2.05095245970464 -0.500044104342401 0.591338693410739 -0.217402968070042 1.98800782573319
1 0.370189693321802 -1.57525875193399 0.350849645773589 0.171455693291667 -0.114147416492620 0.720677033087743 0.639492324154341 0.172427257726008 -1.15586557817038 -1.81168132699184
1 1.23097742980882 -0.598224528557665 -0.547846792002634 0.0612976798176097 -1.41498984182990 -0.0348732457189632 -0.104842520163760 0.0679267455052082 1.28433230592677 -0.0247213117991443
-1 2.16110641833547 1.05844514526742 1.99035729921235 0.231421987430970 0.80717246018062 1.25576496594349 -0.40975968737654 0.863974171697256 0.215778907561716 1.05675419708821
1 0.0658620650543773 -0.0436426104575672 0.414476705272297 -0.075620262512575 1.78957493398807 -1.00962936057398 -0.491538855595575 -0.574749576688328 -1.08680021638997 -0.948933232121999
1 -0.299471396165193 0.274085133708772 0.0136929606221362 -0.414340423538967 -0.540299279148221 -0.983305576752938 0.140620467310772 0.713015921753071 -1.00677398094826 -0.774237185387096
1 0.1744170684129 -0.319314892587983 1.01224609266028 -0.539547344085416 -0.621743492203864 -1.46836425395299 0.250425458029872 -1.94613308880007 -0.686888564962856 -1.22821427518176
-1 1.18306575017486 -0.31910653931877 -0.37484882701525 0.999173840759774 2.15088716865832 -0.229023909129299 0.123137062991685 -0.700007638939144 1.60821507249852 1.03512365471938
-1 0.083483474291139 -0.718773443168807 1.98711625368461 1.03022396192869 2.69393455265163 0.503261028520167 0.957159676219513 0.401799853388426 1.38938339681462 0.675737116934997
1 1.26068803939197 -1.9980755227062 -0.335531014581432 0.435728306136201 -0.913814249726207 0.0445758992703847 -0.0233678059799180 0.848754774248432 0.424186578739009 -1.30739125482309
-1 0.0887288436496462 0.734372952826209 0.00575070618203444 2.04086308816450 1.61464953071754 1.10526377806731 2.23261315494315 -0.397048345771325 1.88156141117629 2.08090200725977
1 0.543952460196423 -0.851843443061407 -1.94062610927433 -0.354898952685769 1.61911241612424 -0.247530681512999 1.30165902118060 -1.22692038124906 0.183735367195981 -0.827121444805822
1 0.945359068313105 0.054832440070865 1.56323262339366 0.436907436121439 -0.287916000315553 1.00078881567875 1.09019952577867 0.660331629931079 0.274115275339982 0.468539081614572
1 1.26683736710371 -0.678807122959448 1.00201071807096 -2.16893287837957 1.15055130174651 1.14761353950498 1.67178514536518 -0.0580422113178546 0.642722611933369 -0.606714104669178
1 1.24572134510410 -0.731636914922291 -0.245820832007914 1.67170342287885 1.38201910704216 -0.631116374708726 -1.73580208426207 -1.31483249682192 0.798372523690331 -0.114664961281954
-1 -0.00151064106844645 0.348401090150139 -0.191798994535771 -0.459890010652541 0.483380468794245 1.68135556064150 2.62607646133625 0.344861611540953 0.935355224767054 -1.69489078437487
1 0.464380647854611 0.944053833041883 0.756389098427658 -1.2977244286542 0.347416632876442 -0.458682553256535 0.682565034675533 -1.26246233922791 1.93331154604252 -1.01369274367608
1 1.78447016832027 -1.19051380574482 1.21627418922824 -0.255650656432592 -0.084991719629804 -1.31169955272103 -0.427973496355035 -0.517703626589413 -0.398179441921478 -0.095082520874401
-1 0.82818535396456 0.817775792621848 1.23959842705193 0.430378396133692 0.719499076448069 0.962616003840282 2.08650465362009 1.73754011232060 -0.272569319176861 1.26665966017246
1 0.179304592626764 -0.603137116864645 -0.363734669103527 1.15400258167656 -0.302148323782228 -0.710272718283137 0.0271370957185567 -0.329270215115532 0.233251333466548 0.82308274350683
-1 0.78421999756304 0.776631227748068 0.296644238082016 -0.646386161397405 0.685606379353949 -0.807038896076368 0.810348692588327 0.555589363398896 0.97821882810473 -0.340981171883237
1 -0.263212402340916 0.413715625178474 0.643052736688709 -0.508875263021897 -0.676223141512015 -0.915606417328978 -0.910688621426174 0.478464292750506 -0.811622750869103 -0.758759017385631
-1 0.159095996541571 0.534874351286264 0.37967812183976 -0.025084174142155 2.18479050296803 -0.160966579506451 0.220460365414139 1.56437735612054 -0.239306915533428 0.194037108376641
-1 -0.655267578268743 0.569811834327188 -0.166551342034760 -0.550177815483551 2.4477153807061 0.649888444988068 -0.994165659098849 0.642953723401185 -0.930104316948397 0.969327276759317
-1 0.88160586370004 -1.10025394923643 -0.0377103702147304 0.946112399008382 0.682406426043678 1.30184126315101 0.463570910704907 2.36634765328321 -1.37506854870011 0.938068261227501
1 -0.779574154803518 0.175381786053896 0.535366808534614 -2.25185815634859 0.992049544620556 -0.258025149690936 -0.208308364894692 -0.805620498563148 -0.758157762669323 -0.97337541341597
1 0.441477031611096 0.29923165273465 -0.0400489443881188 -1.77514542771465 0.94592286656594 0.495149643151186 -0.118628035067087 -1.26941535228344 0.278736603027389 -0.552325818582603
-1 -0.518727828882552 1.93220739057707 0.294713479061568 1.63188443903936 2.08625068912914 0.661299556663003 -1.48536723283688 0.905750771970661 0.295252859947251 -0.288229085318374
-1 0.833089204844948 0.71923631744598 2.45039009059938 -0.131131971106554 1.79847486310379 0.19775802455497 1.89332464487693 2.35072564144991 -0.156102802154476 1.66909174666692
-1 1.19133856030449 -0.180344844547692 0.522336511272346 0.721960271330577 0.777284064555735 2.13916403213425 0.149382556784119 -0.482014977415237 -1.2319730293975 0.9116287678161
-1 -0.232450065760407 1.28677939758435 1.27224312962725 3.52474156961463 1.46646790607711 0.780988147841906 -0.181166636328092 -0.124758464904509 1.05835441935951 2.64499405574588
-1 1.43616075851377 -0.279730279185806 -0.541592091227576 0.270512854690082 0.0807482893041208 0.286245014510279 1.91415479970480 -0.575977860620992 -0.706304815640267 0.628726753841722
-1 0.192322109055841 -0.305961292953651 1.50115687984025 -0.391939093072242 1.30648521147721 0.924737530497535 -0.120224126596597 0.829931544070538 1.89668377188111 1.12636987149360
1 -0.988523592576822 -0.675570733766778 -0.688661254787923 -1.41446507784244 -0.873510694827347 0.486269110338685 0.0549178032024224 -0.375525943648026 -1.21080230626157 0.643726208447534
-1 2.40136888602501 -0.81623899465177 1.76148707351006 -1.90090189363777 2.14682714806094 1.07946841196983 0.234003225070413 1.92805806437057 0.839565829892828 2.59247789731789
1 -0.154060838543947 -1.50719510707866 0.833390132681414 0.0744448114571367 1.00546232263670 1.53402386159439 -0.788363890771674 0.979098883942889 0.489930326302128 -1.06048278837863
-1 1.27341445339898 -0.0740916217819227 0.0575592878483318 0.671405594562648 -0.678188967865718 1.69103566744984 -0.88091887329978 -0.00462202514338272 -0.0578561642934722 0.328775029185611
1 1.51941085507242 -2.09141892789948 -0.199045865705910 0.874640735312173 0.831041389540608 0.153247712793737 0.0501999336694536 -0.350054660294542 0.127788028118484 1.01535919576881
-1 -0.275483487685193 0.515119418723862 1.04121222657700 0.753824929001143 1.47046547118751 -1.48318557331835 0.330907225802182 0.634845648219282 -0.738731761762907 2.71306448830836
1 0.580200470931861 0.132860486699442 1.94521315697617 1.28116957854904 0.73716343371657 -0.61177701434882 0.176496644253816 0.0128120781226557 0.0835153573998737 0.178501115387893
-1 0.649667421298235 1.23073042099963 -1.69840033558263 0.448180107778622 1.28580062626327 1.42424433382986 1.55175829004377 -1.74543237296973 2.01292462999709 0.439800307422946
1 -0.660324343376847 -0.0987477088876783 0.485630466808964 -0.216177351081542 -0.00222620463736260 -0.338176273896615 1.44666366162659 -1.17518222007029 0.138846825221955 -0.00114624201226982
1 0.562184121137838 0.134319413775562 -0.901655213630023 0.0216709567755349 0.429997281819376 0.293829768210549 -1.83370189003707 0.907047024473013 -1.27082593954531 -1.34486634906300
1 1.72142069511631 0.00186907147519626 -0.538904545496389 0.222409534852701 -0.692278023155077 -0.208822023520792 -0.67283602547734 1.15657282826223 -1.10358995369158 0.259810575630490
1 0.93435846943532 0.782482638395893 0.0228821975669332 -0.519044126940444 -0.888723682350858 0.512259863520654 0.664661337300674 -0.208839527924116 -0.5370918557492 0.303853620581408
1 1.2705588533014 -0.152194982391841 0.286165237875724 1.01109573642460 -0.607862666407055 -0.286617198190765 0.112097716434206 -0.690869286957895 0.94323633538852 1.01862527986861
1 0.477300762509138 -0.341644205821146 -0.114733986479661 1.42349178549903 -0.196985315536194 -0.323025580943923 0.661335189232944 0.276112981933974 0.306899948148959 0.728367243595499
-1 1.52507786853258 0.830247663037443 1.21103338059247 -0.133890763582704 0.432363921626419 0.0316989475850314 0.0446936375290661 1.05450655517175 0.273758409013261 -0.107028288345791
-1 0.0936706810925124 0.622191943737301 1.52400563904853 0.0631738004854949 0.582701478589842 1.01577709626963 2.14842269115746 1.7140448861703 0.116382238992157 1.40371217780123
-1 -0.156316032776026 0.292531972069555 1.73600209631599 0.915785031997594 1.57704692958600 -0.425845454648917 1.32520602679997 0.561047844773447 0.250563636745277 0.228129833380668
1 0.192618160247186 -0.819663146131573 -0.0265002060644490 1.5261095626017 0.966331969376087 0.3744641835067 -0.965985411100562 -0.256858716014134 -0.829075955615519 -0.60413424971425
-1 -1.22223102864534 0.13726028489573 1.48868765415203 0.413281097457185 -0.298357871578293 0.516073638486109 -1.51667580028562 1.07196307638967 -1.23008172174756 0.365132304619808
-1 -1.10558793828583 0.511380158217581 1.49338887732761 1.05136942256436 0.765815214478475 2.56393263220772 1.28425648383707 1.45015863841729 1.22454905844768 -0.396658773704873
-1 1.06239245578259 0.0288013682866872 -1.35160129252062 0.808079361599124 0.944713579441832 1.42646263315024 0.8852725125753 1.70965607968599 0.728409634236618 0.416808829050047
-1 -0.412780533701254 1.86946974915452 0.336954180219362 3.69271737985822 0.911877128259264 1.04499266360794 1.09930693813235 2.72651758758410 -0.576789669078992 -0.112901239458630
-1 1.05207021722638 0.664480056038232 -0.487506673784657 -0.767958715579453 0.683016546338075 -0.284110078590293 0.258521155990916 2.0346409261292 1.19372763947236 0.559552069478458
-1 1.30456191860978 1.38011510946869 2.33826728464482 1.99318387550755 1.81712354285531 1.20561459160254 1.20797423859524 -0.527528088579141 -0.0254391927944889 0.367124338924802
1 -2.00951071197558 -0.535494560824137 -0.137037590015827 0.304631168049387 -0.450037107052937 -0.867178598653366 -0.686935465672633 0.027475783616344 -0.660977868082468 -0.0938239091397677
-1 1.27728584112621 2.33728558669281 0.725939183403643 -0.95040396285026 -1.15695846829059 -0.460678446916026 0.66016836419234 0.379559050735949 1.96804062430757 1.08377266673833
-1 -0.709015519883809 -0.808123715246093 0.342342105237903 0.729565539926113 2.13665504513142 1.25981438557498 -0.541902008557116 0.525096279751867 -0.958299337748822 1.17316107014609
1 0.08851602146456 0.381302418710705 0.542979477664654 -0.914008804196579 -0.143384311708976 -1.93127038355774 0.0607465479767923 0.595244537166455 0.976395300530721 2.31999462847108
1 0.582244635656392 -1.50011379797358 1.42742267162219 0.0670348154705448 0.792549112808866 0.8415871517294 -0.575887103490069 -0.0895460315459528 1.21730386473885 0.229129842061223
-1 0.646274676599171 1.13059055451726 0.469629618368133 0.099686176806714 1.39162172132621 1.13616099882667 -0.816336224195027 0.304157499890241 0.453766348700167 -0.306549012940535
1 -0.370353416739851 0.418123295092618 -1.32177089274136 -1.01226993373965 0.566548584513155 -0.138267065062706 -0.625894031371602 1.27495695388962 -0.924701902954319 0.091166651519524
1 1.52460916890224 0.29415696556192 -0.967807416321912 1.32302635277563 -0.613570979310635 -0.609685350497288 -0.653035464313474 -1.01463307519788 -0.398734738072740 -0.75147357019632
1 0.160564395914604 0.701535157846892 -0.510823664615746 -0.627752219755427 -0.566482801301528 1.21053913293403 -0.274369934974335 -0.782993571014703 0.669692599387005 0.117477699660341
-1 0.743897218471714 -0.20151104779814 0.292144639555724 3.04884511771219 1.17083547477958 -0.760751048727516 2.15076251306929 0.0233928833231763 0.305288916779848 2.20934877882802
1 0.176247367624622 0.525540810314107 0.522178474201564 -0.639305617726046 -0.926398807228834 -0.727214129771088 0.564581661718741 0.371537840079999 0.946016366223546 0.0261208926921658
1 1.10763084120658 0.13459797399746 -0.157779028221650 0.115112382091556 -0.278283932342256 -0.31450858491321 0.284851642730541 -0.546350735112871 -0.599290081415603 1.17409978681766
-1 0.73874508285364 1.89073139925781 0.527565024540353 1.75577061734477 0.624586573735944 0.907899642486469 0.299584065195731 0.955525828776804 2.00803965678564 0.333729436188466
-1 -0.989094033288894 0.136528267031040 0.55892884802911 2.07736147319831 -0.498200656068103 0.237772700101521 0.820072630106249 -0.457402025660717 0.676228864502736 -1.30340084545501
-1 0.194980351611585 0.692229367335879 1.98965008707633 0.63856972356041 -0.984446914244132 1.27490017939435 1.72066410065928 0.509625865971101 0.907349102448164 -0.254595158363939
1 -0.619922816557948 -1.98229356533900 0.404232899036664 -0.743298333316791 0.514818857289848 -0.300362793696347 -1.05853218820153 -1.70887450040649 0.486812198134142 -1.17791205920439
-1 1.84132218121535 0.153653511715993 -0.777114823742989 0.00493602359002265 1.13459767498146 1.81271251029390 0.88634289782364 -2.67085128612231 0.0894423697755188 -0.58593936454424
1 -0.225592908620867 -0.850519451850097 -0.584737405648548 0.573996633855954 -1.18083925155967 -0.668085537994377 -0.00450394940513674 -0.620997759307365 -0.508001921524958 1.61764723663462
1 -0.294464330694401 -2.43533422594691 -2.50853703416130 -1.03306595468962 -2.403437126691 0.236095440383981 0.0599850353402153 -1.45351719573903 -0.499340510333934 0.288880572627049
-1 0.291829421295234 2.08914823015079 2.5268567184597 0.0104616259133647 0.924839146152138 -1.11233231189446 0.467538477201483 -0.481227789623475 1.75263275878135 1.86917162061952
-1 2.06419250929672 0.981636845896435 0.638379934703782 1.86978066938991 2.54391411916647 -0.0639874859433178 -2.19163133144804 0.847707861995754 0.524402541845987 0.553017747686608
1 0.950328913465747 -0.309902305300108 0.991303295752814 0.382768497732439 -1.82793202449825 -1.15381144966625 0.705649860992767 1.11827998781881 -0.588737592726194 1.23381259216535
-1 -1.47154742413212 -1.14743854956027 1.49969928304049 2.13424760177952 1.85855284412622 1.04918331271869 0.709457658377352 0.808129432817099 0.802113089034461 -0.406989849314961
-1 -0.200478808444215 1.17456376707265 0.799481477126883 0.482424128259139 1.00693776166157 1.36167331508758 -0.0710884846591554 0.998153628561268 0.817274346225342 0.341460222314511
1 -0.0959470385720385 0.58166394322524 1.55178997723743 -0.133812385275334 0.488878044079265 1.43182509312013 0.56233203201929 -0.501431082578867 0.649774990221421 0.898940314106372
1 -0.168085886790273 -0.481925655641619 -0.158286079041753 -0.69013367580991 0.879233409200408 0.407110896481674 -0.039020923474765 -0.828701813369466 1.29265869683131 1.73168867464634
1 0.34461082183518 -0.363799323169982 -0.814093517138286 1.0844129635101 1.79661139439488 -0.310144089893786 0.818504297076592 1.14979092931489 -0.0110536221596664 1.16182200595019
1 -1.46632216332316 -0.0723194805609471 -2.67817927734110 -0.188286593572993 0.932813685631491 0.0324101271710273 -2.15307339348759 -0.0864124403394248 0.191702979233497 0.161737285028012
-1 0.259936565960308 1.96163231525774 -0.499224026178856 1.95375613064638 1.59203031467571 -0.0800214690725731 0.89285660965145 1.90649784984261 1.34483647700573 0.249008397672447
-1 0.288268378912654 0.789326141446023 1.48914609678948 -0.511610991207610 -0.557840327253414 -0.74980032856463 -0.050755015073394 1.19391056561949 0.283773722183772 0.333344744228097
-1 1.17521110070259 0.892803173153517 0.8709055510446 -0.31462018451591 -0.664065536017845 -0.974187497165853 1.15661175359869 1.12906741124165 -0.745939085728612 1.12232440473058
1 -0.788423288421088 -1.23145625921688 -0.989359502397349 0.584500399250179 -0.644190216129358 -0.179863047737236 0.390483624799500 0.871892829515205 -1.01688472355466 -0.144149675276701
-1 0.68421203671905 1.45936777763245 1.26978130941183 0.228668222380581 0.991901667403035 -1.16145475393282 0.119535866072724 0.443410891644486 0.608747406287921 0.138315082454010
1 -0.278848386627021 -0.749714446841214 -1.37240955519974 0.652505305925629 1.41676949116248 -1.27225020472514 -1.35679295725279 -0.96886098085589 0.531598355020921 1.01673178570785
-1 2.38320032919677 0.78362539931231 0.791957565689179 -1.13758151050564 1.34090127817674 0.219060984564956 0.871415229384056 0.167890278743719 0.537729855611882 1.09313544512362
-1 1.06288538881403 0.416907309845844 0.255491277784573 1.30951536763809 1.13309492913831 0.619061825822888 -0.0668984070442802 -0.56255920820415 1.31204020453449 -0.0557725810873301
-1 0.386142509196852 1.00371435738036 1.93997496456487 -2.32098143141410 0.959218530939566 0.237557917724396 -1.01485880084625 -0.313223054882283 1.56584848773231 0.521580448317537
1 0.179463748539147 0.459045396613766 -1.60164626362865 -0.121014941707798 1.25281119325216 -0.626334357571847 -0.196024382839671 0.494656117074288 -0.856670156089697 1.90839041458939
-1 -1.68590941776742 0.506146179591726 1.31863300463495 0.95076982328068 2.02530231479676 1.04204061722136 -0.554154882297386 -0.441974303923632 1.09124689067115 0.152469168324665
1 1.06599962522051 0.310684051583631 -0.595010205636207 -0.275037748076774 0.675500835616365 0.611825405314767 -0.16857370844552 -0.545050913665904 0.863846212777618 0.151874615401439
-1 1.22106145856248 -1.19207637036628 0.820899155718965 0.650861253387754 0.970178204357047 1.31602502751485 -0.783987714643087 0.222079956188731 2.34299871810002 -0.895861390644554
-1 1.68328809572930 -0.0709927663050758 -0.211532127849340 -1.26606392028475 0.947902554095105 1.89674396545316 1.78992310718254 0.297495105287053 0.551004063687622 1.69544235814319
-1 0.458645778593898 -0.355797591675063 0.388563721860636 1.20835055951472 0.806115943554462 0.0423275894040567 2.07161611006741 -0.895978106801967 -2.04364293645322 0.199684834639067
1 0.400948865021903 0.226764132339589 -0.99087530922888 -0.111403480005765 -0.168003440348100 -2.43564895059041 -0.835287508887121 1.48772085477721 1.35217501235498 1.36801634593653
1 0.424738495775222 -1.13260365581707 1.30526346874794 -0.520290252225265 -2.28365655627906 -0.180559558511965 0.440253799464752 -0.575790452281577 0.581720565053083 -1.21026639546139
1 -0.964816352413797 -1.99081694816897 -1.14692626016377 -1.07795965563299 0.767747920523136 -0.355281595026392 -1.79619763042850 0.295923426991262 -0.148991768085351 0.0945858449790982
-1 0.070692293312761 0.671867823346079 1.25294489463312 1.89064348205469 0.86628836613915 0.0307092003419508 0.742995266642283 1.06558625201185 0.753538301937097 0.379623516228769
1 0.157920721984039 -1.17287595275747 1.12968610438374 0.732974288509347 -1.45092562513490 0.862339247259986 -1.12859980319507 0.941175243834126 1.88552827809612 -0.504265304913763
-1 1.82678658756255 -1.78212674969927 0.407953921288150 0.590834918481056 1.84697890846118 1.40715147445715 0.0247860881149353 0.4319595511459 0.262396257829007 -0.0404321752043528
1 -1.17607038329561 -0.251657683047649 0.221318115329863 -1.20030064933047 -2.42642786815663 -0.882693163891006 -1.77247766413308 -0.191650074626971 -0.675983272928871 1.31389949557587
1 -0.267301476728146 -0.750097114535402 1.85053044466949 0.147407968526570 -0.0750009472511004 0.0462827674091376 0.0339809158253084 -1.19691152787311 0.376121501427728 1.08462706302555
-1 -0.255627729330414 -0.819612775498545 -0.87933275237508 -0.766598011418007 1.41002556332272 -2.03939788399065 0.37251535591705 2.70478959109128 1.16494420272506 -1.31428363234399
1 0.98613624431108 1.58648280482234 -1.20753983490827 0.431409959645294 1.12819258863337 -0.635040883746956 -0.272462135747731 -0.104314396421775 0.8321545653378 0.88663798386805
-1 -0.577007448260058 1.50031936349542 2.48650430440274 -0.737179572624137 0.42030745715827 0.732191743266714 0.470512290235482 0.401583892135933 -0.968609217152077 1.78111651017232
-1 0.77879867092082 0.665418273214398 -0.102997664784011 2.68382186502834 1.59549446886553 2.47490539470123 -0.397935170438803 1.40412489257884 1.66280506300492 1.09885114684381
1 -1.49916601225122 0.177277615919681 -1.33795510520553 -0.920833719205089 -0.503490893672351 1.94286540353076 -1.8875435538414 1.07561400904607 1.4000700498909 -0.204575145311683
1 0.409674174493784 1.94347319923933 -0.624021229644562 -0.148960290615052 -0.120922278095558 -0.216897217705354 -0.350065115329384 -0.0203177862834751 0.594747653609473 -1.07652585711374
1 2.53174192000666 1.21949703692284 0.0303944781012554 0.202877344702047 -0.089642066177485 0.915937950320339 -0.386272099021283 3.13119191945383 0.558936685423944 -0.347386307517654
-1 -1.20282982944223 0.440794397089834 0.166899953180224 1.16068934152125 0.255255166892323 0.160460413608629 -0.831996049262297 -0.251550208285126 0.942910799553767 0.198634442119893
1 -0.352591195284629 -0.542432790548067 0.337528156783407 1.08907810260392 0.263218496965614 1.60747104113675 1.88506584917415 0.769698073302728 -1.77189641582293 -2.00262973399727
1 1.32958378428771 -0.494433971878115 -0.00866374609171673 1.09415908171867 -2.76164066359611 -0.728875786173117 -0.71305149366166 -0.0752360771895325 -0.798415335474208 -1.63525944484573
-1 1.73758181996274 -0.846921221218245 1.24141097968018 -1.73857804210282 1.97588478790709 -0.220353518171708 1.03253791978293 0.308888231040752 -0.255900367626914 1.08804547413563
1 0.588646494314467 -0.823735704505523 0.304242385953037 0.096915585025857 1.24535116123879 1.29048413445634 -1.62928759459232 -0.494991066474099 0.0417404258332833 -0.436550170092440
-1 0.593810429933415 2.43384899970467 2.48671935724108 1.4696948387294 2.30713067148721 0.278909771441107 -0.55030823625428 0.742615958975957 0.374818210042892 1.61288055934031
-1 1.31228406382431 1.57025296208183 1.61196483621334 -1.40065215421712 0.292733689870581 -0.0497532830197622 0.140301585294321 1.51909348626324 1.49053465612326 0.58356596285187
1 -1.18575693980208 -1.84888272470878 -0.211321846809191 -2.14821984211472 -1.60398301127668 0.496045977410344 0.389796010188217 -2.26602231676408 -1.08575696395117 -0.327630204688388
1 2.32950705926976 -1.34571238736357 0.823392980615888 0.103592933115774 0.909854585901368 0.335999814603222 -0.305107822594814 0.379171130183123 -0.989881337320302 -0.114326200722281
-1 0.497453294928527 0.955422606818973 0.509157148357742 0.0838075254973397 -0.0506868957790632 -2.17900748549694 2.62253674588333 1.16374614461320 1.86412411888281 0.90168757629625
1 -0.214115477700585 -0.183239981170452 -1.54128721986434 0.0290288585083310 1.46424811453948 2.08886032354872 -0.351978654129554 0.146062956706352 -0.130850566710820 1.86189024770906
1 0.871609667196763 -1.76901664749398 -1.33162838556556 -0.239814240116638 0.163590509550504 -0.00348518297534463 -0.344231700273668 -1.81861165551378 0.0583756889806027 -2.41866682857319
1 -0.720183177645162 0.034318428079045 -1.10125013585757 -0.232022287876073 0.101522059583732 1.27697542926896 0.733234699817993 0.316924624008664 -0.397700897920009 0.751348762436317
1 0.494492703625629 0.780143503760276 0.640560750129125 0.79249835034731 -1.10330181494717 0.0204620733658861 -0.745029155962741 -1.73751195542898 0.614701973346412 0.540848639266026
-1 -0.999398549879132 1.37685823223984 0.57011613014584 0.210453021067871 -0.54695094286897 -0.471783874356796 0.501924520768865 0.617305268612228 -1.71525444121244 0.285624045962170
-1 1.45834559448767 1.68232752792356 1.44814456241372 -1.15253545758899 0.817048808625126 0.102785411801272 -0.76246233626503 0.788767050387266 0.176146213844689 0.790970454506677
-1 0.743562066402053 2.63107949455689 -0.547819027143574 1.14091546920962 0.366877891968401 0.807696180525464 0.876274108822669 1.52096440977736 0.551649934728386 1.49100956001265
1 -0.301467996850645 -0.538206662484759 -1.28355243601011 -0.34043664324029 -0.588351413935842 -1.52234305205436 -0.150338987123635 -1.10783469224807 -0.568732288264439 -0.546141815116309
-1 0.780437422224791 1.64242276479493 0.221854269724757 1.30989824853595 0.592607041554944 1.23718459276441 -0.665240371037881 1.24141333973356 2.63085377341088 -0.362270348822476
1 0.312453338130201 1.01546328526566 0.702307248541497 -1.13696082522817 0.939989436686663 -0.138322981054423 -0.146603817612614 1.88277289376327 0.810440504237635 0.587134248593519
-1 0.839208195497452 0.350283447343154 1.57556829914280 1.17815756567181 -0.670083931561074 -0.0907882210203196 0.665839131354161 3.70985914375749 -0.736822473517474 2.08233803753405
-1 1.36414106398442 0.900813835013398 1.27798170639576 1.41175807932681 1.30068952501875 1.48290891205798 0.160543061454613 0.479549205721579 1.53020526277446 0.826509420795033
-1 0.687659504990492 0.643921184777181 2.27229572174446 -0.359130844856839 1.69770708003234 0.690304696889264 2.38453151282821 -0.100065237855766 1.30375363245748 1.26896545694311
1 0.296502964421051 0.640737623951171 -0.0334967314157287 -0.0936511311276419 0.536609083955269 -1.74541669706610 0.429461645055806 0.884788319653266 -2.27830230284307 -0.802450776736371
-1 -0.238885086731069 1.93792796427675 1.04230078555663 -0.345394769651466 0.892310357948476 -0.380774477900734 1.01758762370990 0.426337228448834 1.83696567964856 2.08768589331534
1 1.29082340862819 -0.858332014479315 0.338488676088356 0.677200115120493 0.148870004941998 0.0952319813179922 -0.593642915551698 0.494587064915571 -0.8981782084299 0.765661630680832
-1 0.291808145078387 -1.45437383877355 -0.0560229305698937 0.33540253864113 0.547093623565922 -0.376998498092761 1.29387110476760 0.397935844730921 0.86590077832055 0.647343296864743
1 0.537598260067001 0.242694702492309 0.964001165902828 -0.696105649803687 -0.623888733961145 0.980557120557262 -0.777752727635623 1.78022078505973 0.0982536757867093 0.111834580779895
1 1.29599832781385 -0.202738499684839 0.266082036722208 0.595557782497224 -2.19140454854934 0.384850965521647 0.580649674670822 -0.108056547023520 -0.364561714972656 0.517847768482372
-1 0.486632878918136 1.25881686941027 0.684055169719233 0.703563639225222 0.829566317832737 0.961797633947362 -0.443130207120539 2.11876738656907 1.30070767977233 -0.263944495348774
1 0.0994163960175623 0.0337485937557948 -0.00265215049821765 -1.69408993079146 -0.809765652969224 0.264105534230802 0.82975923399038 1.02800909992986 1.47000817489572 0.385233399557576
-1 -0.275325553352485 0.855109443534271 -2.3623123106880 1.02822003933063 0.616663347566755 1.08506218113770 1.63297058299105 1.13583526769042 1.15135133051954 0.917080985614829
-1 1.70440086976196 0.689708556492896 1.13840619082450 1.73524855273954 0.138481394422657 0.369917429334525 2.57814657073553 0.621247988812393 1.46709818596624 -0.9031929813628
1 -1.46008284016496 0.76461746668872 0.142561971205734 -1.06586742437142 0.688898561331723 -0.213657012298470 0.442758562196063 -0.692654494950934 -0.175041938516321 0.0539284282947614
-1 1.40595993315751 0.998446488637874 2.13964152831700 2.35054122637503 -0.0213438498087737 1.89365850130263 0.981810627865453 -0.520606848406609 0.869091958098123 0.918076736892652
1 0.274440484360314 0.148096014838995 0.566970808105602 2.51487951933315 0.99952951454965 0.115467104647388 -2.55517765317643 -0.636757021326457 -1.66707381423585 -0.301402246136154
-1 0.590457618914122 -0.226845277841556 -1.27317202095770 1.09847834354387 0.442580856212589 1.39717437720229 0.63166693715043 0.709079435173864 0.657169965088679 1.47159410959976
1 -0.84326438850073 -1.40956614973339 -0.360812483844561 -1.33494971585753 -0.578196870887421 0.0967158337709884 0.42237109559317 -0.673926665749602 0.534956267387798 -0.459235701295589
-1 0.763511804209285 -0.279834496203297 -1.12182049008577 0.702782698063939 -1.01262337102616 1.02931264231895 0.477966720925558 0.364674885353269 2.75861274159190 -0.0632248579706778
1 -2.76424560324238 -0.748015516701704 -1.79561860272540 2.44095052351218 -1.71288348231710 -1.24051274530779 -0.583237604847207 -0.413588253713745 -1.35837427061729 0.342869034725152
-1 -0.420639304603844 -1.82638849589887 -0.590778828711003 0.258974830250555 1.48654424856414 1.44405527456158 -0.73961603257106 -0.0474741880482371 0.175230251369692 0.522805934121426
-1 0.48110471613946 0.467197016003358 1.43852075706881 -0.482586300663988 0.701509611157461 -0.527937568702813 1.28095263418673 0.19864727086224 2.37610596868177 1.61170783761113
-1 -0.240293610129090 0.548701360324855 -0.971999609438017 -0.350545808842911 1.89360871749409 1.19371964776308 -0.404941455649172 -1.36800400465726 -1.83424633745144 -0.680116018132176
-1 -0.769453879718111 1.02432666363414 0.0372692518508148 0.580033616050197 1.41377381525106 0.380380349692016 1.1487252468665 -0.652897448084761 0.0701242416364568 -0.350528291228632
1 0.0512003517767915 0.54627581412952 1.28400126812981 -0.428506449571926 0.0848916395392242 -0.218064343444604 1.37354869218714 1.55393554176231 1.27381268636764 1.39420006845618
-1 2.58932927845453 0.762145882539718 0.196671542211699 0.506260731093818 1.37450791780769 1.12591534170818 0.379120350648138 1.24693984567881 -0.117661107848819 3.2263910295778
1 0.949753125702033 -0.706859870085516 0.662715026595571 -0.611168045522685 0.723275895960934 2.13587724622913 -0.37501738389179 -0.544286425055348 -0.998978471373872 1.56008152249266
1 1.10294190067235 0.475212100931896 1.57225467771317 -0.314905043074809 0.757477934717668 -1.06427295016263 0.247915007743164 0.0212024504996347 0.0119739578389714 -1.68011494033290
-1 2.11480807903856 1.77649594700459 -0.861397014675648 -0.3912046491794 0.642334847455385 1.86559925191584 1.51051395998408 1.49746199753236 1.76186889575119 -0.509854186230707
-1 0.955626416464171 0.751586950227594 1.84961522894147 1.28426614713126 0.609096739195396 -0.241038370161558 -0.00847465999849673 -0.810718181477539 0.771490400273365 -0.0575529586323008
-1 0.810254571591533 0.689110497517499 0.455001434639441 1.82162700349782 -0.255622651842877 0.288826166897704 1.16162583192756 -0.525499905285554 1.15460408853324 -0.0114229550026317
-1 -0.0770263837483792 1.13134008919531 -0.0683825554297878 -0.146790584703471 1.06093810487201 -0.464971750868524 0.823010052063613 2.70313561341435 0.0474049334415877 -0.175190514135793
-1 0.852834048520845 1.35132348083430 -0.776501643376982 0.456587226518273 1.31218674568664 0.821972648535105 0.399847069745703 -0.0223217037255852 1.64508092866201 0.516561435856161
-1 -0.672366985929065 0.161944947751642 1.26621982125144 2.38127464734253 0.0748908334307105 1.78904830144041 0.142907849800876 1.18463127593382 -1.29425030037626 1.97091558758389
1 -0.054264857096572 0.954353039197086 -0.797269417255048 0.00438535988243411 -0.0214266277124010 1.13422993705641 0.191922970743906 0.0908103851979575 0.177745351060186 1.91784879727266
-1 0.96157229180401 -0.0470461149283906 0.100556249334631 1.97581614176735 1.39760658518986 -0.062667401484358 -0.111469974181635 1.91049179059841 1.97248470075285 2.00984687065710
1 -1.06263596109138 -0.267402268078139 0.233419565753761 -0.442756222253405 0.920842228481787 -0.797700484048633 -0.943094865036429 1.09365360164005 -0.188399523091039 0.362777827676637
1 0.656228375643662 0.103950684325345 -0.210553488005669 0.146453560764183 0.564805323274669 -0.196017393049947 1.48143948517745 -1.34907224982063 0.925783968413598 0.267206801007159
-1 2.43250941334529 0.413486263925424 0.963628491300994 1.23261930397844 1.12662129644533 -0.493518582638653 1.35359789328601 -0.918963942912458 -0.0723839484943133 2.68119520798954
-1 0.350594005207198 0.744889315521948 1.27753182245812 2.19070330700574 0.925693633878663 1.44690549793794 0.690353113591759 3.71142178920112 1.596885739849 0.507267076848075
1 -1.07213642488401 -0.275427509384696 -0.373599572318577 1.11405316535249 0.419970534109672 0.142557286418032 1.77343195574161 0.606794957742952 0.56155655074709 0.203336007252129
1 -1.21920090407640 -0.369256362542353 -1.29386013335598 -1.59488658961948 0.0318230254470534 -0.951439059183114 0.152754052012045 -1.00743365906787 -1.37960973556967 0.219599668590710
1 0.740327361710446 0.125143979664864 1.40936764617289 -0.644391732536885 -1.21558890487468 -0.354886415953227 -0.182664678057268 -0.150967784127434 -0.353967755281565 -0.78110246360204
1 -0.217672357982880 1.28982184699158 -1.22923167809592 -1.35313912298237 0.0608306424106632 -2.21735147227090 -0.707782119941736 0.139824147206247 -0.909487096145878 -0.737782906812674
-1 1.71898633461596 -0.86730488057482 1.49221084449231 -0.353429440309804 0.373489950654517 0.108490794110393 0.932104280313167 2.05773956883112 -1.06723131382780 0.886554343454052
1 1.01695489128624 -0.907499312607138 0.761049356166739 -1.42392967179104 0.277949675232847 0.0735040357157643 -0.105309749464813 -0.451442601445905 1.00829507316135 0.0275087042943372
-1 0.548566440703344 0.974765327305187 -0.472989146709502 0.429289996511092 0.972133961305605 -1.38071676962915 -0.089880615114944 0.638300303781426 1.55284827612223 0.234833629844345
1 0.189499032250680 0.955980268321776 -0.190809769475575 0.674067231286711 -1.13596851689273 -0.639382821015912 1.68173511933944 0.824553931404696 -0.840412948722658 0.873444080360042
1 -0.198500719775244 -0.945901747036867 -0.348993608345523 0.0243133134227835 -2.22899897748814 -0.244207374184083 0.178083322657959 -0.0349433402420533 -1.21205188571149 -0.941393926464928
1 0.584176267215725 0.811367278376728 -1.4319562195937 -1.18580875133894 -0.178744337891525 0.0332004178461726 1.18660838198791 2.48049867652322 0.437663010700797 1.07518781410374
1 1.1426771796075 -0.415435388708415 -1.18205917485461 0.962961948587967 0.536045280244266 0.50781809382296 -0.718911994933867 0.521075977477058 0.288510252641899 -0.125526366080596
-1 1.04518750597566 1.58184173488287 0.254756186309080 0.0687937122169046 -0.679055668600216 0.267043426426277 -0.669799829989278 0.500375693601552 2.13958300750129 0.82342461839351
1 -1.71870769969008 -1.77326285205106 0.266366214940528 1.16931471548657 -0.567130003611862 -0.783827116571828 1.01959514539243 1.19951994217611 2.09149192022867 0.581339012524663
-1 1.10789020582423 -0.0856454909039357 -0.199637877711735 2.41185468930325 1.81985124628865 -0.55495936849426 0.36676318548556 1.96833949116548 1.67878840165714 3.16303853085597
-1 -0.760904062922293 0.484602880089883 0.426690458293237 0.821464869638343 -0.0997594691640264 0.351733051873044 1.70576823769952 -0.155315073407465 -0.80475335023664 0.630281794405795
1 -0.479314108673951 -0.337951980839887 -1.53847720365335 -0.446995916283081 -1.31045470419125 -1.33285830059477 -1.52659859291140 -2.34190604395357 -0.191708279322610 -0.160107534395787
-1 1.15630840731634 -0.670627321520736 1.03221601486962 -1.17280936327545 -0.280999495339153 0.398033276508823 2.24046119800606 -0.63127129983304 2.01518856047035 0.773817572765028
1 -0.600751426180029 0.599942265182344 -0.439684987584478 -1.22351279900569 0.51965897714668 -0.721261086217149 0.730608062313854 1.11871992472884 0.738622262961536 0.993518770982203
1 -0.119099698437771 -1.11784287203677 -0.295450730490807 1.06944332455279 0.173580559539339 1.49256821843029 2.68112525342716 -0.526010888541371 0.237365280904432 0.971906971663629
-1 0.91922572220212 -0.0920337436494528 0.146664155261086 -0.21050840573116 -0.636297426983254 -0.540712762688721 0.936562185591252 1.24964145428166 -0.559456390393416 2.12121701328578
1 0.346179671655588 0.478259533058495 0.191916888268003 1.30005824582692 -1.41959338228269 -0.256907202330545 0.444457241649563 0.847411136559883 -2.54559407310687 -1.28474783096786
1 -0.394647622569210 -0.0773714060607328 -0.96043488067726 0.0343184122050456 -0.642925180221516 -0.399832748468709 1.73669458410887 0.720070242112339 -1.12487905104237 -0.916673534203471
-1 0.449722257814665 -0.569925336012791 1.74480200616024 -0.192761865092036 1.50581198389560 1.12464802357869 -1.90761122657336 1.42027353778435 0.990026603273093 -0.866589840623764
1 1.05166545263495 0.216394882421185 0.845040008586092 0.733993129254295 -1.22302970747027 0.0924499037987613 -0.0946321901661877 0.557877141750433 -1.24639990545878 0.64286692833332
-1 -0.0649832022985843 0.901289234392377 -0.749432643314251 0.689905661831409 1.08225080256121 -0.220194086434196 -0.0581894544945278 2.20347798971217 -1.46618631036779 0.360592780304309
-1 -0.361923415936859 0.638034245986755 -0.179880043133313 1.78766742045265 0.604176988134721 3.35114428409018 1.61958297946746 2.68929592567226 0.270159581191402 1.81827765066191
1 -0.669593648803885 0.154082682931175 0.595326980371283 1.08247614084843 -1.50234709402212 0.795060225335836 0.853849976972533 -1.2377248636948 -0.968439169246704 -0.759510237111735
1 -0.204013050701537 1.39098342153781 -0.460536571511511 0.0966927387922137 0.527763731298939 -0.212455512964408 0.519163619559458 -1.38038942676459 -0.0557709495958301 -0.760995636568295
1 -1.14170225117092 0.614355926154339 0.74713056779222 -0.119590501005365 -1.42953608180467 0.0184107055322920 -0.77441418864327 -1.11396880795915 0.211669160675187 -0.433011195877757
-1 0.313080158648781 0.538062503831628 1.30162683870448 0.494181900506303 0.835258943727575 1.31232999595816 0.156115715859083 0.724090749923989 0.218706941364021 1.63185198814049
1 0.372932626180142 0.280860479707838 0.524166818389644 2.92360765497836 -1.09476481139874 0.365990521825425 -0.215778680313900 -0.281511678898669 1.74670949950671 1.48049644833846
-1 -0.0834052597375587 0.995722370970062 0.604548692287671 -0.109428741902519 0.764646035948042 2.99785563354931 0.140480533019126 1.29384620195607 0.709890460286585 0.348720132371074
1 -0.994252962374083 1.04242632339157 -0.43131447773494 1.58134736154013 0.0788484666718004 -0.478106083268297 -0.346238922361220 1.52559922365323 0.476598648116260 1.9668352150848
-1 2.42828196276025 0.248601923713008 0.605829868626807 0.0571414415138637 -0.773123766179992 0.772362107953703 0.150271220395327 1.23961616158165 -0.287940959312035 1.85315757920703
-1 1.41325696809974 1.33529992840295 0.0206789639739258 2.05799474278230 -0.0157446891331111 1.11775572362335 -0.0291847980392479 1.05089072930020 0.77627975212253 1.06911122331589
1 0.591285488557393 -0.00254056396983099 -1.34445662337402 -0.291057283674428 -1.02385061046632 -0.363783517129687 -0.231056187011617 -0.737439375927802 0.308704700576132 1.09425761526662
1 0.290727320412240 -0.280663520167505 -2.33126646655947 1.2630804016733 -0.749708301979987 0.567436002277267 0.830153599141045 0.472684152671049 -0.883522720394358 0.28296445773038
-1 1.00205306464786 -1.12684817653255 1.16372361523827 -2.27651094271997 -0.351512078750183 1.88727198050364 0.846359991014316 2.45420277575312 1.50857155300205 1.25999893185335
1 -0.258983633605491 1.6779585946247 -1.50718592816040 0.188699858342146 -0.907306667105807 -0.471099540740311 0.136563924771788 1.35081269914934 -0.731166841057724 0.150375207365872
1 -2.12630868099687 -1.04435306638524 -0.999697530365372 -1.60095341935453 -0.827943746187938 0.603925086813376 1.52295948298917 -0.359206150397099 2.42241180893414 -0.70475098002857
-1 0.901316532575002 0.0248647284710592 0.0810435872074703 0.766177405049721 0.311460336290356 2.24685248986974 3.34027255369214 0.788751892918662 -0.0094275710581413 -0.0631619056936784
-1 2.23720077257630 -0.450997374129521 1.88820429779114 -1.77718014682760 -0.00302731956961988 1.22297303152753 -0.593281234839221 0.503399386187687 0.075974687837897 0.278636755115570
1 -0.857873354043138 -0.202949844211784 -0.197785227045354 0.140128186268828 -0.139340892826394 -0.973879795745596 -0.99045198820673 -0.520371724533182 1.10807010749303 -0.651107377322605
-1 0.41551197111451 -1.30881519995247 0.527862531166345 1.48464064215596 -0.248914572990934 0.715830405177111 -0.393407410652489 1.54486354441298 -0.223495939492551 0.638331159707119
1 -0.321671403988723 -0.198885738106435 -0.766461309126131 0.564435872422905 -1.13512415905632 -0.134515122431138 -0.73995189838314 1.57212956336231 1.1358477488679 0.038355779094461
1 0.691792881757182 0.95401440689215 0.859420888462622 -0.164832247525856 1.34854120669902 1.49351528689319 -0.574513013642766 -0.895780881090764 -0.391872448044195 1.98330126338414
-1 -0.251035907825431 2.32975264041869 2.15293525740354 1.08828192299923 0.485727418998518 1.6165889144158 -1.12096888136342 2.23652182278773 2.00334566515989 0.143274386985775
-1 1.66403453914746 0.958939943242593 -0.331525094955043 -0.49237281325484 1.12692189922602 1.84462697485969 -0.581258210124154 1.11661370190517 2.18838198530121 1.63998067778398
-1 1.51622299489719 1.27844867723925 0.636538314451672 2.90954290443659 0.457514272754352 0.769652198523027 0.26733282402983 0.97752566210142 1.68676819605710 0.139320790887848
1 1.94030409973370 -0.336869268611698 -0.104592566191932 0.374698061660323 1.3088940939029 0.111781435614405 -0.965382450008207 0.78653540932038 -0.0567603577809307 0.312051098527155
1 -1.49133743189400 -1.98515294203023 0.56839062816159 -0.605390527319458 -2.15932597382193 -0.163345762158208 -0.459347128756317 1.73812256725726 -0.413588626177787 -0.0255029363481885
-1 1.94941228896779 2.71283033980353 1.07355275524259 -0.347341691071307 1.00876128697049 0.766555385279236 0.675501188876138 0.592355745173422 0.418273360256726 -0.811097141779744
1 0.102398800763786 0.208114084163027 -0.168997897786170 -1.27725327324081 -0.682606652587876 -1.87905120242888 -1.66835603474094 -1.38571897983225 0.649975552389675 -1.19344075505684
-1 -0.0960286175147966 2.33597347126303 0.391651508160083 1.67418226814167 0.780323026951787 1.27304066776513 1.09626530183359 1.99894394212075 -0.180168123075673 1.99736852554498
1 -0.758477017190035 -1.21873118493850 0.196706192783170 -0.0272922656469573 0.664636220040188 -0.536025193536331 -1.40895252116995 0.415233147965614 -2.06944003499721 2.04491344632792
-1 0.660075242955212 0.4510682405974 1.57973335985158 -0.872299401718536 -0.0222851493327002 -1.41770482235813 0.921666436654372 1.64464312813696 0.607560064086565 0.867939192204112
1 0.401311505587657 -1.61957692858441 0.84634273595419 0.718293597408664 -1.15432668732423 0.0211911786831870 2.61876335723567 0.890264081410771 -0.0028006363866121 -0.490285349759412
1 0.532159137507474 -1.49800847407156 -0.709947413815645 0.0218197645445188 -1.59707420641306 -0.111075280702622 -0.0489870906073913 0.182266979992531 0.895224029187686 0.165748665876685
1 0.152343854114366 0.939057121888243 -1.65254520402413 -0.668362716286767 -0.612584332901044 -1.28736223422907 0.00604824768085864 0.402337005540531 -0.0369577110571230 1.02164160338843
1 1.92326268284367 0.0250023300020238 0.766003756815114 -0.73713927346191 -0.43128943782531 -0.0740840580244469 -1.53683898816929 -0.501532510610699 -0.453481406485160 0.695542603382093
1 -0.796625889054262 0.815921755746734 -0.278708077365822 0.0728627170958318 -1.14149058753224 0.401922326441205 0.815080517354517 1.72468321686989 0.937685479459096 -0.264214595976451
-1 0.755436818365901 -0.389700961608797 0.0330289348887409 0.0428779836064906 2.00222482309226 1.05743601166004 0.436123133615412 -0.000537276743523329 3.16733457882047 1.13413629285102
-1 -0.124965997792754 0.363248383611385 -0.987977929661429 0.977483405715696 0.386272325595821 1.27045794968701 1.05419855813709 0.671744878782063 -0.841333772211111 1.25529036059200
1 0.448402515519483 -1.82629025309061 -0.665474189161279 -0.554939249335879 -0.244030525966316 0.240802959362554 0.245351846843215 2.32262458558855 -0.122918978754799 -0.32023862522983
1 1.56723190604791 -0.696756376441147 -0.215932665637677 -3.11284202908138 -0.349437607735930 -0.0883804628379385 -0.424701072754696 -0.711012710727074 0.741502810875693 0.876888051324867
1 0.347087616906312 -0.906279337098908 -0.0534374963545835 0.0758939142103818 -0.271170451389524 -0.56383928048228 -1.17494138935627 1.53075943771512 -2.47597561117713 -0.674594828587877
1 -0.92223105822249 0.812581169216004 1.13127124435076 0.221513789716575 -0.0494508196355897 -0.624785007261367 -0.132803882089769 -0.313279422941912 -0.472536831330233 -0.705701985348351
-1 -0.164710332228592 0.419069263305058 1.24861452462446 0.599855894790436 1.12309157476077 -0.0568703467128794 -0.582970551529029 1.96211386197985 2.32359508652671 0.593686488417547
1 -2.5036881559247 -0.214381411954710 -1.08382109329403 2.16414830562285 1.06623673019102 -2.05141215156913 1.26760931515510 0.556260672463654 0.199250539465768 0.75399975502043
-1 0.344885894754639 0.438722234125829 0.285269979829634 -1.10856568758371 -0.115478165106195 0.378504916035727 0.173459021067912 1.93879976241267 0.709455668186322 -1.28910784691287
1 -0.56628248343689 -0.729268595375259 0.0677474668680794 -1.12416317844094 -0.215978167138568 0.0573882671955837 2.10247095751011 1.59842689312962 1.08677731803233 0.287755694807916
-1 -0.0824244304721089 -0.358538617870195 0.794735401908946 0.365613363475872 -0.356114566275236 -0.326801831372399 0.324960453392305 0.0476208973165697 -0.26266732345566 -0.0489881281024955
1 1.24721888894533 -0.104084445388941 0.321037488355379 0.0830078762895721 0.340954887871532 -0.484828776441971 0.89849606554195 1.00550756434146 0.316392559761831 0.211905944550192
-1 0.916560040210232 0.738517700740201 -0.987237580246323 -0.109096458849098 0.314211300748851 1.54146112454760 0.218908545113643 1.21821178168456 0.842111314495746 0.825321075921895
-1 -0.883639790781211 1.92007878047922 -0.247717096330411 1.00400672379945 2.59716353829952 1.81694432936602 1.38699988225168 2.04744032487362 1.24815535407067 0.98647816777916
1 -0.0476468233252684 0.429265143964201 -0.170660037780993 0.210846799679093 -1.57896136159687 0.212176584357036 1.51664044048512 -0.570179547760631 1.26040547434263 -0.132413469915844
1 -1.55679225066638 -0.980349008669452 0.147502642707193 -0.140164458157742 -0.071655142514652 -0.216757062173016 -0.952276072366426 -0.0813950633856532 0.211451330370422 -0.605582388624907
-1 0.0257439174045242 0.144673945579558 0.56025981146384 -0.172810654835089 0.688426815320011 1.20709631053733 -1.1257122565912 -0.390609555974981 1.02825309923727 0.917518062096545
-1 0.786080516554935 -0.71482779594464 0.176684827974660 1.46921799757918 0.204685757107947 1.93871260182022 0.215287267091508 -1.49129849680062 0.934412554919672 1.61144632755818
-1 -0.927602297096344 0.805119155516462 2.87999595816284 1.36643522475512 0.0842371654042926 0.595329999612264 2.84063113056687 -0.0395395626708428 0.71033714286438 2.11404952377537
-1 1.44105710236748 2.08616693614609 -2.18233773970489 0.67033894262727 -0.319100352096041 0.158063307112226 0.428591779587828 0.883058665642517 -1.9426147248177 -0.480396588271206
-1 0.975308435641349 1.03901686640419 -1.06224284518694 0.367981393397446 0.534027018272715 1.62343827198091 1.41430147884381 2.01727197676268 1.22358314425955 -0.851715172889323
-1 -0.303714852959186 1.23617830027851 0.00427650156432613 1.01658545349163 0.798796440867233 1.01640757490173 0.13839564627524 0.930735707201293 1.16711852183749 1.88855217130971
1 1.56595640072455 -0.87460062355278 -0.321628439717889 -0.247526721458857 -1.50031772068331 -0.0705293557950059 -0.165876024780993 -0.820414604879856 0.596334107118334 -0.616773506395772
-1 -0.937308315734562 1.98296462992931 -0.79706398501845 1.86530191822769 -0.320114523585499 2.89697011309827 -0.0912375449532968 -0.116662717110574 -0.0628691093198133 0.175883350450821
1 1.06358067578999 -0.537425706446982 -0.625556096382181 -0.929567874085043 -0.818465256658362 1.28242468089156 0.126993330220311 -0.852773491009237 0.916656833204529 1.93710519938729
1 0.648688400254162 -0.726264567571051 0.930130642990474 -0.172966640254342 0.375421259774724 0.0959035262984984 -0.626857588390827 0.0444070485967252 -1.85651889781038 0.773073470168006
1 -0.000298052746333378 -1.24402069839239 -0.491993674588404 -0.0868384123766815 -0.891832396366403 -0.633636806693373 1.04302842397210 -0.403237136441053 0.758241352509652 1.11996818208689
-1 0.504980722647266 -0.808033681908626 -0.150885038416054 0.837836762287277 0.740116153872484 0.107159278231813 0.806468429030618 0.185201670124302 -0.881274822209036 0.965275155013845
-1 0.909903291788143 0.237288721862221 0.774706802427303 -1.44392315952080 0.904325696004663 1.18284362482576 0.491548004928889 -1.20166502823671 0.0910479816606619 0.85309015111499
-1 2.0492143997628 -1.00434197604973 1.96743104361934 -0.746548891569795 1.25878378923712 1.38838562069956 0.125423728294183 -0.797679231577577 0.531904151856266 -0.381025999690832
-1 0.0457560094779983 2.5866327639908 0.273818090116901 0.577862469396649 -0.235472972061503 -0.31719008403853 -0.225912408233196 1.16153772810667 1.50521222775926 0.626064864002328
-1 0.222574350666368 1.51680981081249 2.49701913691153 -0.65923644507911 -1.84955497404039 0.346128465625602 1.15224205100355 0.436116180919428 0.72284310610812 0.110111467799907
-1 0.618184277542594 -0.0745852099150957 1.43234087652446 1.32403196607210 -0.111054564189408 0.363755680250626 -1.53529657616537 1.05728887558862 1.13582368802073 0.355952211195293
-1 -0.0297393054918179 2.17261375779392 1.33301705928497 0.142956954101040 0.145386066846896 -0.0141618127617394 0.459034548690397 0.252271921320278 1.74438206627770 1.34953671125507
1 -0.168255618669483 0.449697978823724 1.14059548532393 -0.270319423179362 2.33517212600483 2.01068937420734 0.466931497872413 1.30140877062869 0.67667206351314 0.120730569215047
1 1.93534814664481 0.658543715864422 0.385798107023941 0.96767332545624 -0.260344085893069 1.23343720979701 -0.290512019976973 0.164929872679060 0.125279664117952 1.33585309336747
1 0.153560032766418 0.992171904295154 0.792926073756234 -0.99445391896588 0.464585117424062 -0.540020459058466 -0.0147599016275564 0.0495791168187565 -0.633961302959534 0.0450033915891527
1 -1.69768314566795 0.297112107278974 0.86245624474007 1.46068923821238 0.346961642277206 0.154770843100670 -2.17896424513963 1.87095759258223 -0.908076008339679 -0.527388106162922
1 1.25656063357791 0.47535173638605 -0.748766843977365 -0.463175465858139 0.154193944737923 -1.24207294756185 -0.891629994280333 0.282723124802282 1.08430172688973 1.26934666272258
1 0.589365051006461 1.56768937880697 -0.27915102202817 -0.998854273679446 0.463758305630611 -0.350390659817203 -1.08105731367636 -2.24675374961920 -1.71005848624523 -0.135884810900658
-1 1.09694083660958 0.479415171215829 0.680131670134077 0.792467676742278 0.76851151768278 -0.784098665137033 0.521639311127657 2.32579655177194 1.68613463189928 1.41508995574544
-1 0.759170935073673 1.15714869814289 0.0647291412061526 2.50807051624124 0.453023664498966 1.60745582957390 -0.0181396911732983 -0.293915928892164 1.41524999552823 -0.339974424689378
-1 0.235554585352156 0.0327161032806225 -1.55603834437164 -0.630447879327357 0.345080703205968 0.958755578156218 3.13762021470759 0.396086694189037 1.11823254819781 1.49291020599666
-1 1.93573875643452 -0.337334801251033 1.69114135832709 -0.439576828576636 0.486144247867096 1.03411796616854 0.0475776656648289 0.156087831084278 0.553101960450066 -0.0899865437876786
1 -1.39195189110199 0.210074821147583 1.55832447383740 0.258529974134777 -0.590471108528735 -1.59019432175356 -0.450235607649342 0.583765349813346 0.856529262719785 0.278083778218486
-1 -1.00399111331301 0.58928391708358 -0.182731942347625 0.253606759262032 0.374000844827001 1.54981908466419 1.22416945947904 -0.612665654421099 1.64078076669586 0.891971950755877
1 -0.346258447927756 -1.82211872441708 0.656214947386586 -0.282834596476992 1.06074608974987 -1.55600660336629 -0.84541797293784 -0.149043126809078 1.03364746811550 0.662238594213924
-1 0.304109256851377 1.37528699105716 1.62270729337216 1.21100683268815 0.584606803477128 1.0312335542919 -0.882403450523615 1.37225603833973 1.85159094480961 -1.44413029100371
-1 -2.09382249366177 0.343787438299429 1.28565620702966 2.44951665034672 0.776345444683834 1.20209919216424 1.44250598703054 0.884681759540679 0.500216902482348 3.27112813100021
-1 0.94405030835019 -0.161534796615003 0.66333966937339 0.0800860029792078 -1.42449167491473 -0.209678546210628 -0.124403885930797 -0.614931514408312 0.0861192968876306 0.898309596495889
1 -0.720627245569328 0.597401321907515 0.248155653177776 -1.75153032752719 0.538952011001387 -0.327764588023369 2.55424090098748 2.33989230747154 -2.34406186684919 -1.65744410624554
-1 0.120771723090740 -1.03186470903337 2.13151965182364 1.36993196590061 0.139745222399939 0.926403692119918 0.656227230092476 -0.519189516488164 1.50666410904229 2.33473357466636
-1 1.53680220254116 2.4932970151338 0.888346162093983 -0.280206972310308 0.733315588530681 0.826845261813323 1.04981646260543 0.986953372265475 1.05650981573822 0.281122600358399
-1 0.878355515793496 2.05030977375346 2.44236651062924 0.0170109223722211 0.908556756707152 -0.365879696752362 1.70768919143352 1.24962905966127 1.27440179344951 1.48047416022002
1 0.49585864356389 -0.287506680728275 -0.349324478985371 -1.39463110379674 0.221448157173353 0.19104070816127 1.08948243480063 0.768642085273916 0.0724625906668539 0.268239500998161
1 -1.03552889867496 -0.490778633903246 -0.541247335406072 -0.0771998656110517 -0.381799463893051 -0.717510248939804 0.406658250741474 -0.512357167174992 0.66791130705459 -0.0898187642003096
-1 4.48884006977112 0.673606704126626 -0.313487761359704 0.0423057110071451 1.13956744812380 0.89253516203463 -0.326621688915177 0.303248442690421 0.267175886815474 0.791646359512394
-1 0.80880261476213 0.589474518757573 -0.328272230681517 -0.213236727503538 0.0649038347696146 0.514967888693977 -0.541653324432842 0.874765925242642 -0.800918861453701 1.33632222181475
-1 0.615017511320315 -0.0516455314750474 -1.16466240397224 0.246036106180526 0.81061199660374 -0.082928298119346 -0.893849422030647 0.496193687494315 1.55682104327824 -0.82771906703122
-1 -0.0863454979674243 -0.170299241699994 2.16498422264857 2.63496676130469 -1.99190686749898 0.379015241216580 0.179870465592750 -0.587171031174611 1.05161378031169 0.483072708285058
1 1.20527175965475 0.708794429897976 -0.782213293341385 0.450951456167559 -1.11832473992389 -1.50249852208191 -0.27837643330061 -0.751293155170995 -2.54515048611170 0.679133649347608
-1 -0.17178606935027 0.648371510113926 0.04051019097224 0.396314256918062 0.406147826220592 0.115133267593260 2.56439541929582 -1.34300409581101 1.02542545813745 3.03179161153954
-1 2.23257313509964 1.00114580746479 2.28306768934837 -1.44657990035600 0.672631698072233 -0.805249511470643 0.524246231941474 1.24289849872080 0.339542871870957 1.29454146434754
1 -1.3033335063784 1.23455124109475 -0.127226114737524 -0.165857323073920 1.06844840850346 -1.90058531840087 -0.676109201339245 -0.374150485503764 -0.0649789429052534 0.548908411200164
1 0.455123746058528 -1.41847461306206 -0.0744006450179367 0.861779915941814 -0.553395859035794 0.078934934796315 0.940771112222364 0.675869728407407 1.75361466730975 1.44155391673973
1 -1.30639112592180 -0.123753277342886 -0.872267491138217 1.09754414068814 -1.58607721229703 0.0903412098761162 -0.747982884056777 -1.95290546418936 -0.119659888451086 0.160812663295236
1 -0.43402349025534 0.73233089235558 0.228752650148395 -0.680149368383709 1.29643949374339 -0.0856934894213326 0.264465855359219 -0.0419945273312993 -1.12779993791265 0.179391527612319
1 1.08582063763712 -0.136553911369108 0.458979815531736 1.5485257191811 -0.770714731299606 -0.520463458194517 -0.254147478316581 0.0735691754272576 0.0852014907780935 -0.664237626983916
-1 0.661770312868096 2.05769709547013 1.80932732496849 0.666235403928976 -0.810080731100727 -0.00377201014045603 1.71963517088902 0.851543690078542 -0.557719909374407 -0.433554524253817
1 0.580242242851865 0.462794542877115 -1.70117139366396 -1.16601530457580 0.395340673564867 -1.3106363998701 -0.266437402986630 -0.267362249669088 -0.73091518271337 0.0234045821698772
1 -0.502198965683813 1.54730782203319 -0.816486540423083 -0.680870962664771 0.312919759345767 0.0452899452205392 -1.27437479198618 0.812258723062246 -0.880145961238734 0.197120235577033
-1 1.79451919712958 1.50631712777196 0.977587345373336 -0.541673643620811 -0.413705342931792 0.307968513535997 0.969359110586724 0.672710872871739 2.54975018779081 -1.18753439652702
1 -1.31627292107549 -1.53095901943672 -0.648316447963512 0.0303887748811245 0.525995012860629 0.713792119091102 0.593497183166523 0.718478631815569 0.0819914358791665 0.224948185410704
-1 0.689423698196972 1.30684583025027 0.609241046908366 -0.49513283389686 0.930527330416856 0.659974461457485 1.58369781322179 2.66820838377455 1.28582413748421 0.617915979248627
-1 0.0317226226672255 1.48680483824957 0.917383319718418 0.274867241707485 0.384487238503034 0.826287615508818 0.487703591110978 1.74899237545472 1.06691945194015 -0.614971953058633
1 -0.818507874581792 0.204787476964957 1.38574287452703 0.264828524135923 0.829894756812542 0.242691979273094 0.365541138912217 0.805244054466253 0.641615249505623 -0.257941317116143
1 1.43051351191651 0.968592027432784 -0.68376160418194 0.00276089862298649 0.215377793191921 -0.719553077796177 -0.76377212495701 -0.740413742364392 -0.627813423247835 0.153624197220595
-1 -0.278709728363275 -0.0574248850145107 1.95376973557247 -0.390959846990251 0.331861637518036 0.924371205769497 0.5211617825234 -0.785396174602749 0.304652526359306 -0.915328935345454
-1 -1.05542823413993 -0.00173323012691484 2.02342517457593 0.446009156785692 0.71641706033578 0.471684879540713 1.95275323747708 2.7062959390485 -0.368922252932652 1.17990538054680
1 1.56866872505979 0.0190475665741279 -0.980505025179553 0.415955038082328 0.402205165164766 0.609429160312877 0.230673532328081 -0.226187087718065 -0.347861023449135 -1.55018591719748
1 -0.418826209353341 -0.478264337186118 -0.65741644024 0.315174110723279 0.772531240189991 1.86805105588354 -0.156347942527812 0.347431329099367 1.25195186920390 1.06622132429430
-1 -0.666736604718778 1.09776343373444 0.330063811293921 0.190803465661881 -0.563350766640998 1.07109476597807 -0.660584191633433 0.653345423634684 1.84424634469089 1.75482887800526
-1 0.532264965042966 0.313058729351684 0.984543675284143 0.305276431442 1.34036718106671 1.30136714016332 -0.0881594825612219 0.986846244917457 -0.616413039542947 0.299003705901366
1 -0.253242631183573 0.147597749472572 0.252909256489703 1.85445799974817 -1.19980794675247 -0.385922651691265 -0.775305825551034 -0.304257112292263 -0.794844165651502 0.514294587224427
1 -0.846259381555489 -0.148106625362159 0.988741635593703 -0.63063979587429 0.726900966189898 1.20723560869017 -0.887123465689108 0.0970095996667927 0.183147554566048 -2.70621292821836
1 -0.00372029688274596 0.265355846460756 -0.200355730567487 0.979751276197758 0.252113929218485 1.63041850344481 -1.23798052447790 1.74168236080609 -0.65814706079557 1.24397675046414
-1 1.30940307731217 1.41759717584440 0.0555350667042698 0.195782106144699 -0.0307427268070889 1.43893277802516 -0.698136455915134 -0.523577359450003 2.01372855497694 0.783780891719068
1 -0.39703514605613 -1.04771317915903 0.960382763863335 -0.0265896624466211 0.593390463201069 -0.0844734215378374 0.179073149174833 -0.139448633040292 0.546512899225202 0.240251387251757
1 -0.063883054717259 0.484117688666121 0.851415038167357 1.60813551913864 1.02911926145342 0.932381192762194 0.0629845619777016 2.69422043973425 -0.388976697083146 0.354369233757568
1 -0.541744735844978 -0.218713800080413 0.516349961857115 -0.806083591696478 2.24805185345455 -1.70037368489501 -0.483235221522312 -1.05817694035166 -2.16404358969902 -1.13875906439243
1 -0.894846350314144 -1.24055843733632 -0.090730677844989 0.280728527437100 1.22234694259859 -2.70552985364656 0.509359812721041 -0.0916439939916696 -2.54080070078910 -0.866724689387632
1 0.618051284837586 1.90382326120038 -0.784805515951596 -0.509073642491199 1.19822085662554 -1.09151070290619 -1.49431092257871 -0.0748771123734544 -2.73469002523822 0.971390248224801
-1 -0.277990670270886 0.354579571000197 1.91737297638844 0.844273571934144 2.49082315196048 2.65611859910367 0.638491060049916 0.933325905784772 1.08248459199548 0.539692852700131
-1 2.00638100550590 -0.816433638529755 1.09762492126087 0.504537087315238 1.46335109534215 -0.0425735586533117 -0.73288509915713 2.11885368318818 -1.12598882551496 1.01199240100720
-1 -0.519607259373531 0.0904563156826391 1.25770746767548 1.28768896829672 -0.705666241677318 0.35829096476178 0.608279199444015 -0.135854853497818 -0.0173836077507552 1.60780785705459
1 1.55938670085826 1.42682245428065 1.59843058722759 0.0137002380549452 0.175971710121689 0.258612250693655 -1.24117025242891 -0.569068575414943 0.13001802303233 1.33802776010495
-1 0.564791278492168 2.47658741503597 2.47509149931822 1.2502655324948 1.81951914651222 1.43006910344938 0.412149912819853 0.730175931549063 -0.282845580155550 0.542151020635178
-1 1.10102651593583 -0.0467945256548155 1.79418194029056 -0.242528823914655 1.12464975202684 1.64401140319867 1.6395064341509 -0.42890419499856 1.74659649459001 2.04601545760976
-1 -0.64293380487354 0.788974115309577 0.150359878451391 -0.464097080417661 1.79391148000373 -0.229008100918260 -0.0735079931334222 1.31741015106191 1.15483410175003 2.15778301135839
-1 1.18447650423135 1.8566123255744 1.56170598508768 0.910016796888594 0.69212913924941 1.51259784504242 1.25489136213838 -0.175531947752712 1.09001686971014 2.00727317992745
1 -2.00105417401689 -0.0279748107296915 1.21778140990848 -0.499374035693773 0.581414112553561 0.52578116279606 -1.11654988695065 0.418280944237009 0.747667803389226 -0.13115154134647
-1 -0.177547958732479 -0.047600986348974 0.980547088742886 -0.717623514386351 1.24015468754412 -0.117375893346010 -0.339757841959367 -0.339340542903576 -1.03184493235149 0.512492955752137
1 -0.694356108215072 0.293120678048709 -0.365050674374429 -1.2774841881352 -0.799011857834251 0.353213926184668 -1.05420412237065 -0.352372732420921 1.24063465520724 1.44453208678298
1 -0.0394666828939095 0.107781550670537 0.350179752550285 -0.615019916736123 -1.14570661104727 0.230020457607099 0.665384716595227 -2.54190909762989 0.107594416145519 1.93925899420353
1 -1.48845508952252 0.937071624731156 -0.485800843921645 0.976687313673822 -1.02813923361212 -1.18531048975025 0.46820411226321 -0.63164963053841 -0.353709551852609 0.850463989600069
-1 0.69746652315661 0.521270269129533 -0.166923922924678 -0.564356956777003 -0.275269577911223 0.681089250898654 -0.111668040814332 0.399766287380068 1.69314780371023 -0.325913809303447
-1 2.66751016291987 0.946056771859485 -0.0429455008520664 2.70150580023079 2.06455381265794 -0.254774118784814 0.419483114921827 -0.798449008996023 -0.9180459717184 1.03246271810192
1 -1.26368639289196 1.40371783771864 0.875186736135651 -0.124548522291919 -0.930348599377508 0.213079412152168 -0.296311185225554 -1.31313364077147 -1.24386178876252 2.20606122338736
1 0.362853573222239 -1.22902644311030 0.669161251655978 -0.961828415340301 -0.304877483473054 -1.49069642544294 0.126080743368223 0.661493059369119 -0.0303119318675118 1.28427662405356
1 -0.536144936001768 0.682498377165722 0.348986685155875 0.317798783031576 -1.23565349513005 -1.05491682802652 -1.09537420753262 -0.379518060376506 0.676828708620377 1.76743976960507
-1 -0.0457727582687563 0.774895328163885 0.293333794434683 0.790838676206517 1.09630123818743 -0.197737112737253 -0.467557217611686 2.28797117237029 0.967581494439547 1.52631781527969
1 -1.50006936308352 0.379662521878564 -0.835691131859414 0.487772000603856 -0.641059041386268 1.87668942120730 1.1724188899923 -0.630015199927045 -0.313611194568478 1.21052878421434
1 -1.23687137462039 2.31940025325057 1.69924252220413 0.876704664905498 1.36038903943266 0.824811274021779 0.888807727786736 0.525333331091994 -0.186577566257421 -0.658859128524195
-1 0.552054365119663 0.218024177619851 -0.0803431035918287 0.88496196021833 -0.286766031429947 0.643793800393735 3.28869694909755 1.21575540758786 0.848412455205676 0.0614260080008215
1 0.693351046767718 -0.471806070022327 -1.31870551128992 -0.289626613660959 -1.66680435994450 0.246832623471762 1.67439567374814 1.00936004927626 -1.01408812680873 -1.14149875935487
-1 -0.520299366774716 -0.783386558352179 -0.147859729548845 0.62704478413587 0.480099260411838 -0.267233839639542 1.12605517949246 2.15011927469604 -0.139939123024525 2.23734166276571
1 1.58358185084530 -0.133060319187688 1.15180253832799 -0.95523307404008 -0.158169943003769 1.63992209042877 -0.65098408852874 -0.746283614296763 -0.339997757354136 0.736327122774164
-1 0.441141323061681 0.214104395851899 2.83820734131462 -0.624864285473408 1.79307081912784 1.1162939358169 0.275361142092548 0.219731960389031 1.11741451408418 0.602720970659081
1 0.85220909788319 -0.322267137012406 -0.254461258018639 -1.71976082460516 0.0050224313438265 1.37763437118368 -0.0589777981388518 0.441925673696906 -4.48669914261413 0.089511643666335
-1 -0.162679894716946 -0.96352845338687 1.01354308198838 -0.308203134310972 -0.726215537772128 1.97790151562844 0.708007479637534 0.614875441333875 -0.917960497320457 -0.407410492564667
-1 0.881943475734747 0.573972758579801 0.785673657690346 -1.06730010417125 1.34291728900471 2.13776971170863 0.729143026049298 1.86148794477139 1.37821955401623 0.879485770446373
-1 0.434623668474268 -0.624887181155979 1.70401373793427 1.61546035996044 1.46622231416373 0.11751370094677 1.75189962782450 1.37644411359757 -1.08054684048401 -1.06676593503862
-1 1.27848531817051 -0.279154681546233 0.689202853667221 -0.0136851740068533 0.84515080841313 -0.723406765333999 0.66794232154264 -0.662833279232433 0.568303438701776 0.86632032146441
-1 0.087552798781585 0.682652768516498 -0.55729532225113 1.63960577332499 1.84567280204598 1.83533605004674 3.05752861103046 0.603540018542183 0.0660181120181633 -0.142974585494237
1 -0.402156910821775 -0.449352770133004 -0.584700907971356 -0.0662586816414845 0.126540560692911 0.660572474491766 -0.855554086665982 -0.639956255613214 2.15798461034414 1.53004228709601
1 0.0661003971256285 -0.554508898182539 1.25714259689019 -0.935501205107393 -1.59574225061004 0.672518273889316 -1.04949548650099 0.222886155635906 0.816650823978487 -0.399291541176221
1 -1.07257519570462 -0.536011826416352 1.12048959663469 -0.630193196888159 1.61069530630060 0.114740604267411 -0.646828732610286 0.364043296926102 3.32459241011798 -0.50739471608057
-1 1.30261002017172 2.10799239619563 -0.252023275867378 0.926682521479818 -0.79877046436856 -0.477418572008831 1.67010764927051 1.10038233131527 0.557124549306282 -0.549260975839575
1 -0.64137968408967 0.374376128187993 2.75095407296874 -0.752155290870471 0.321346994436284 -0.361772255639131 -0.228286265525145 0.714377891988507 1.65927988744392 -0.553305938054904
1 0.499137001257215 0.498515321383989 0.383750319934753 -1.25365624984332 -0.149911584980644 1.03547043708874 -0.846226989677208 -1.07603730575076 0.843363339186479 0.862622748157094
-1 1.85727435783972 1.57106598146143 0.487741485639379 3.04766961679953 1.84183392171664 1.55394305660252 -2.084523412369 0.280580589117155 0.538567261398438 1.58408657636604
1 -1.60370356689274 0.160862849215299 0.116536035642988 -0.845228092449654 -0.406378409401383 -1.35324252225305 0.572084444495666 1.59930819437873 1.79361177373154 1.46783231428573
-1 0.440099272744664 0.757001799851084 -0.219554136746162 0.32626078556942 -0.516679934397852 -0.201362955017817 -0.496016706926932 -0.36017420831558 -0.222250577546895 -0.469372255959035
-1 1.19112035712082 -0.1073997631691 0.93490914464799 -1.42152352493927 0.453038972103664 0.432672142236379 1.70464072475067 0.0451928685383166 1.96559387908426 -0.0221077724724960
1 0.99084747813683 -0.397449483046736 -1.50808624283530 0.0735950167590358 0.587790540703395 0.442791047146327 0.176379244795302 1.01071301361611 -0.871697582778746 -1.85225937013695
-1 -0.547111991733365 0.197599768225441 0.536852345380741 0.0405575841542110 -0.6443809942909 -0.381752683633595 0.937199888646564 0.522995643996123 1.09126408333266 -0.716881284578785
-1 -0.764305801803819 0.787912666501776 0.545737402318298 -0.221483560225451 1.33217216498657 1.27598116742407 0.775231161482284 -0.000986428185025812 0.203473332761973 -0.129909704089056
-1 0.0449011254561732 0.965984161273978 1.78137711393312 -0.0914088246428305 0.91892889525987 -0.582465752584154 1.89693047951056 0.733027019878417 -1.72455802159908 0.387621797541335
-1 1.62646228768603 1.01783496795522 -0.48908335002275 0.31646054757516 2.44171420515122 2.76200966438082 1.96249431936856 0.728307220835082 2.38392894419772 3.21826062861819
-1 -0.251576694305807 1.25621922297510 1.65993268925059 -0.588061139897096 0.427724927482842 0.821028861831272 0.403739139025005 0.440880009677822 -1.34445589923045 0.996780567557173
-1 0.550290504737144 0.975630028347052 0.391211709625533 -1.26391074999433 0.677656437432458 0.25595550562792 0.461142861854365 -0.91459917759517 0.228494233213160 2.54055807141981
-1 1.09218158371089 0.160613270990697 0.942894169501807 1.89980978542205 -1.08966118774503 1.41517024854624 0.296879696032731 -1.84331094753869 0.617491501330357 -0.288022810221896
-1 -0.0910763578524113 0.542763215754879 -0.874232156428779 0.268530289359379 0.234989600112613 1.53972554430353 -0.534190654428454 2.06919083372846 0.664406534895201 2.05724438687935
1 0.666349022297566 0.454009746367327 -0.521206024278457 -1.25899282729501 0.150549518389226 0.0480238179450191 0.246398572050015 0.782128166053207 1.59442161810449 -0.0218861529327695
-1 -0.515893765171039 0.628661160421271 0.0214523666612449 -0.130563132610618 0.818845771402163 0.691129034208548 0.605191591052104 0.424748763378539 0.805947642825267 1.8562170058112
-1 -0.782679515235923 -0.90302674375535 0.608989776626974 1.61489903563536 -0.531196943452881 -1.21778361660356 0.573432941381862 -0.573978441681843 0.0914962596210688 -0.722105319616514
1 0.459039701210561 1.50714433855991 0.769026073355296 -0.903927219177608 -1.62979221227103 -0.601633357685959 0.113806987554964 -0.0197642094118516 2.05165983274764 -0.851315873063098
1 1.74786995715342 -0.614647089074478 0.0610856326116777 0.303476659447948 0.704311673292511 -1.05687597536869 -0.0117322278285886 0.768492777763437 2.07768409319714 -0.339275580929751
1 -0.7131256467783 -0.485257279102544 0.0322267197373058 -0.526908504939309 -0.484915453864555 -1.31249889199675 0.842999847304231 0.466349316668430 -1.27322759086464 0.0447763156509551
-1 0.383762407283241 0.664468248785868 1.95075058285438 2.01637762266453 -0.970477791528377 -2.23689465347310 -0.618943695251913 0.452330351557488 0.441856293612837 1.98872707676802
-1 -0.413058138051938 1.61110127999132 -0.542600176393584 1.14843835369718 1.26533941724445 -0.554104161236906 1.50977715648206 -0.824628871988683 0.0937030006360717 0.836267394008174
1 -1.74357549959062 -2.31401046019516 1.11217387280404 -0.0576115107847118 1.05417348764937 0.634292568896665 0.605239977314297 0.153985711178336 -0.984531539170003 0.488877179683648
-1 0.381244343883062 0.0568192551119499 -1.77481273114154 0.563866734449152 0.0753604116573552 2.99934592683725 0.978995054128261 -0.0733241317195479 -0.441521801459203 0.96504554854555
-1 2.38570216133309 -0.0186600001733348 -0.981698004967471 0.0127399184259922 1.76199222075848 1.10263798935241 1.8005383340941 -0.426722656206081 0.96193067045902 1.06142418409338
1 -0.43841243897219 -0.88894621297471 0.938518671594733 0.3067575270067 -0.00453867316615743 -0.316072439475233 0.217875770665717 -0.769733795176786 2.18894432423343 1.52882423352079
-1 0.854224875976202 1.05235235211254 -0.548282847181372 0.0890237850382354 1.90391314084684 -0.211637323062198 1.08085443767572 -0.208088820665823 -0.657002204095502 0.0931391732588365
-1 -0.904038194416451 -0.494527507194582 1.12116660435622 0.409763381737279 0.281268512599049 0.811294377592727 0.51028348456035 2.00072351334356 -0.191604858117713 1.64911809128205
1 0.546386324673292 0.547669131113264 1.13271978334608 2.59062219581399 0.422110820496418 0.0179364259933991 1.34853704183352 0.780109559796022 0.200161939348808 0.107748548323392
-1 -1.06492859120311 1.93530941941090 2.30516648171164 1.53754417561889 0.073621605947036 1.22924790627133 -0.27279724659061 0.528909511978788 0.591709692776664 0.7427383588104
1 -0.175420372130903 -0.554380561880302 -1.16559653791861 -0.513251623851727 -0.702835876286582 -0.324031538840954 0.470247653451408 1.16256944985914 1.89677381088545 0.372734382176817
1 0.538523505429710 -1.23100193362882 -0.7314028590383 -0.700947970834916 1.33827667779399 -0.0442308275615045 2.34987799185661 0.88863507784033 1.04767014877341 0.102626219909969
-1 -0.953034628042814 0.523190568395691 0.0537834312213066 0.704761226400879 2.42894565753084 2.79424809917496 2.48209759044203 1.03173207709275 1.8407719656655 -0.890258200809222
-1 -0.493288045581532 1.11197418050483 1.66900506553103 1.71822766300970 1.01439077194723 1.3038888513416 0.216470993346034 1.56901895302512 1.44018949770463 2.36382783509703
-1 2.44640265865516 0.322050791752121 0.0576651425456052 -0.621196836861094 1.0745097078827 1.24669236682148 1.25252956909995 1.65073647086699 0.424775840457096 0.506801872691515
1 -0.120955568918834 -0.701484374975977 -1.39295417938797 0.369020521858187 1.86328931453998 0.572677356384684 1.23585109276248 -0.436210994583791 -0.221816529617844 -0.900721594061732
-1 0.842288358630838 -1.55117382076076 0.64325542965798 0.269371709911199 0.740064955418028 -0.208117111982419 -0.107441086788156 1.52731327908937 0.301152234521906 1.87307744440102
-1 0.414145793860291 0.340765233729883 0.652166935134245 0.886933108254006 0.54229833572093 0.237580725128637 -0.675305727924968 1.2424187464044 -0.384463331361386 -0.490923462525372
-1 1.39962395178917 0.0644267792525527 2.19334913493750 1.71886028592166 -0.115167463912413 0.730755644447606 1.56017905262824 1.00081078931549 1.00411712926788 -0.485132792567538
1 0.411304511582902 -0.397038206604924 1.06957887988867 0.311866694509053 -0.167592933675799 1.56067460832246 -1.42766484174685 1.25683006566361 -0.117877672141263 0.190375019982803
-1 0.275891889551828 0.784385924192745 1.89641110804402 1.32030076732043 0.747395148339992 0.196955184901609 1.31506826899251 -1.10330597736428 -0.343684829194412 1.16688474855602
-1 -0.0705367423421859 0.738661485773102 0.00403710371436239 0.870849669005137 0.722346306697617 -0.488437159627752 -0.0701572260963917 -0.511942660285193 1.01924683187256 -1.70927361600094
-1 1.51545824664963 -0.0542262288319172 1.04101671303431 -0.302733973413114 0.9917820286602 -0.0620663347766424 0.546380919482351 0.8287405109841 1.25573917567769 1.48958126870055
1 0.371150057997366 0.622627994187511 -0.265942970946909 -1.05241200600483 -0.591490485589149 1.781627768734 -0.0178630867675144 0.282084005762589 1.67380669922501 0.639475752414872
-1 0.215474365515373 0.113398393995012 -0.461703429998655 0.878840541305778 -1.47992659580954 0.588565489595395 0.906948562351745 1.22155544600639 0.587546889082836 1.01892547688169
-1 1.28536213376606 2.00900411500889 0.0496955235576646 1.74550944151295 -0.0530662173381548 0.674591698308253 0.589330802568848 1.35602396550166 2.38699534723885 0.225454597323612
-1 -1.21784878607643 1.46833405336925 -0.54709888564787 -0.816174434777596 0.546522599743923 1.16355946675476 2.14092650170023 0.232071698903283 1.16251835415899 0.81921077222293
-1 0.998641398421311 2.63059492320208 1.8127655472419 2.62225809952657 0.38287662964282 -0.465710888464642 -0.588794713807217 0.0369855382758234 -1.01346640036165 -0.5377084109995
1 0.874653032586717 0.505099724060637 0.51118267585354 -0.629206794969929 -1.35361825468959 0.175667653196951 0.443994035179289 0.729921529929971 -0.181298894056439 -0.428378716846985
-1 2.98895484213685 1.94552217972956 0.533454896384001 0.806790704016918 1.60361292484734 -0.0488672674832913 0.97128693293596 1.05319096101786 -0.95264543897564 -0.213253669970679
-1 1.20136068187480 -0.0361046368246402 0.99359782611265 0.632791745708674 -0.378018107619493 2.10067716198258 0.69938992593064 2.12262698149502 -0.557142051241912 -0.605691384427363
-1 1.83106167021099 -0.217475400587414 1.82844771146349 1.01561831039496 1.16695435159022 1.24542426956892 -0.211676771761419 1.24130409537709 -0.290032075019943 1.43011017587667
1 -0.473822397657222 1.55908922138991 0.617901936211761 -1.74367174688464 0.238067973958988 1.37872892912387 0.178702065325757 -0.563407609717043 0.298586667699779 -0.288680254352558
-1 2.15840025786278 -0.568870559700267 1.60275588027560 -0.537768923601907 0.742851278935926 0.721466971149392 -0.504765384141231 -0.0674384944272296 1.31771174298889 -0.0738077092405778
-1 1.13648738265499 1.87479356885696 0.716421655129728 -0.0105230050729782 1.15820429852411 0.522361516106968 1.86551684665742 -0.449935639241178 1.18119829685129 1.30794086364085
-1 0.011053437865444 -0.693771764123837 -1.14837357040172 -0.155445849017117 1.27346955124064 -0.152503319612096 0.510165387916605 -0.191735262691039 -0.76527878054272 -0.34553498383698
-1 0.665295777101974 -1.22968016775852 2.13305797034012 0.850486357760882 1.69466020344354 1.34455679859031 0.060964879892805 -0.0968923013368407 1.12707026433782 1.63465455416537
1 1.2320851392885 1.67835977129431 -0.41873306433801 -2.74336029619998 1.64899410146955 0.922785229803394 -0.705659685935383 1.49864969495882 -0.915417427541103 0.13524483107515
-1 1.50133760447254 1.46253919101429 0.743595330505585 2.28761405669884 -0.403025774039264 3.01401377744487 0.923350636778005 -1.65616432022252 1.72464426701838 0.406941943965709
1 0.84981684836356 0.145237462030785 -0.575399201489656 0.122172126390130 1.82027446953179 -1.52675318448694 -0.514777175775994 0.928677558505645 -1.11966426110172 -0.642106032046664
1 1.80501998000236 1.37584299330030 -0.110211154635964 -0.0357988734780484 -1.16406752096524 -0.803056888250067 -0.529513405595368 1.14491636245631 -0.560550965855781 -1.35564807015269
-1 1.23244999804187 0.165064386282978 1.43937647858336 0.653706414433305 1.49132934323765 0.82124749142578 -0.514611694771091 0.641069848187153 0.343860114524742 3.29656497203769
1 0.511034825785444 1.12301405814828 0.211884334667989 0.0760984434468262 -0.471494334164928 -1.49586994340162 0.0706497073786096 -1.4573775561942 -0.864195943572304 0.471701837458861
1 -0.211304629143851 1.78618833472856 -1.89758100374518 -0.72167842426277 -0.176093936670659 -0.830517590913344 0.0386337786032758 1.15650496150190 0.0884293842313969 0.583504970468536
-1 0.875129952397769 1.94818058373595 0.189954083470715 -0.0152212254247709 0.499301148744059 0.49579231200471 2.45620589611199 0.49957485286612 1.56571815979341 1.05355074082164
-1 1.64872083700975 1.03324603525708 0.939344055881868 -0.252132186444251 -0.00149193408162029 1.37236751757627 -0.52607462780875 0.209223752973117 -0.494633213083771 1.73503547186171
1 -1.80052601349140 -0.200537109375850 0.84450544729382 0.599423858047447 -0.170013767280523 -1.74020416634925 0.673769460899435 -0.0736352953486833 0.664272572119454 -1.21730241193729
-1 2.58409957192774 0.88834775209289 -2.56928882040194 1.48167294498029 -0.0650425553766782 0.797288277880592 -0.893211909266915 1.64399825808948 -0.617232282296283 0.0633215676607332
1 -0.185334141244583 -0.301460482416353 1.07600712831805 -0.840073975688293 -0.0808012166227047 0.56023411468832 0.764796859180749 0.627844666855313 -1.73276195686872 -1.27849991533403
1 1.84305678855583 1.04313105481832 1.30406596121708 1.04004911652078 -0.323298215738936 -0.452096187147465 0.160033437497405 0.157757156577997 -0.178213895150843 1.40467467553069
-1 1.41608587530494 -0.382725584131424 0.0189443713311457 1.39584714237720 -0.180563868612388 1.47677163250170 -0.0197760872449293 -0.92776677133896 -0.116202819387614 -0.0160949140447092
1 0.533680023490133 -0.847920111250468 -1.68087623493102 -1.30838907262771 1.20778038512661 1.16219336318627 0.397831996141456 0.460355335965675 0.0464512083979244 -1.16985103619538
-1 0.813562044815811 1.52271866541482 0.120881389929789 -0.127769505707264 1.98584333422799 1.92024721621462 0.733836533621274 0.494944770781677 0.728575656610948 1.37637540311674
1 0.902449247868157 1.48572755841345 1.31805144371393 0.630396232833828 1.60969057574807 -0.529483506382041 -0.945939728564256 0.458232198063653 -2.83592887982376 0.697820016328301
-1 1.17304208424596 0.724626720910507 0.888116420036644 1.73207063820007 0.848828068421281 1.69034360267380 -0.00265210667583871 -1.19411415791677 1.36554200256589 1.41883741255818
1 1.12392952185657 1.16884564105879 -0.823088962325802 1.53976529593964 -0.59216049814145 -0.197619910114616 0.486007949793201 -1.32226366017053 0.0120690599586309 0.572269991562993
1 0.321052035682936 1.48750837788852 -0.126070832983109 -1.09207891932546 -1.09242392573211 -0.841616859526245 0.64264287648146 0.661836862373293 -1.91182042153905 -0.808573770846993
-1 2.00528553122626 1.36006366215494 0.218621642596629 1.51933131158354 -1.20077560429814 -0.349752004855254 1.57336921713314 1.45896260788892 0.819837990615529 1.43919536586482
-1 1.80811853147361 0.344439628406826 0.971829757510623 0.797516240061966 1.96055718369830 0.878193488001844 1.43982436119593 0.962874739578822 0.237337666919468 1.18246541471264
1 0.836089639333016 0.126658508304037 -0.329599969347903 -0.530297412297026 -1.27924526008542 0.207163697184211 -0.489055681693482 1.17571784826748 0.169919968555619 0.563012939035966
1 0.48038839890709 0.939056724797102 1.61930715875494 -0.523156492728724 0.671271460092923 -0.498514210128329 1.27397934626392 -0.44108364645857 1.32623665068763 0.00585153342207215
-1 -0.275775396835664 1.47545014834923 0.931038334152696 0.694690382187962 1.66188115172587 -0.284173757096768 0.522870361430125 0.247443262535380 -0.34854637076378 -0.368484185525194
1 -0.567752519637539 -1.22766288439060 0.86537554050368 0.70581647107717 -0.166567847369145 0.267257357643876 -0.0736929838578743 -1.83864554908296 1.61045269199711 -0.382676170743486
1 0.794044475152423 -0.313878865719304 -1.46503179327484 0.97014800104659 -0.947882000316076 -1.1883081018508 0.958362261156144 -0.0744042777416021 -0.232539755652762 -0.883454476866584
