1 -0.115219492725835 0.48418792280909 -1.65502038241535 -0.688168681552626 -0.952810384315102
-1 1.81999320823148 1.42552680916620 0.814821738835728 1.16016266549639 -0.326711782597017
1 0.823052594663406 1.01276559661412 0.9013618477503 0.64858631594309 1.88255375467420
-1 2.70213313138065 2.43572010944515 -0.0300560880166084 -1.48047925411880 1.09639987496697
1 -0.966390678091278 0.0620370904321716 -1.29406748861101 -1.11190498063333 1.33164969355689
1 -1.58847076982906 0.893041321842061 -0.198227502483863 -1.7725731564999 -0.622407395387912
-1 1.85795325388217 0.863515131948316 -1.604409535236 0.829833359084962 0.701950423215152
1 -0.23096445258516 1.10705803180842 0.279332067925607 3.43238402457995 2.14950885613088
-1 0.91679120846111 2.02823879887242 0.322822136690939 0.21099129292966 -0.492669238973404
1 0.397043860171626 -0.791071428301608 0.00584281004542198 -0.623827482888898 -0.310996671772919
1 0.863259721722602 -0.636806810910639 -1.36599933497701 1.01679709521695 0.864019020793211
1 1.60049799756153 0.212253505435765 1.00005961656167 1.01531901148385 0.338545906001282
-1 1.33655210561644 0.622146533647809 0.430254214988048 2.64903522714848 0.440442396789713
1 -1.51106427455289 -0.296495669032981 0.838314658746886 -0.964278502418597 0.244748165566859
1 -0.410252077209382 1.20589158955927 0.52321970402407 -0.340686920720625 -0.181159615461271
-1 2.78253579960412 0.0315859081760281 -0.187914359718019 1.88269974079843 0.970565051910607
1 -1.4448142269123 -0.384282429424699 1.74027975845117 1.53730016367813 0.819969822468656
1 -1.08460671851232 -0.59310274644886 0.872615207386309 -0.7953673392102 -0.230054251453081
1 0.302086186240837 2.58689001090058 1.08987633859588 0.330894300374390 0.436499313631538
-1 0.925090691059152 -0.324523114106637 0.316710839405306 -0.542274806550014 0.523770643527924
-1 -0.287384838838299 0.92707221169809 0.452348187149173 2.38163497927674 2.41969169876530
-1 2.16208912188339 -0.089047787102234 1.74499161316635 1.07663695771091 -1.29624497726765
1 -2.39312210041123 0.889224257641404 -1.37864661982771 0.641420408035797 -1.39004832947321
1 1.23963983123213 0.890471859547311 1.29786502678823 -0.967832321500818 0.736969251519254
-1 1.62482178275368 1.08845285678685 1.35367792541668 1.78232888174714 0.574434358669523
-1 0.166359483271752 -0.644558059756161 -0.262269989501762 0.79810863973609 -0.757479410226526
1 -1.51539189803786 0.474161185070663 1.21306562651599 0.0334374203135075 -1.29270454761291
-1 0.792947496036092 1.15906886838520 -0.412375796364195 1.16754094075556 -0.164088472178525
1 -0.624751497370431 0.353408882699504 0.481511966722892 -0.630819413126872 -1.16167997462563
1 -0.57974688172914 0.338640229325638 -0.711495813108014 1.49402909747324 -0.88244652312825
-1 0.256578577226487 1.33302722555721 3.01380814458063 1.51850070655133 1.43300811860367
1 -1.02280611447227 -0.32047350393808 0.617127965895205 -0.594727024207809 0.129793296947368
-1 0.355895683841297 -0.143159401268853 1.36309944255920 0.288383914159214 1.03362869371092
-1 0.703803522184506 2.69856883442759 -0.101420815909822 0.0288375223809907 1.20710733680793
-1 0.612187459033005 0.263352317180027 1.45210620560797 2.77634926187428 0.560630122258995
-1 1.43555004999108 -0.414937521691629 2.03289302193245 1.42628503843159 0.766498301832954
-1 -0.862149625597893 0.195941426175254 0.676708673521527 1.45373475243099 2.62694915675305
1 1.65174908523869 -0.680463439463282 0.610511150258112 -1.97827143722874 -0.261322658375658
-1 0.787362956566847 1.41755960776706 1.57821632436613 0.92723348762518 1.03263404256600
-1 0.529712357215659 0.301208965744518 0.698306882311802 1.87457674765281 2.00498834659333
1 -0.69120985900311 -0.665785482687176 0.0315164585815058 0.138448231045029 -1.31137116219175
-1 2.04528007642364 0.0750063128357086 1.12876220759286 1.16902455067549 -0.278183627725643
-1 1.05534664849818 1.45250627702981 1.00709109082581 0.0745018621357938 -0.119835196823083
-1 1.23885864447079 2.61894790713701 1.16269029479475 0.851309816582703 1.92277580244897
1 0.094209929270067 -1.13043533089075 -0.605096959473257 0.296278636064691 0.81786998082865
-1 0.8231419240875 -0.0184104425035972 -0.256502361805079 -0.508222548075265 1.34788357314076
-1 0.500348828512743 0.639778177375991 0.846151433012247 1.95627847003997 -0.512843570207032
1 0.876972597885687 0.948857031756893 0.280668903523127 0.0238007509387136 0.657635024299968
-1 -0.634395397949144 0.393929202323038 0.526844848128063 -0.22860247843401 0.328763476861212
-1 0.0979126183961149 2.22660452198186 0.335756332832199 2.08622090770687 2.18934609797089
1 -1.14298219798545 -1.26691066107266 -1.03294788671602 0.333822577293648 2.00992446138598
-1 1.38850978745997 0.927673216117761 -0.831092768750758 1.3722523083313 -0.0271367439223673
1 0.338208847286284 -0.866027698763956 0.907669929153058 -1.16169321029952 -0.290336664056317
1 0.100496401550914 1.36218518201559 -0.505960515023534 -0.639682261313295 -0.936165789915852
-1 1.04588930373406 2.50721559147162 1.10054477398793 2.72734394701046 -0.128675521736797
-1 0.929619036586332 1.62366562943094 1.28478897801167 0.208358562128100 1.40682960442543
1 -0.87335904546741 1.04006269836774 0.407655716675056 -0.345032329083317 0.483582214004477
-1 0.560864472562422 0.370555288376125 1.59731136286106 0.271050601822882 0.992337814711959
1 -2.47626202582218 -0.953517941877444 -0.405263573026312 1.32070703673798 0.245052733479224
1 -1.16039938499277 -0.165848352841579 -1.6093537818064 -0.449052221499486 -1.53645487254492
1 1.04675406396084 -0.182536736666828 -0.108680400831555 1.23340437902335 0.822151994572123
-1 1.37872237286461 0.571171627466336 0.748503600191459 2.00964076764759 -0.59361125941719
1 -1.47549855228490 0.419740613958539 -1.75009951441302 -0.0556462063695406 -0.97661737779415
1 0.729674364454447 2.14394173838912 -0.551564183982771 0.802544720755773 -0.121931876917423
1 0.828615420528798 0.436437215918739 0.500894721929147 0.337688978967511 -1.06961535559704
1 0.0500948836664356 -0.0992367544068625 -2.02995695001628 -1.63360892696261 2.95545259960463
1 -0.458921303647969 -0.591049829442483 0.127037342314464 3.29117003600686 -0.95236039386302
1 1.06254623859446 0.232896565980144 0.345583349605505 -0.46678463524502 -0.72371209824483
1 -0.324665186866143 -0.0537826149847969 -0.0903478353663218 -2.85140465925608 -0.856057503213967
1 -0.452060190871798 -0.0472028205921531 -0.47601315281146 0.582062692831373 -1.01382942444649
1 -0.751358090389145 -1.03094810302126 -0.89182130202596 -0.94470955791495 -0.236578960495753
1 1.24593971236870 0.769048331286868 1.51690362801823 -0.786039846762224 -0.115838833958498
-1 0.623294756185467 -0.413816427347957 2.78220773071528 1.17124246632056 0.216339799857667
1 0.597736645169997 1.55075805026113 0.700912622718806 1.14592999185830 -0.899077890311079
-1 -0.652595307860912 3.0854908628075 0.961265226001354 0.537245665657279 0.481250065165561
-1 0.717470547852156 0.89378222818357 0.126881228997916 0.763374231462097 1.33957920472577
1 -1.92489706466714 0.608209949845178 0.541642165651603 0.100748559203039 -0.541918840297514
-1 -0.658462365720301 0.826374769007883 0.640686087346203 1.61465996103428 0.728205999741173
1 -0.600420050204405 0.350316872368736 -0.797639415464018 -0.0498108392548144 0.692769557499558
-1 1.35155764739498 2.22132656303321 1.61408297037995 1.60214562931683 2.40199199003116
1 -1.08298001883616 -0.19676252572991 1.03798309077729 1.07956147078355 0.671140034083447
-1 1.43416008551477 0.76851788178634 0.506926596450658 2.71039781795198 1.2352255319946
-1 -0.280380530602152 -1.00112757467353 0.0726139955215979 -0.327786057209076 0.686539041273472
1 -1.08748347560622 2.31709944389979 0.199275398228113 0.620790032637402 -3.36087426964753
1 -0.106238613420860 -1.01279859615833 -0.857814457879227 -2.09633707143085 -0.605358467807919
1 1.02534698316966 -0.773359524625732 -0.376341074292102 1.53480608698194 -0.797083199380568
1 0.163177446224525 1.27679921551086 -0.733545667645858 -0.448851125140514 -0.298145729817817
-1 1.53148197276936 1.13388458576601 -0.924967656185132 -0.0984192032972822 0.166969626278044
1 -0.182044238378633 -0.679819701020458 1.70814167984466 -0.263526072634905 -1.02162348879803
1 0.281742879432039 0.110331962264901 -1.77894536013905 0.0426603320675112 -1.25553208375866
1 0.273825299639677 -2.27977616133322 -1.14653273922905 0.774978374744441 0.824164438450104
-1 0.673714550237615 1.56182345918472 0.51568759692729 -0.0435958722085890 0.927641468603021
1 -0.0475852980159721 -1.35385104868772 1.22137682358551 -0.702189523293579 0.142437363843063
1 1.3550370102278 1.36289013052480 -0.741736888154445 -1.01417052128079 -0.776905561079929
1 -0.927874240079322 -0.0853394682107913 -0.066411461830543 -1.59596326794830 -1.44664802964149
-1 0.554039896644486 0.458668599619527 -0.130115454791779 1.85703066817713 0.597078589528743
1 1.68538019030742 -0.623781968528638 0.219595781302734 1.64370429713543 -0.761992981824868
1 0.822255190776102 0.0197986897529695 -0.487514188403855 -1.09300393925022 -1.94418631818763
1 -0.937760692450526 -0.0881865276649123 0.0359081254653111 0.363105379825515 -1.47627247191558
-1 0.993565018808117 1.97294179175228 0.606784944562985 -0.680857813896621 0.338522283789428
-1 1.88863782183598 1.11340048275486 1.61308312857939 1.44758000391301 -1.11936879825704
1 -0.205915628941261 0.472675092742474 0.498960196150919 -0.031682118930173 0.272130141950023
1 -1.41363750580655 -0.218639246348819 -1.07871977204536 -0.349124601412997 1.21904450514982
-1 1.43200812507861 -0.671256773184627 1.00374887015818 -0.40725729604318 0.90986123272597
1 0.56892480335585 0.0720710237944487 -0.239889657043252 -0.676682505274752 1.84124623939349
1 1.45998071506411 0.0237671420747246 -0.23596107222780 1.36563407192024 -0.104378233127679
-1 1.16184344264854 1.42137011182542 2.65401437722611 -0.763662700673561 0.349578612741461
-1 1.37814780284204 -0.451015275698757 0.65593684095256 0.456508310300458 -0.0824444233144935
1 0.91508952058977 -0.282932119081342 0.417507226368302 -0.810643741913596 -0.803150910730734
-1 1.38782780954807 0.737925400189217 -0.095427036561176 1.67157434942608 -0.414542497190946
-1 0.624827416057127 0.0032558792892563 0.740839265507628 1.88545786741558 1.56623058755452
1 0.444110533679478 0.935495674782341 -1.16510389345626 -0.897982779707527 -0.982175778023049
-1 0.478776088764854 0.256167206894054 2.05684333347218 -0.894475506287408 0.967711041780047
1 -0.493271187003732 -0.206163312465321 -0.448211994988014 0.206009428977473 0.0186322924619511
-1 2.96703705775123 -0.482164657255327 0.914959760465402 0.150208715994489 1.62943577083431
-1 1.55268817566415 0.513023919553633 0.240780230179038 0.57310637697611 2.35147821668163
1 1.79604230273227 -0.223818059969120 -0.354942124959998 -0.410010677609473 1.80904503539507
-1 0.914954077801868 1.38174586097657 -0.336003340362782 1.29275416478988 0.782830250933058
1 -0.612619101992549 0.0412355792983615 -0.797531502724688 0.786156653539155 -1.24245541683312
1 0.866257316765624 -0.390045408337042 1.29626553568251 0.375764112590649 -0.319877587069942
-1 1.77128192891140 1.78500782768343 0.270824487533856 -0.0991506909990508 0.292929261433735
1 -0.120443681499447 0.7735903192285 0.114576871329642 0.368648329285555 -1.01482559359915
-1 1.04594962751231 1.87075970398177 1.96694146590180 -0.180117360936725 -0.202375149476383
1 0.979004060987295 -1.57068371848011 0.593056306172859 0.633936381046246 0.271342668447842
-1 0.218438030440869 2.67176776481827 0.857862919869693 1.67231601516253 1.07192750220277
1 0.548857943854441 0.0456512102304315 0.202458176883430 -0.566385711005557 -0.0348160424719528
-1 1.16039449684481 0.670717404545936 1.32184742173772 0.931834729088166 -0.767965735133526
1 1.96269245256067 -0.897021749342148 0.636313719379958 -0.801905519236317 1.23585692731936
1 1.97066108288187 -2.57439983500567 0.2226654884225 -1.21280359594991 0.0648220899713209
-1 0.0276097876631057 0.625632692318977 1.04073868121579 1.38593548499096 1.67666103729137
-1 1.05557224677236 3.71550001837703 0.354715873134660 0.647342636681784 0.739796319915543
-1 1.49507462136887 3.99527644976859 2.69412010186951 1.99588983799923 0.293185014495775
1 2.66694221383066 -0.933759192774465 -1.41395869976191 0.156639579223426 2.28578322524468
1 0.286133750749776 -0.240658138589687 -0.483651167760554 -0.0927625344123173 -1.27984220790069
1 0.184629986343664 0.71612206954261 0.0514361841901898 -0.970380776178784 0.871716083124937
1 0.310923658924602 0.546968062452055 -0.396825212838842 1.44780670585598 0.678347432995207
-1 0.613748547520438 1.81395028340908 -0.344607551571172 1.64341942567951 1.53662657017033
1 1.39072353081937 -0.828834600221436 0.636468964463706 0.691525503986231 0.641752513921216
-1 -0.899894400212037 0.196224617354174 1.58599558187465 0.43217272160263 1.02611022130588
-1 0.629133598365192 2.00028332784882 0.821717144261363 0.408335102067302 0.0930721297208206
-1 -1.05440912914938 0.457742617132104 3.38070594549237 1.63711280457335 -0.260524503309396
-1 1.08759602524739 -0.360444820070908 1.04786570843296 2.97731208174323 0.863590993109515
-1 0.131101706385672 1.69068382813143 1.34473390801572 2.65941154168626 0.742065780146939
-1 1.52521954095472 1.01993930367975 -0.311631505683604 -0.147557850611106 1.83771372866864
1 -0.797310635787401 0.302297081843875 0.844331042051647 -0.340011459865063 -0.389371075346212
-1 2.38368260012316 1.11852253182146 -0.705103525247413 0.828162541558842 1.75160161422048
1 1.39291344860219 0.0420157438204341 1.06728899927362 0.622857497068841 -0.820640843389067
-1 0.66475150004777 0.401467990692498 -0.201976424847449 0.453137389132409 -0.166536528577356
-1 -0.313801712513445 1.11139826931053 1.43091108578389 1.10557319579520 0.823284551715783
-1 0.715140433476285 0.81006328604943 0.752359477093558 -0.207609228145732 1.33042716023729
1 0.229932019792518 -2.08718701078851 -1.12467817333702 1.80971917625970 1.21603229036406
1 -0.950683377266446 1.98755637331808 0.61156727187111 1.38450733500871 -2.09916329432075
-1 0.635014694941119 0.909131100912856 1.20161623220581 -0.450746385706111 0.93946711374775
1 0.0242405352569261 -0.383195591782816 0.898706043711915 -0.624160745049514 0.691326328565938
-1 -1.04856637558660 1.86531840978154 -0.507752172329655 0.463149633551564 1.97504712231538
-1 -0.299458462533785 -0.158734133592043 1.84560513803170 -0.0204833077793628 0.155973540557120
-1 1.19432693510851 0.0314184257838734 0.369481215615152 2.82255904684389 -0.91698630854059
1 -0.055785303569637 0.105164208826431 -0.332725827180083 -1.05896676139397 -0.36809282589554
1 0.201680016178914 0.0466862826293554 0.46188703276632 -1.17844351654605 0.0255871826866643
-1 0.413819396769487 -1.35520362694903 2.10344054834093 1.25520388834808 0.142472270404328
-1 0.663776655981152 0.973753365663562 1.80155310498219 2.15600465920024 0.460810628923933
-1 -0.743824027611702 -1.40798250350323 -0.178269498607542 -0.756297563954272 0.551255064480801
-1 0.85585583866671 2.02616580189972 0.886273283715621 2.39409040298842 1.01462679745812
1 -0.811108234661094 -0.404765195033529 1.06314271403965 -0.347892076524578 -0.153227151188908
1 -0.776662998542555 -0.215883921664950 1.06183043845533 -2.08324915618628 0.477612860257049
1 1.69387739274752 -0.519487631084054 0.543496710490095 -1.95689006229976 0.309654909407147
-1 1.56207685608617 1.74689583479965 0.946465252880657 1.70221863891650 2.57906433769184
1 -0.724502188400471 -0.283320246695010 -0.953235545902567 0.670395227190098 0.964150726564582
-1 -0.0194541631427805 1.47619636841370 1.28233129174422 -0.527693118774237 -1.75197897331281
-1 -0.297142827929958 -0.110004696345888 0.383721566521512 1.75563378926086 0.60338261903499
1 -0.978552810247844 0.237389224900971 -0.240724088359633 0.325876543414434 -0.95578183362214
1 0.125487785660835 -0.275419907314887 1.44464201466399 -1.12374734269112 0.755646084360753
-1 1.02403347277384 2.01578199165582 0.0679483131640455 0.446583995660718 0.428578411093505
1 -0.276975264804587 -0.167346439746283 -1.00943717309589 -0.174419182539177 0.192648171504936
-1 0.732834876566756 -0.705893334843764 1.81614456338496 0.0891723802651826 1.19241186417788
1 0.125586611754852 -0.0255224236744781 0.691701168529037 -0.772901101104186 -1.53129428934969
1 1.66419050738952 -0.593486048273082 0.611656383719111 -1.1427600571244 -0.633928017743493
-1 1.09316786214807 0.934059397644479 1.45330677167314 0.729349561307562 1.95979488407316
-1 1.38265525798668 2.50861901434959 0.989177821546888 -1.40894264764615 0.922382284565309
-1 1.31197091842443 1.31282110304676 -0.324003813783463 -0.0714365785619963 0.837295829647206
1 0.393426138596696 0.85923715664448 0.793668585724521 0.165373821006095 0.382562269164389
-1 1.00965427815017 0.937445670422979 -0.787090358956431 2.59565923722634 2.14314824085026
1 0.166948055354492 0.348057561880735 1.45580509549324 0.00272676052190622 -0.860365389448698
1 0.779306554768903 -0.330693776509512 -0.104066753747130 -0.220438645906363 1.19204591372233
-1 1.50051263437866 1.79632594416091 0.717795155793929 -0.163660336824126 2.07809637267326
-1 1.14600587539200 1.55675472642561 1.51383182416333 2.52095669998064 0.593624391911072
-1 3.50562144554387 1.91683500865660 1.09866350375609 0.86933631094546 3.17959486649557
-1 2.1736372390217 1.96868089245282 0.00993817833040267 0.459056192610015 -0.724497089502536
-1 1.36388747226009 0.0395889768812595 -0.950143572643062 -0.0838378086247994 0.524195289196272
-1 0.897301785802499 0.109553037955085 1.8303438400658 1.78957737138623 0.918440656811756
-1 2.57403143635297 1.42467689024098 0.424396578389415 2.0614096027803 1.57428068135410
-1 1.70242513266987 -0.224926556491611 0.786316164208185 2.23700131042317 -0.624941347922133
1 -0.439174247769685 1.65712681513782 0.201227768972914 -0.206378104739354 1.37879763350515
1 0.0471415413838499 0.188621403694173 -0.582832924731489 -0.73422248484922 0.35018613489999
1 -1.29609380043439 1.21828188282191 -0.211160155361358 1.55305244235636 0.702901258825822
-1 -0.413169733569961 2.92346873553119 1.12288165393826 2.13477009203949 1.23582254297673
-1 -0.351460587205367 2.45999373998934 2.68495883195122 0.921950970691343 -1.38744894841213
1 -0.369804592463157 -1.32354151396726 -0.318035529831626 -1.25978361219654 1.46080131681473
1 -3.34270950090314 0.947500027893613 0.423053291612743 0.375941802027013 0.165893764448398
-1 0.680312372728338 0.0728962631002263 0.956014557807445 -0.08710304008339 0.455096931819101
-1 -0.298084662364796 2.6146815456859 1.45182123046319 0.923419501673126 1.38604281118472
-1 2.58799392139077 0.406436121732602 1.78569825976762 0.942348893858361 1.38389761506872
1 0.473790246727085 0.00729396429573418 0.161447978221782 2.18693020386998 0.290186557614707
-1 -0.421905024177616 0.130665569028198 -0.481385438179336 0.258347339281650 0.956166295095908
-1 0.714067993533392 -0.312312141512184 -1.08566396170718 0.681992797127649 1.88730941048840
-1 1.56079762788411 -0.279089460883245 0.40295578277087 1.10627610102724 -1.10227249062162
1 0.92814220137679 0.239938616952243 0.842678612132392 1.40865672212474 0.416550907947771
-1 0.90865294025904 -0.261394617801817 -0.169436061687596 2.09814639092634 0.719967466857256
1 -0.581639680094232 0.0424602701343979 1.50044731072304 -0.854582359824759 -1.54060657284699
1 0.670066476772256 1.32658235710643 0.500661475657394 -0.217860777702123 -1.42217762258774
-1 -0.403242745892667 -0.366581645911876 0.480135192830465 0.00511558316111593 1.56518379942838
-1 1.10889969641274 1.99152824408876 -0.232106075497397 1.01807776951310 1.70766115528992
-1 0.0629900148648713 0.324278509126045 1.04287025819235 1.35614938763650 0.957541679574917
1 1.18320991091495 0.958917712751026 0.655951384667707 -0.00464735802430354 -0.814881689353252
-1 -0.463431835244225 1.39358890743526 -0.258512883681598 1.70501669536513 1.13239563424477
1 -2.12383745634230 -0.309409692707393 -2.17770298227281 -0.711548512756142 -1.38639431981037
-1 -0.208372022911810 0.632504711255884 0.734052536166844 0.209856746346096 0.811074217726136
-1 2.46684988071391 0.0434630956242562 1.92419170942278 0.221816222958634 0.454729886141888
-1 -0.570630966923289 1.32387059764039 -0.724914695814031 -0.649947583192498 1.05540894824602
-1 0.797718363277642 0.0234596453909527 1.37434377282731 0.309279384598380 2.41267488497779
1 0.219230822032864 -0.867983975370865 -0.696628168489496 -1.10668281796379 0.914013129675434
1 1.48649539307872 0.216137012496282 1.94819925643568 -1.58748154732922 0.893888111698658
-1 0.083829926772168 0.974071889230315 2.63699779018514 1.54671995242433 0.526017976802384
1 -0.962894403858017 -0.308601206563659 0.381393221666132 -0.56476716292187 0.535076846713874
1 -0.688169513880966 -0.113132583791675 -0.684679876277702 1.72744214592193 0.255612735346395
-1 -1.04818598003411 0.442519059471507 -1.47905468595269 0.736755302737045 0.894979777989764
1 -0.014465022001203 -1.55817928133197 1.64358832356281 1.15804173100535 0.129997859635837
-1 0.175899083855857 1.70220091055215 0.209799513311519 1.04326786601159 -0.218621667871855
-1 0.736692397385951 1.21267027537855 0.590999535460887 -0.858776227288249 1.56313548730524
1 -1.56590182952532 0.741311688376941 -0.225746580523731 0.277073342188137 1.98872595420858
-1 -0.82846341874311 1.48333657364079 1.66468084678394 0.277576235085580 1.59006887298496
1 0.584333130322179 -1.79580639713351 -0.772445552552063 -1.45404575732442 -1.53648711887603
1 -0.781420647849125 -0.0358201101863209 0.83578717734975 -0.932202987776254 -0.457294331253226
-1 0.605777134894511 1.44672658473647 3.65952070823513 0.477933127290815 1.09063917154345
-1 0.125038215261713 0.253122929946951 0.256185542923688 1.27826767597462 0.744631039414135
-1 2.36751490936092 0.624658361742111 0.00450307611700007 2.88526212145946 -0.891667256231034
-1 0.266800107541942 2.18279859844826 0.37977536021477 -0.301377651826093 0.839355006130207
1 -0.115210906656221 0.556759965476214 1.72849079884601 -0.199201800553374 -2.48755626753706
1 1.83724490877562 -0.976179026029573 1.51347422935949 -0.786211059277225 0.7928109999147
1 0.192251163793929 0.356565842031493 1.29185367224397 0.574394959479999 -0.951416677876382
-1 0.566677898131949 0.697280946581528 0.381090405835347 0.926314110220828 0.286968943723455
1 -0.481260291406964 0.57202517895213 -0.602279836375699 -0.695419947582546 -1.21325005708286
-1 0.525960366698809 0.33520315424834 2.39701186757759 1.00172576351041 1.06800665287039
-1 0.934387345694917 1.24236258239697 -0.464067005537889 0.9861969788465 1.52539046728
1 -0.589433013799702 0.994663989971826 0.654450127983507 -0.404248581238065 -1.96959764877635
-1 2.04340576514702 0.129770214466628 0.546206986521921 -0.709218598714137 -1.39288695769692
-1 2.23736164254181 0.898549485085794 1.79295094605874 2.06040222562410 -0.0747956434448379
1 -0.945922110901033 0.655119116722678 0.938086590043628 -0.611221541214953 -1.33582236699077
-1 -0.240129583760265 1.47607363266554 0.037520191655095 2.89249427693795 2.29108566005684
1 1.30112538515164 -1.26321194080464 0.671492548268466 -0.182459547354592 -0.204038446468085
1 -0.114124087858737 0.658936138122174 -0.0233818989858168 -1.06485935482522 -1.84895156975788
1 -0.0571446320484237 1.66876510032312 0.307898754461420 1.40335416204084 -0.871347589110345
1 -0.227079139636297 2.22269757185252 -1.86070014118963 -0.650278125118904 0.459211363967968
1 -0.0545976039986463 1.61535490361449 -0.795135297948317 -0.69497280128152 -0.600665887928608
-1 2.19422273163918 1.43793640596048 -0.504420966360812 1.48643152650140 1.43904644835358
1 -1.11377719150113 1.50491247596795 -1.18882925186676 1.44988579824882 1.48164045542931
-1 0.664394863219688 -0.129936880421201 -0.600006471323203 0.505995216122967 1.75983517077343
1 0.661673593173209 0.802512010738504 -0.815459210875516 0.270986072843033 -0.263917942968925
-1 0.709895935031815 0.459271899877501 0.81887315270178 -0.166838367945336 0.327133622244844
-1 1.13898607261200 3.27858572666943 1.3954540965238 0.0793248552517729 0.144568046182217
-1 4.04996284104333 0.718924723286417 0.858913699409175 0.349370610537132 2.51916553933933
-1 -0.155394020624479 -0.675962234299356 0.580072778050153 1.62885012568441 0.856211753818983
1 1.10868205914768 -1.19487935775478 -0.0337112370446858 0.0991842081967113 -0.480560025521201
-1 2.64425118870369 1.283081008155 0.997699331485665 0.517010542604557 0.924711013714393
1 1.57708310503508 -0.597363911821987 0.492548053219083 -0.119560124189345 0.153787297352680
-1 -0.829910792411823 0.206050908924573 -0.708341112531528 0.543759810586493 0.881679230900946
-1 1.17190875648547 1.21448733043575 1.20459951417017 1.42216094600842 0.383988255292975
1 0.453674082792242 1.00202356935722 -2.09637108562376 0.784542605477694 -0.327511781979339
-1 1.02121156768495 -0.414647799434879 0.250462716802863 2.21933621060616 1.35269305706445
1 0.527670861935052 -0.065669066039973 -2.38625234897972 -0.291326962744181 0.386798136921219
1 0.676240100236198 1.28890844593876 -0.0932338293071628 0.0475077181581229 0.472267467070712
1 -1.69494796402404 0.595510072030664 -0.184111011987077 0.570672837943772 -1.41978433276763
-1 -0.902491926029072 -0.196667614721044 0.837931809648192 1.52596045549632 3.08014624878153
-1 1.70692897250129 0.937178243041804 -0.00406648353663808 -0.528720334601391 1.51307247297494
-1 2.59067698409900 2.27081300911181 2.40327120585961 0.350407415442397 1.42124556471891
1 -1.65165358845004 -0.770112563782512 0.3860842606164 0.415488454862067 1.63157043310397
1 -0.894148149340822 0.205124495025799 -1.21827342009335 0.670662265038187 0.294567161353703
1 -0.106954291489272 0.523510149266477 0.350748828491354 -1.97510383538288 0.894265782698713
-1 2.11779830044799 1.32457873606401 2.51470542589776 2.56469383753851 1.63102836043187
-1 0.142272601915586 1.39332932697319 1.32064289151658 1.66102107621736 1.22474156786105
1 -1.88827460106428 0.229634053989767 -0.170337281695896 0.647499160011532 -0.684683806160564
1 0.00489920746896655 0.443017764755751 1.15291189659868 1.88201628119565 1.92772173914014
-1 0.438057406660959 2.13431717707132 1.30474832120978 -0.318863593002816 0.508313205404124
1 -1.20150766215407 -0.158675606312732 -0.108022230600070 -0.404381527075656 -1.43424678856526
-1 0.765458601897514 0.258392621945235 -1.21940554638134 0.388731365994127 0.506965627088962
1 -1.01698863978446 -1.43742591609826 -0.122505420232584 -0.079668880110676 -1.69743898668447
-1 0.0531389207378936 0.631681690390168 0.539601637447585 1.48041931268928 1.95690343084722
1 0.47034764716674 0.07521857815618 0.31884172333616 -0.175703863625202 -0.591573337324696
-1 0.207738320610401 1.83069647675352 2.88517147211568 -0.222868979244516 1.87537661910510
1 -1.98640415729172 -0.451811007133673 -0.173869570234461 0.45928105485505 -0.252237727929032
1 -0.568276662331647 -0.106865006382045 -0.821964321631689 0.138140094004752 0.307600190224150
1 -0.0883063195247587 -0.247217585076975 -1.84588635011199 -0.67064367942472 1.00037021704277
-1 0.236576441229644 0.352764214808221 1.07684375965498 1.51257591933817 1.17927495531066
1 -2.44077018940929 -2.31498716890379 0.489042345144776 -0.367404848357472 -1.51600352787447
1 -0.397544534652458 -0.081977621667666 0.362407643998592 0.416004989328701 -0.136312357841625
-1 1.25608239487623 1.01248794962696 -0.240246470366492 0.368676243118728 0.843101720318815
-1 1.66116157775814 0.866944857960446 -1.03799578268953 0.809763557603532 -0.238259725910386
-1 0.95216734645783 0.98650048815888 0.435276080325946 1.81831262207686 0.111538135274578
-1 2.39846171282601 0.55129356929261 -0.295524392472352 -0.0424063510336151 1.98672381864352
-1 1.63491137670256 0.252149640837558 -1.21138970110638 0.468579528091633 0.582103654785758
-1 1.51866580285504 1.49021481497543 1.17921894687734 -0.19955218110203 0.822798845285947
-1 0.68233168159948 1.34412211205239 1.52313533946414 -1.02495831348822 0.552643662826954
-1 -0.838868915809113 1.60333836115479 0.637741146253867 1.39611067532228 0.187933084869049
1 0.290110672925018 0.508721020094362 1.62089851813689 -1.25310291271187 -0.497068260843529
-1 0.197556414446724 0.828214068954051 -0.447768216824411 0.97579396395077 0.223469864050027
-1 0.318090270224259 0.928196912272085 0.774380471178259 0.609047385263202 0.171368249982350
1 1.03016664357377 -1.19286521867411 -0.551316191277607 0.62239598635821 -0.0151068207770794
-1 1.67826694969989 1.60624428348470 0.377419540493287 1.62021471170816 -0.0582836774750803
1 0.797279677007874 0.0994585819443614 -1.52194608783407 -0.371753114924553 1.00603583746655
1 0.782259071277339 -1.48630523310278 -0.308820750418419 1.16109363151274 -1.27137557407912
-1 0.782493533731217 0.620082402346696 0.350725425118065 0.858352350580992 0.473852486812933
-1 2.03524405200728 -0.465379215467997 0.812134706299041 2.08523830508235 0.819229023923317
1 0.882467828666136 -0.218207954686519 0.250404343809924 -0.401664076487562 0.776873664351765
-1 -0.180286843076037 0.833658007391706 0.378955109622583 1.32147064520392 0.499383981836743
1 -1.40123841931935 -0.0391692043094455 -0.100889142028549 1.25219981276708 0.180937622342245
1 -1.57349751169001 -0.220170252974657 0.733921442871243 0.512586738583197 -1.14984423511910
1 -1.62291034795877 -1.69545311724120 -2.15397827586632 -1.77174242406319 0.616029447202637
1 -0.563366466610467 -2.00890917452629 -0.585282557907831 -0.659748241130214 -0.697568257033852
-1 1.10979594968936 -0.376212390957442 0.810656865881863 3.52947309843254 1.29079680334747
1 -0.0865436521856228 -1.80582787192727 0.127950357214573 -0.579960149444821 -0.85378465525923
-1 -0.235763932769009 0.242105072187049 0.757165294557058 1.13054633973191 -0.248809603582804
1 -0.865708817442855 -0.929390771183023 1.69642270625045 -0.852813798948628 1.40527155788931
-1 0.786508436261643 0.821324433662227 0.383998816787709 1.45472511557938 1.62980080522648
-1 1.69515832732312 0.434125365063474 0.147506988755188 -0.208012166570182 1.30572764302458
-1 0.472236915211408 1.16453630326829 1.62846576579867 1.69158351298748 0.871930912089868
-1 -0.58730201869274 2.25719066305588 -0.220847596292736 1.4742354963421 0.721666136864515
-1 1.75054194401866 0.0448663520827243 0.499533560415272 0.395095752245972 1.98609017642351
1 -0.532324958820655 2.09964403265065 -0.546159923292661 1.32386433302244 0.179014898712130
-1 0.114180527003247 0.0664350399316763 1.75390106236243 2.74143099456547 1.88927730693787
1 0.344312082660465 0.246760589814525 -0.475587373545712 1.35348955927475 -0.165000174297609
1 -0.266608027436196 1.14219337162968 -0.118032067797028 0.574694871716125 1.15593072389160
-1 1.5845231476348 1.79381678931618 0.662494516520706 1.27256863530126 0.589122415276737
-1 -0.061406442403138 -1.04952335384771 1.25312672005493 -0.377443572966243 1.76494696984793
-1 -0.127983596260645 0.941835062439615 0.85982249592889 -0.425724800891329 2.00213041995367
1 -0.968065790094841 -1.27798327014097 1.17827920787416 -0.341988834933863 -0.201409687260797
-1 1.97482763254546 1.82788798936406 1.74871452410515 0.515234325279853 0.621187519435
-1 4.15856557580819 -0.741212531709609 0.957570875023914 -0.346308332389083 0.129517602565933
-1 2.76619629584743 -0.67754140131699 0.0644979512120972 1.16755289851947 1.88760464465200
1 -0.761613007111067 0.123749438852327 0.93809899175147 0.00949071299884232 0.912086989705889
-1 0.357028430272743 3.43151988193811 1.64390134572088 1.40089598269476 0.734526282275643
1 0.100252323007770 -0.846082520071888 0.619443664578296 0.319704474105072 -0.0208320336501258
1 -0.0627908607245585 0.229454836278078 -0.300019761018729 0.811087071436433 0.294577550828648
-1 -0.95645731138830 0.0429922615154561 0.819254211103015 -0.7907037330057 1.40924949348598
-1 0.481739767586154 2.50394673384444 1.91710991537182 -0.93421261473259 1.17282758919449
1 -0.979803505583131 -0.146192447897574 -0.894450522411141 -0.0150292070774054 0.222031149861317
1 0.651822882575133 -0.591703378065385 0.991904498194976 0.86478721150018 0.508885566236406
1 -1.06469187322081 -0.0671338023426053 1.30585507068114 -0.87483200790909 -1.88007871156299
-1 1.17021576149072 -1.03575790552554 1.58663321975949 1.76977559195264 -0.134379265083433
1 -0.376800641254846 0.414437650104349 -0.367728102708871 1.00440080007659 -1.51249077106889
1 -1.34518981877245 -1.40671739214072 1.37858120490563 -1.50493389092806 -1.5774123533643
1 -1.39236034484323 0.140105065830367 0.668023615763601 1.39820773965525 0.463850309649397
-1 -0.230364245374956 0.35669788341629 0.276368516644844 0.169398354415762 2.4204068000194
-1 1.34920949819295 1.95850686599897 -0.150670976363352 1.05469479121206 2.30223530990801
-1 0.521385722271682 -0.567221589741426 2.42470194370557 1.19638916625783 0.56094412585796
1 -0.205355003650338 0.143211004920999 0.359943710421696 1.70543075601067 1.62021273951539
1 0.704407645055707 -0.24694458675094 -1.54537748279211 -1.06863007835788 0.349824929690121
1 0.143047375310541 1.52993115896815 2.22321026629894 -0.948827740719212 -0.594330354488185
-1 0.44150247714101 0.567851834483036 0.0304247563870178 1.70720586180116 1.37685070404471
1 -1.14183787309378 -0.941667662923247 0.773703116122778 0.244872697224573 -0.209101046463584
-1 0.768274064634761 0.0104844140182496 2.6492572310473 0.0631799364283296 -0.0727166646483345
-1 2.22647199259813 0.571694700271052 0.382614275554965 0.815940753730574 1.08467559060362
1 -0.045712614799041 -0.325280142035923 -0.559571621794178 -0.463070423393040 0.117809390479171
1 1.65399086748273 -0.545920892224358 -0.671336845118723 0.377383843157349 -1.06586627917594
1 -0.400670716576272 -0.242928824863147 0.146348240975242 1.19792403246799 -0.800040376342007
1 -0.505714584815577 -0.548364094001041 -0.18484290125393 -0.107808744412357 0.120201526797458
1 -2.00275840816289 0.557378954154207 0.238784865400428 -0.973934448113844 -0.836006398004966
1 1.05482044896174 0.111066628271039 0.215839410416925 1.72847670655981 -0.597000287765784
-1 1.31074530043914 1.51248531831494 0.320217122059236 0.96829950004852 0.68952928253256
-1 1.12997440257466 1.47305461851336 1.68078471466669 0.101209818842792 0.513771460410723
-1 1.80951614325308 1.66028791999062 0.366733979223123 0.381318250004897 2.09643806408644
1 -0.112983626140811 1.96541180416488 0.0623479274885804 0.2023324781091 -1.06535193359109
-1 1.23197782113424 1.58972148482467 1.64898899664339 -1.07332751491845 1.61755951834233
-1 2.30854349116945 2.08855954676589 1.67187243567531 1.64834835436915 1.69762817424741
-1 -1.45931566233773 0.38677067629083 0.0208692417077532 2.16056490940431 -0.392309801711121
1 0.403056527368705 0.260318945183565 -0.516278042354026 -0.78875598094661 -0.44772298498865
-1 -0.152104201908431 1.08842864630632 0.0449572959493294 1.06234389758629 0.0234416511538816
1 1.2086287488895 -0.868311431286644 -0.192164029278906 -1.48624018902977 0.682597149401565
1 0.130377802536251 0.296210610213099 0.189511627133444 0.328834777932015 -0.708138560539393
1 -0.364704834343877 -1.65673871860710 -0.327512326175514 1.33505440048437 1.63873663761005
-1 2.07706901334211 0.93987138058664 1.02680923879398 1.85647777040677 1.09585711026519
1 0.42092434282319 0.85922635474657 0.441090113341059 0.979776519933684 -0.570815145454379
1 -0.0979454493647952 1.31066205608646 1.51571798640554 0.204295918185245 -0.93616902644577
-1 0.275558556036352 0.512435073781716 2.56746416253613 -0.939759148547063 1.88504269553903
1 2.10875307113941 0.954586763398545 0.36819915558543 -0.979061054252305 0.37924819439073
1 0.71546231496612 0.386820175272893 -1.05257203608280 -1.48634149994973 -0.518479327889426
1 -0.296702981734757 0.569261735040537 -0.241673537686201 -0.196464038093285 0.71408481932585
1 0.382490390375587 0.870707569495029 1.65453875159741 -1.27017727076112 0.772228865110593
-1 1.90772373975245 0.441455701874187 -1.27612678161088 1.22118016006305 0.250691123385243
1 1.04152185699273 2.01167361935885 1.08879330474084 -0.316939079888855 -0.570042516922502
1 -1.65378999471136 -0.0763138299653523 -0.106980405943504 0.203723705622008 1.71160629324334
-1 2.20706554167966 -0.447831027546402 1.24504711286866 -1.08695189197068 -1.00492043696618
-1 2.33330523538166 -0.00039213579728925 0.379412771534607 0.551775287030899 0.77884390925971
1 -0.149375202342729 0.343152542764500 -1.03650476080300 0.258723986111286 0.609012479561224
1 -0.466866001999384 -1.74261560042735 -0.527608469597653 -0.368054431452663 -1.43672809010626
-1 1.95249696431254 1.35539994854130 -0.679063732119135 1.41516758278851 0.71949208624628
1 1.20513992320126 -0.835980189001412 -0.262326001717527 -0.641468622688628 0.0753939595845398
-1 1.48324824919741 3.31135674174857 0.455107460533973 1.51780567499244 1.03413824299020
-1 -0.271766485734723 -0.232125746373424 0.600783735714327 2.18052658246527 1.23898775350957
-1 0.491983967599037 1.76620460626413 1.10834627803794 0.528438270797808 1.50796196837271
1 0.257258300714184 -0.777196689288364 -0.412108450004745 -0.50953944164551 -1.28460238338430
-1 0.579658672692756 3.16737073241545 1.25731309025753 -0.225829225996833 0.285058842304011
1 0.300989452442068 1.69752669778140 1.16133616644370 0.466445664365095 -0.431309299517885
1 0.598787381965686 0.0878544215579069 0.0195972856368991 -0.419503188128857 -0.659187681107549
-1 0.699746344649194 1.27317346693585 1.58900082801393 -0.0111330002915735 -0.176545997251031
-1 -0.534285762633618 0.966345544169057 1.48603539567607 -0.604328098747967 2.13414635545275
1 -1.46206526798103 -0.191703221398337 -0.342985767857088 -0.677199442026693 1.56511813579308
1 -1.25189926487362 1.27231843106290 0.632765249566975 0.946531201096166 -1.67078810183442
1 0.314068329319774 -0.274155649897732 -0.0368132588541000 -0.0467124073889341 -0.154582533679556
1 -0.361222431578258 -0.312403347713151 -0.542630943556542 -0.240203116737907 0.542495099444909
-1 2.30696953958891 0.348652630999876 1.76670465159235 2.12033134739978 1.32248798395842
1 0.284290147147463 0.387128565513476 -1.05189622684583 -1.53037236127753 -1.75082462740252
1 -0.182343291112702 0.140034913945770 -0.509019270674164 0.678737068872325 -0.674557517355395
1 -1.05347798777110 0.247085770211106 0.434274232863558 -0.814943859128348 0.0474299679257052
1 -0.483799158126455 -2.75313567692455 -0.374821643917137 -1.18934825863407 1.16940993189172
-1 1.80421806943584 2.05501989695386 0.222720368526527 1.52527371101734 2.88828718993524
1 -0.153848667634812 0.700493414559304 0.918837383449315 -0.441502326344314 0.575256205330842
-1 2.24947651367408 2.07530967083752 1.76267572406587 0.246438392257281 2.30788416094092
-1 2.13964328426329 -1.75274067555808 1.00113770325772 1.75266577328264 0.0594008881686321
1 0.537277356428603 0.464889778657613 -0.535487979475307 1.69321322600285 0.239142272539097
1 -0.352865518482811 1.07003674703783 0.87961288281465 -0.414761457519948 0.905935688452562
1 -0.614963114053344 0.246107478312858 0.253165982493534 1.23751001734938 0.347063304302026
1 -0.0103513708827125 -0.0270498470382451 -0.188052101944715 -0.349370361938015 0.726111742558209
-1 -0.186894725445858 1.02057519363273 -0.0729975415364411 0.791933375341337 0.561839786126896
1 0.603095069623586 1.20985713649214 -0.125978190380335 -2.27027907374282 -0.452612741368584
1 0.0567108243525269 -1.08481892608810 -0.326461767185839 0.456558178003396 0.769551662100988
-1 1.3213083353343 -0.131053147154554 2.66842139621646 3.17362001145812 -0.185900958335787
1 1.18955592893226 -1.84574579956647 0.844230841100668 1.96608294708203 -0.168031090808866
1 -0.131651709822315 -0.163208444685874 -1.17519853972713 -0.460204025790052 0.0884622404998809
-1 -0.472092442036449 1.4482747708716 1.01977702533526 2.19827649812718 0.868584620872934
-1 0.475406748652035 1.82934675163018 1.86610998672236 1.49748577361076 0.193854264598928
-1 1.90574900943828 2.20842239592123 -1.65423702756543 0.194420387885921 1.54775227567772
1 0.390273615830066 0.725988165588507 0.195427048270395 0.439491753661124 -1.98650786860539
1 -0.541350103503636 -0.82202720612224 0.0472001640226273 0.528522877938437 -2.01620516452466
-1 1.9715519537584 0.262466963957753 -0.127152747480292 1.35753178362236 1.15490183011054
1 -0.706024541388304 -0.378848368783201 -1.34986784418811 0.682046453984586 -1.19456598516676
-1 -0.123993667048649 1.58241398144290 1.14278987409788 2.15598626482521 2.34436769007709
1 -1.73330313156547 0.173112600495080 1.45317251228329 -1.16634697868363 -0.281843107516785
1 -0.805544043827885 -1.77383003894451 0.325546231673817 0.697974076148765 0.134658840231229
-1 -0.24108932015433 1.82602449095329 1.32705643528325 -1.35050594995854 0.283561844849096
1 0.3576721459854 0.817862816301754 1.31327369939544 1.42316501726069 -0.276628884014294
1 1.14938072866200 -0.966883465580086 0.627830401837931 -1.88839162553045 -2.00441427345919
1 -0.615616283479992 -1.15735101613452 -1.08291233297252 -1.34036691185787 -0.337930662051234
1 2.25887399721476 2.59532661770130 0.429045604487841 1.35418156136251 0.347328631013216
-1 -0.214275581021745 1.15070620250906 2.57446907798483 0.430602073283451 0.833869547735071
-1 0.81254577318057 -0.771078083575497 2.49218240182558 0.520327519678835 3.01439808186066
1 -1.02622514299240 -0.847082517039727 -1.55969342678490 -0.255187339515659 0.169040362050709
-1 1.42105856979401 0.83105384286148 0.525774294315189 -0.338376335572166 1.00943498745728
-1 0.65461415444074 1.73559000170934 0.773146408679935 0.214626816626462 -0.42944955446836
1 0.236659848802041 0.374282190701910 0.943759429186757 0.922609854113734 -1.15946570553719
1 0.275821064535171 0.83402158203899 -0.874688041967281 0.0807007528128066 -0.620343078451196
-1 0.661405802666787 0.184672657231981 0.118643362215701 0.424843877708445 0.949798325945188
-1 0.368085531981699 -0.267354144668282 0.530266314895662 1.58160709847661 0.961430310091022
-1 2.02668635069969 0.900827629562079 -0.29551494329024 0.664800315118667 3.44206508296921
-1 0.433861057435937 0.96860106103677 0.888353559169602 2.59016568268208 0.369834366663172
1 1.16243546915257 0.0839662185093564 -0.575964917485743 1.23018052434306 -1.03954394581552
1 0.75642778742947 1.24847005428702 0.000748002534226482 -1.71296998309055 -0.413955341889447
-1 2.14422030660355 0.0599748809747095 -1.66776037575209 0.383663757012597 0.65641250664707
1 -0.229111288012717 -0.809832033103083 -1.63030470465937 0.348594801112923 -1.25913998946685
-1 0.72896899504749 1.64607148921647 1.42354880194269 1.71606142712488 2.09962775710330
1 -1.37589126735634 0.125081914289354 -1.29884387228622 0.147970008965434 0.259344989080079
-1 1.71494748773747 0.0478047094046147 1.40292596157310 3.33647133398293 2.59243169389692
-1 0.612818636260201 1.05650781384635 0.609157334315445 2.37876358744715 -0.77477963061858
1 -1.42899480127939 -0.396005974458539 -0.71163847368055 0.0637847591615078 0.679309056438203
1 -0.307644789619865 -0.93782445301448 0.198786542795118 -0.141978569478825 0.896240460951308
-1 -0.959569666653718 0.37830466151171 2.01062437170836 -0.434794760439804 1.14397711199275
1 -0.0456280130328742 -0.312043311049673 0.752071168629864 0.081518516457988 -0.329218619224636
-1 0.48361906703546 -1.71070235947527 2.26264450551910 0.716254878971157 -2.14265101985498
1 1.70595606990442 1.39271079536338 0.320355963059106 -0.582046648897501 -0.800421480598587
1 -0.411317809447239 -1.59040862092020 -1.18138845898639 0.0385604169480576 -0.0385493661674113
1 -0.101228071215368 -0.258779490799391 0.765304347701348 -0.632512887618234 0.399577319987013
1 -0.905229324666072 -0.0533201532043266 -0.957644494147535 1.61920110073417 -1.33300201418567
-1 1.46025671678021 -0.869106226088279 -0.286190910920897 0.669565634777318 2.01898608149745
1 -0.366953349455884 0.0245946461486286 -0.9796216221709 0.133750700206340 0.198942322073466
-1 2.42009489415741 -0.37646451993569 1.33988497570724 -0.00453432693886169 -0.471615337355244
-1 0.214351227797486 1.15217330692174 2.19776424022387 0.919198715158327 -0.0281341965735957
-1 0.800516601598961 1.04249975284132 0.235264017749206 1.01515460745913 0.0868816383613954
-1 1.73705462345678 0.616624739037862 1.61859127212946 1.01874400329834 1.51612762983052
1 -0.0188098860906022 0.886878242974147 0.834214204764953 0.401836439672718 1.85927800243313
1 -2.3249036573192 -1.78889681722377 -0.115176430493492 0.823519592889951 1.05042637067686
-1 2.04811874031777 -0.0320921016621913 1.78680962464232 1.04440990189920 2.64653640270706
1 -0.226847674937383 -0.0456881523140302 -0.976849112306783 0.503024148603564 -1.00364627016642
1 0.0189370286199757 0.0323376698989664 -0.736768227109237 -1.25464352020937 -2.61279240204769
1 1.08175683980400 -1.08710263788848 0.199703836100398 1.32122020382101 -1.29397771002581
1 -1.51490665804528 0.362322682293681 0.733515204795094 -0.567712822475816 -0.219881068002997
1 1.15646969965942 -1.35319750216583 -0.958841264309809 0.208861627279979 -0.443279256444876
1 -0.595007935757895 0.798066529589826 1.92611717013264 -0.138476507248690 -0.0810307415344878
-1 0.783506478947372 1.42870473404401 1.44106485010724 1.24124136869766 0.61855780154784
1 0.332344776925791 -2.60670597606367 0.500053117767816 0.0679693074672401 -0.542182834733446
1 -1.35486159224772 0.198636192701029 0.567253410969936 -0.149024017739161 0.078984370520341
-1 0.188249860156299 1.46230025614331 -0.764088498987211 1.83659822219287 2.92991669283245
-1 0.619406145050391 0.361630462308698 -0.432591911920029 -1.36991190176885 2.46723703336997
-1 0.252170534071816 1.23284367997956 3.07761064659535 1.70145913242467 0.324784689322867
-1 1.22393609892481 0.139321841477048 0.256446415916236 2.78830093831129 1.30327979975578
-1 0.59325670608121 0.337866391368345 -0.684221535577174 1.41716866727854 0.421776301384703
1 1.65453196442925 -0.734231476464769 0.371462880220163 0.324626296412189 -0.266148470546378
1 -0.232957131052117 2.54942082790051 -0.541148900265589 0.484142137675786 0.581793016893369
1 0.399402685948074 1.59274177259170 0.478102305387356 0.823440031492 -0.0535364657291485
-1 1.31497509605263 -0.393764121088625 1.01389373518623 -0.566564457977602 3.43989913061278
-1 2.18712127682300 1.88781075625207 2.10138387294477 0.929565453825346 2.93166715492875
1 -0.104763763096620 -1.29668338291225 2.22935372333965 -1.61212496463091 0.0627607233214963
