500
2
1 -0.397724305845789 -0.555158497437886
-1 1.90226869764142 0.385789491702991
-1 2.00581209476518 0.773759262161183
1 0.682514325736882 0.952041957198392
1 1.32445681253314 -0.611063180239452
-1 1.31314980070199 1.28276030698993
1 -0.787733196416372 1.19495665731401
1 1.29096203228354 -0.459584842372065
-1 2.70411868865327 2.48190778917018
1 0.577334583340053 0.852907195430214
1 -1.95016183387497 0.341739603424329
1 -0.837791953634986 -1.30990208949057
-1 1.57086297230701 1.87854181947498
-1 -0.485894812553636 -0.311141191885485
-1 1.56567576555851 0.131984614925093
1 -1.38142607176652 -0.395803622661983
1 -1.04121611639097 -0.236153596604348
-1 1.27034883388295 4.22110500221586
-1 1.92070847173186 2.31868477931275
1 -0.423650709415075 1.13612765740036
-1 0.286866069178999 1.78680345293536
1 -1.43931233140715 -1.11768490759505
1 -0.289073498713703 0.182854941009312
1 1.75302601825285 0.178623442143141
-1 1.74395747114321 1.84533067473695
-1 1.24268133452600 3.36609210981639
-1 0.708035307835199 0.687310832070707
1 -0.642488863941501 -1.15797936097635
-1 1.7122467805193 1.63514420820284
-1 1.99087300852655 -0.00564380771910611
-1 0.773897335505633 0.716280179500793
1 -1.71352045955322 0.140241934512563
1 1.24438310038984 1.15851173068009
1 -0.627424206514617 -0.370897655995534
-1 0.413261515851636 1.59020631011863
-1 -0.263650530974256 1.56347305795761
1 1.19993046103126 0.272827404691286
1 0.188581884611717 -0.083853300851785
1 -0.674498452011901 -0.491951039885077
-1 1.42498393969187 2.02010364430064
-1 1.65427634384379 1.94071702522742
-1 -0.617020256603932 3.18108142522970
1 -0.078207547275582 -1.45938801310130
1 0.500357490488445 0.253416791229193
1 -0.610917124598046 0.0345781847186714
-1 2.21650989442983 -0.188241951258810
1 0.258142189805785 0.781644798978168
1 -1.50219541516840 -0.4491454531792
1 0.777152641313401 0.972070892970439
-1 0.495937582627377 1.46935633654533
-1 1.61277066841098 0.525910803961029
-1 -0.309810929778933 1.18211745634921
1 -0.324255508597866 -0.608469153989054
1 1.52891028670098 -0.265757258357057
-1 4.76107915119043 1.47577683245422
1 -0.819522518912053 0.463159365856111
-1 -0.0683094801626547 1.33722143106853
-1 0.712854158812861 0.720743785532295
-1 2.61923918547318 1.14623698520672
1 -0.794133801703422 0.731337664982791
-1 1.28633467419885 1.24953815759243
1 0.960311930213306 -0.764020823095193
-1 -0.171488004605874 0.76030749758784
-1 1.66111105132768 1.53020799427369
-1 2.07470082420432 1.71734021168787
1 0.397035030826207 0.406263082885692
1 -0.332169242472402 -0.202682448191334
-1 1.02510883172741 2.71047096422314
1 -1.10789671617893 0.40962547436973
-1 1.85302196533664 2.28339306121615
-1 0.97360648381713 2.16118263135264
-1 2.83895494963071 1.02011844667051
-1 3.52326109334532 2.27857787629491
1 -0.13151722143703 -0.0494528680651788
1 -0.496045586175963 -0.737378959860942
1 -0.171872529983011 0.466723333175175
-1 2.3444933747108 0.145650776292575
-1 1.82534039995263 1.59705318196468
-1 1.62061530041904 -0.478719507598151
-1 2.00212281780976 0.595417160753105
-1 2.37605616762700 1.54381359811245
-1 0.518756427845536 2.20891363511859
-1 2.49491086504009 1.38901284173109
-1 1.86516167562019 2.07305149660245
1 -0.552621283564629 -0.484535548247651
-1 0.490487586637677 0.465920853246553
1 -0.820778749684125 0.330015720988547
1 0.0679638739079608 1.64588797463292
-1 0.194735242652844 -0.910680522447067
-1 1.61020968652338 2.35462994844562
-1 1.23728478362518 -0.155644237946325
1 0.062701134169705 -0.429472611743148
1 0.758991068246334 -0.521181693414877
1 -0.983047733474233 0.32282247436162
1 0.64765490274136 1.16677121058909
-1 1.02186690759660 1.92726910714999
-1 0.668378220239002 2.79488795930427
1 -1.28068939965472 -1.87511173818639
-1 1.42686589201733 0.623556853349613
1 -0.407641030284683 -0.138651752598592
1 0.488332697946942 -0.859655504170507
-1 0.834234609406674 0.164334921200153
1 0.121096531313652 -0.505245357997847
-1 2.46559286953958 0.80131936735771
-1 -0.954806677312125 1.37636004495364
1 -1.23685208533273 -1.04775008652054
-1 2.13128863192748 2.72660395414294
1 -0.0445033704693898 -1.57141713894383
-1 1.14298683027076 2.5430720953366
-1 0.732855046158511 -0.494740683885002
1 -0.376414025951907 -1.00840587885105
1 0.839273556067095 1.3414991723877
-1 1.68196020078218 1.91353478152061
-1 3.53530655779484 -1.22077978701371
-1 2.34702456177862 1.14119221613873
1 -1.07872883612396 -1.05639484409124
1 -0.723758160048938 0.135802229981523
1 -0.370851220704896 -0.51149464426146
1 -2.04948543876298 0.742053183673961
-1 2.07177760475603 -0.0388406512735515
1 0.793111877037574 0.215590931443785
1 -0.648696138157246 1.52253328657595
-1 1.35458543429285 -0.329993120960789
-1 1.57971936757071 0.534605411436152
1 -0.487204877456148 -0.961632706006597
-1 1.09830991904096 2.22059039852167
1 -1.45744459797721 0.871857188324001
-1 -0.141752497155994 2.36461934052119
-1 1.81296530197147 1.67002576447519
1 2.76313353192566 0.857335792183988
1 0.233790392385038 -0.31567557561601
1 1.64196342477826 1.77893598140652
-1 1.57427932144814 2.48566814310655
-1 3.01432436125017 3.01621595995720
-1 1.84146198135061 -1.67721956605946
-1 0.432446942462775 1.55013654908307
-1 2.20944871972326 1.64585897961557
1 -1.90466640821847 -0.141277132137769
-1 1.76028615402174 2.97808544768990
-1 2.63843299987214 1.87649687626018
1 -1.44797522646918 0.0406167122806912
-1 2.32817934514111 0.848628966552366
-1 1.16997792948081 0.626384651685618
1 -0.310427724858271 -1.05451070674470
1 0.87190879059241 0.23851971181538
1 -0.0330453123329266 -0.596542532341341
1 2.44930354538277 0.576747715607948
1 -0.791576577910102 -0.00289128963854254
-1 2.82308322149926 1.46050560355152
-1 2.48991188698418 2.29336351317568
1 -0.782450566229491 1.94137031827973
-1 1.41510018373278 -0.480610329331499
-1 0.84473907434566 1.25968798290369
1 0.777028610108992 -0.129930210499693
-1 1.40046360520097 1.16826792080466
1 0.0333070760118227 -1.24734814875896
1 0.35662512815441 -0.779340047538884
-1 -0.66413481249605 2.7376808429638
1 -0.45370196814014 -1.53329507040374
-1 1.11449028486758 0.99489059051169
-1 1.24121241614810 1.12599513975633
1 0.382686998812308 -1.00435093200798
-1 1.87962588416555 2.97417866124118
1 0.656465298452572 0.294160877489860
1 -0.151901654438377 -1.8641612630557
-1 2.00084675022256 1.80729488172482
-1 0.337285465569383 0.88600629348693
1 -0.839501454131024 0.887076450259537
1 -1.16973531303619 -1.94382960773945
1 0.475355404824382 -1.51668491827166
1 -0.0537426255500602 -0.538236818908985
-1 0.0695177397098712 2.13586442846670
-1 1.97581690228210 1.22705907044259
1 0.5418302163946 -2.33242813804938
1 1.51746372646613 0.487035374238884
-1 0.271746546622578 1.71465273736762
-1 1.90540860874506 2.22839824353256
-1 0.817631690655955 0.783689539926058
-1 0.505302527391407 1.18934357989046
-1 1.159781981894 -0.5970255339508
-1 1.46587421245534 0.464496458202497
1 -0.335000451335804 -0.748654421672311
1 0.410213656984603 -0.434763041415555
-1 0.230121397315880 1.70195290779549
1 -1.34834702519392 0.225375015676132
-1 0.537123853785223 -0.0862432079370226
-1 2.29229997476467 2.27344420974023
1 -0.597973712211936 -0.61780790456484
1 -0.29427664277676 -1.47167357576405
-1 1.16914832860427 1.20584280496956
-1 0.327146137571175 0.829120432426688
-1 0.168334264353802 0.442941524566007
1 0.676388674979905 -0.921768943889895
1 -0.449101407222654 -2.42593234325098
1 0.418141106055169 -1.54517127048847
1 -1.10871389993695 -1.55768782174379
-1 2.36591126788046 1.09968062806458
1 -1.06975548080821 -0.498251403296607
1 2.23598419753572 1.43088821615812
-1 0.478757647806263 0.931254868932959
-1 0.818661495585467 3.53667950011848
1 -2.3662254626041 1.11215929051318
1 -0.321985481590008 0.652208604504236
1 -1.26764358590169 1.42206096652331
1 -1.49979513950003 -1.50669318551270
1 0.00499215673142734 1.71000599597736
1 -1.12686272749132 0.636035060946337
-1 1.66827379141203 1.94250231979494
1 -0.728298777297207 0.96770996577877
1 0.127179497876497 -0.716526619460968
1 -0.559052179170392 -0.469860468233384
-1 1.61840241477463 1.54262849789987
1 0.589976092044208 1.09065167917517
1 -0.680225526419933 0.248644642413135
1 0.438162570809826 1.08048384854997
-1 1.44284881432808 2.28509082713139
-1 0.341766404011023 2.73028649898244
1 0.550356956736643 0.582559556165875
-1 2.90115029134092 2.16701376375021
-1 2.78289953729117 2.15883238428758
-1 0.820126197307604 0.902584244941606
-1 3.52897065887783 1.14397576131696
1 0.90068812689572 -1.54903601448988
1 -1.51874597844464 -1.48938544970791
-1 -0.274214308911714 -0.658077633556746
1 0.0760715777938431 0.0231004242059113
-1 0.439533469439525 1.99609620351563
-1 1.70373164270799 0.776569629572855
1 0.809376170694722 0.374796953014257
1 0.757952778314934 0.12955380374258
1 -0.054008255017427 -0.566828372367641
1 0.930557139240906 -0.420846897170534
-1 2.38062574769634 0.87467893024425
-1 0.56357077757149 2.38790041467440
1 0.952120001036326 -0.16348826587347
-1 2.07996706673813 -0.131890412428075
1 -0.763550013476532 -0.386897858932512
-1 0.752094197753156 2.25845995646260
-1 1.88009789222308 1.07290791740705
1 1.49010168885916 1.98985653880807
1 -0.915427318194747 -0.617569174052517
1 -2.40859524170994 2.06495481759798
1 1.02238311042186 -0.579723762712515
1 -0.0998954306074215 -0.0444871481076779
-1 2.33663168534258 0.511131791150638
1 0.583994841178625 -0.256983713353848
1 -0.833557930665509 0.726367017848212
1 0.418443833126578 -1.45935518725644
1 -0.230353298466438 1.09428004996595
1 -0.572088379038909 0.527468863206987
-1 0.402448874120646 1.79788612678753
-1 2.28773677900138 1.40174659213831
1 -0.677410348407865 0.0702033702372265
-1 2.32629696482319 0.98164406455752
1 0.406256122716074 -0.832078974801955
1 0.214357894890897 -0.90674307722642
-1 1.24027612329362 2.25204601306397
-1 0.875849819352203 1.25328063764921
-1 3.39268496264478 1.96498060693507
-1 0.739856668252 1.23692962457612
1 0.384977684201247 -0.482528164318529
1 -0.135602830792384 -0.287997451969218
-1 2.95911770639626 1.43956498568279
-1 0.402179282854224 0.495826114616467
-1 0.475222758351207 1.50290989925575
-1 1.83867684207135 1.05038343271447
-1 0.508933123451181 0.78424310589811
1 0.439970853459436 -0.196493554572519
1 -1.98912374661761 1.36352913520145
1 -0.336553823157599 -1.08452147334938
-1 0.55777239878765 2.18917735271849
-1 0.0464547000581508 3.91919115510227
-1 1.30777015069336 -0.190489731546037
-1 0.191641153996193 -0.55895297041141
1 2.13679349532952 -0.0133720380392249
-1 1.49426511289668 1.77906445776769
-1 2.57084623188674 1.02717025347992
-1 1.42944221833941 1.37249850382915
1 -0.228168745616713 -0.430116987008471
1 -0.607824448366674 0.786750001944744
1 0.63393242612613 0.192512241148018
-1 0.894189087701329 -0.219263624832921
-1 1.78848357599061 0.771161474930802
1 -0.0920934612808221 2.19744552340266
1 0.177857949824939 1.28733364600506
-1 0.52538072441805 -0.784890566107546
-1 1.75523313517143 0.63147162669926
1 1.19446651784605 -0.694159953673846
1 0.294018290202875 0.220225192950393
1 0.0696813023546311 0.0117630722144830
1 -0.844877675202052 0.054181041648088
-1 0.668659116220723 -0.445907824616641
1 0.581692402781005 0.375410160675643
1 0.547954840750016 -0.117987511756191
-1 0.571032023143538 1.11813194981972
-1 0.544180210031772 0.0185669417948813
1 1.76267501377508 -2.27613236491258
-1 -0.0421022049604050 1.70520744947191
1 2.10144441596442 0.088425373015272
-1 0.891460608628137 1.56726305940734
1 1.03069965297324 -0.368811262325862
-1 2.01623751347518 0.97049798799098
1 0.129560732755933 1.14524833306267
1 0.30760344539572 -0.433640296784215
1 -0.187448860769466 1.43982803032663
1 -2.2057150324207 -0.683568298843118
-1 0.139515686298899 1.03140243369035
-1 3.7986981565955 0.234455288300783
-1 2.06508145010853 0.568681183820188
-1 2.22808407948498 -0.738582967144891
-1 1.49773607588997 0.972592901206837
1 1.58962545230789 1.17999989278853
-1 1.31207955863829 1.30923981442998
1 0.568700617830879 1.28864534047214
-1 0.255736605092675 1.38175425997707
1 1.31809782649458 -0.463331094704209
-1 1.41598960080841 0.0816205093988798
1 -0.441538513979759 1.04160823347399
1 -0.874647133788129 1.48002253423161
1 0.866810561678652 1.13653873813439
-1 1.36504351108894 0.7327282512599
1 0.530481532728182 0.209090789135382
-1 0.480792804227652 1.43682090518982
-1 2.09246377810483 1.04391219590204
-1 0.566281057145 0.824872130771208
-1 -0.603811599087945 1.61355680152979
-1 1.33776664837197 0.286832766959499
-1 0.993532274902846 1.15716280880527
1 0.0364651205843952 1.45145446083409
-1 1.09205696202967 0.563963957797596
-1 3.07503653750648 -0.454826802083291
1 -0.967066035369313 0.295038712480245
-1 1.21466438055980 1.57092134297004
1 0.00167461367308585 0.792036069546191
1 -0.540267181094867 -0.71718251233517
-1 0.0915267027491558 1.86308026845917
-1 0.933286989379065 1.28547573312545
-1 0.773323729037213 -0.621065008156847
-1 2.74626664327697 1.35137865765714
1 -0.626071061160078 -1.06222590889101
-1 2.83509615073148 0.854762657599007
1 -0.0282236107167328 -2.41916630894839
1 0.0393848687369586 -0.917091770733786
-1 3.35528257920785 2.00110819814993
-1 2.24303364923385 -0.83741513553243
1 0.740695694367265 1.03323679652460
-1 1.79779499013597 1.24508131481830
-1 0.73867024780215 1.45574085136896
1 0.151832928425167 1.26659905962997
1 1.78112345049194 1.10033437235175
-1 0.239314915121554 1.95306683105229
1 -0.95568841860794 0.256846422873812
1 -1.07973672964209 -1.53468975701606
1 0.286223773678461 -0.467564865824357
-1 2.34796515141317 1.75212414548997
1 0.479827979649301 0.67952316703972
-1 1.85427192839146 0.580177292334581
-1 -0.168136505161696 1.37149603456723
-1 0.634472990928695 -1.50417527289238
1 -0.237691544231725 -1.15656815210807
-1 1.71304846941150 1.04095077810671
-1 0.0718430125444596 -0.834634184480834
1 -0.516125124821898 -0.596715258336433
1 1.23154394990635 0.0422187350467262
-1 2.70975411838234 1.25433457231653
-1 2.12661372053912 1.54872781774626
-1 2.39588287041169 0.911060187336466
-1 -0.294449898620007 1.58988872993257
1 -0.443944353314311 -1.57757899760053
-1 1.77858784964819 2.01264853451250
-1 2.37384158708829 1.34716568618133
1 -1.20389667071874 1.10038072071038
1 -0.880850490916616 -0.965840160087543
-1 1.99392882797783 1.17050206984739
1 0.840069066377551 -1.50354357060661
1 -0.998985170474864 -1.21409144987790
-1 2.34321329280961 -0.179191027207525
-1 2.26750165895109 1.72416401032857
1 0.86259621920024 1.11166377118728
-1 2.68580341034451 0.821859011188561
-1 1.98788044381762 1.27925712703530
-1 1.67325574306705 2.83882148459788
1 -0.964778639282406 -0.968096440579996
1 0.625860780169582 1.29120568525706
-1 4.23715955736333 1.11412938937887
-1 1.72277248614090 1.90347295200549
1 0.19574143483221 0.587295235083124
-1 0.915808875513177 1.44249426793752
-1 0.399967345146077 0.421519100949411
1 0.263644938241298 -1.23672049125928
1 1.83009826031395 0.111829156009251
1 0.537948034631386 1.31067663664108
1 1.77356234925629 0.0747551104183726
1 -1.74473111064025 -0.274020373024003
1 -0.643713973582787 0.150210715282536
1 -1.25966719598477 -0.433742829694067
-1 0.156793189865733 1.81444444909844
1 0.187485571019268 1.18290352428863
1 0.195615610026636 -0.547327701464041
-1 1.05259585556702 1.66605469050334
-1 2.8091733081838 2.12780456177605
1 1.14323979091906 -0.716405780365506
1 -1.6196165265146 0.808518490323346
1 -0.312725508069576 -0.369612690386245
1 0.350911012840188 0.592174543987077
-1 0.986934932302762 1.09249690861699
-1 0.242708402307034 0.170810760068581
1 0.178016774398093 0.88368624732043
-1 2.17248854931878 0.485543295423618
-1 0.308145052254035 1.9646624641324
1 -0.203963799489001 -1.19431911916697
-1 2.10413045940821 0.921184118978219
-1 1.11267531735317 0.580305178254481
-1 0.848043556831856 0.65757396299161
-1 0.635029485631445 1.12891585748285
1 -0.198024057586188 0.0203265699220812
1 0.238366557856672 1.01210133250500
1 -0.733664526111276 -2.02664648347817
-1 0.804926704141004 1.42817336534146
1 -0.356839014848282 -0.113996882974411
1 -0.245230508818446 -0.69248327162137
1 -0.614694994896408 1.27071598462252
-1 1.72048442204035 -0.192701518072965
1 0.609370269408529 -0.47045979856182
-1 -0.33821013021717 1.97446336722181
-1 1.54491500086812 -0.13433861440976
-1 0.37811524704882 3.61868710620774
-1 0.971089755448104 0.307456598513541
1 0.0186528782739674 1.15891565989550
-1 1.64372282795004 2.06823673197131
1 0.522892289685928 -1.55341555083342
1 -0.075474621756943 0.463174043345413
1 -0.0285206413434133 -0.0646059460914703
-1 2.28140359383025 0.499321438867329
1 1.61420871314773 0.672834349473709
-1 -0.418717757096995 2.35204678592648
1 0.86452965601109 0.421821115894494
-1 1.38327432878564 1.27698417130160
1 -1.80945790516661 -0.448023668020332
-1 1.47646320183934 1.19805559555380
-1 2.28757648671975 1.31399951426298
-1 2.84391661264414 0.707932770965626
1 -0.375180769581807 -0.104403484005717
1 0.34434775519797 0.121183497426092
1 -0.687245290375987 -1.62749432019615
1 -1.94973771842224 -0.453013204037013
1 -1.03900151547178 -0.871273818238917
-1 2.12201971234894 2.78731233477115
-1 -0.488342595795626 1.13748968536191
1 -1.76371224228694 0.90395477885866
1 20.5448852317296 -5.9615865023474
1 -7.31950254305206 -10.6851752434990
1 -8.55877364567733 7.04827887583953
1 -13.4494424730136 -5.1272661687464
1 5.51799177597226 7.09832889749119
1 -4.70156839199601 0.195071546393405
1 -2.34956819846283 -2.18519184557574
1 1.73929946923513 -3.057852641662
1 -3.80556338223711 -12.5744226967921
1 -14.5592994023279 -6.47573542381673
1 -7.53560747504665 14.9654995076222
1 -9.07981994000182 -5.61294107104973
1 -2.3783268568098 13.5907201987945
1 2.70930356901929 -11.4637125581863
1 -1.36465723796553 -26.0419414468513
1 17.0542756013832 24.8647543646769
1 5.98259904835514 -13.5154225182081
1 3.15870047348554 -4.57177616654596
1 -9.33724631833613 10.3164499886017
1 -1.46593516766817 3.59505147324878
1 -17.0655911729771 -1.74297111100768
1 2.56894562416561 3.94673059706145
1 -2.14031620031427 -5.43285573106819
1 -13.2730346562579 -0.176340432903077
1 -5.4092691841218 6.72370246894934
-1 3.64682387514099 -3.01006162726982
-1 9.85546823097242 26.7349046991991
-1 -5.05299550275919 21.0772996290675
-1 0.460970237136517 -11.404760930387
-1 10.6437317771386 -6.19768345267846
-1 8.81853804021232 21.5344834041747
-1 -12.4299945830714 10.3376293565069
-1 5.61800811610179 4.62444786816306
-1 9.93725275109122 0.939443163732344
-1 20.2528459489308 3.6345044432505
-1 6.1629070863808 -1.10328747261807
-1 1.94995256181835 3.61045265824635
-1 20.5738279746489 -7.29837288645367
-1 -0.772416388979623 -15.1732696161548
-1 0.189074974190876 23.8980380195041
-1 -2.22125533078323 14.3715394211586
-1 -7.78600944480986 11.4481859771732
-1 -7.44122099209181 19.4660716033799
-1 3.90143161641961 7.65978237200975
-1 -6.5978881183907 -8.57382998444751
-1 -6.54923150003332 2.78850037241783
-1 8.36492808615986 20.5258480326868
-1 -2.47846375229559 0.67696465721062
-1 -2.04477263620773 -0.556853632407512
-1 6.77157878491142 -16.2352611003680
