500
2
-1 2.62784737567606 1.83627936604811
-1 1.68721542553622 0.133487658211698
-1 -0.54536621234027 0.44544505340434
1 0.0483620627699062 0.0315456673612974
-1 2.74837362383666 2.40600156147211
-1 -0.646615585710179 1.88772282702466
1 -0.478798522625233 0.861209480867388
-1 -0.664828914704987 2.48219951669131
1 0.0629235424660028 -0.487966151863052
-1 0.99376348417342 -0.275916308450241
-1 1.58069908119735 3.68223251309808
-1 1.42553484825103 2.48820787079906
1 -0.367080297806361 -0.314044601906973
-1 1.17606864019503 0.241173805670367
1 0.784586676576056 -0.028148262933519
1 -0.560065741072374 0.854711582506711
-1 1.16462870452493 0.951338797805835
1 -1.23842577094402 -1.40190080039618
-1 3.30155361063074 0.400631381988341
-1 1.14327142296969 2.66549348931443
1 -2.09595280475670 -0.381514301246419
-1 1.10972939928051 2.15270641336089
-1 0.036756528155276 -0.575988503211508
-1 1.43224604031577 0.605983604008945
1 -0.0606892426772997 1.84781913932656
-1 2.71872214923473 1.37135303455553
1 -1.72105769120625 0.879164423254902
-1 1.49601025449751 -0.0964569914352964
1 -1.45247497164735 0.121396878871623
-1 3.14554778647608 2.12602524386561
1 -0.382654248370003 -0.320356066556743
-1 -0.464299314951664 0.952301029460383
1 -0.297423019837472 -0.331498552394985
1 -0.494446901885623 0.0248102326011105
-1 1.63865090186521 1.04003956370819
1 -1.63455013001017 0.812939058489591
-1 1.29600910521971 -0.284093124941196
-1 1.35828226649726 0.728273343286513
-1 0.69725439501679 -0.283518647460096
-1 0.630197898653512 1.85503577331390
-1 1.43194380004331 -0.525847646722034
-1 0.416154449977029 1.56831851385584
1 0.666125717531215 -1.30338088663465
1 0.869908133266632 -0.729752500965637
-1 0.739942518455493 3.16386654522416
-1 1.77252590522459 1.82355221194761
1 -2.97626961409242 1.33321087335986
1 1.14718894846655 0.169186242410842
1 0.791162700124105 -0.451039538820588
-1 0.0328805708532367 2.12270271168956
-1 0.696944064867785 1.14740290442879
-1 1.37671516047167 1.24529674598175
-1 0.950304844104558 1.56689924053543
-1 0.737423642292098 1.42619455245104
-1 2.09546979093318 0.475161295647684
-1 0.448109797049603 3.13421777522979
-1 1.15936202688582 1.80915124630234
-1 2.82359754134208 2.31161003116110
1 0.368901977786592 0.317475187156709
1 -0.56262337825949 -0.351244265695103
1 -1.4083980688698 0.682137741700652
-1 0.398421506881812 0.48809641163977
-1 1.14982136384266 0.628178129241898
-1 1.2886876408561 0.903782459421278
1 0.330232998775972 -0.46230952296366
-1 0.89127393142797 0.713914500361585
1 2.09163908005251 0.358087420532960
-1 3.37401569389097 1.06165870308296
1 -0.745991941210942 1.38168399221050
-1 0.0954155578265783 2.79546548189426
-1 1.62799798606928 -0.584461113759266
-1 1.77242566207272 2.36497311090895
-1 0.776558598031137 2.11611697418896
1 -2.14727646661236 -0.811029589773496
-1 1.64487461000998 1.32999572584310
1 0.577510517678319 -0.345456286507898
1 1.76867465428930 -1.04263118503704
-1 0.935590379941388 0.460624451667274
-1 2.23839341174401 0.688186018509471
-1 1.90678550696746 1.24322564239999
1 -0.881400817712688 0.824686762361842
1 0.682129146789104 -1.83596720564864
1 -0.347833632327573 -0.230300625914887
1 0.738034421811246 0.783888518488069
1 0.823850056244403 1.12204974824107
-1 1.82573011473844 0.786877181180986
-1 0.537672345614985 3.06597830683871
1 -0.344364296245181 -0.664972968064644
-1 -0.979119499294147 0.172073918223592
1 0.200090714117119 -0.62584655440273
-1 2.328546728531 0.634963980268771
1 -0.578371770120608 -0.261160695186939
-1 1.35960938188313 1.86769735122309
1 -0.0409524908908248 1.03799061635082
-1 1.00648010097709 -0.242899562891279
1 1.49769539908325 -0.388957650563415
1 -1.16298788255879 0.208263022445465
1 0.757703528614787 -1.38161008314718
1 -0.435128501721221 0.584164623300879
-1 2.21026895505329 0.491698609106905
-1 1.42281699467756 1.28455694836511
-1 2.00522609056503 -1.10024173095563
-1 1.82540912392221 0.408829538677514
-1 1.59914605396114 3.44058901700005
1 0.97251186971824 1.04080579997782
1 0.541626862763724 -0.163356922356688
-1 0.602697668708586 1.54689536248585
1 -0.0818816954674716 0.989042111195345
-1 0.841836980337816 0.471999493543577
1 -0.304856732516175 2.01806928735895
1 0.209251276026664 0.467684051050778
1 0.41449049074567 0.261366163221825
1 -0.00316557192995865 0.0141125681670837
1 0.690519913440798 -0.582132191934976
1 -0.394658175755475 -0.953062741741525
1 -0.0778404103791887 -1.79218111173580
-1 3.74330981829778 1.76438128318617
-1 0.859738675409482 2.67597662410103
1 0.0714756961811564 -0.80324836037608
1 -0.886562056898839 -1.00113512703866
1 0.89359462863517 -0.338381703506752
1 0.139709625369534 1.05780695928182
1 1.08677728630077 0.0509067703296217
-1 0.93347606536 1.48678987243963
1 1.69650618129191 0.184139894172949
-1 2.67620376248211 2.23896856179098
-1 2.24970343194059 2.39602828759929
-1 0.82003190277967 0.359877972911098
1 0.157634357250724 2.07322988050305
1 -0.910208572047464 -0.854844185009827
1 1.09262388298579 -0.766150562098584
1 1.23024343384623 -0.775577321495789
1 0.635049563285052 0.112788658278625
1 0.789869038111526 0.357187555897222
1 -0.78996676208688 0.607626285688618
1 0.823933737512756 0.0632808185819315
-1 0.42764310809428 1.16901087409646
-1 0.917140018340625 2.82778645375570
-1 0.60970135771276 1.95476718840650
1 0.727616807827487 0.38159781124287
1 -0.768762074317475 0.187940448900483
1 -0.242078625122182 3.31352603833878
-1 -0.55208407412868 0.589264256674517
-1 0.57197810911626 2.83435182138231
1 -0.924794173918336 -0.479663120984023
-1 1.27985666110117 3.10551297950720
-1 1.23940118462040 2.41526787300840
1 1.15604889979142 0.121651833776940
1 1.46173946957355 -0.267119088008811
-1 2.05023344894871 0.737849527824691
-1 2.81925746546461 0.953026583623502
1 0.613676666753371 -0.867716320188835
1 -1.02060780200089 0.617411632450711
1 -0.667855524232105 0.308834059520292
1 0.468815806310734 -0.200042622151656
-1 0.779698999086318 2.57942574268475
-1 0.623091971711595 1.49901274972950
1 0.529737273743349 1.20469249888289
-1 2.67864323731224 2.46975281939014
-1 0.725800348241227 1.40488443238566
-1 1.9304342740531 2.03816580524563
1 0.0482412518116766 0.763388503939688
1 -0.712053915266808 -2.07912036420564
1 1.79159777859663 -0.949950580955524
1 1.24730095484442 -1.22152431268262
1 -0.647969182439331 0.00173103952405922
-1 1.65115121440634 1.07828034498540
-1 0.780060905402519 1.38662640859430
1 -2.05785702712322 0.454523557538073
1 -2.24790427745350 0.368647991171556
1 1.57563882386038 -1.24352574725445
1 1.31379396844814 0.529137193507416
-1 -1.15212923290487 0.933826963176282
-1 2.80278135302716 0.638654534710494
1 0.522249928559205 -2.25761137306
1 0.624507372236735 -2.02335110126733
1 -0.0163542810049711 -0.680293515856321
-1 1.39168221714185 2.31414662498446
-1 1.03646872870754 -0.0061923622440474
1 0.278028331841079 -0.192935059486059
1 2.55793006321416 -0.261850193701836
1 1.72855764271275 0.745602337802685
1 -0.429519100027928 1.27587676743488
1 0.551913202222276 0.352641715420895
1 -0.930198865675146 -0.0604926261802537
1 0.664705209378969 0.600729573007071
1 -1.11598721272606 -0.0452807909638342
1 -0.968699033488267 1.45468244100214
1 0.258998781751862 0.388996330723145
1 -0.951058540719171 -0.558567013496954
1 0.608499210650151 0.663372130475709
1 0.877731777547865 2.23838744009987
1 -0.727911491668946 -0.000579873583978636
1 1.62273303424523 -0.221046893251171
-1 3.24739704405771 1.43957834176855
1 1.19266307747901 0.00889460867076651
-1 2.79348271961695 1.77230024665668
-1 1.73575633159902 1.78949757830496
-1 1.99455756668315 -0.00269224835659077
-1 1.48280597970000 2.71234654820391
1 -0.285510708398923 -0.0250296707180974
1 -0.159593553809104 0.56148138347693
-1 0.477341515364758 2.38812230883723
1 0.948119573435485 -0.260399163661381
1 0.225871201182314 0.0867501760840624
1 1.28614255918329 1.09556639739833
1 2.25652031662334 -1.74785804046154
1 -0.689633841226555 -0.304098565656806
-1 0.0823295623404503 0.0566988022197794
-1 1.23558655829372 1.60440052560838
-1 1.25664496882843 1.22413806606486
1 1.62838423571613 -0.984491660617671
-1 1.66953065887480 -0.131073110970275
-1 0.573507373847327 2.26088711122578
1 -1.20284622129648 -0.177506354831334
1 -0.568321631031775 0.546795816519325
-1 1.30842863518857 2.66044453518597
-1 -0.29221030963319 2.84729360482592
1 0.952143299747933 -0.177284231413127
1 0.351305644546095 -1.24678843436940
1 0.771458721765096 1.76321242969262
1 -0.554887363547808 0.247911839713135
-1 1.057576903821 0.585231042484799
1 1.52810718691590 -0.442493087337023
1 1.54947183871213 0.570666846099216
1 -1.75298525326433 2.1527645709616
1 0.0230443966123709 0.449686004464190
1 0.215609993574878 0.561459339330038
-1 2.31198828357178 2.09008954832658
1 0.312010347436197 0.253459658470562
-1 1.50680517731493 1.37228232766656
1 -0.0457958420073412 0.688952141409732
1 -1.37156019005957 -0.0285734583782137
-1 1.82210149801636 1.18253249146619
-1 2.17287161697995 0.672320554405761
-1 0.81039944215129 2.98412095462166
1 1.14688452632273 -1.35342475575311
1 -0.426479537793973 -0.0425618798292042
1 1.71702603744489 -1.48311154077575
-1 4.45744679622668 1.52942882092028
-1 2.06119857919064 3.32209532704662
1 1.75697214582138 -0.758002117414168
-1 1.75035090415722 2.37858388965159
-1 1.4254015058904 1.77357686148031
-1 0.935479071215697 1.54027577498045
-1 0.484586190337545 3.3406333414759
1 -1.86133927554684 1.57553639944570
-1 0.84068863669017 2.37255528896453
1 -0.970727935012292 1.54413098178325
1 0.399725805794425 0.534851924642195
-1 1.52307060424635 2.13629587412625
-1 0.263540123838851 1.40918894241658
-1 0.75229208998559 1.22131311612113
1 0.13223382260087 -0.361028517411944
1 1.47111313017816 -0.786950109491911
-1 2.16494951709399 1.01186941192804
-1 0.66321576256576 1.6057470053909
-1 2.29106515447225 2.08370747714828
-1 1.30173086808368 1.96202416734939
-1 1.27390808083797 1.87966921506883
-1 -0.378997155795753 0.0583842116621884
1 -0.371035449303082 0.457755975996865
1 -0.519819668454483 2.43380047871707
1 0.146725301881646 0.535869126050349
-1 2.43963163860312 0.959546416077208
1 0.0402024628624554 -0.266765453232786
1 0.789875508225534 -0.471973167301116
-1 0.123699854810379 1.66882638077041
1 1.69522011902125 0.681829279076745
-1 1.32251880560354 2.18962999897618
1 -1.28217596058803 0.173534822162120
-1 1.13240003308582 0.798332532595197
-1 0.703848114408202 -1.03523179164606
-1 0.416588096754743 1.85379019290969
1 -0.136654578144848 1.58782793757590
1 1.04510780396976 0.666649718705625
-1 2.09217096912507 0.0151796516834450
1 -0.461079051602587 -0.20978937336812
-1 -0.0181616189189933 0.797877901038543
-1 1.21601496373344 0.80052718781164
-1 1.11384822000410 0.300979820375266
-1 -0.788729064030184 1.65582768690047
1 0.536990734029083 -1.66661548550129
-1 1.41274856995234 0.819257131879735
-1 2.24209771647999 1.36382998268859
-1 0.629563714689152 -0.147557425786816
-1 2.87271940693337 0.90712139936837
1 1.10775202011339 0.290512275156103
-1 0.703546117951977 1.66580980239854
1 1.71279925695764 -1.03824776155935
1 0.677733389838669 0.484390332702614
1 1.54632108796745 -0.0865291546277097
1 -0.00201786433887127 -0.602175393028956
1 0.490858782614324 -0.767568477161515
-1 1.58586725462727 0.601048245494943
-1 1.47763875662665 2.83164003661688
1 1.28747788525147 1.40237779750823
-1 0.211316763253581 0.811426216215535
1 0.470420040940566 -0.0658457536122504
-1 0.077339924202537 1.53658735485900
-1 1.13350441483381 2.30457237380422
-1 2.88309181727236 1.37359135624350
1 0.489906408284044 -0.349091624811265
1 0.875003526593798 -1.04109149119964
-1 0.69144647097286 1.4782597712063
1 -1.47710531227244 0.159171774275987
1 1.20628384052105 0.706980004106031
-1 1.03501885033003 1.39556111357635
-1 0.250822756566400 2.28331278622268
-1 0.140393887816600 1.81118504552787
-1 0.446483605913894 0.340319718176039
-1 1.35563944306008 2.74440034143360
-1 1.50071729557604 2.22546215085009
1 0.389731133089274 -0.486980640565164
-1 1.26442792252173 1.75485572863688
1 1.11120067552048 -0.865666994660286
1 1.86360133702376 0.71423721904702
-1 2.45981267556378 0.974521428230724
1 0.101992683195577 0.722384912687884
1 -0.278191257083479 -0.805475103422819
-1 1.35294460685650 2.16061439500277
-1 1.22205853672771 1.78295994026044
1 1.03947385243532 0.313181526798702
1 -0.481595384975314 0.098284986148194
-1 -0.29154849806056 1.73541971004724
1 -0.953582925811851 -0.176425049497786
-1 0.469892949933562 1.12145094563762
1 1.26179984156437 -0.119403231323739
1 0.168889161450797 -1.99527383615581
-1 2.14635690738503 1.46201746238525
1 -0.0319024042018711 -0.807324422900276
-1 2.02177767968236 0.978538178633346
-1 2.03003277331105 0.723625046272653
1 -0.157587884612999 -1.16996150758161
1 0.122269454463185 -0.834854385420988
-1 -0.266530715251819 2.9706134909301
-1 2.52593037965894 2.03062303748016
1 0.892686769682685 0.839103473779722
-1 3.31772168612384 0.245086759742468
-1 0.260220622052643 3.38865511530594
1 -1.09808414349736 1.07585863837975
1 -0.453875791997926 -1.29955123307885
-1 -0.254806685326001 1.36468024104670
1 0.630182440057109 0.627473051937779
-1 0.673623402577276 0.818241079286192
-1 1.89883841662087 1.80433588839364
1 -0.751051388678703 -0.552282752563841
1 0.809001115871386 -0.76183815377402
1 -0.93870897808631 -0.563344201346582
1 -1.80330979973712 -0.782136300987739
1 0.160922037071820 -0.459631378006335
1 0.260324640304956 0.0715142947181062
1 -0.757194194426038 -0.00473169202975412
-1 0.0604116116766935 2.0262519575286
-1 2.34583236499688 0.238787828062492
-1 3.04874578157308 1.27935320602889
-1 1.3578520054004 1.79051563261523
1 -0.63617783226798 1.16403750660995
1 0.245379987810867 1.51767535456299
-1 1.10883435148915 2.11435797222076
-1 1.16142061155706 2.39213796752654
-1 3.45082037089992 0.37082808662823
1 -1.88612056791225 1.84986892722095
-1 2.54862630363006 0.816265736184248
1 2.53066011428375 -2.50125993492112
-1 2.33900292712675 2.15174827174135
-1 2.64404415865995 0.689391442246017
-1 1.87137652475213 1.44283662248596
1 -0.744371450974971 0.526830917739607
1 -0.871882135966187 0.543613083781576
1 0.996243844911129 0.613301358059805
1 -1.03270967662648 -0.997743690749696
1 0.385352188053352 0.128550797990265
1 -0.205049944840640 0.336079522552604
1 -0.397757260961536 0.700038214469602
1 -0.649247402450486 -0.102438916746397
-1 0.6138639433314 2.76769548984189
-1 3.11093449001559 0.171002135070331
-1 1.74718859933916 2.44804049152905
-1 1.64927076131466 1.83310021444047
1 0.319877489196263 1.27425770175726
1 -0.385613929430891 1.01154217192244
1 -0.418145628693925 -0.72760041626133
1 0.341283858400265 0.742747466597116
-1 0.968190998372265 0.399564257492916
-1 2.26013400731084 0.953791307226986
-1 -0.00109771479908938 1.21705464874477
-1 0.990804895945029 2.32347591387980
-1 0.956314322257684 -0.264089772839630
1 -1.70507326778902 -0.140313147690168
-1 1.89767249541945 1.22194140167133
-1 0.61540992593755 1.46331240969704
1 -0.472878276564071 -0.616601261617182
-1 2.44185133796905 0.402871232343586
-1 1.51510051316224 -0.274491500814903
1 -0.940306532392381 1.63821182396200
1 0.413981627786317 0.019397845956726
-1 1.89614954678139 2.01769195990749
-1 1.09614245886706 1.73795164443938
1 0.148717355209499 -0.212370640295944
-1 2.28588269871442 2.89441583185421
1 1.54856422488223 1.50953151381394
1 -1.47722483357156 1.84811932370456
-1 2.16083451304829 1.75201073868751
1 0.985969672537397 0.342860271614872
-1 0.397728927460133 2.11520945219248
-1 0.914229574702346 1.01475076191692
1 -0.81880425925529 -1.33644462346911
-1 -0.539056102506074 2.26570705751604
1 1.33213513384442 -1.94203501497515
-1 0.292187830160493 3.0474158858802
-1 1.57156123445853 2.03721945185748
1 -0.591290603601926 -1.18815028862436
-1 1.05334013035464 3.47886858773596
-1 3.46388653330281 2.19787460649436
-1 1.0276417892441 2.20718268670352
-1 1.49041393501185 0.874327121034847
-1 0.548495898762713 2.31626535476995
1 0.350234138614369 -2.53341405071399
1 -1.37589964350747 1.24274880420877
1 -1.44624827974504 0.608848022061589
1 -0.70199699850739 0.612395659071384
1 0.555068536585401 0.546956143181901
1 0.99537676890554 0.301960360692699
-1 0.102063370626220 2.21520854912340
1 -0.0229671584383935 0.636779738720833
1 -0.162666548079922 -0.349485558115733
-1 1.76698473699379 1.00948191788883
1 -0.287800889212006 0.377778146161465
-1 2.91644832905191 3.09532328898521
-1 2.39078915522657 2.40228549212103
-1 1.64454496073585 3.44604995336022
1 -0.225303315157434 -0.548425106345113
1 0.715002309299415 0.220708279494990
1 -1.36532966510210 0.707502455520005
1 1.14360197135790 0.940010854242307
-1 2.29914796456019 2.00360357473472
1 0.400689962549323 0.96389740842453
-1 0.831782171410802 1.48286859905171
1 0.205479288259565 -1.07801231915191
-1 0.172684822955925 2.85813317943744
-1 1.70229218103856 0.60849375707199
1 0.862236554682505 -0.650978656373076
1 -0.0820542910590151 0.550966491366235
-1 0.132954697522409 0.451850464189532
-1 1.78593256274971 1.97517930823841
-1 1.01007656682155 1.16861358327582
-1 2.22927080061202 1.35582790679771
-1 0.70207264255919 0.411285044454470
-1 1.26517586310574 2.36157878480789
1 7.18473175388213 7.06881249168929
1 6.97641612099574 7.13608366443072
1 7.03846526206184 7.24130389721301
1 7.16044413581052 6.9516709872289
1 7.0023361172008 7.14525728405258
1 6.94622388038882 6.97117783952627
1 6.83607695166728 7.12185665982299
1 7.10945692540122 7.06433604279173
1 7.0834639703011 7.05511196418476
1 7.10548992428542 7.05731092542968
1 6.88000471591853 7.10708907781724
1 7.09359233739126 6.93871180295859
1 6.91493699229181 7.1492752734724
1 7.15563670436362 7.15787120208589
1 6.96742095937454 6.97730500474316
1 7.0775201205636 7.00850322818993
1 7.1342801983897 7.10750283120713
1 7.07695078214448 6.99090622078816
1 7.17644626065722 6.9133309600594
1 7.17168105564134 7.18504608183577
1 7.01400808440714 7.07813394451644
1 6.98131989422128 6.96187646317345
1 7.05881771908289 6.98746679889987
1 7.00038589254556 7.08145449359057
1 6.96559226270282 7.10287720014943
1 7.05424859345181 7.07014810665893
1 7.06526352855349 7.16516894806947
1 7.16932673834681 7.12998204459124
1 7.10669655250474 7.04351158230546
1 7.0003092621573 7.09206009079877
1 7.07800559147257 6.9949699278706
1 7.07250127943855 7.08708112347967
1 6.96946571692849 7.10745152374297
1 6.9802453903186 7.12921642872946
1 7.14109418682477 7.18919170214802
1 7.04522799907331 7.14658360829644
1 7.1257440047351 7.12404707271798
1 6.97686446040273 7.11612251689214
1 7.2136239969432 7.25418482829671
1 7.12322529938523 7.0997860206034
1 7.10195864716497 7.17934316006207
1 7.07648176157048 7.0592457491419
1 7.1276097466726 7.21843810455357
1 6.92425666601704 7.20817451951882
1 6.84631091419636 7.13969882004903
1 6.84499311053559 6.96720166098172
1 7.1340543417743 7.1886085161019
1 7.07275541803217 7.00791382974286
1 6.91922501968128 7.08130725755017
1 7.05399311201951 7.11481993673941
