500
5
1 -1.65275496796592 0.359966160610226 -0.746605242892601 -1.05206615080212 -0.342099256317776
-1 1.12385566904021 -0.14633207618976 1.17027610261822 1.83468013901146 1.68463283924074
1 1.06618337550900 0.0482295888520834 0.239302484670743 0.1720741674315 2.18264975397889
1 0.517448168179221 0.110874761849922 -1.14370046419990 -1.51971089613257 -0.776996067677215
-1 0.769269820006737 2.10222288013870 2.65035921177574 1.8959292981358 1.63780454608686
1 -0.752005911505817 -0.878522362702961 -0.612680530376282 2.08293438887349 -0.739208214650694
1 -1.34073456512146 -0.354166149965653 -1.39758773474181 1.38043058611831 -0.213885898385066
1 -0.758969478768286 1.65295253050155 0.120059700507594 -0.186209822335545 0.495721131942275
-1 -0.623347418989535 0.924592070132189 1.86338369265229 0.82170957900616 0.0101641132304099
-1 0.899715272883934 1.23797903916767 1.18034246504314 1.51480363677787 -0.303548340022897
-1 0.572720402209884 -1.01048027343575 -0.72387637858052 0.123304812928320 1.64609473135811
1 1.31187430641897 1.36715898941921 0.981311424496247 0.225654610419290 0.43819968338011
-1 -0.762595936178594 -1.07331348581214 2.59042885538563 1.57414468799654 1.22467917987033
-1 1.33285462349993 1.99240384926363 0.758008094821604 0.859876426047783 1.14750531314643
-1 0.473704346537367 1.35093589847464 -0.364908742415214 -0.312974709564108 0.999933139671719
1 0.472587462237839 2.08745702659283 -0.0126613439147723 -1.05626285015860 -0.00121826188841444
-1 1.59803766318042 0.251552946198118 2.78963060563203 0.440317702850822 2.22772789104781
1 -0.674532697572078 -0.600276746550064 0.452361568013695 0.397674761267072 0.242139254681119
-1 0.838341661566595 0.371460315462001 1.40991246610111 -1.11264367680300 0.524011057686763
1 1.29210796577354 0.984932454405788 -0.676799499060296 -1.95276753948550 1.79739000372598
1 -0.496842759919618 0.33341858065663 -0.129069157880635 0.121039531440106 -0.0391940338176707
-1 0.54472549231787 1.43883758876841 1.73518372528841 -0.26272743027346 0.62221475593523
-1 2.80485073018386 1.20187065806951 2.65824044002349 0.468672319738131 1.54224725914790
1 2.68305265530782 -0.432006760100712 1.33468674778450 0.571512627438138 0.500336904019161
1 -0.677519534922105 -0.995865084136744 0.285133053241450 -0.856958657926069 1.71787084696697
-1 0.193945225151503 0.723365705709594 1.34587996320516 1.89848662273575 2.85839267242401
1 -0.111217221858335 1.34861898387962 -0.557759045588086 0.346573831403997 -1.52344820670743
-1 1.51399799146503 1.05830717840557 0.407533767240936 1.33245024370502 0.934273519525081
-1 -0.571572851080765 1.36367192844976 -0.559344008046669 1.79885606919572 1.51680434627081
1 0.744726373702474 -0.340203826530084 2.51385900406465 -0.103205311750578 0.416179623589513
1 -0.349182339697709 0.95591291916661 0.852704124816173 1.13071610662474 -1.55141710054391
-1 1.73361579130813 1.81044780018823 1.33769807817936 -0.728577706559055 1.01392432648610
-1 -0.765075360588695 -1.21804401582217 1.72913686705108 0.808270977050956 1.05630977746646
-1 0.0144292083142643 1.34552928267979 0.962524272146556 0.768410702856597 0.466373292681247
-1 2.3437623833588 -0.248623261234345 1.55478195949821 0.930950892616671 1.31981818978217
1 1.06754411219403 0.763866188013063 1.01758721797777 -1.74434671704068 -0.0607703844847655
1 0.287943115314482 -0.634946184658286 1.08449733193791 -1.20151946496065 -0.24690479863217
1 -1.28994574128988 1.99675383993088 -1.8559040862777 -0.640657584050472 -0.265129071743282
-1 1.35252349151671 1.93769640600555 0.132725113058553 0.537240728415559 2.25168861745276
-1 1.23295778717233 1.14875658448200 0.579660264088581 1.76467893180703 0.626364357156614
-1 0.601097275901868 0.731273382212228 0.250255042809138 0.688626200699386 -0.791157925524428
1 0.599277770843188 1.06350454971056 0.428732206714445 -0.341544509020215 0.00250385816586852
-1 1.94987420499932 3.63179410424741 -0.483431846281634 1.35602998560334 1.72006368075191
1 0.296576691615792 -0.751356795704762 -0.90639075752215 -0.161493133160713 1.03387287525529
1 1.44805924613691 0.847867197590029 0.322266284618890 -0.85946344463311 0.432046665280338
-1 2.31649067618219 -0.428920149600078 1.98744708995853 0.810607330985992 0.969139126651823
-1 0.316022059775276 1.30867788635871 2.67760920338192 -0.00535321974556635 -0.112076591782795
-1 1.73485414261593 0.8190362775234 -0.768071804081192 1.75447331038658 1.69496612010831
1 -0.772777947058073 1.86812091945025 -0.721119624320632 -0.422167646079024 -0.585163229004671
-1 0.799797354082333 1.40301885210894 0.43650253628324 0.585539835916384 1.21290908033658
-1 0.355531423468289 1.92171757017010 0.673538967293571 1.58490257557868 0.954663184957733
-1 0.227082970426219 -0.403747244768723 -0.868613881595674 2.81672561787803 1.4060331043346
1 -1.24975306890752 0.173351552666602 -0.695706357188626 0.829578547902634 0.695926630810329
1 1.69212466356456 0.200571735724438 0.420120957294532 0.197353380392227 -2.45220664129473
-1 0.254091441262978 2.08713280533796 1.00262292682138 0.229919187195304 0.743542641843307
1 0.97618689556365 -0.400637017021453 0.0458989671936163 -2.29380412516048 0.45381197844961
1 -0.134356799858722 0.105596596831630 1.20144510902740 -1.11974076793709 -0.181326556424509
1 -0.0939896153539415 0.00671317915642705 -0.987399426334635 1.00966516578011 -0.880517614161885
-1 0.429817989457652 1.06556633664818 0.62512436437068 0.846776375499259 0.907187208534827
-1 -1.11951713952636 0.239920103952572 2.48918912240007 1.63925081660744 1.66789132375304
-1 0.845371905829032 1.39497146631439 -0.912545738069959 0.0689013156394999 0.451074269132457
1 -0.46131542748406 1.35705885783686 -1.55473463178046 -0.95538967376194 -1.09590448574927
1 0.195846768525494 -0.391970052673376 -0.0855190877741803 -1.04647687960247 -0.342511344973505
1 2.47531824757271 1.54331742074014 -0.795730912267023 0.0508981915975902 -2.32631727944869
1 1.01454192649498 -0.390886051786628 -0.804952592424872 -1.51489089119932 0.291759450490212
1 1.13778197702099 -1.12105822243129 -0.324355490259841 -0.982275794145524 -1.20523997643218
-1 -1.06914403837033 1.16985099400419 0.831172748590844 -0.104597762119625 1.31492949876258
1 -0.00330603268058364 0.212200073359473 0.540976783124948 0.598611030240125 1.30354325961871
1 -1.61890842418218 -0.823383164140402 -0.83036088471628 0.91254272620354 -1.71077074410102
1 -0.626335070614371 -0.837196846729613 -0.0366884894228486 -0.606051192393518 -0.147583158758337
-1 2.07105300846361 0.655986735411022 3.43512418508776 0.887658603958543 1.30114700593883
1 -0.998930060779261 0.340059678003222 0.749985989180883 -0.323157294914573 0.244152220386001
-1 -0.534650579690336 1.79208060627356 1.08128158052597 0.482369730605019 0.375723396979896
1 -1.86625803866016 0.366895494428054 0.565519758728062 -0.516441488437466 -0.0795110845584921
-1 3.03001059825468 1.64717829551003 1.14122345042272 0.175099762965262 2.06268744483662
1 -1.49333524605936 -2.14395024991284 0.0037713601727914 0.397793899594573 -0.4145117329715
-1 0.661172601443778 -0.218041227242341 2.10354642840525 0.812108017668801 0.330355073173848
-1 0.749573172427779 1.64799676462572 -0.340960168996063 1.86592876807243 -0.82484193498812
-1 -0.0804771090720376 2.83847512357572 -0.270114551357768 1.85225232460754 0.716182447409207
1 -0.146972607506737 0.303157214236678 -0.00373975942500591 0.865061303491773 -0.129229339479201
-1 0.651708873930034 0.885021585424613 2.99869757070125 1.63858213884542 3.46883004614427
-1 1.20492513866019 0.186822823122111 2.1722082454784 1.08188346961768 1.23258675870386
1 -1.73418982308050 -1.53661838820836 1.57005033365438 0.0191029143384420 0.0885494009371708
1 1.53805312344273 2.81190107272373 -1.88703425912925 0.362508712736878 -0.0892497880212834
1 -0.58836644255729 -0.205886288434062 -2.16359804053279 -0.461520512388755 0.583934498003325
-1 1.70962722686004 1.47741263973801 0.578196959515183 1.01157294465442 1.64542324141397
-1 1.09297575146579 1.55478349679754 1.90336783165978 1.75429984658102 2.25202300382134
1 0.865902748891323 -0.98715060587809 0.0469098949173113 -0.94288381574 0.192344715697745
1 0.807943669309185 1.22361851761077 0.622304211237561 -0.722427767984378 0.983551953123266
1 -0.695654464986003 -0.502355671337443 0.242211650668067 -0.356073379660331 0.657545790777225
-1 2.37378952407542 0.895668176529046 0.92783722751841 -0.244435496728319 1.40265063505761
1 -1.72217721036046 -1.63020788464300 -0.749278599256163 0.473452140447747 -1.31021932901663
-1 1.86611429069417 -0.403468975233834 -0.188964470709427 1.14639621714040 0.597927014544481
-1 0.264687898459181 0.607681386139784 1.29498951359325 0.856958205976408 0.187118557036812
1 -1.36862005527315 1.54393115278291 1.09470362369694 0.590377531936094 -0.950025607625029
-1 -0.0164774135358399 0.0738336266288255 0.305195754558114 1.13996731456048 -0.663782380934512
-1 2.23361827808388 1.44050094634278 1.80389431912719 1.8559386211122 0.862337984758268
-1 1.49582744660048 0.153465201983215 1.11531213861284 1.49662065876708 0.999513860568654
-1 -0.29486900170307 0.897440915888865 -0.52158032206528 -0.502693996269359 0.465107635507263
1 0.976333200152744 -0.68436341363156 0.6940968260293 0.285155132614043 1.22562753946283
-1 1.97102555955993 -0.192987877213319 1.38667464934901 2.47030012169975 -0.230196682285963
-1 2.958970116577 0.750679978915441 1.79356018662721 -0.374321848154184 0.400277741709939
1 -1.16894948669952 0.0494359569644188 -0.658294926575319 0.669965051829169 -0.880810824634477
1 0.369172130666677 -0.230437595086656 -0.561081717584393 -0.0655460912205226 -0.898405258792844
-1 2.06176584163021 1.07279982471733 2.99312184156266 0.572168437861552 1.84232037285989
1 0.832120528499893 -1.29141312469002 2.13544475124829 0.518632432817466 1.48344032404378
1 -0.214597070471613 -0.423674571540645 1.09573838424128 1.22379248409433 -0.212121248721445
1 0.277797818568178 -0.360941111824501 0.473612450459729 0.0181823639366079 1.18511059587226
1 -0.101724203474902 -0.406024359709657 1.06933553108875 0.550149804412356 -1.3569672724573
1 -0.622301324373607 0.290289866301601 0.506286968536286 0.301334191260227 0.436046427308332
-1 0.375129200366576 -0.794547029629587 0.905607420605373 0.103518992111798 1.22850737971366
-1 0.99015647532789 1.55763374700677 -0.505414783926039 1.96594227743013 1.82720544352667
1 0.558371926500016 0.460488469932133 0.264355684699592 -0.00256358146669684 -1.79320658362912
-1 0.591294231330696 3.22990538786448 0.463191446503121 0.679553305789796 0.0850883274517533
-1 -0.353181270817437 0.755370675363161 0.872857047453207 0.536191538284106 0.260116756036530
-1 0.97605164704536 1.17396652143572 1.22319391054814 2.08993768743335 2.73793020063031
-1 1.53761233145622 -0.288121634960731 0.251915408539589 0.680055763988547 0.304095055580676
1 0.656726213982403 -0.172047207521975 -0.80084748331804 -1.16041215962080 0.424377238958571
-1 -0.0219092970333765 1.07799508388677 2.40715397818586 1.28404385832403 1.87355339520916
1 -0.114358002340405 1.10867952015148 0.0150793714555647 1.10347726038179 0.099660397457956
1 -0.93427570327482 -0.373580474982832 0.667185049985566 1.33380517678076 -0.0864321659077456
1 -0.707990038521988 0.362966009503618 -0.211446672733621 0.208570759227102 -0.404296052436573
-1 0.958921495974731 1.34035839756941 1.44304793386249 -0.276707603484987 2.92925454779040
-1 0.84824651283364 0.87980328900354 0.604567424546294 1.16220020410941 1.00572203002386
1 -0.204683313695098 0.919130319234552 0.972658765844337 -0.186553893755434 0.0818601083314171
1 -0.209784682886862 -0.65279864222686 0.235363309078664 0.798641195162643 0.97687718252765
1 -4.11633514856406 1.08358531129505 -0.377251446037946 -0.765620944465157 0.181738612740894
1 2.02260080616080 -0.832550935579718 -1.10274838126429 0.762982864117094 0.864876011993564
1 -1.77019117766426 0.300405451115448 0.220794804416063 1.80230911153213 0.350074598334761
-1 0.66765742849553 1.44616080599003 2.0943213542159 -0.355407875643173 0.567091392742008
1 -0.439375562878632 -0.474416446939845 2.09305094745740 0.42520081566879 1.14788392598938
-1 1.6605055442207 1.01290239456716 0.81265868338945 1.28327349212441 1.43740958483556
1 0.199116436211821 -0.152511956568754 -1.52001625187623 2.19639197222999 1.03622512072397
1 -0.888226914161783 0.300742391320686 -0.0299755905936843 0.0129488544305225 -0.768821107500363
1 -0.929014935623147 1.87242255870656 1.39371363904352 1.41894888663840 0.54826937943897
-1 1.20893016063219 3.27051974051301 0.350437119865214 0.287357363339195 1.23703206296033
1 -0.319890017888311 1.16569622215958 -0.350002566747842 0.183708973083908 1.11350975637551
-1 3.53618216265137 -0.0364877118185224 -0.127585963270639 1.29604542922193 1.50602635505034
1 0.424643605130026 -0.222057039534992 2.36890560324657 -1.35482174743450 1.14359983031025
-1 -1.35148782462320 -0.714853607974267 0.413579866516873 0.0198945188928201 0.365816192204191
-1 1.87160680607861 0.0662924744784935 2.80664810322591 -0.905398124663803 0.431468053259035
1 -0.235946835773766 0.0569696345279979 0.309419157271186 0.46100237879842 -0.431497736367497
-1 1.10318415071514 2.66792861248214 0.184541718570864 1.42826214820686 0.637465764911905
-1 2.10505691220606 0.69569006046821 0.670350570855283 1.08214152036926 1.09861728431432
-1 0.757549217199409 -0.550061202296239 0.776132168060683 0.771213066349004 0.784792382640414
1 0.720078764006655 -0.578549315847525 1.60956254953489 1.64741309596799 0.0559619760881657
-1 0.186760222855672 0.683028418556804 1.01261267305762 1.18591610470216 1.35693985099734
1 0.530754085918805 -0.54187799897792 0.418065424212073 -0.536730250753052 -0.126043609453949
-1 1.23666780180996 0.450591449951255 1.98332772747572 0.825927139341292 0.950424377684948
-1 3.68597225235107 2.18580018285038 1.85294865370658 -1.23241394070850 0.589305804854771
1 1.32350834961872 1.39952293717439 -0.526546162036188 -1.08264994806913 1.21527586239986
1 -0.39122431293765 -0.44038350927282 -0.548487375000563 -0.0759375937465597 -1.79925756822623
1 -1.11852234327176 0.932646164027384 -0.0850944335657489 0.78406849153058 -0.120012316351328
-1 2.17105687918475 2.14246856611990 1.42116121768244 2.48945929504248 0.826914991894063
-1 2.85455978123228 0.265496992260694 -0.195568305422432 1.73931767051763 1.60563710936237
1 1.18464835490405 0.244168148193712 -0.64295912604287 0.337417560419979 -0.156769458711073
1 0.485935684307427 -0.169824493843794 0.687515031333069 0.288911559717905 1.03896032888111
1 1.25104548317812 2.10962404269788 -0.622992676216237 -1.10740953969882 0.604238566948355
1 -0.448811733709793 -0.259657581502613 -0.946828479184755 -0.366187006586729 0.665429024795057
1 0.162260416909537 -0.907032986964676 -0.879093440724307 -0.989990062112394 0.579504680921461
-1 0.541113060008641 -1.08862115321128 2.24577799590966 0.0157720287065979 -0.0469914138758737
1 0.264254069177197 1.34205490469322 1.18290214396904 -0.380302846950316 0.611796482796404
-1 -0.734514768467277 1.29735663230884 -0.377242738782922 1.37063111014127 2.33930670107883
1 0.91938351805413 -0.757466215884273 -0.152318848903405 0.664061640344938 -0.390626954981359
1 -0.565252924231753 0.69493888362723 -1.55242497468169 1.43188120502166 -0.813735387180247
1 -0.0754310668934901 0.285040753097654 -0.0368139176316183 0.325775623877366 -1.63905909174752
-1 2.14078411508706 0.0564525634916085 3.28787102592533 1.21603111396578 0.213380626353735
-1 0.202332288676573 0.149724234407521 0.672475695221694 1.97823452215231 1.37449133528688
-1 0.766736094706867 1.17803810479053 0.301037156628802 0.95685127857983 0.0920660431695853
-1 0.766094441523641 1.23245063975984 1.25329074016885 0.239711846419655 0.282033447603949
-1 1.39581288431378 2.09131836980059 -0.185433462484393 -0.56867722219436 0.751882384633834
-1 1.12641159500477 0.826493446993894 2.39381475781792 -0.959788940181482 0.866052310327274
-1 2.61988843421377 -0.366532696502638 1.27315312426976 -0.239249167486342 1.27156698123436
-1 1.71111488324525 2.31560864767233 0.0956676997974313 -0.0550394218183266 -2.18380718092278
1 -0.0903108182427836 -0.413722960146862 -0.392813029727625 -1.66834810086553 -0.665023808770421
-1 1.87679493998346 0.990204270060708 -0.418474570342805 0.423001448541699 0.580904377354130
1 -0.141987136499186 0.914350302313508 0.592423480064278 -0.296113288830158 -0.296011026596295
1 -0.630477064841458 -0.758444370132707 0.0144066637561945 -0.97303813191583 -0.663769926293671
-1 0.657489663902826 0.222370914089327 -0.000983889921012726 0.278588752335834 2.12499430178783
1 0.533865416706292 -0.296654745410754 -0.319984444960903 0.394304768822384 0.621724278252304
1 2.06195710757098 0.925556336985113 -0.573482544816634 0.415703137653064 0.0333176218326436
-1 0.0109564933391455 0.553570643491508 1.12634157920257 -0.0571795462320408 -0.677773862653755
-1 0.340517548618345 0.850412851922425 0.680888265003177 -0.734482983001375 -0.414428249893401
-1 0.590221824389318 0.9567951287037 0.249470255802609 0.359956033957240 0.640473825987459
1 2.32490696095078 1.12680250847465 -1.80455973861806 0.673385763703226 -1.47154431931753
-1 -0.693114035289457 0.900642293285534 -0.288454131023607 1.63177708493047 1.47910942445198
1 -1.5595943343412 -1.77714536932965 0.680150878696092 0.00223460687655843 -0.0589166093286096
1 -0.338099793440920 1.72585872028286 -0.103444616624323 -0.61750256275642 -0.497640914005973
-1 0.714426872857988 0.342439094843692 1.20340857385720 1.84860558702823 2.06926669963037
1 -0.763284370022253 -0.5810874993925 0.830899097835794 0.128721692956525 -0.390456663917786
-1 0.558080237392259 1.90757929084088 0.655913474865574 -0.547630467178876 1.71815117629356
1 0.867770143566969 0.145316085484938 0.361541848511543 1.20050611876137 -0.783332029627208
-1 2.35891796169137 1.43731453174591 1.00032920499236 1.73436885530612 1.22700298692349
1 0.129685285223235 0.686270823808746 -0.230854361996126 -0.0332513836330105 1.26406333132299
-1 1.16755955291481 -0.0185888004804866 -0.460759629027263 1.00680299854739 0.94429684257775
-1 2.98482124235218 1.81907941405047 0.346493464799483 1.40812656761043 1.04561606687791
1 -0.666359466759577 0.747728576528509 1.01375399250531 -0.0671160696484314 -1.06289208714946
-1 0.75060536588277 2.35822865894632 1.15017710465656 0.296876631841036 -0.0444732642628624
-1 0.372511029025358 -0.0866903585976546 0.734528271864243 0.938088272662206 1.11219402574983
1 0.8176774892204 -0.492554771597988 0.446801605613916 0.0330641994415546 1.22625721043466
1 -0.702900747317175 -2.07817604583544 -0.0404582792036673 0.827532405739229 0.0727108311842358
1 1.37596560933252 -0.848417092436543 1.69911420210978 0.805400809156798 -0.488378511402543
1 -0.852209602237174 1.03251989060412 0.532899479370037 -0.282977949337083 -1.43826355640994
-1 0.932506049193508 0.364150099370128 3.21574970109042 -0.111788081533228 1.67171144347039
1 0.567397468784214 -0.385477862676331 -0.147372440986067 0.416569208353977 1.45591036890019
1 -1.55617842576660 -2.40111748034167 0.551636314448555 0.935997300057833 -0.0697051343654153
-1 -0.638960255699459 2.16709042262679 -0.0131381823943851 2.38803209321706 0.764374439033331
1 0.0805266350192875 -0.625778769598956 -0.208994184451080 0.287161273558000 -1.51561853896927
-1 0.661172275975836 2.57504065950067 1.71342017088953 2.56379380343450 1.81512766734646
-1 -0.4247666996917 0.695048915804298 -1.47485903830529 1.49100042533191 0.641517024700653
-1 1.7664808642405 -0.819477610155821 0.228682476662539 1.16512456095801 -0.809036915201404
1 0.0176453241820962 0.0184484336480967 -0.326103403563586 -1.48267050371928 -0.277617507593324
-1 1.52690328988494 0.160412490283360 1.42994355808548 2.22428340628522 1.04055009570439
1 -0.447215392328114 0.431500821811177 -0.112005478766129 -0.466267909093119 -2.68737696410939
1 -0.207605880185757 -1.34149226024140 -0.0849055344881422 -1.60244828254076 -1.14370552152613
1 -0.630846425355474 0.0986701660149362 -0.830967256258302 -0.553169824177478 0.229148322554276
1 0.0161765576312168 -0.523036479648491 -1.12666681438946 -1.35149771415598 0.0024453747916455
-1 1.34971528205259 0.423122542831548 -0.592672264644762 1.38286945958291 -0.464043637556965
1 -0.669809194299825 -0.962024729689277 -0.474973929575089 1.64920952363499 -1.05415272570288
1 -1.03431260212961 0.168011434176837 0.267038812160615 0.460414923273937 -0.186773322976509
-1 1.31764857711533 1.23802583614613 -0.602267714302474 1.31094967709144 1.79194645557413
1 0.605684247590532 0.0186990682781922 -1.70846528206111 -1.03644273413957 -0.902540714588953
1 -0.503876836727685 0.961427493088861 1.19726029087086 -0.882705334911967 0.169017422619224
1 -0.373006771726913 -0.393153683576275 0.291921384477934 -1.27687344885707 1.13405071999146
1 -1.55102891015203 0.273741838399985 0.997627599398076 0.920112506584915 0.0779309869617133
-1 0.405801377819184 1.11501336858609 1.03580504449651 1.65881111130375 3.12208847079911
1 -0.61925506150278 1.83209276915981 -0.762573766772331 0.095653666754306 -0.151654672429237
-1 0.754664762262769 1.02155132268741 0.224324507865694 2.03121341785457 0.888768669314354
1 0.555534206514166 0.698149816813858 1.46078413259972 -0.881305857333362 -0.212627745063709
1 -1.24272799323323 -2.21270620143891 -0.634651587918432 1.22513304291805 -1.11288949257883
-1 2.23032526297569 1.15110282382075 0.405649234615447 0.268975028723689 0.559919509036298
-1 2.30266485380844 3.40497752484585 0.322006950931711 1.44907982714944 -0.309696605089190
-1 0.914044964038697 1.52363249710525 2.42444079873189 -0.99030261928409 1.21426103872541
1 -0.715656207905142 0.97308153036971 0.269587470951299 2.27143139239974 0.907731333906326
-1 -1.41974374099611 1.89215420954452 2.16174074807049 -0.760862622609142 0.92575337897555
1 -0.0738639445076893 1.80705844000309 0.33010743899041 -0.198112680496553 1.17904136283653
-1 0.113593862715072 0.873611498264542 -0.473460894724852 0.95205526329803 1.94253281951382
-1 -0.446557827767432 0.521782723810313 1.83084902502572 -0.356540984555185 1.41619879017958
1 0.862303989593909 0.240800509415058 -0.0491986089438345 -0.69012919220392 -0.402690262623015
-1 2.20970827749729 -0.65500741843714 0.282286634766255 -0.865714697575826 1.35899356957974
-1 1.89489917113367 0.700456965236443 -0.423653207295623 1.33057543432565 1.17400172292153
-1 -0.00683195477990894 1.15351273302294 1.77270271924778 -0.463799077939138 0.536054531866395
1 0.315971345796164 0.238846155504846 -1.37577488458198 -0.733350052005968 -2.74347883350881
-1 0.364652247915522 0.486480893088666 1.74862640745061 -0.710839392077412 2.25036702495338
-1 0.973855454388232 2.41526130497702 1.12303406346942 0.649738422969189 -0.666834241256128
1 -1.78310461566836 0.52051863573157 -1.12546339369116 0.221563486200082 -0.903472804225355
1 1.12508203934309 -0.532542078656208 1.51949007593924 2.37823704588378 -2.06946391370408
-1 0.322774953787743 -1.03995400968370 -1.38813961055979 1.05342150841328 1.59128123853347
-1 0.0910628527270518 0.848855948398605 1.37555298030020 2.09414485496114 -0.52028277196644
-1 1.93553334428104 3.09121867828354 -0.715691073903447 -0.119756900145772 -0.504200621485674
1 0.366530408408732 -0.567141768689257 1.39614353825291 -0.260658125303579 -0.141575154641109
1 -0.0775871441820113 0.278444321400575 0.147485173447682 -0.431028758695021 1.19818002757348
-1 1.94690938883171 2.08589350844813 1.98620804954217 1.48475366125583 2.34374786531063
1 0.548762589870228 -0.366526729033787 -0.291422126239368 1.34136551426697 -0.945849525214217
1 0.379732957026142 2.19139174986069 0.000633360896369938 0.426600773693863 -0.716248869636705
1 -0.269047025709226 0.244848603832785 1.08777525412776 -1.86734647907309 -0.95959199042614
-1 2.62276064401142 0.772411583830201 1.22160199352193 0.43399282116088 1.75494390684651
-1 1.93738379078378 1.67178663081305 2.24308142582872 2.04737665371915 2.47112181405691
1 0.930052061882054 1.25524520308760 0.0457682603095469 1.31768860822800 -1.86375432907812
1 1.25822421450707 0.460574197637684 -1.26369708564769 -0.280898528318433 -0.355719943254351
-1 0.68714019129729 1.75554256643803 0.248841795241499 0.758795913549619 0.524184083194089
-1 1.83426019505374 0.0370400948517757 -0.303576183539836 -0.971000574667818 2.33198241158363
1 -0.654257598338869 0.997450394553197 -0.686385357513196 2.07759555974602 2.52799205705832
-1 -0.577179642288527 0.658447781799168 0.995611764668998 0.999072716920827 0.0579228428816748
1 -1.11071527609512 -0.933556372347414 -0.128148066794233 -0.874943110981674 1.09626148287390
-1 1.50392240272146 -0.430867239761923 2.15034015190631 1.28404450261791 0.880787190926953
-1 1.93602775135789 1.64313673190841 0.788826570780517 -0.590292843171484 1.5089223757912
1 0.269598892408838 -0.0173605776981755 -0.748854736708803 -0.0239311979504667 -0.0119795652477306
1 -0.875819378025566 0.101306016969987 0.822333605629866 -1.02840097825629 -2.05986532397709
-1 0.469367974925554 0.87169296099733 2.09895446222406 -0.212168356897937 1.12639021690697
-1 0.0922122239037658 2.83526566101308 1.49424574890082 0.0963793058732463 0.775924820190282
-1 1.28544239952270 1.72072660504463 0.521587571063764 -0.708673340901724 2.08785470628556
1 1.80764878968808 0.156726297489641 -0.711409149038049 0.299339620493273 1.27452137619347
-1 -1.37653759308965 -0.55214198655413 1.39198963932725 3.00906442927474 1.33670304067996
1 -1.88121298079409 1.21030845348905 -1.09332601779097 -2.18013606022348 -1.13004151172542
1 -2.06345363733812 -1.41530451506801 -0.155148946196786 0.333604267908893 1.30873998191439
-1 0.703144486946611 1.30190522251584 1.6222955571662 0.222102788469642 2.52979810592009
-1 -1.09478405640094 2.69602638853728 2.84598087733496 1.59419990392279 0.191905323041104
-1 -0.649514713725588 1.47198858983027 1.00014842246478 1.47920981742302 1.61746730466217
1 0.314909770873701 -0.120267488135559 0.377575370022103 -0.450386665649225 0.824763839687265
1 0.543150326162967 0.198258618538894 1.59472900054029 -0.962815037064944 1.63418024065675
-1 0.795610894229188 0.464478474497178 2.10068301364486 1.79057792241 1.75067411940717
1 1.29881774575891 0.91362849669476 -1.72655051107366 -0.606303640091463 0.156999495103620
1 -0.368822589874204 -1.52272197969754 0.196080791017302 0.471737771395233 0.296132744863036
-1 0.918949947803386 1.21570190777774 0.364730032658528 0.85194331900531 -0.499233268796246
-1 -0.855947924469453 -1.28813273708327 0.361189788544518 1.97773080385172 0.599606814904443
-1 2.88275056375867 1.16830968742998 0.54956869153836 0.269419125412592 1.51543377097396
-1 2.07240611015639 1.21971313772826 1.59904281401108 2.31515947307557 0.135179553321074
-1 0.958365244730981 1.05020720160698 1.23099907172279 0.023311432002608 0.781578706595634
1 -1.36461944478169 0.497949630479282 0.492809533629972 0.00604262835897274 -0.116812402329695
-1 2.70563948769072 0.971994828547772 1.22039907351885 1.11576876353155 0.496813977822903
1 0.339059934920650 0.0757508116076427 -0.0652636848536585 -1.42777390856280 1.00108444233436
1 -0.289754678802259 0.488938946917049 0.902498695220384 -0.283006169698394 -1.13872912417728
1 -1.04112662519189 -0.119731533063585 0.356271228337711 0.457212610012189 -0.224848786523643
1 0.00426640340812173 -1.03338851133340 -1.50334179359960 1.47942625648222 0.065326280662248
-1 0.0952338379521486 1.20538910110157 -0.186835963343845 1.37295723533885 1.15247004923409
-1 0.414999996561132 1.14715682061737 1.41192663883414 0.663077437976678 1.46435550892770
1 0.955037139981022 -0.0472767560662182 -0.94016921220099 1.28490109132575 -1.41763405522571
-1 0.467032051287788 1.17201882199504 -0.292729728176692 2.23794311507559 -0.0355087066743253
1 -0.0835364201737042 -0.0768069101677542 -0.662668027356596 -0.286653174161329 0.762021521192957
1 -0.0639793953648536 0.0954319210742322 0.454524662332632 -0.314509261649681 -2.21268236163219
1 1.42652177195573 -1.35760861297754 1.47756394701459 -1.32760580546243 0.294113434856671
1 -0.333222076445028 0.755047564118789 0.671809408005656 0.452541302993479 0.745711751816297
-1 0.243458293933729 1.69052452703538 2.44992453644678 1.36476775084408 -0.0901550500737879
1 -0.777439672561418 0.428259932348405 0.104204975769733 0.112734509682591 -0.264765455922205
1 0.828592481805348 0.102741571327933 0.0797560256613128 -0.271413676938939 1.48156565186813
-1 0.332690456490357 1.87075660621104 1.92447463713872 0.377271429614714 2.38656958444084
1 0.558569025366246 2.04558270197293 0.0030110698655466 1.78541430994498 -0.415836269621416
1 -0.846668164100381 0.069652970090648 0.945136276751268 0.831257109386218 0.079955757169785
1 0.173672360398601 0.553304623365211 -0.753163275013785 -0.415295551888240 1.42839808844691
-1 -0.108627903795879 0.829638567619281 0.94852033151650 -0.706368504925743 0.0460821986876517
-1 2.07932303390156 1.64130245741645 0.848081856760437 3.28149443913502 2.44461665003083
-1 1.17239677127907 -0.688642500499882 0.823679267298965 1.22100911618714 -0.269543929499298
-1 0.695636807186825 1.43981702986539 3.4773444172609 -0.725061103166267 0.0385199251342137
1 0.870379936199368 0.820140515604535 -0.242483419491376 0.525113200273438 0.954289849501503
1 -1.31269811214830 -1.30428733036273 -0.407267154844814 -0.153668664844344 1.03949381193766
1 0.361726957535672 -0.322855332994216 0.0503640082557561 0.415752437332467 -0.84148785198525
-1 1.28620142133162 -1.00245034210024 0.123146992852126 0.867793501334533 1.12552578450157
1 1.43279993891418 -0.521868487001943 -0.0942932185044083 0.465213560795613 1.01657407230327
-1 -0.291215198115644 2.95586115788443 0.330527458954351 -0.702727971425071 0.763779573236454
1 0.650571443205256 -0.395645288434737 1.36382224889536 -0.363747013184776 -0.544210994463752
1 0.114919694420999 -0.755407365345921 -0.64675559120483 -1.14963587604581 -0.73305729353953
-1 0.274783338188044 1.23525953047613 0.152703275650011 2.23227816770646 0.362696370992767
-1 0.900481720065466 0.536605992949886 0.219723632305657 -0.70710614859045 1.45536951401843
1 0.272760341596271 -1.98213005101793 -1.00689255444478 -2.00162190064672 -1.00964284627054
1 0.119409103490596 -0.131975252414980 0.304757702541181 -0.381375854080173 1.18154773881379
-1 -1.0205582204569 0.458195448064860 -0.0377077259793843 1.56375502239260 1.81765660899131
1 0.720813449416864 -1.01920735619041 0.969988571773657 -1.22757210616429 0.295604773945331
1 -0.968544745032663 -0.657577424526182 -1.22237891519350 -1.21031066716698 0.564026658741783
1 0.179400956985394 0.67765026664906 0.375020789725105 -0.141443256381261 0.0944617548297635
1 0.356241565609921 0.113825816821779 0.0347016198930211 -1.17064981034531 0.195145039620215
-1 0.487879357037103 2.82826969428832 0.254012182822049 0.247615734609063 -0.651332819182841
1 -0.240971321529717 0.324265852423450 0.711343773483118 -0.236301132483048 -1.10245343700183
1 0.568105177455545 -0.00343850526603465 0.957595560625087 -1.74477229719914 -0.896770640972886
1 -0.244087097632607 -0.121528961709686 -0.0538129101570083 -0.0580394126818976 0.709545053185642
-1 0.109594937318207 -0.214740623358107 1.11680307935961 1.06278366493046 0.94247473767411
1 0.785022088873367 -0.155940863501795 -0.532152074828071 0.0661134954334219 0.00999183938222854
-1 1.42625231643961 0.850293123198344 1.15892721025183 0.534454788193546 0.556826077249705
1 0.578788364401749 -0.66968393861547 1.10121398223247 3.57458516716111 -0.490733647813802
1 -0.0271424309608361 0.231303984747618 -2.3560463169451 0.161356021317949 0.542094274515403
1 -0.310772708494233 -0.531428434500672 0.234415311150558 -0.152757023027762 0.403362082511085
-1 -0.139059037865494 0.368461317158149 1.13744975367439 -0.265867286638701 0.71688673847698
-1 -2.03495394705584 1.39037251418141 0.61433465193769 2.69241128807248 0.321708243053641
-1 0.0733498108468001 1.86198560361621 0.659319227772562 2.07358271288512 0.875343745948096
1 0.823053066215648 -0.895855941885857 2.08670274646952 1.12767220698411 1.26828322349783
-1 2.40162122069872 1.14324110929104 0.170741628582215 0.530386690621723 0.890242476970792
-1 0.427594228233698 1.61512411019923 -0.0723366332356404 1.09436163372983 0.5834888245983
-1 0.798330611843067 -1.02030337365733 1.05068204226375 0.782150753700185 0.113866443235487
1 -0.753410873718745 -0.827300554614959 0.211669480305927 -0.48561069019676 -2.42734377580055
1 0.637305548577188 -1.05118762780710 -1.32168013684908 -0.327761624487648 0.954648907375865
1 0.0110742767074806 -0.117577842390917 -0.607956259517159 0.437697031514499 -0.474276591840961
-1 0.498377827451336 0.00677554830574534 0.334187668189026 1.14050442063874 0.568949553465544
-1 0.7313710749319 1.03999240871179 0.329605027911804 2.06284369818684 2.5849731728244
-1 1.27174699117158 0.393117148226243 0.856327065244226 1.53467114713063 1.83866877557674
-1 -0.546495026948621 -1.00319505180531 1.18071592610380 0.488970155621275 1.09808314461947
1 -0.236595708506246 1.49503126497245 -0.0168883333909588 -0.639486911515625 0.14001393342295
1 -1.23708342724958 -0.191234427623500 -0.43627794485358 -1.14797508645330 0.376807925371228
-1 1.26610044497250 2.38675407339518 1.80150453037623 -0.876177474152274 0.480913528319479
-1 0.660433683651625 0.598287417339237 2.1612341184232 -0.133177582141549 0.0105305509450795
1 -0.483491860353163 -0.180472420465540 -1.43271880504480 0.404107843874521 -0.145306581352734
1 -1.32019984251275 0.105350910189166 -0.660564488309192 0.010981979211601 -0.0602848804455577
1 0.484498583454074 0.195507556780793 0.458254045493873 -0.167070047357306 -2.86095204412718
1 -0.47833124198212 0.711254234943775 -0.547498489109665 0.624441158623315 -0.516260007354369
1 -0.212283750742059 -0.849783298670545 0.80698772797203 0.7598087363182 -1.52644341051086
-1 0.436488269810361 -0.59420129996207 1.34035448342786 0.675699748186225 1.66724188484332
-1 1.10321244332952 0.717545109101257 1.38567305793414 1.18572867547904 -0.462351132121762
-1 1.95194082710978 0.582583265641353 1.14774483142664 1.01050481442634 1.23351874912966
-1 2.48459745360734 2.23961895501963 0.168986030443806 0.613004154169685 -0.253899805497003
-1 2.66098461507635 -0.983050868199729 1.07761089377465 -1.22113801121634 0.696232436407163
-1 0.352759895358935 0.926508883917398 1.04289582885670 0.543697818921458 1.29062631111317
1 0.269587712184568 -0.591376940086149 0.214873193209535 0.775187977551262 1.52100581725761
-1 1.05681155921591 1.60546800799512 0.735863265198564 -0.0639170712632794 1.35200715177414
1 -0.25699411225342 -0.571680653864469 0.302308283040978 0.488185459138324 0.724327012543881
-1 -1.36466107614905 1.34638958740999 1.24268163994395 0.316431383380064 -0.68905792450369
-1 -0.102033610155462 -0.320150366921156 2.33492244170733 -0.638607354376475 0.655935894117176
1 -0.813372960284616 -0.763241933861952 -0.960603952801689 1.91590264359165 -0.244746117111443
1 0.425257014039405 -0.959418128963895 -0.552317198724264 -0.0624483834886615 0.671963161690175
1 -1.86182742952113 -1.06000676779302 0.916667666543308 -1.34819950280259 1.21716617672536
-1 0.490339281917452 3.41369149441267 -0.0789340597437784 -1.12787216182503 2.46821368857197
-1 1.18665523582098 1.62697450211025 1.19296433002311 2.22313727138609 2.61853130901522
1 -0.908267297597698 0.289722183460412 0.325287479535967 0.186151278299822 -1.19409059157614
1 1.45252567418557 0.191022852167987 -0.101011953710715 -0.640523901835841 0.130653254485480
1 1.05308584330685 0.478596368900857 0.821888326086022 -0.51645729384357 0.330318440238476
-1 1.13920204967923 -1.18278855125036 0.218402520436338 0.194935097350012 0.565093875658972
-1 0.260053297828077 1.01855945941731 0.339202271779369 1.55505556775961 0.763913287317635
-1 1.99787211087555 1.31955358505462 -0.991922698457865 1.47135505286246 0.227045323115107
-1 0.519031405674214 0.390809430700538 1.18807953861073 1.91428105377187 0.500821463049738
1 -2.35042714637912 0.78595924739309 0.810289885775587 0.176977561312722 0.532921736251441
-1 1.96724966907596 1.23622767946527 0.666865167721754 0.714640533378166 -0.475736088038717
1 0.262097160103714 0.97743418175804 0.0544099748948168 -0.520684598847182 -0.15716354047494
-1 0.295235948069616 2.24569900705928 2.21477486767476 0.556127108215925 0.0380877213887195
-1 1.81094396064858 1.08245903889111 0.0687232959136468 -0.217527205491682 1.33401675762576
-1 0.358840749700869 2.01031452536695 0.476326440229345 -0.797620678106226 1.05079909037690
1 -0.6002208040951 -0.787425606284488 -1.02541665408087 -0.435030235627223 -0.854073468975795
1 0.342847453161913 0.438667009102565 -0.911569885506571 0.0342622597948398 0.980021828895015
1 0.586527309458024 1.21808204059182 0.201077986437775 -0.387926735474849 0.788581111732308
-1 1.36082283796007 1.21236699035402 0.0763031756240172 0.477176473238881 1.92025548275357
1 -1.34287482241060 1.53522635865774 0.00692449770239234 0.467892707655368 -1.29661890977255
-1 1.41360603543560 0.703572267361445 0.991856882048852 0.220233442705517 0.190359035933486
1 0.138652482020385 1.28587385621347 -1.11106366530569 0.85797167805664 -0.704531140336191
1 -2.42213007674943 0.94384909043968 -0.150629366612060 1.28566900091125 0.268126826542277
1 0.386563242991676 0.974663230137771 2.33125933523294 0.941566758570444 -0.51573412095104
1 -0.167366191903890 1.05764360059584 0.449827263971961 0.530169703429179 2.15989057972246
1 1.20973033444465 -0.93739994363555 -1.10552489850923 0.115439676124625 1.87800013031186
1 -0.292262104973164 -0.134944925491697 0.842215785157352 0.850165686956104 0.349968496199043
-1 1.60387769079262 0.864173952447248 1.11263626910913 0.123353378093383 -0.38737779845336
-1 -0.86975354477787 -0.177111599461803 1.45729527642545 1.77204756817903 1.7440694493409
1 -0.106183600266399 0.49121967063449 -2.28445467066416 -1.86039809259320 -0.6266932952237
1 -0.317660122814950 0.823429325111893 0.844391829777685 -0.360964413697368 -0.111902450590361
-1 -0.61360198045946 1.55260499946409 0.515028731633716 1.02371432553961 1.53727259944876
-1 2.20308021331841 0.718393767139246 -0.200816825904245 0.286894664306914 0.720830747328663
-1 0.664033282340873 -0.0522272156643748 1.29724993599993 0.248438610139052 -0.62302649423837
-1 1.29680297863601 0.619510965154638 1.00428615462045 1.43729129720046 -0.310058351187761
1 -0.398380835287319 0.817310941321448 1.20805093487348 -0.33567806913688 1.14350519990262
1 -0.678246131646920 -0.723597858671074 0.423695321332661 -0.116071715830425 0.151413456629806
-1 1.18461156018253 -1.30579364979289 0.95735170894426 0.113050716019076 1.32036782526339
1 1.06049329394361 0.761222775867514 -1.83259813431082 0.785504497725107 1.67667477643340
1 0.356566391633017 0.478104006516155 -0.99582130931486 0.797486378031734 0.472357781623191
-1 0.181011600007651 0.587236427821509 0.485968326534334 2.3585491707006 0.966308381236248
-1 1.59257230181021 -0.21220563748118 1.29721721304383 1.70201069255709 1.14357525243033
-1 -0.135361472176243 0.753134270220678 -0.43806248850078 0.850774103514724 -0.605134903215761
1 1.79421615924453 0.0208669596879909 0.619105117966124 0.547810945213318 -0.0585351853557518
-1 1.44731235588906 1.78045450808851 2.07441735726887 -0.723906615781228 2.68235719984767
-1 0.475009081735551 0.148269137525580 1.97943441007976 1.93848885075725 1.2466050164957
-1 1.90682729626622 0.420535326538217 -1.10941791183485 1.36543305024819 -0.535920727493453
1 -0.96498360428703 0.966903565884 0.424915279349103 -0.713966230019045 -0.0370592097128881
1 0.591832737484567 0.673986930594949 -1.29421720861707 -1.00056393508930 -1.34398202062349
-1 -0.288602504255776 -0.407430018693154 1.92926355755934 0.233328720616144 2.35966432228263
-1 1.13466165058603 -0.143484096813137 1.51627322323672 2.247684647252 1.11747005126945
-1 2.28515365786603 0.121612675179008 1.10979353679545 -0.373457010781685 0.387939041649418
1 -1.19799938924783 1.03274912381032 -0.59235712063148 -1.71139898375302 0.110626453967186
1 -0.280589691062317 0.640588380777641 -1.23903422997366 2.30247185647833 -0.139788180866472
1 -1.13284812563755 0.468990458387308 -1.03844429026334 -0.0609963518571199 0.093694206655281
1 0.322525363736931 -0.262982347630988 -0.0476787479420491 0.202061925482210 -0.142768144949798
1 0.528625109496674 0.0453139657469661 0.427993397477078 0.315860500878804 -1.64767809113318
1 -0.450619610207231 1.66016771688896 -2.22686783227755 0.582810581962732 0.777441483152438
1 0.74107413176118 -1.32676804647169 1.10890681660564 -1.11462807449745 0.909938008937234
1 -0.246174135657045 -0.137773731445017 -0.0389059593442449 0.646053267083609 1.39106287527666
1 0.139806001280551 1.09821913347666 2.14952018482483 -0.93474999140343 0.0629756011435674
-1 -0.239416447374851 0.409197521359661 -0.720825887895838 1.69673378554889 1.35894471400264
-1 0.782690477089306 0.645947330658479 0.724197428534258 1.24237527541378 2.49326407292583
1 -1.32514306513483 -0.355359843376418 -0.258049988214494 1.30606862157665 0.91929594932842
1 1.57257049381999 0.606098642164402 0.219241174750702 1.35341804837280 0.696853760170744
1 -1.60621729176814 0.996911350665384 0.582791901849335 0.14391961861075 -1.39581084777760
1 0.675444919916192 -0.521920033280003 -0.913046339966079 -1.36342345791116 -0.372647163580418
-1 1.69029289671691 1.92030523014502 0.483074433270453 1.55896864545411 0.718822239868552
-1 1.13880351191710 2.52088145417300 2.01833814549796 0.496907159968906 3.34036376211542
-1 0.43447221452357 1.55767998952111 0.412951498727452 1.33447624361267 0.723836010174012
-1 1.10600241023531 2.42894475278864 -0.887052057427604 -0.161119867899513 1.38148953190342
1 0.431117065977374 0.0205629991634361 0.766962889066831 0.325931532053529 -0.581045399016404
1 -9.10131437533529 -5.6155224174392 1.56824939129016 -5.25109163278038 16.9673750878407
1 -4.11194019713983 -4.54993729202178 0.179828402997874 -5.79042262953218 -0.346254073754709
1 -8.0613641194432 21.8089713997836 2.55548688561303 6.07286351211946 9.80929105739356
1 8.0382449691843 -0.408809597764533 -1.54409035193723 -31.7631560797467 -7.33096302282955
1 0.481473432571413 7.56720358726959 8.69203963103513 -2.87182545660013 -4.27452137349669
1 10.5400322989133 21.5671372215185 -9.13082414957518 -0.595945931547737 15.2881671750737
1 -9.83788929728177 8.14052803868877 -3.52406358517201 -5.59273346785324 1.90399227661159
1 0.815601355414196 -3.69013299769269 -20.519004081154 17.7492574834048 -17.0346965275626
1 7.94934122136035 1.21443113035281 1.34991033880617 13.8328642290700 -7.71098608910348
1 5.74698754385465 -2.37131928708495 -7.13575941100612 6.83246248295319 0.83413650219059
1 -6.91774776122253 -14.4936805610845 -15.053873819671 7.13692656667413 2.52755119042863
1 3.84746179133334 -5.51554109763357 20.0362364498968 -9.09779724150912 -8.91769797482826
1 23.0993218871747 -2.39135795999788 3.3995512432673 0.843129951127081 13.8050334789799
1 -7.03111257157172 7.28872210168267 -4.09997483688374 -3.88624130578786 -6.28892333953535
1 16.5690086781438 -10.4029129421520 4.71813820978855 1.28385722880147 -8.39334781955874
1 -5.28567981457644 -2.45534742648705 -4.00415429055847 -4.36861221125518 12.8449080712821
1 2.65910786630393 -6.23600818724964 3.77042812060402 4.31390029942425 18.7279732992185
1 -5.6288278721859 -0.429191317061739 -2.16867021894046 -10.7511499227726 6.09512761382723
1 -3.60312718276426 -15.2350647904858 2.74278455219457 13.5841948403257 -2.61347232480561
1 -6.48680111063796 9.06051201614012 -12.7478845203098 -0.768523827297036 7.34348511970538
1 8.80678719656178 13.0374500729713 -12.6557193555259 2.83651303401016 0.670983030262417
1 9.04783413442258 8.9217968329722 7.4879135299939 6.38271842343453 6.70664306247029
1 -5.67601430118244 0.552113321461897 -8.08177481325683 8.28762992269832 -5.84660865677311
1 4.66797509732645 2.32409797767850 -1.41408244218244 8.43196059921163 1.22276208431882
1 -8.1085163468497 3.28805500363606 -2.41515089840175 -11.0959466279487 3.79668140285431
-1 1.81900275184575 -10.2598634459870 -0.44773750354605 2.45397108844160 7.05489276292085
-1 8.54664602806291 16.7454465537999 -2.21465633892570 -1.91411358076544 2.13601500695137
-1 -4.7919565459057 -0.0240237810645982 8.2593111094829 -7.88026496757755 0.271681355505464
-1 3.50654279036977 -0.328278493670144 14.9587329531705 -10.3289087292944 -8.6100174620767
-1 11.7743430734863 7.94569138826598 1.44514618207733 10.6299839772394 -8.59781120800377
-1 7.85493858127658 -12.7852425646497 21.8794398470592 -17.4750797749187 -10.6193480187312
-1 -1.60211905177202 -0.648231432293464 2.00978654980172 13.3826715670690 7.47110180220916
-1 -11.6402575812371 -14.1820128795671 0.17288864859912 -1.61978111937056 -24.1144831134869
-1 17.5828750945356 6.94562217792568 7.14879468065016 -25.3635516843229 9.43833218750628
-1 -8.7279920446822 14.9518351242202 13.8140092795968 15.2137321777665 -13.0302891579320
-1 2.8792355082947 9.5327784357327 -10.8978300532668 -2.45926134652715 14.3824679106051
-1 7.51429277259572 -18.2936741807121 -11.4163811848589 -4.95315927264336 5.7123822436878
-1 -8.66053824359818 -0.234892218800251 -8.61596612075966 15.5549979982706 1.94358831687196
-1 8.65213453550597 7.26541709710861 -2.77523461848545 -1.14616776371143 -6.92936501867311
-1 13.0683807723431 5.41677826578856 12.3939027604494 -9.61596952042775 5.83331386535996
-1 -11.4979459301930 3.38000566502529 -1.43862135502906 15.4236034898363 -6.60977237412879
-1 7.62630241561583 -2.89198494123365 5.17079110196247 -1.10377078583423 -2.64211774856635
-1 4.45269504899645 12.0974691066575 0.344320583484435 -8.96907374597422 -14.8092258672028
-1 -17.7097408343776 0.77749829524202 3.47062675355875 7.50495527590538 -5.81670670626139
-1 5.10820740416547 -24.6692115846903 25.8145091827303 -4.4728777290555 -11.3455191751872
-1 5.4783435139398 17.3951025844498 -9.23901448413132 -6.22945060419786 3.88635080483511
-1 3.82870580159039 1.24405376566795 5.50232979090928 -0.288430775139700 7.6125217028104
-1 2.35406583576077 13.3778900075429 -13.1757749128339 5.27531478044384 -7.44001296827704
-1 -10.8367966308031 8.1665922254028 -0.095948012339059 -7.12289260691857 4.76210011129566
-1 -0.388421950869446 4.52874705665233 0.490341273453484 12.9891517453531 1.15206852877624
