1 0.367615782075763 -0.875099271245496 0.267063560488357 1.40783969300925 -1.13732660589314
1 0.958221280792697 1.08854777883904 0.48023177115857 -2.36973082737677 0.219169739514301
1 -0.218716771146423 0.182655029435091 -0.143215258167288 0.465981745706495 0.230964786577311
-1 1.69033045115038 1.13752111226351 1.84128535753524 2.05065819962373 3.38935039056716
1 -0.659010771565048 -0.704867855790258 1.63820402165268 0.040310287676677 -0.679482222597575
-1 1.70813037101822 2.22754559465482 1.18167549023269 1.06869191466405 0.808855606931162
-1 1.91856290234769 -1.28895805185205 1.26477793115443 4.64693653406277 1.28916355363924
-1 0.665402218492599 1.26506575822412 0.649036424269964 1.85317280092581 -0.118938732181349
1 0.631389650353612 0.0584453239979746 -0.880831321115805 -1.32732302319636 0.364247201160427
1 0.0198696997291836 -0.532270154568774 -0.75019313090227 2.68695653729100 -0.574872016393501
-1 0.508450628889642 1.29860656952912 -0.442801242004924 2.30087760118044 -0.023709186081876
1 2.08194694397780 0.780165439450411 -0.427624278889415 -1.52478748650484 0.452377607312772
-1 -0.114942111127169 0.664351200866803 0.568970189927187 1.71887449608154 -0.500306098246758
-1 1.19882408559873 0.656504669027931 0.605630967026984 -0.973819146872335 1.75245036369152
-1 1.69213900677313 0.776802706123898 1.94304436939466 0.728339828648326 0.133585068068106
1 -1.20829055095423 2.10238102492715 -0.928504540410222 1.22680715753089 -0.180726108312457
-1 1.27491712432275 1.02462158995022 0.821519458357661 -0.418317735126691 1.37147872859415
1 0.569841982425229 1.07550512398943 0.258530293269083 -0.128748601619696 0.121345559957191
-1 1.82194484328105 2.30905838413931 1.70036273758625 0.634147285107971 -0.72873277229209
-1 2.60366853051638 0.745268555019285 0.0206380878771719 2.04735553719122 0.337724415184234
1 0.553298580648696 -1.28065645583448 1.66058734108851 -0.300898919827854 1.09137197353504
1 -0.929107701316671 1.67597220259139 -1.29173301905998 -0.467886946925768 0.444803824365378
1 0.319122393360597 -0.0545461060906908 -0.0710759598218355 0.498826621967845 1.02734352933031
1 1.41260281955525 -0.9572683108856 0.0385452242230069 0.938254979274354 -1.26582679572135
-1 -0.296536695844505 2.57756020732337 1.76108893393189 0.227168547166967 -1.00466699812359
-1 1.79356010603504 1.40735094557233 2.49554124664854 0.96248345452257 0.222012261441602
-1 0.161297274017608 3.87710923221379 0.305235492474727 1.29477257043227 2.12537735991025
-1 0.903502316066803 2.20322738030014 0.424951488115495 0.052911923099848 0.321198355599538
1 0.940110263249966 -0.186621828222327 0.139582796988611 1.98344195047964 -1.65595441642356
-1 2.73380346380989 1.02308397824094 0.369832544420289 0.51885930879749 0.50992160754896
1 -0.0470107627652741 -0.406028976761811 0.981122533979614 1.07509413755761 1.69949761184690
1 0.51496100394078 0.470733313470574 0.563484782969063 -0.76661578382304 -3.34667705462253
-1 1.19842794950322 -1.01599887114162 1.82880423725410 0.751591639240955 0.726466471531392
-1 2.71069063704246 1.48802809165822 0.803930565592085 1.31150290181892 2.11074955075010
-1 0.316995381211078 1.19209011081587 -0.97150133185656 0.974207330892918 1.00220866721361
-1 1.48094324997203 0.675853818630674 1.54084795376389 1.20320566735924 -0.395954734393803
-1 0.95938747757448 0.500939321478329 1.6174094605357 0.746298648454835 -1.16131638968993
-1 -0.347310842593945 -0.343577122965011 1.20666518444986 1.40834305746433 0.268894144810256
1 -0.372570613397049 0.265424305833152 -1.76223394542185 -0.201683328196343 2.07137771450589
-1 -0.516957176615356 0.0508387073784652 2.71159776822199 2.66755911929819 0.697383527196933
-1 2.0820964849989 1.78769642270807 2.47563249996639 0.593268651531457 0.96480457082655
-1 -0.888203151929777 0.178703910184682 2.56973493112689 1.01306706785852 2.16380987449486
-1 0.382115432797423 0.810211730511032 0.519737223831023 0.520756962075505 -0.0218821974713831
-1 1.15833063768428 0.394487073585203 2.17920878886131 0.161238805492879 -0.289124927289934
-1 -0.567881526175825 -0.299849061867573 0.64800246784035 0.69664570182621 3.33232378093013
1 0.304112929569313 -0.715450923345973 -2.18513055994779 -0.835844042798526 -0.568408417281917
1 1.54052701218824 0.136146369112489 0.0894474038389355 -0.0764939820423614 1.68274417977962
1 -0.499526805189624 0.848487161530554 2.69681814226967 0.491156433452038 0.157784900476172
-1 -0.0275331329002205 2.08264301569238 -0.300151474446318 1.23981697736076 0.347842640612183
-1 2.14932003097699 1.60536421919923 2.26435877301366 1.72609740776653 -0.437216824329613
-1 0.803801541139308 0.0336696425063975 1.57264795443049 0.96797802445339 1.8485863280127
1 -1.07317238155027 -0.407410328060898 1.04817619457473 -0.59156724720678 0.577162418842174
1 0.857922430470116 -0.632187647008786 -1.65463905014785 -1.15644715836445 -0.338800296756177
-1 0.333366551305082 -0.497699351974803 0.646112937688198 0.675423189263424 0.805340667842851
1 -0.405310156974362 -0.245953782298234 -0.0360500286218675 -0.461365132756324 0.0609621445089947
1 0.764955430694961 0.0264619112918325 0.0343442949905155 1.06828533290190 -0.551974806435622
1 0.74420246414607 2.33377046649627 0.0535539180114633 -1.93875793712905 0.878630234660205
-1 1.43187180466861 1.53573356555593 1.14800568043601 0.614867055283786 1.58449316182584
-1 1.09702054226885 1.06947796479466 0.633259716718205 -0.696746282739918 1.67268661870344
-1 1.64569762171392 -0.440220657065359 1.34816930810378 0.0878854982608989 0.446545046081844
-1 1.16093877539364 0.552463933027108 0.605814031589821 0.0654244491286592 1.99934589017552
-1 2.46657998694513 -0.155630269696933 1.42765792038988 3.5914394834617 0.309585606223067
-1 3.10460757368897 2.24015922339891 -0.235173804732697 0.6598234975449 -0.92453458308167
1 1.00375727511409 -2.15308259433758 0.0674607786106089 -0.901931781484197 -1.05274961984679
-1 -0.158433051779491 1.01043393737872 0.692038420642384 2.81175960158887 2.43529584895665
-1 2.22160468323498 -0.595910217685565 1.02544215139161 2.09582219373549 0.466651782846575
-1 -0.906593142600481 1.51544968656764 -0.944169272535806 0.319232594866818 0.148136229936047
1 1.71491036192398 0.313544480318848 0.743302532776876 0.116266916591734 2.53976893615313
1 -0.234971037305690 -0.720006175903092 -0.22273065035978 -0.0424038567415457 0.450558287558237
1 0.78219942972806 0.302708297393678 -2.49993759023059 -0.844950621678155 -0.661670679566134
1 -0.208998693202340 -0.944387131783282 0.417906669383385 1.31484650717336 -1.96019081755157
-1 0.00306267339213007 2.28777157776778 -0.0793928910311696 0.276536071209306 0.215622925227237
-1 -0.460348267096571 -0.144594674611160 1.25406644163817 0.584532581063394 2.29699545734675
1 0.034195495804503 -0.100392613437224 0.257901354138285 0.782410491603596 -0.911240820758888
1 0.965096949640468 2.02121041386403 -1.22734429332368 2.14966769077330 0.466751969815598
1 2.04313166214301 -1.04223899656798 -0.682872423263378 -0.302731743258369 -0.88873949053336
-1 0.83561243977234 -0.771837556115968 -0.0659057744401876 -0.105230090358588 1.93773365339549
-1 1.05820761774114 -0.103071750167896 1.49788136276964 1.93545069656844 1.53421745661047
1 -0.37485140779182 1.45793616062928 -0.782316612126003 -0.867519368964922 -0.817687623816503
-1 2.5651331439567 -0.17399659834427 1.32581161567504 1.963271383464 0.530243760264724
1 1.60835164026821 1.47814263402528 0.0931750155864045 -1.02967074618447 -1.51712007458502
1 0.769098243268624 -0.671492046121704 -0.227030862732534 -0.778348208468081 -0.347783850469654
-1 1.31787877105434 0.271082307208835 0.372897025970524 2.77656138557161 0.99242977320204
-1 0.146320640381129 0.487687526341726 1.82082951798112 -0.527165094421003 2.00268025371623
1 0.887029472380973 -0.00199844339623005 -0.852786033338786 0.144966824500252 -2.85705938338061
-1 0.231318254270071 0.55167238061344 0.159446138009126 0.462104402632007 0.858449580893861
-1 2.18995270176524 1.05560638419875 0.698608216463363 2.10041111728486 0.450793037316311
-1 0.928823252586298 0.617308128138495 -0.0981553124619606 0.032414394448366 1.69780115155437
-1 -0.122533939170597 1.15988236053572 2.29657482357927 1.32617610440072 -0.982347955933562
-1 0.282560354274776 0.454247937446006 2.83242702439952 1.28423761789039 3.02964357462883
1 0.829368037964505 0.121893084007873 -0.512897449696659 2.27665468319854 0.811201082911646
1 0.235344198389705 1.89791140754463 0.062329553946174 -0.63690414204677 -1.40895544554385
-1 0.431275039671769 1.62735222322179 1.52219979122764 0.929948813327948 0.566827085953335
1 0.99658685402139 0.966362098775637 0.347165400624814 0.542766018095631 -0.596192401003270
-1 -0.145836731509708 -0.170262810523808 1.74163425575612 1.29222850886141 1.82278570356027
-1 -0.935227775222932 0.0486575226066543 1.44878222099341 1.17481063874092 0.962062118618412
1 -0.378646132229260 0.270277646107345 0.406741435224975 -0.341522592158385 -1.17216642244366
1 -0.972010120887148 0.681540731988645 -0.772323290325674 -0.82440536567979 -1.77061779654200
-1 0.0216979051992808 0.335642264065491 -0.101655681390776 -0.360957776623806 2.92508025003977
1 0.986064983682844 -0.485437508152154 -0.363027748118340 -0.777469006830899 0.387006063434051
1 3.25625326774781 0.621221834443466 -1.28954363959937 0.438106221535922 1.06133020241230
1 1.41572702448905 -1.55111598111668 0.0158196284668420 -0.112046493687516 -1.20304135039458
1 0.177968135508320 -0.830114920088758 0.604096590888425 0.501515292656816 0.514541854079365
1 -0.965019404140895 -1.37222963580895 -0.701510403406589 0.359590528952272 0.427661387066844
-1 1.01629288678194 0.234293101889075 1.35423639033897 1.70710712461810 1.40234771473180
-1 -0.259349515966085 -0.0786091996196588 0.548297573707516 0.945735645033765 0.979776323863533
-1 1.0713495835224 0.69131657899029 -1.14533504850068 0.702450705991214 2.16068829393445
1 -1.14998504013435 -0.634049342908872 -0.59143507877825 0.80124366530445 0.146130131635141
1 -0.381283947313191 1.50663949384053 -0.447036098053856 1.22614828094139 1.1983445857014
1 -1.57145225149625 1.30150095967772 1.64314121245858 -0.568486773819416 0.59599608562754
1 -1.29358139666490 0.96734021611809 -1.81715806975858 0.24314062395693 0.931694260479059
-1 0.289206888027615 2.22789776810663 -0.262587287220399 2.03394190442341 1.34616497396266
-1 -0.109018730485380 0.0721650103262641 0.138435968687834 0.0253894817605255 2.05373525397007
-1 -1.22762669667812 -0.325892300830103 0.938449128288947 0.869057836250804 -0.768387707915413
1 -0.599925783020057 -0.589344692890120 -0.633254423919787 0.0058249829353618 1.10119412644828
1 1.72690902071357 0.768384529487092 -0.667312614910551 0.0327151604269381 -0.810875137960892
1 -0.282063481190016 -0.0487341233457425 1.27578937275933 -0.402649670259194 0.255708286843865
-1 1.07501904901845 0.702390054351038 -0.917663863060403 1.25952927156994 2.05883426219927
-1 1.84954595266846 1.82763428793027 2.94015463000631 0.747772643319793 0.31818931174166
-1 0.746214336175476 0.349630743192174 1.85637889047587 0.953737469882026 0.51680373311072
1 0.755940913367967 0.207288461351694 -0.383418134297771 -1.95895129395736 1.84594225168760
-1 1.11697237528842 -1.02266491821919 -0.255219601393911 -1.50370604808443 1.10004601267010
1 0.263292255755204 0.158304191138008 -0.692868550481522 -1.09248612136826 -0.996716943572977
1 1.34031055155779 -0.106805435131845 2.27129956166948 -1.05157244355142 1.42017425090635
1 1.03189405725473 0.87415526997109 1.28397450976655 -1.46162972548073 -1.50921168040746
1 1.40962204150567 -0.401416701615662 0.686822370728482 -0.415693811324125 -1.66815321454246
1 0.504824951183278 -0.211037650722436 -1.12953506963352 -1.20726540554917 -0.0545628411730554
-1 1.23644441041683 1.3394877440823 1.58603722386185 1.03791263839432 2.12228232659152
1 -1.08804648453367 0.550158764725893 -1.22590515952399 0.758705325844464 -2.52225524476883
1 -1.03552829118166 1.15316349600156 -0.332975344435848 0.0398944977283606 0.862595025753548
1 0.516941527654149 0.0176826494063665 -1.36024455975621 -0.0429536169441575 0.287704319915059
-1 1.79887963807520 -0.0366448939603221 2.29543827854456 1.39028165041484 -0.233758265632662
1 0.157812521586868 0.803937790529339 0.344671564601378 -0.733679109731675 -0.279224554514192
-1 1.75058663007808 1.67987004070968 0.656989263782426 2.10956086052372 0.664498606878694
-1 1.28993286585993 -0.188088421377429 2.11803600443226 -0.274922079061427 2.07466762054224
-1 1.55543283202587 1.08792255532889 0.250653251829513 1.52968885297088 -0.493543976556939
-1 -0.871446735833978 0.362543029264089 1.50395443758014 1.74744911602394 2.03536620353784
1 -2.56548966078321 -0.130751926801379 0.327833200651881 0.613014562181814 -1.7533859556479
1 1.25149298103419 -1.13638353665166 1.59566453196832 1.18812529360072 1.60001867657787
1 0.380160476326928 -0.868063613255858 0.297852739521175 -1.05723181786899 0.771118991556152
-1 2.26183132759646 -0.506990876718827 1.59188458602424 -0.90366943556313 0.692216214451019
1 0.309632541390043 0.385603358205502 1.13177804033010 0.91079062639162 1.68124701135548
1 0.187058478285439 0.958568307413644 -0.0790116046359093 -0.830640450037656 1.31242543423878
-1 2.7567257532071 1.79118237537951 0.575091353304355 0.705231377175675 1.53497015147695
1 0.129739107418190 1.70037457763745 -0.030702833364415 -1.22630794820631 0.828342267221823
1 0.489638378312701 0.0531474916790711 -0.390129505984092 -0.683489052793651 0.1443477094049
1 0.223085047404000 0.676092802143674 0.584439570791279 -0.435660587184295 0.0778532086748971
1 1.41308225206914 -1.86423714118610 -0.589909744686582 1.39691236505518 0.72316594251099
1 0.493303156718962 1.21479163674130 -2.0008585389382 1.37978971112479 1.8662780511875
-1 0.981183225640534 -0.221298674449858 1.53666243464688 2.60495332008466 0.648422147194891
-1 0.805415655222718 1.00609023987536 0.243734258262801 0.0187310859036183 -1.11751164496283
1 0.138465098223901 0.761737307985148 -0.585677293690307 0.963033980989466 1.05925871028277
1 -0.208976142297691 -0.832705336985275 0.405187460645719 1.58168496041074 1.04146900292041
1 -0.713287090845944 0.230880361301045 0.197759572002685 0.642765825843153 0.329075086748997
-1 1.42339489176865 1.38590123868299 1.06652515659345 1.83447173798282 2.33518639749742
1 -0.696710442474905 0.812940040248939 -0.0763294550516814 -0.091337663731392 0.998268031224432
1 0.0244114282183700 -0.613771863905198 -0.0519323828360552 1.58182044677647 -0.578039311600625
1 0.055476785122095 1.53667728164213 -0.385767159672743 -0.405032599389814 -1.55154512895656
-1 0.105028519505785 0.829209972117332 2.06182872607406 2.86887606388493 1.45136003604506
1 -0.738426276857332 -0.74986329476963 -1.03633770974852 -0.404348283524674 1.34349000981266
-1 2.96839451335088 1.96886475296845 2.08646984465189 0.466107040938293 1.39136575483896
1 -1.06185978308071 -1.40712775268512 -1.4438614449832 0.554327441459042 0.0822268968910137
1 -0.0524130658424486 -0.443066199357958 -0.152548342793841 -0.289839862127812 0.885631029444963
1 -0.0428666109815352 -0.827785414243571 0.0702610596659094 2.67297754178443 2.58874019794769
1 0.0312379172285139 0.635768446580281 -0.748208074045976 0.107661485643114 0.426244627867791
1 1.14942030950511 -0.522297697413344 -0.334210280330897 1.38786302791032 -2.65769142697041
-1 1.97857653301381 1.45714057899044 0.869077272405158 2.63792499632239 1.16384379874994
-1 0.736087579495705 1.07797033561929 -0.290334336932144 0.771935373652147 0.888003386632615
1 0.257395481724388 2.57922286497674 0.572366084576448 0.63422633423976 -0.5820018064076
1 0.235800708938036 -1.41343100783568 0.490885774354179 -0.810938532332806 -1.44028584164542
1 -1.11931777249221 0.764509132500121 -0.149397522299309 0.160177236026450 -0.166598902230708
-1 1.80391811044588 1.99026839307215 1.2829160076899 2.49281516405923 1.23956905735937
1 0.790785584650385 0.860299094175873 0.942194682094064 0.601875514915381 1.10669956520458
-1 0.485350828449117 0.922718637633123 0.208228045810100 0.298612516582123 0.870762773621765
-1 1.81401778975386 1.03732833823537 2.67745505817965 -0.821408229241801 -0.339494097611801
1 -0.85943073073681 0.195947476084635 0.95994751325631 1.86300149892938 0.487133398242892
1 0.869748657831767 0.0719803657059468 0.981134955188363 0.384491240340975 0.679287058416396
1 0.533726552825258 -0.985974448653347 1.70774015241958 -0.557142906289421 0.752704327716438
-1 2.25942387340102 0.5957580588746 1.12555170261884 1.28637186908270 -0.158182843273579
1 -0.369603926245342 -0.0378921546715842 0.697388219904209 0.143370831122184 0.491401029021553
-1 0.991361000485634 0.556850408010641 0.884789901789604 1.61451630358421 -0.280866512019788
1 -1.34393166425748 0.853399999563366 1.02330025413246 -0.360962636218578 2.39743615206777
1 1.06127470934537 2.12735960654002 -0.0740891978837821 0.473990456416313 0.0796737709927786
-1 1.44603986987941 1.68183583869515 1.99418163069947 0.840856817297585 1.42475655340540
1 0.803809726724332 -0.30493166537173 1.76456125941903 -0.587873561649415 -1.25684020268934
-1 1.75433127047036 0.190782016295529 1.08452545797681 -0.708823701640361 2.3202378063824
-1 0.764696905074563 0.871972151530863 1.70135538680863 -0.332651872472153 0.622675115156061
1 -1.27860455351161 0.151916373355003 0.563617196592657 1.56145322383171 -0.182361445504493
-1 -1.84059153654152 1.23373466416732 -0.757436102380397 1.18164570259948 -0.109339032648180
1 0.349579707744642 -0.900225657387802 0.239585135271548 0.546689736674668 -0.717404643521886
-1 -0.618407067268353 0.410139715551889 0.753134746865132 -1.13541153264410 -0.830894337931842
-1 2.72149440128130 0.319533086330461 1.13221588170445 1.91991419117116 0.59845449665241
-1 0.897286554709603 1.01055543878317 1.59981043734398 1.56863490929139 0.661859795532025
1 -2.50534713849991 0.00602974704171567 -0.437273742258004 0.00163742984797501 0.586719373019499
1 -0.83949104241984 0.472510286587626 -1.32803603786967 -0.733683387959538 1.98071172227491
-1 1.37146996744444 1.05938368503662 0.683780544593964 0.351720582529152 1.15839735102046
-1 0.271791251676272 2.83285314745425 -0.0333046449856856 -0.237034470911039 1.67990987355224
-1 0.309641884618098 1.19388719734761 1.13749277113802 0.356056957689174 0.530648600071662
-1 2.43861544268622 3.2547657740243 0.415608816762634 0.545634221296545 2.75616118846383
-1 0.433054874666386 0.863607829264317 0.170681156675977 3.06922541002439 0.302813458066004
1 0.282708345464287 -1.17217951890873 -0.348907100000761 -0.93463465222255 0.301664470551505
1 -0.0955704507556623 -1.57358919123138 -1.64971639599305 1.73861348469227 -1.96545214429004
-1 1.53337214149061 1.51158654396146 -0.283195835936758 0.534662569275791 2.97642021815477
1 0.529025803873946 -0.180539582169607 -0.0923977399543682 -0.504781933954425 0.142527300820519
-1 1.90847926549353 2.61042520105065 2.01827571286204 1.49781369360690 1.36535135830872
-1 1.60519416480419 1.98400380173683 1.27252963683764 2.01937778486790 -1.05917633182576
1 2.18719730317947 -0.0266179140861768 0.142833151427553 -2.29658149277884 -0.0671668659512697
-1 1.28049122930237 2.02798398940207 3.13022065590627 0.990925314961542 0.226564593831477
-1 0.200999035709201 0.00480581084944087 -0.433809315003189 2.28882335183020 -0.0883146882488313
1 0.036929612353737 -0.823175198741517 0.516803798637736 2.03329753064996 -0.63856145725366
-1 1.43570535712046 -0.62594681755978 0.929366986715817 -0.198720560905903 0.783173985278728
1 -0.32084122277964 -0.260935689017653 -0.632723688019093 -0.975964294223526 -0.134728163418366
1 -0.0441740719578860 0.434176508449387 1.14226427929131 0.481086550039663 2.36334539443923
1 -0.191459883497518 0.787258163970687 -0.240736648163225 1.48752853324718 -0.324177710066357
1 -0.412947671052420 0.996187059081306 -0.233647497641435 -1.32562060977135 -0.699129701519598
1 1.01352781324425 0.230866676242359 -0.10284964064325 -2.01935343009813 1.03514118952236
1 1.38875542933081 0.232219967218172 -0.885325690554508 1.59682872201811 -0.415905306192866
1 -0.26301189448441 -1.26159742091932 0.832509189903874 -1.67219979444014 1.91162794313683
1 0.417422011795941 0.353132438075601 -0.182919501226293 -0.773348267632664 -0.14521976107328
1 -0.203952855817215 0.50007052961583 -1.66756499753306 -0.088937539341998 0.491297446287301
1 1.23301727932892 0.764709354235705 0.916888402572386 -0.943839172509425 -1.67969764926463
-1 -0.178523208274911 0.635131030821455 1.94301221879445 0.354599460216534 1.48520421250607
1 -1.76863814338570 1.33311233299041 -0.620816905435232 -0.892196329943512 1.25871772403487
1 0.744553339460872 -0.438191129914428 -0.154541397571437 0.823501514675424 -0.187807577926629
-1 1.66976352619239 1.94273964854139 -0.537037436621047 0.782186600216003 1.08880492253415
1 -0.164559352937215 -0.642726121767103 -0.437843165825929 0.0206529433080825 -1.68654026789962
1 0.5144728249551 1.40936534595465 0.103757414853559 2.08834290986367 -0.19861560574569
1 1.04246129592825 -0.149430187227138 1.63076922741783 0.347519490347949 1.05369110913400
1 0.0671027627398435 -1.17604082540809 -0.368977488497769 -0.125546311636329 -0.458913438810294
-1 0.836171163688795 0.241649335504046 0.85687492175161 0.497465478664065 2.16653929743412
1 -0.174559697411096 0.810616553251858 1.87904426220395 0.150149823021845 0.197319807065420
-1 1.10810857772538 0.204004257736344 -2.17405288698861 0.346340567516691 1.01451517436884
-1 1.81326970128848 1.69219237045022 -0.171587738848050 0.405408733396872 0.160197960635606
-1 0.462358391500354 0.165036691246929 0.522926336684533 0.0440932690650617 1.53665838769168
-1 -1.25709759107409 0.598003629674702 1.09963835580858 0.923660112050626 0.0168107497675731
-1 -0.150687239771336 1.40014046094893 2.15311630503135 -0.195020023896896 0.331199944316819
-1 0.736775363451397 -0.340392799883268 0.782983874211567 0.52522485863596 0.24895217636896
-1 0.818931148491476 0.918705084799867 2.13030627046233 0.474241139810599 -0.766414438099537
-1 0.915318040241023 0.0328102926812429 1.57796954637976 -1.91313642747304 0.383315178459308
1 0.42655733398822 0.289579196731496 0.0405518518753449 -0.54035589413275 0.180556632304233
-1 1.12030834872052 0.283184106414449 1.55674428827689 1.21982188311565 1.71850253666620
-1 2.73592002919438 -0.0997859050665862 1.83243133118016 0.625169197611172 0.309518240144005
1 -1.10530845025834 0.96895496811337 -1.34935666594048 -0.650647861568964 -1.52538846011393
-1 1.73684110094303 -2.08529870214570 0.424322941789926 1.53142449936732 1.98163030371428
1 -0.336153495777482 1.84599891592131 -0.650043138179051 -0.0392815509247928 0.651245995761522
1 0.550829430526482 -0.97842476873817 -2.28800497057063 -0.0946887418298826 1.32777661433416
-1 0.791411799744723 1.98688010377593 -0.598084632426025 1.84823309720316 2.69097380729633
-1 2.45893619485663 -0.544838324814905 0.428596298477048 0.445512483484425 -0.533650995288047
-1 1.08046284737731 0.790468618357876 -0.136385377744324 0.820710400785501 1.56829720102725
-1 0.568133745127119 0.810297294759529 1.38012073722364 1.69306994683249 1.30955877576684
-1 1.94862799380322 1.59389830330556 -0.0888910969409583 0.935238639598133 1.18301312992061
1 0.190314932317095 -0.718436433403927 1.02813884573225 -0.2110956125163 0.474987375661827
-1 0.0141606557265019 0.516338731084208 1.84106912196785 1.73348309068501 -1.52232931588246
-1 2.18916635764994 1.76887446341533 0.607050687648235 1.60511506998567 2.30554492074642
1 0.129633818303436 0.0602845540224886 -0.0691783864655258 -0.507435502351299 -1.68500392260734
-1 1.61687193016217 -0.694786223964588 -0.684024760030011 1.16569169543317 0.272309667357617
1 0.825263190441121 -2.26290722157882 1.07229605660554 -1.68789318083175 0.200725931134286
-1 1.63557115455694 0.121141083058882 1.93782449607493 0.45408851952324 1.64476731453288
-1 -1.10701169522372 1.54002776151158 0.343648192954559 -1.01023107025571 0.210953052709557
1 -2.41841031265658 0.353353724901197 -0.187878796547524 0.430212887077954 0.86488238669272
-1 0.877909782966852 0.351657396920416 -0.525370866964567 -0.310516209235307 1.67584863667773
1 -1.20076444483671 -0.317609693765842 2.25457651407261 -0.0833781593562693 -0.788943733516051
1 0.849539991818233 -0.611499323340584 1.17635198633993 0.471689848046888 -0.140465849564892
-1 -1.57621806138601 0.187022286590337 1.96632579415288 0.719221263230168 1.07289148517432
-1 0.427781246783141 -0.554050502300203 1.38233902663352 0.42425554312052 1.89439439562786
-1 1.33967147379923 -0.702905840133535 0.507835558550627 1.33167903383156 0.700495405527063
1 -0.348962665314515 1.56155182848349 1.36676071713906 -0.738797382566458 -1.15507001862991
-1 0.845817539532765 3.07999954268533 -0.46545704650161 2.05501924553153 2.59303586791387
-1 2.05834401840886 0.225790403817141 3.01314215344179 1.29311290005991 0.640900714015018
-1 2.31449483697725 1.91431866028572 -0.524349896489883 1.06036830066038 0.529723090793616
-1 -0.0586084322780104 2.85196341982316 -0.702125399339366 1.26082830155120 1.23520545719295
1 -0.240559775022691 -0.165420531171669 -2.92890077818116 -0.0193187108370114 -0.796064887788019
1 -0.105070920814046 0.525810495970005 -0.454564992572342 0.601038559397114 1.27125078955687
-1 -0.133675463918866 1.40676353253806 0.172695004334809 2.42056128362927 -1.16644550880949
1 -1.00104055697426 1.53629323274118 -0.161026076975220 0.53872822946923 0.906503188584669
1 0.401562352415565 -0.688782778294308 -0.308208233299854 0.192390238468431 -0.476517560018199
1 0.913175546847388 -0.980829681695737 -0.387675510806081 -0.109189413304751 0.417595325025737
-1 -0.184619019687223 2.28677135167032 0.909213439788407 1.53633926938802 2.05679634794463
1 1.64551466527476 -1.29414945336294 0.47436121380678 0.440522813783275 0.183913875230015
-1 0.21129182242742 0.64811278475916 1.0868527524967 1.23276481527004 1.54658445155939
-1 0.84051614355649 1.28967204031614 0.694149475103915 -0.344855694963326 -0.854668356493031
1 -1.72168132119331 -1.29437193339492 0.57614073377987 0.520462529925084 0.420972857406096
-1 0.301496974409272 -0.495460946030481 0.216542408714457 0.741987639749782 1.76200666157580
1 0.729007490856876 -1.08121834958212 -0.25855191933649 -0.366167100099436 -0.160419203093485
1 0.0687274665117245 0.146949442404607 1.11485782204353 -0.0836511381464317 -1.10356841298199
1 -1.65368091440665 0.355795996819913 0.551776867852378 -0.580000239575558 0.238831523195565
-1 -1.26243295023413 1.43063487308324 0.828069996061126 1.04479997166391 -1.06591021606873
1 0.844233173882698 1.18758451223221 -0.711290853086594 -1.2441598578774 0.0991687488621442
-1 0.767074432621867 0.221161372075704 0.378039023651404 -0.891598982470178 -0.484882504588625
1 -0.820232408217227 -1.11831533714322 0.746520932894041 1.72331315343951 0.846918489224373
-1 0.527670275560577 0.686556287054096 2.08953123428746 1.27664341274839 0.549719424560238
-1 0.644722099114458 0.837343945813982 0.583710244836692 -0.0211901945130112 0.044165244015301
-1 -0.00579277977884951 -0.45358492636211 0.611369272658083 0.35838243676116 0.513904773945747
1 0.365707251785683 0.695044108819288 -0.614656006682709 0.359753705770324 1.11232464248262
1 -0.0990963793943293 -0.86323969424365 -0.194119856643533 -0.15960299062353 0.360119695655432
1 -0.146711964144122 -0.36454657634933 -0.3592880582268 -0.131397131053247 0.575851925374598
-1 0.86884645956443 1.50870819103360 1.90764051966292 0.75313303511865 2.54133134566619
-1 1.41465862904302 0.278492854814697 -1.77011078722138 2.58669740057662 0.668977839780631
-1 0.197633020542019 -0.97808845793054 1.85439555062967 0.839649104979852 -0.211298871300715
-1 -0.191058199284116 2.37721505752981 3.81316060895414 0.863631622394952 1.2334044268497
-1 2.29756711723576 1.81305094464174 -1.93958537868040 1.47007918736969 -0.4965018287361
1 -2.03836114159041 0.749172567632785 0.449470992111059 1.20545275601471 -0.493623097087599
1 -0.178367322915490 -0.394645618195193 0.220643979694551 -1.29093171439767 -0.729018923435359
1 -0.141391579553212 -0.0346556340089941 0.0528491921656654 -1.52336078211112 0.123342919153133
1 -1.71126562662829 -0.682046577162422 -1.53500142099488 0.735405743543787 -0.444865557598968
1 -1.20596203249999 -0.171725203539868 0.445919696594718 0.0191101170489364 1.06017612830483
1 0.0944158407459024 -0.889035064624578 0.158380970635657 0.709519334126735 0.104574469329727
1 0.622906663449842 1.37789142387197 1.53433971033072 1.92570778658525 -0.743425992815353
1 -0.764518231592991 0.334911990566269 -0.513096828842185 -0.326737332286784 -1.38471376323351
1 -0.692391412396026 -1.33884931554339 0.688061377442589 0.468558427003817 0.694495992205897
-1 0.413987544598635 2.77546289961236 1.53650151773130 0.896325339014117 0.664076639664326
-1 -0.62344178153716 0.0104324888332432 1.25782274278139 2.04046695846665 3.14691146564092
1 1.50649471568615 1.01273269848317 -1.92173567311734 2.4692586587971 1.36554811121101
-1 -0.383783437488534 2.25545863561341 1.17549199618382 1.23479972535134 -0.405513271300114
1 0.681926408551259 -0.661338761449658 -0.143118862941421 -0.0530888094255938 -0.0878558901224197
-1 0.522421556608307 -0.335682832100037 1.03294717103541 0.199720663665664 1.16590933810254
-1 -0.259339892427211 1.66832799330099 -0.00552764455687593 0.293024018703506 -0.304621712912602
-1 -0.555113998199038 0.984267652710626 2.84228642513627 0.351115130899350 0.227779069687381
1 1.86322489844722 0.125706905556254 1.50130184544215 0.573421090890307 0.637597523287365
-1 -0.174345705636784 0.866807889477139 1.44599330155071 1.01967899586142 0.125391578506745
-1 0.514289441279562 0.688363054278196 -1.6377673194559 1.34423672565854 2.5699090496701
-1 0.787359331269633 0.00740586052545167 -0.607659281895142 0.336660374066905 0.864639538757858
1 -0.268042430668508 0.928565897996359 -0.276203297831684 1.43410952165600 -1.49447035422728
1 0.850977160993785 -0.281825010151483 -0.713536065791713 -1.55251617297796 -1.31395653732623
-1 0.361086088063804 1.10600852444808 0.911667053684395 0.152482673058064 0.268705433118966
-1 1.45593535049804 2.79281994389481 0.296013986276114 1.00804350559573 0.000880725767989032
1 -0.546203535181352 0.38366476132579 0.356187377428447 -0.658247154706774 -0.188628029569021
1 1.02368903811888 -0.652786502117884 -1.31548817183372 0.84402664347434 -1.41240047617656
-1 0.575668509636092 0.450876882162335 0.424185880934985 1.63822820032451 0.762978065925976
1 0.21773563309399 0.426699372341675 1.16368293515498 -1.10080659626469 -0.707150085145266
1 -2.1198652033824 -1.37775394009067 -0.875373445091073 1.08797342767489 -2.35989619873074
1 -1.5104392703825 2.27406816758432 0.192757743992105 1.62286965379710 -0.407700041368583
-1 1.46291550181935 1.78999175669153 0.594783433796055 3.13847564585480 1.75635356978011
-1 0.78770038415179 1.17964836048515 1.20408211543377 -0.325332416180030 -0.713892135717999
-1 0.585912108830025 0.405830474410424 3.38713166829139 0.934345676364527 0.950704043725206
1 -0.0491690609490896 -0.557561764680242 -1.53938245497688 -0.433645686521430 -0.208303839771905
1 -0.641924033278025 -1.18043621149658 1.07508515244031 0.964364788624523 -1.16931227348316
-1 1.56142747693127 1.52134947277704 0.129111966733300 -0.204792507443259 0.954813422359516
1 -0.0149167416489843 0.0456309696433369 -0.338863330758039 -0.0626024433882462 -2.33890047708251
1 0.273138371436280 0.237289742753165 -1.63967046587933 -1.36230265471497 0.0990404801609007
-1 -0.496125580480009 2.79235279435557 1.31080457627557 -1.01953391312035 1.46943076443046
-1 1.7941801057568 0.591343022989473 2.15995213684587 1.52032050460729 2.35588871503456
-1 1.15473987177104 0.236397859568812 0.62553712018121 1.66276989201106 0.146060613401909
-1 0.865729225400579 -0.688363651422132 1.29224558113292 0.275105679006561 0.529548740978570
-1 0.0674497035714867 0.224734733835212 2.38877458598706 0.824141837680398 0.896798443573046
-1 1.45082175321575 2.83611538583532 1.19103596159008 0.112896271343557 0.407927350103252
1 0.793848072477472 -0.0764944749986864 -2.89187142789383 -0.0167082593112425 1.12809588509039
1 -0.675145531726858 1.55673830989607 0.850269495993671 0.618702756161706 0.608173523328277
-1 -0.167932002006009 0.304086975584394 1.73137924076797 3.76255471336904 1.01748858347805
-1 0.373311933661491 0.744966583889505 2.29031105433542 -1.02401364878955 1.52975952798461
-1 0.429926324763292 -0.531766977121588 1.09599395376984 1.46064175933044 1.71965774203226
1 1.86593741436579 1.05062337976337 -0.405210731680969 0.211206862284447 -0.331062943924182
1 -1.23378672813314 -1.57761743564452 0.0836308029295114 -0.38468085024442 0.720868339901964
-1 0.227216960796223 1.17397915623597 1.58473580142207 0.434338028079690 0.617096781740527
1 -0.789131986174219 1.30595437085815 0.154313960191191 0.315084013355713 0.0808439664104017
-1 2.20966911550606 2.29984897191741 1.39545394261051 0.620753521466412 -0.661562995752656
1 -1.29295403706254 -0.677199945694729 1.77847418061852 -0.689161607433633 -1.62017017791507
1 -1.58264708427993 0.748200365636118 -0.206583545665735 0.665055264997822 1.46203873962915
-1 -0.214061402247641 0.00845909056445915 0.119118237436187 0.97216320590415 1.07049896968205
1 -0.989252657881098 -1.31854155720234 0.200637304276301 -0.783292169923348 0.506118471891661
-1 -0.428363181358782 2.13841568177082 1.18810191479901 0.685282316671738 0.582839047823286
1 1.33007838561083 -0.48707509226442 -0.626481097363147 0.882124180427906 -0.152461139311347
1 0.287345859214477 -0.158174534023576 -0.433614651048002 -1.33994565805483 -0.337638331802483
1 0.887556211227582 1.10146894375162 0.298889495617783 -0.943215346559332 1.31572339857302
1 -0.193004076060437 1.16359865217241 -0.900176212508706 1.05332574821575 -0.606803589475492
-1 1.58658549589695 0.940330913178085 0.700650928442807 1.82340276059569 1.86541584222224
-1 2.23191995604953 0.306075908951349 0.393129250692474 1.49600064370235 1.37329664417394
-1 1.15439241625488 1.05109519189815 1.05375088609021 0.926625513742419 0.150193610983328
-1 0.207157847863606 2.77676330304219 0.610523790366663 0.623146543792508 1.64626982756251
1 -0.55516843744426 1.44582859732928 -0.192920125404545 0.683389680416902 -0.218520899927815
-1 0.546612564486578 1.64810878694656 2.23904931864413 1.47544154629754 2.30224324068729
-1 1.28252662069091 -0.826093177096218 1.02698850488259 -0.0201972389339977 1.70773673423952
-1 1.16434485031085 -0.526676559890264 0.780533055042213 1.16942746103631 1.68199304335545
1 -0.360260052848899 -0.377906216129664 -0.0653731016881947 0.854454810124967 0.60477601082336
-1 0.747519879912275 2.19301859241133 -0.828767323572045 -0.0142152908306803 0.529789912893624
-1 1.23558244225867 -0.50487363040803 2.38837154399597 -0.0175267303778475 0.856153767505836
1 0.291368505798842 -2.57773348877338 0.675220938993541 -1.22063884986589 0.506775577239232
1 0.785415810745105 1.62588694707438 0.228890721402574 2.01104766100836 0.202433321736684
1 -1.32569441903268 0.491552371641978 -1.77983218923522 0.128610320272136 0.189179537718523
-1 0.660166566045888 0.231048399198314 1.88599355688226 1.12394070257832 0.538583279858411
-1 0.316674371296921 -0.772610132110448 0.676813650458288 2.26281527604445 1.04746921482327
-1 2.02758804782161 -0.804729576469147 0.391515613429810 1.12137871679233 0.430954295204605
1 -0.379206332202265 -0.62082112680529 -0.933436058010959 -0.597119687551326 0.305033954497049
1 -0.197252847708305 -0.185733881979269 -0.890820902837435 -0.323494513651613 -0.398771402577686
1 1.32315133662483 -1.63576703567855 0.879897811162312 -1.41264044774551 0.652497666876378
-1 -0.453125527417869 -0.212713516783724 0.440459931760812 1.64254891923912 1.45136418006693
1 0.155065870402464 0.260433813972646 0.250458390663952 0.8008626818315 0.507546940699992
-1 0.186321896549399 2.29603277674009 -0.497405993470057 1.57958930510833 0.676528816274297
-1 1.51910299588082 0.595744294276089 1.68107872465316 1.07947851836875 2.54936932418098
-1 0.436527325276476 4.27423464439693 -1.13522427331870 0.0452733324046228 0.717278871071521
-1 1.95170113238369 -0.765244100458276 2.65780786562121 -0.417549149601950 -1.00577286958543
-1 -0.570926683787573 -0.47356576297246 0.530902665185076 1.24561170393978 -0.280263799429951
1 1.25130076071620 -1.53525100595682 -1.15428077870889 -0.603338470540808 1.41645044025728
-1 0.225205220441083 -0.389977399794829 -0.000510549199712385 0.725015432894503 0.654017918780849
-1 0.439846162745502 2.46058655549839 0.390460145839361 1.81780656787112 1.78350327507268
-1 0.864922023520821 0.294055126861478 0.779268919644225 -0.185688253616463 -0.366603319589130
1 1.11558470358319 -2.29459614139402 -0.0519088062957092 0.108629868288455 1.26852569885049
-1 0.076302919139928 2.76240787880806 -0.575713916864573 0.0512778832245253 1.22087757372681
1 -1.03717232006295 0.522229766922557 2.25647900130566 0.106066300525040 0.636056580592909
1 -0.96946087084574 -1.32998551004876 0.20480172640687 -0.485479156760662 0.778799669542457
-1 0.877509946625897 1.53307486786650 0.74583753186791 1.13095300959236 0.495587836506249
1 -1.04219609388650 -2.05262974738708 -0.533966397933251 -1.20083188145724 -1.17259193921928
-1 1.11531011335606 1.99009903288039 2.19475645949662 2.75126376764926 -0.745391878879098
-1 1.22887328633289 0.115464632095817 0.234536218772582 1.69473766343807 0.532439397086848
-1 1.56292817146309 2.93785244386263 -0.911937420203584 0.810857327672195 0.470843423081741
-1 -0.0724013520088191 1.38740073322596 1.86108565409851 -1.40491837485010 -0.00351319266250483
1 0.754418310423578 -0.360912247688269 -2.35825636964424 0.18751424382158 2.09868414693957
-1 -0.243532494603108 0.698846017080866 0.468109439623524 2.68829776944765 0.850858593689047
-1 -0.648247116343002 1.78798797332360 0.679514538601613 -0.688345803447668 1.28969077452310
-1 0.355727777409993 1.34451661039325 -0.425058109420036 3.97727685354238 2.91080847405241
-1 1.03065922664810 0.269352259783299 2.91376114723297 0.997835649298235 1.81927035728498
-1 1.57231710518594 2.08739944963486 1.02617040091279 0.178110143679038 0.0400557496848091
-1 -0.99956408085341 0.113131418748438 2.43620215309049 0.486557251992175 1.14947959227973
-1 2.42236848225178 0.484728426495802 0.832226035420875 1.60715997366422 2.09316200222104
-1 -0.681563141691126 -1.26086486722707 1.97872839573575 2.48217301371858 0.430136865730744
-1 0.496009449490608 -0.280503001850227 1.19506125768417 2.33759066027179 0.623397075975904
1 -1.14213514698316 -0.265666728663983 0.240914394886271 0.401138396859404 -1.15993675155736
1 -1.38152122838603 -1.59288082923757 0.0871964901776115 1.26147290982277 2.10453524811106
1 -0.143654552341280 -0.250646271401789 1.16056195654165 1.27675077708333 0.672172052263132
-1 0.118343396647588 -0.183630302015488 0.605556648476141 1.80882505554502 0.633181673636308
1 1.11094352174925 -0.276966372470516 0.537884815994 0.267260262357219 0.139116534832494
-1 1.5472093917343 1.03103160755744 1.45385252006213 1.20603691532379 0.97681456626909
-1 0.132375397990056 2.14213944170193 1.12624455081705 -0.566050246108281 -0.466826825938859
-1 0.340089463922497 -0.181960792967165 0.720821578589507 0.990470784420715 1.78534511513984
-1 1.69732476957342 2.47475441863333 1.30279451510554 0.719664397024016 0.269272773616705
1 0.0679939563075826 2.11376944288866 0.97556587853641 -0.975172501561869 -2.02353596378915
-1 1.57540847729764 -0.0498806053039886 0.352172004580239 0.506030465089718 1.48185831639789
-1 2.88849338336373 0.089815042472977 1.08106092318884 1.63020552198163 0.092978721139833
1 0.78569379858791 -1.11412069870822 0.376226071900679 -0.356165170914091 -1.12005815564361
1 0.189405404763645 1.33977623364758 0.488405353582821 0.782652850825824 0.618954504985111
-1 0.698901580903472 0.449143535747993 0.257236669043949 -0.931311094778669 0.0169328357826137
-1 0.745315300747524 0.292045345149162 -0.0683856681550035 0.296273940675264 -0.0623048520129843
-1 0.816941959264945 1.46026035897912 1.89335817257679 1.94776278088183 2.50658509406502
-1 1.14347813986395 1.37091227385430 1.05343284982073 0.584720075254309 -1.05923357264889
-1 -0.125111376527878 0.329986564121106 0.0679150689983118 0.854183827009812 0.615329210868065
-1 0.277784283609505 3.45618892998852 -0.860150017613172 0.669890193310563 0.421760965700141
-1 1.32428380019126 -0.439215345587443 -0.580435053633462 0.756596086013481 1.76562683112384
-1 1.31215076816987 -1.10541491236515 1.01217487831856 -0.377952454383517 0.171667021615131
-1 0.275467503941497 1.81769578856115 0.292851319976265 0.250924735935585 -0.193469350565627
1 0.931802959665967 -0.695339019986793 -0.604502835268048 0.441174699775743 0.477053006191701
1 0.191819680902291 -0.537973910566967 -0.742074499909337 0.0463918294045442 -1.36845793021855
1 -1.32990569488352 -1.06066180084999 -0.436015865231738 -2.86194936932363 -0.228842724167591
-1 0.845026379928167 0.621274086469076 -0.0108688474049718 -0.118346205204332 1.31667825454261
1 -2.20455534293733 0.191736143948166 -0.530430123788939 -1.61984340419783 -0.0157371537825459
-1 -0.364812735665491 1.27168569516089 -0.427284767907982 -0.539259628091764 1.43098061781804
-1 1.30012111124984 2.02210142222918 -0.188910764494351 -0.533425400465893 1.66229272576491
1 -0.878154550382858 2.53471293337232 0.137042914056981 -0.661541526870126 -0.422564934062979
-1 0.328458327554441 1.12785493128151 2.22822121419211 0.806305540467357 2.57734608802508
1 -2.0801324596265 0.337029470165285 -1.17279754814839 0.524681655924851 -2.10047608899452
1 -0.516841732950483 0.799535973760682 -0.0183554247621953 2.08647381995217 -1.87919442330267
1 -0.0209487428807229 1.11395109278836 -0.178836867280883 0.351005985311527 -0.86984230641986
-1 -0.0119282831766870 0.573300728534941 0.555570595410654 1.08837599951896 3.21918773331017
1 -0.176112567928684 -0.753618823640228 0.07437388535251 -0.690774481393325 0.0964021499676184
1 0.849623826907506 1.03465941381755 -0.954078360810503 -0.0476618437565046 -0.202946588193342
1 -0.875996724798088 -0.516464997882471 0.512318098696699 0.762903966940534 0.918872850119127
1 0.287870098856688 -1.6078333857179 1.15896306482297 0.422212043352335 0.83881443570552
1 1.53382878202727 -1.5869562393481 0.694226020681755 0.288858353354868 1.52296584947664
1 -0.911406347294849 1.12262689466675 1.72312737955394 -1.39411719151261 -0.228764080305805
1 1.53281054349849 -1.59399348374864 -1.16842612084713 -2.00310439472567 -0.473752033176625
-1 -0.0244751436868146 2.56196630213112 -0.918054440668639 0.126732382941036 1.04049182941223
1 0.45120060187126 -0.368547423705031 -0.091560621663194 0.354089929052950 0.692589772019767
-1 0.050080286839697 -0.0398042663682471 0.86601528175899 1.12851788163040 1.61924246509430
1 0.460442596637515 -0.137514265796025 0.55578485434846 2.42917541465968 -0.516465160983889
-1 0.30410521417533 0.527978072545624 -1.00377825951344 0.0834095097060986 0.722494247404418
-1 0.309342093973209 2.09905550383760 1.87441781022071 0.837113273819061 1.16725191589712
1 0.192836039918734 -0.41646244079293 0.827741101354151 -0.267244841539679 -0.670743945956391
1 0.019043133936905 -0.91397378442349 0.248562092718303 -0.230032495281565 0.633748083401892
-1 -0.97016211686087 0.504569122825583 -0.530165861405846 0.917200099526308 -0.698616128860705
1 0.187967524591499 -0.343581166947264 -0.363589436357118 0.310339603347173 0.325962459134235
-1 1.85836882725885 2.72350759605211 -0.375902369520186 0.290625697463618 1.43065339152243
1 -1.22341142419806 -0.709696555555032 -0.999920092137584 0.920488717934512 0.823562526801073
1 1.22005044515551 0.373029521413936 0.343824580063909 -0.0187241134444631 0.751024847723651
-1 1.23181701044573 1.06591677153917 1.19014098670779 1.18346379471106 -1.13939277757896
1 -2.22812862500781 -1.51999197441239 -1.04633930327640 1.34951121566667 -0.0418998581408725
-1 0.654913865366433 1.38859697584373 0.423269357501691 0.428359369978132 2.15154066355809
1 1.08327608428229 0.324451947119142 1.60455414374311 -1.79386357552628 -1.80894217226116
1 -1.9267051299627 -0.815407375719456 -2.13702439453448 0.331198926370977 1.22485260009811
1 -0.553779133838496 -0.51557945176978 0.385778514960125 -0.114658328515352 -0.603597549732649
-1 3.55499399615230 2.50337701429818 -0.370372176582615 1.11511358720492 2.04425169183707
1 -0.21473297739335 0.00708642994381394 0.0520002717000815 0.933857191707007 1.73453473376067
-1 0.899867334217823 -0.232249947299585 -0.452366797716690 1.91956475551954 0.984139631300809
1 0.975470383446777 -0.337633888070784 0.299349519535114 0.306686085339028 0.97928386033539
-1 0.195045597107308 1.20374579264764 -0.235691034857877 0.282190093045186 1.72904127149723
1 0.0786240305687409 0.474000430005842 2.15715637954661 0.791749881863306 -0.100236652544197
-1 1.93979888389104 -0.0458631709329731 -0.341888740954584 0.90624852171726 1.82950318786285
-1 -0.825437379770427 -0.745867028137054 -1.09280330882213 1.19674722981006 0.0259265155455513
-1 2.24751492384850 -1.08996004491744 -1.01395074467825 0.678731391895765 0.133600321994681
-1 -0.621973987625058 0.833814620554075 2.25328121488834 -0.353620444601273 0.0137898051095442
1 0.342724605195119 0.55899832404854 0.319662686348865 0.258841738838691 0.469599833238539
1 -0.338834539624798 -2.52615175678949 -1.92916188098082 -1.34805566415271 0.851653425718365
1 -0.762335511998732 1.09201928562718 0.222335493603808 0.322915915101398 -0.291566119642509
-1 0.543902874299119 -0.287681702306897 1.84837410137621 1.28209369020143 0.747586685140475
1 0.998687730055753 -1.50009639444412 -0.0237222745344864 -1.72362484238752 -0.443055407811108
-1 0.908002134936847 0.656865983787821 -0.763170408205094 0.327368539673145 2.07775863684068
1 -0.303184292288066 -0.938474640113731 -0.401477277191193 0.196525842388368 -0.0879498835105435
1 0.77258504365574 0.91986582850001 -0.126045881506057 0.518681223597521 1.30718314337237
-1 0.0355976124444340 2.2496881864801 1.98964019684664 0.367421240453912 -0.724629262312159
1 0.95967735869384 -0.96865456227976 0.613024346050403 -0.222829230139634 0.938186987259613
-1 0.96304370197797 -0.43788078939221 0.569929191103073 1.01753145106404 2.16820739570295
1 1.06971462225283 -0.407689613108803 -0.248208229849656 -0.0761783126043234 0.137481657143384
