-1 1.49776450438982 0.291259368974852 1.63198627283337 0.380307340986784 0.369133335397679 0.93705665857406 1.50439077876005 2.28309341874239 0.569369385466747 0.764195520735653
-1 1.60678481851935 1.81818207038498 0.0923953159135624 0.0546673579716974 0.561133163809588 1.56446192026561 0.83744212979631 0.66994133938578 0.123406812189785 1.28545697734270
1 -0.266130374990316 -1.25645665969016 -1.12021195039077 1.71617882517617 0.198514008077275 -0.717952214327556 -1.60504767529082 0.737840156803364 1.38718411373228 0.279117617850981
1 -0.538203698358778 0.0428552152013803 -0.185877801815267 -1.15526319756825 1.06400522274918 0.40318501003552 0.11935104350218 -0.9961782769798 0.0561298000408948 0.096825174070893
-1 0.271757735780205 -0.224857428850795 1.65947330526321 -0.0415273240977440 0.529753702000714 0.855035714626637 0.204987626486461 0.0819640174289851 -0.154470743737658 -0.0173288860086784
-1 -0.240585168198198 1.52181762954173 0.167915131343417 0.484442401990589 -0.640938085928952 2.0650119324445 -0.691977575604405 1.44582432919715 2.99146757639976 0.387252561950172
1 -0.589489821514937 -0.0759406756574961 1.18325733742959 1.71441775506222 -1.15229344386911 -0.180892223381615 0.50604345204458 1.31137872587649 0.610864149173873 -1.57609184780953
-1 0.957333873403038 2.65006327370429 0.542099071526448 2.14250352863060 -0.513283466504277 1.19211887411126 3.52419154150656 0.169154820129940 1.06501017043558 1.41182842805469
-1 1.20293718440623 1.06385456032320 -0.0127721858243492 0.295160742373186 0.306787172664913 1.47484737647815 2.76098454631058 -0.649345155541287 0.5085457628002 0.309637129775397
-1 -0.306650176395687 1.19616343407755 2.05310905644036 0.364070949127153 0.776604814471685 0.549483952541172 1.23940743040831 0.0289332822644841 -1.05366132049604 0.472101841809714
1 0.516276100670146 -0.0792455551832228 0.728857742698342 -0.192355170929532 -0.775539773499384 -1.60307866449831 -0.131532312645701 -0.390491910236931 0.932660701458539 -1.64083718283235
1 -1.50695088398918 -0.0256839442178936 -0.134679815067036 0.636011221896753 0.806440592500568 -0.357128337484889 0.572043475655413 -0.669184640113883 -2.40452877961349 -1.46929996650699
1 -0.563690087743506 0.373388582695679 -1.30785261644943 -1.50146678209020 -0.153285033973404 -0.924878679638766 0.451952084300053 -0.813868559448135 0.710122979839739 -1.05545990822633
1 -0.306981639848669 -0.236243868576568 0.648805297511893 -0.234598662138594 -0.382807327421348 1.75198613826268 -0.469948203138112 1.47102491624019 -1.32938955899430 -1.84191437950421
1 -0.823267359396362 -0.174871013618237 0.533772941472321 1.76435388459113 -1.37968779503958 2.25951191377215 0.113588468563519 0.282918913094600 -2.56565376992288 0.313692963915653
1 1.20427357480809 0.512564714148605 1.31394142251759 -2.62630302412804 0.0367520306582114 1.50038172679856 -0.94515900109668 -0.287272898640917 -0.220673917735776 -0.795098677906653
-1 0.590633422168627 1.13425445106678 0.710251300016066 -0.847984103178097 1.34460999473654 1.0909218373777 1.72664412347512 0.369132371309218 0.12356492593622 0.554765086814894
1 1.16670167453263 1.15737190764341 1.63576649607299 -0.331219088134035 0.00934573005976445 -1.48717900592486 -0.264246281421938 -0.129607782439440 -0.806285964437238 0.283417609136405
-1 0.736657225136732 3.47643915518879 0.938949178230466 0.437538935013843 0.657349937613836 1.14472821969490 0.458625237167031 0.843550048698673 1.29234063947192 -0.517801371027419
1 -1.59425250941446 -0.0837694230485503 0.0933138290993057 0.886907627535713 -0.269088232094409 -0.0217548066324335 -0.327490165906101 -0.564006124822961 1.31670634655265 -0.585114069610916
-1 1.47619483249654 1.41587158479185 0.769185116884054 0.371109496010067 -0.405246384714839 0.148636149239551 1.08845383176665 2.45251607109925 1.22279157880679 0.848599805159538
-1 1.08242900324571 -0.384911148181461 0.662325362414987 0.486080834065263 0.40688906613462 1.43747186356344 -0.0806696964155974 -0.151251365907866 1.20527089152904 -0.225167569265794
-1 1.98156317015372 0.274889333066676 -1.28459184356342 0.432435149497063 0.252571581858511 1.39657431937598 1.05734285379646 0.450267622331755 0.814132341484183 1.71887811560462
1 -0.52069133827827 -0.528307613052078 -1.53042279468610 -0.722756335696942 -2.13800576652199 2.49246847948664 -0.827917188477014 0.55496534961375 0.0290887216745071 0.885470772298406
1 -0.691535138835793 0.270269072036651 -0.161373256881113 1.41481419791426 0.103328753494046 0.174572976729660 0.208894610140225 1.06746980772606 1.06700606192450 -0.0359548907528873
-1 -0.102258728146765 -1.49954841335203 1.04134072572861 1.79904074276122 2.59972664833065 0.319321089967147 -0.330846076022267 1.61000889536035 -0.576371171225372 -0.538867662232253
-1 2.03054325204995 -0.49223745345703 1.48963214009603 -0.296647915542172 0.00816406921197677 -0.747246185504444 -0.428466913896708 0.554957252759405 0.514758033078569 1.20170727174008
-1 0.967924722619222 1.13732963952953 0.00104887655320995 0.219867899678727 -0.99370790778613 -0.282337539057337 1.13530919123137 -1.08301979278143 0.558662471256565 1.58275545546126
1 2.12368462104564 -0.901476576061186 -0.435311280874961 -0.469468570386103 0.441994675181622 0.1150950931235 -0.523142690961481 1.97059556105823 0.151803591804955 -1.55596197764900
-1 0.905139303436375 1.34321715723576 -0.901050955921532 -0.102584963537571 -0.286257911472463 1.07915226427416 -1.29008472056502 0.871513310707037 1.76559748749207 1.21847808156119
1 0.915230403483759 0.138934313780308 1.37206511012512 -1.58741054549208 1.18414621699496 1.58250217560921 -0.822766438993 -0.659391028179767 0.388005575326049 -0.235536966279441
1 -1.4892471762557 -1.22359770687685 -0.858998276966182 -0.326211475021698 0.252113758797747 1.09755160689578 0.152637354940027 -0.870769085586958 -0.738668946488804 -1.54738257776865
1 0.873505198152519 -0.670386905419635 0.523754262348638 1.19280534818011 1.13703053176789 1.31968902234545 0.524227512990162 -0.0823119655724879 -1.14443307210627 0.735681124233034
1 -0.098910654326933 -0.213198315446306 -1.06834233078309 -0.106226116063669 -0.699133071948793 -0.595891108509242 -0.00311090989802619 0.349361959125212 0.646486577051368 1.70670133381898
-1 0.848585243678962 2.62495214310538 1.89691353385958 -0.354280544063633 1.86325977101716 0.0967978249556244 0.814544279265856 0.521188084305689 0.477653973535535 -0.475036713040427
1 1.54169398351126 0.411335142298256 -1.88485065900328 0.712074845499155 0.937230510894393 -0.396408572679836 0.16059649596978 -0.159725711899120 -0.841433765813335 -0.295959222142238
-1 0.0418224971281155 0.345994224009395 0.584070275706028 -0.274417174784262 0.871375570109794 0.491551671982626 1.95191148432601 0.0311298106454007 -0.241525369164411 0.413056507241384
1 0.615890251598818 1.50812058367108 1.26056462195129 -0.587229926717243 2.03861479369755 -1.81421524261356 0.157070844430247 -0.255002093791335 0.258930203890575 0.968332550724411
1 -1.186890539345 -0.56671180480849 0.487511727414991 0.17188504744563 0.648432565062091 -2.06145146259272 -0.664904236892465 0.842970548262345 0.0742014291255141 0.659352678068876
1 -0.437296936416691 -0.362454722114595 -0.0711961531392259 -1.04380696698936 0.347327630335369 -0.931166306029665 -0.247303072441218 -1.51738135646183 -0.719597032523288 -0.501524760279391
-1 -0.656962946323478 1.48432022984848 0.818802693933109 1.63081590044492 0.397169245724501 0.710465032119725 0.764121223948267 1.25044898230397 0.966887000290965 -0.217298420296273
-1 1.66730800639227 0.103441909431726 1.88018756242747 0.657565502441321 0.87631853730293 1.06340405302432 2.70946316334105 -0.831029802988585 0.330176269049851 1.59083985083384
1 0.141989490341116 -1.04786119398587 -1.69402044638404 -1.28350256576096 0.245537677378102 -0.923759696898694 1.22590039592406 0.0310282942867810 -0.0248761323188541 -0.71205700126812
1 -0.765669931597715 -0.394474044743296 0.12136546402465 0.910327195255262 -0.945450218731938 1.01104758206647 0.387680360186955 -0.61612010483882 -0.279505363876541 -1.08177124934365
-1 1.36354563816225 0.274280992203504 -0.102544652146829 1.01201060108060 -0.0969451803481879 0.179428417861696 2.82291977470549 0.331121191708447 0.276617644538233 -1.57182433470397
1 0.07821050154412 -0.864213625428197 -1.92061779883372 0.551457797666071 -0.475555097633557 -0.329426270515476 -0.162552921138470 1.80640452835379 0.944117501989308 1.97195153098479
-1 -0.124425635175376 1.48983938101354 0.937005804031796 -0.0458858319317657 0.202187774740632 0.551433083276249 0.733824804690904 1.85628402962927 0.761040711266434 1.67729807224824
1 -0.441543099458318 0.0259111648728391 -0.0844113797802522 -0.536803204208209 0.82880222138753 2.12027425641344 -1.11385366921192 0.533622520014108 -2.35992028988689 0.313867392713948
1 -0.114422363884351 -0.363372253796086 -1.37993392695688 -0.840073203197525 -0.813227000722461 1.35049900094841 0.329156410274123 -0.110900828303476 -0.713175489216217 1.42158318629590
-1 1.02182284866241 0.618265484126352 0.805631088907447 1.39016930104828 -0.216309834811806 1.73548770233301 2.05319933913886 0.264672407099201 2.11264229559879 0.60619432083131
-1 0.498111235480181 0.0754098464339769 0.115236205954725 0.0345638373907379 0.973092547097653 1.59047389858009 0.0611581714691903 1.18337824321437 -1.98695933344927 -0.049393110540596
1 -0.984959376327306 0.331844118579171 0.491465812707106 -0.632314712512039 0.89167803340063 0.638724981077487 -0.130327860332628 -0.0766975602194926 1.39336779468648 -1.24135490049409
-1 0.482002182445005 0.919592540060364 0.109125438250818 -0.799352993748703 1.70066998092749 -0.168102141924707 1.76760687493909 1.09415578320241 1.18738672067267 1.63633506334515
-1 1.06202911204912 1.38255888694422 1.62522946820080 1.66622421284524 0.81814691881209 0.844072563021165 0.132237683800635 1.9462508135871 -0.102581302081031 -1.45334205744444
-1 -0.44492639077015 0.520609894132598 0.441968864445636 1.55886833661498 -0.184400824909277 0.878555888985238 2.45377357569354 1.06808490596937 2.47981222757593 0.654460567897685
1 -0.0119146128501296 -0.410453311704233 -1.64717547094802 0.311177243417013 0.557348402058205 -0.618232942287617 0.0221553010266023 -1.96471213648194 -1.73182936957436 0.180803762760143
-1 -2.11376094544586 -0.834915153645012 1.49592845466501 0.544236956139176 1.00096262750321 3.10825857291051 -0.293213441998726 -0.0174640949934884 -0.427043192475699 2.61074873491688
1 -0.796819881415212 1.19790563288855 0.308635945090348 0.228897896841673 -0.960575440989327 -0.822507937929354 0.140739839377276 0.132405939685047 -1.40492589446507 1.24207687732231
-1 1.39402608775695 -0.0312317372015507 0.412131291867911 2.14543870779003 0.853383332031238 1.69066950687569 0.297949451670211 0.942674320812707 0.593345011865379 1.17854527709834
1 0.431962312795304 0.722141814288054 1.00750907074071 -1.25856107431911 0.519995232560296 -0.182960783186920 1.47025000545827 -0.558041191841418 1.24569879190672 -1.38597065404181
-1 2.55590878628694 0.39777874264569 0.251761458274465 -2.36475214498523 1.48537853526724 0.337132799089399 0.330593525533776 0.696397227728823 0.804839898041662 0.0700992505978966
1 -0.767612624067922 -1.14658168887702 0.237507754086085 1.23607505130820 -0.328229027056546 0.170433970308486 -2.2842781961309 -0.245475081877130 0.00657200872935501 1.12739509025058
-1 2.10174160349748 2.5899864295275 0.386131497146546 1.31243521180458 -0.767878832987394 1.68975249491279 -0.925692242033907 -0.380141166635424 1.45076226153623 -0.591065841545578
-1 -0.401921220810711 0.650376328735127 0.787785388901175 1.53052799884792 -0.0925036847640291 1.13702885448334 1.20225496504294 0.79888611663517 -0.0724206869897827 2.37824445078415
1 -1.09954154940276 0.205411491314739 0.165030325420074 -0.305451713902503 1.45928450141560 0.622817085099583 2.18091777803654 1.10125197176999 -0.210388857544914 -1.63677529497378
1 -1.04354441282731 -0.600926109071866 -0.0955427140911584 -0.159947740869063 0.527376178880671 -0.229613762944056 0.157026752723755 1.45459829934355 1.19472119100389 -0.528066269927135
-1 -0.361822322621486 0.247927253799254 0.265441458806876 1.27260602509554 0.386371955308621 0.883487831829766 1.80618001060094 1.24475101474555 -0.66006855816302 -0.280182308768607
-1 2.30937851587712 2.46341651942994 1.58719411756131 0.121031830148560 0.216839155938947 1.08211400565319 0.421707679609774 -0.135474652366992 -0.470767629441378 -0.289561101045196
1 -0.900554486085424 1.08282582897911 1.91232206324933 -0.801458836277564 -0.219617415309859 0.355930414027193 -1.02720064808111 -0.841658894799422 0.811697247900133 -0.433339568016793
-1 1.13908904902171 -0.598348749710007 -0.380721660034043 1.06184883652005 2.07556720504275 1.14752719724673 1.22483108546450 1.27773174117046 0.620643480536149 2.49921080013104
-1 0.560374806723925 1.30768691681987 -0.823232378817692 1.08957014089728 -0.0437040285135908 2.37161689301426 1.1148904324577 1.44803470573671 -0.185139799585503 2.09712521968475
1 -0.142145103013310 0.829150164251995 -0.259666316101646 -1.27665387070848 0.421948862665433 0.815569835315347 -0.633211803875899 0.366331340767477 -0.0444516284478742 -0.0385386186392653
1 0.0694691443480257 -0.620481202621705 -0.794207226479986 0.315030154316101 -0.915994818833832 0.863860945261328 1.12778139678469 0.461628888247659 0.971921838881849 -0.902979019868539
-1 -0.468115996650502 1.5035810050457 0.210531237457329 1.15577856148795 0.137537743490972 -0.704995962003891 2.49312001176882 0.656137934579192 0.2436524467403 1.69713714840485
1 1.20529256961328 -0.742706577079466 1.27238018147545 -1.36013297683150 -0.0606687450607599 -0.100985337477275 -0.840011083562083 1.67517040345276 -0.584479393981943 -2.29740477651107
-1 2.64960350305564 1.01119963149325 0.329932485565482 0.0593978747118157 0.9154426103162 -1.91364403222162 0.834716570308492 -0.74076246082527 1.20595466745201 -0.506688246139604
-1 1.02071712729096 1.58953090821690 1.87724720276714 -0.044938304936604 1.77372622561202 0.775876743482084 0.758273974429092 1.53314641676203 -0.376265076433917 0.731334265985763
1 0.745504199648801 1.37063082392104 0.575446125156837 -0.32012575211845 -0.277641918719608 1.09080284557123 -0.710135659229817 0.396014230744271 0.619000913527628 -0.510648621035437
-1 -0.0953047553730973 -0.131519467356688 1.90017173432413 0.140908073239438 1.29516355780474 2.75966417188872 -0.146553597740710 0.397068817294482 1.69342933849961 -0.727092599280732
1 0.277617132976610 -1.44962791540770 -0.272415355021976 -1.06794321114722 -0.940323706952815 1.72903189179851 1.34363929351704 -1.61211219232715 0.281888273642358 -0.345377509469885
1 0.419268557456097 0.335020481915883 0.428552587466121 0.466389932214808 2.67116016004666 0.429470837048392 -0.865897630650674 -1.04107023200403 -0.84204718985916 -1.11455052174653
1 0.121053095421257 -0.998198881498879 0.822796722889258 1.43927326604487 0.0886867025595444 0.577552701837319 -1.11063317945221 -0.0929113147725726 -1.85854637371256 0.688006357577854
1 0.106270245115768 -0.078322524609939 -1.00862005291339 0.764124726985374 0.221675238909305 0.580735610357636 -2.89012677240755 0.280259426270500 0.379339158340272 1.38879645638212
1 -1.80300247022969 1.33349410388287 0.910193692037733 -1.44888597470842 0.869723435662474 -1.25468591155624 1.19715563349344 -0.785017779638123 -0.68705174195167 0.402383846067504
-1 -0.360141482443109 0.246551486910155 0.695060787456075 2.30556879322611 2.18278262436954 -0.182264097811582 0.562577187246169 0.731121666932822 -0.54618731771948 0.671840117762355
1 2.07100595704304 -0.683851155574026 -2.10847176215817 0.883813566638354 2.40342933629047 -1.46279461340907 0.365898964027538 -0.120423563619918 -0.308395455358182 -0.975031843039252
1 0.872022245364246 0.859065597582097 0.602539665476777 0.813672260254586 -1.69226680804692 -0.0777980567217215 -0.69074645781085 -1.89770086279206 -0.108811753956749 0.0617558900123236
-1 1.55040709666736 1.17914326906617 -0.85282707716876 1.09277985025649 0.357138115598229 1.98140778744679 1.20798603739382 2.32793330921702 0.214751843461246 1.27183515367340
1 -1.53594631187257 0.628391155245607 -0.230406343619836 -0.793916587812682 -0.788651269422743 0.365222008211795 -1.05261875447500 1.00389112739555 -0.909634407788517 0.319505349223391
1 -1.61052880853123 1.00002702223709 0.142092165278018 -0.0235755659460067 0.901218637054424 0.436687102343724 -0.908002920118667 0.536400833246917 1.27362904655482 0.939175121255664
-1 0.484870458293923 -0.329062476441158 0.516103202430726 -1.75352830615893 1.14429732780765 0.0730815470171015 1.73139939048487 -0.0412961865775164 1.26536924474548 2.30262352469668
-1 1.51611108733747 2.38169532678888 1.90061891883713 0.771170277612877 2.07629208019326 -1.11937999644367 2.94146157876364 -1.17243419225476 0.163420190987320 -0.348707682818147
-1 0.469489464440083 0.547628895470867 -0.164605956821794 1.76701143243056 0.668966523599963 1.44883780953927 0.47996866444253 -0.32685609171987 -0.86377324745955 -0.201422664497427
-1 0.585683022460791 1.15145151781270 2.25833752671633 0.19464427828989 0.413446404599078 -0.437122669508825 0.841933051993525 0.487742253677928 0.276092120122181 -0.800395880501011
-1 1.45076372515457 1.36249478853154 1.77222969671155 1.26023482690782 1.18405470096778 0.273098876618692 1.04379849476832 1.39411050917946 -0.564058117515131 2.60810580520357
-1 1.46496106474090 -0.320337184505552 -0.885650526801659 1.34010887971294 0.707986657112164 1.07281405916009 0.0412695327721559 1.48655990983761 2.05229863738104 0.7334000533195
-1 2.22796581805026 -0.121376224092927 0.017932316329368 -1.64174070743108 1.00764608983363 -1.89864948081011 -0.207690487163815 0.85640838799396 -0.372996098976916 0.877779795067792
1 0.269143465700699 1.12960422249656 -1.04693002021302 -0.0216842519006933 0.7204650764774 -0.59235808146804 1.28219418838222 -0.234048494493609 1.63307713839967 -0.107118051998165
-1 2.92065681001478 1.67287881552644 0.520539525602906 0.484718733644322 -0.200095279521569 0.320263319771478 1.45717137953829 0.486566155907361 -0.293364822674857 1.96258746189727
-1 0.595666726647929 0.259670717831276 1.89595955854846 0.211849441632143 1.00359479480259 0.415810034972633 0.217359023617840 1.35560669082516 0.173204633211831 0.166416393221825
1 0.0792757451202688 0.217952769562839 -1.19869904621901 1.19073059198400 0.836841529682047 -0.936648053159339 0.323709878546457 1.29329934486195 -2.15418758430694 -0.00900498247943552
-1 0.768296937560837 -0.833548904031782 -0.636656311656549 1.50369471572613 -1.30553561546121 0.69341440378104 0.0331296398880798 -0.173349127908726 -1.57228054372981 0.326563578835139
-1 -1.31544933713332 -1.46583220304848 1.67948597646108 -0.333169066082760 0.283396329282873 2.16271395156851 0.635611551717038 0.666514897804171 0.218059509633718 0.564358920999694
-1 -0.439681719995682 -0.514248016051092 0.576936630732356 0.0575359381651347 0.747186026084227 0.694307612017698 1.17079678463149 -0.388180118451328 2.23935018973846 1.26551529911764
1 1.17504981315000 0.836073271245671 0.128467847225404 -0.287429693462024 1.50430573009411 -1.49302259381276 0.0382292177155267 0.703765792044516 -2.00626116957844 0.686896097480158
1 -1.03844323467008 0.0366516073815593 0.640215394703594 -1.35453569421638 1.94485385431854 -1.17442433332438 -0.432593914691399 -0.841684794352572 -0.369294067462749 -0.263303948904287
1 -1.54897138961933 -1.40776422399008 -1.09199290197899 0.554785062218614 3.00182209014139 -0.609298350660538 -0.184063842586053 1.06276130957543 -0.422346864986637 0.126743515236414
-1 -0.499852274461181 -0.736630698938472 -0.230435588334916 0.338497919225142 2.54989174753729 1.44449595180228 -1.13569181386113 1.33122098395683 0.351052951519516 -1.51842809074194
1 -1.36679519152437 0.0351984688067743 -1.41234599024259 -0.146289682787057 1.07291598464157 0.793597572497149 0.316229517155357 0.917874113446497 -0.795861716791229 -0.245655173337707
1 0.575199871208346 0.373441825829398 -0.769118954176453 -0.815249809723107 1.86610666474719 -0.998822307008956 -0.380132437191752 -0.954635095640148 -0.421862694239699 -1.37476078020497
1 0.421112126512678 0.92663954152065 -1.57465395441054 -0.291167867096508 1.54014711995057 -0.242511233207072 -0.773254084113266 -1.05498514196795 -0.396819890260602 -1.35419106694161
-1 -0.189006286295909 0.401973425137627 0.898421933559298 1.35088927259088 1.46428141004551 1.14969698035042 -0.128354949166291 1.50090328232015 -0.717646651201706 1.16121410726864
1 -0.601272643474424 0.73822062575641 -0.485224801395128 1.37191850528051 -0.786286815348508 -1.62857366960621 0.0608515410100597 -0.86215232319239 0.0786656445857383 -0.364246803479909
1 1.09381353843723 -2.56823937193844 -2.88242868630917 0.63039576927974 -1.80502340835243 0.920962591848357 -2.29226677397608 0.430129622456723 -0.669275943327013 -0.899078178127102
-1 0.579873802263295 0.469199596395557 -0.513588938270754 -0.00886018774728448 -0.284432180627314 0.375317548831836 1.06391188434488 1.35986785804132 0.813955052322352 -0.468880023865985
-1 0.453995722431196 0.0368430021931683 1.03835005084978 0.209054542396673 0.540843685475704 1.23885675768623 0.350202811962386 -0.100414188315579 0.540479519878042 0.243969779138709
-1 1.68662917000342 0.495047075101448 2.22934234347977 1.85823724116272 0.645485524445336 1.18588031655487 -0.278808859630589 -0.172442924891991 0.426017630626979 -0.0113786530151696
-1 1.66908184946304 0.219254909062857 1.51855567270623 0.780171673953898 0.554825464770075 0.50653089826951 -0.50182705331795 1.09265284505958 1.86052120423800 0.946584837887669
-1 0.0363380171422915 2.15497895562356 0.947166340863993 0.693701737758448 0.277600270047186 -1.52728288053690 -0.740494866588592 2.36385519736826 2.06649062258996 1.04569872072739
-1 0.6709416087387 -0.295717787181652 2.24953773716367 0.602401633900332 0.233894140078097 -1.10695870682822 2.00731149638263 0.597107987405163 2.36947057150762 -0.152115759485753
1 -0.721712027139266 0.79400835375307 0.816179800360493 0.449264654365223 -0.0997937333571624 0.261363441233001 -0.716379520188501 0.333863728032567 -0.954561705023634 -0.517731091596677
1 -2.21484561643162 -0.342373763135085 0.112427983356575 -1.14885119313132 0.0636315219368066 2.90144381084836 0.0445107843980396 -0.291183079578002 1.23936446760354 0.494162545038867
1 1.05917865012359 1.78322994338674 0.356509102571889 -0.553123025023408 -0.0296221059601867 2.07548293768019 0.956574234381919 -0.99653273143937 -0.741099962247618 -1.78515878659437
1 1.10119293688362 -0.372411582824089 1.45921953417706 -1.11377904112437 -1.89443192785870 0.146789470046880 0.656617156995986 -0.126532590249092 -0.858570751576148 -1.17504770747825
-1 -0.607455218138456 -0.285583915304219 0.75438015790597 -0.488430477362667 0.667441756295341 0.0558570980979113 0.76433988156967 0.815957363346077 1.13771655916748 0.138737326980723
1 -1.79184284014588 -0.524816363598107 1.025616808506 -1.33271961673375 -0.152956417790107 -1.04338815479267 -0.117912526842936 0.00530530560107666 0.144074728477222 0.625147499580019
1 0.751538509141177 -0.74370105923247 0.161821520550321 -0.496161789603402 0.544742650874099 1.57800330006679 1.00141947210731 1.07637991192874 0.827879509767206 -1.16412598562915
-1 1.25443074675907 0.704073484198255 3.90575211980755 1.75010253802680 0.903116182680456 1.16108331019533 0.926792012949067 -0.133112478260340 0.371505594425912 0.00794628417862597
1 0.716234685164657 0.245748956659503 -0.62083637065531 -0.176833974455333 -0.0695135579742607 1.96266643798405 1.55592963727444 1.37404581139158 1.84716249647466 -0.307280252366134
-1 0.583647540743613 1.60711811398187 0.111419202324032 -1.69991915066351 -0.382490405245785 -1.26212733015118 0.83715484443199 2.27266416805516 2.04786621513576 1.03960002204399
-1 0.0279519066312048 2.80873024782207 0.869665106215219 -0.818621694732372 -0.307552154426427 -0.933936045270144 1.00294367594807 1.01501172306614 -0.80787620426642 2.25621165146562
1 1.33155872835214 -1.84706445981971 0.699155158469962 -0.906239146086898 0.0936475718879005 0.919001223325249 2.08186982183504 0.281172536132405 0.419374599845026 -1.87612616243532
-1 0.855515650892555 -1.38079047955062 -0.0526144831651575 0.249272726556332 -0.119872376589758 -1.41696319206406 -0.531821986111019 0.213578742264196 -0.407017598343951 0.542749648753599
1 0.535232546666607 -0.878667122913816 -0.565955800253421 -0.825568501883094 -0.208201238558620 -1.18436693665164 -0.245153573385675 0.109675742431359 -0.164528258568566 0.443002908706731
-1 2.51922409648623 -1.02209024991805 0.273538400718829 0.927256573984359 1.37000495781541 -0.268182959732168 2.2857522234098 1.22133948860590 -2.38294999594041 0.558143043740939
1 -1.26152210250388 2.03616552712924 2.03400913651526 0.644436723845087 -0.576899813017616 -0.377978331283312 -1.45929674474802 0.615065421132253 0.720771003293912 0.558663746152057
1 -2.73221560494511 0.104544623778512 -0.219549324283639 0.439599401132954 1.09449131572698 -0.360646738424444 1.23200389858546 0.52955133205412 0.662398526705778 -0.663069126844192
1 0.533440399043308 -0.950122169001853 0.0837454517830215 -0.773312565047183 -2.30784621475925 0.393395070817794 -0.773180768930285 -1.21151783794552 -0.527906643330525 -0.351162351649418
-1 -0.263758536969376 -0.412114850789461 3.17737173748101 0.773080338299958 -0.512169289311629 -0.44337518306664 0.81202601436167 -0.491602659741627 -1.18464730919584 -0.435274790733974
-1 0.386587795901590 0.248676462646747 0.155861312273513 2.20590693724080 0.618025626928199 0.795566544506219 0.401851955825379 1.08391450553581 0.575240421096176 1.47866216622267
-1 -0.028936212196373 -1.14564774205909 0.277473082582803 1.24418170667394 -0.233833679715872 0.703774013247388 0.284326839372697 0.25178646062225 -1.78113777856781 0.939890923465236
-1 0.89297010699896 1.45487697452856 0.529619805976021 -0.779346197392028 0.193450157224003 1.12659086567904 0.825087629498964 -0.0081837230283347 1.49901254906460 0.572133144253286
-1 1.69316471933207 0.281166332200745 0.97888203726543 1.40933546005761 0.561555244948586 1.58721378536018 1.22333851249465 0.657242525381311 -0.325492831197935 1.49902960474785
-1 -0.0151383245955119 -0.516216919936403 1.69471606085972 1.46140973800478 3.19653641760211 0.61402674247131 -0.266729681323046 1.38973360994940 0.234225301655617 0.0777250446042825
1 0.453117300381147 -0.362587599445793 0.57038185510339 -2.24261290732502 -1.64756081467364 0.989927435513935 -3.24950088213423 0.77774761723113 -0.786519481147052 0.433190058331239
1 0.158705054667970 1.10892961285197 -1.60976930881323 -0.533666054151076 0.00770131711830294 -0.49627913513827 -0.215860085640876 0.0540393387239874 0.845889297996573 0.693660704161858
1 0.0270130673759833 1.31235410775285 -0.703207938717162 0.92426265870466 0.184313577058467 -0.34578066917857 -1.06197809691509 2.22378144424693 -0.488736698418082 -0.696534674482442
-1 0.702804710997526 0.959933740982605 2.75353307685599 1.00138994205213 0.93602942127624 -0.172594380610339 1.32816471009922 1.29549775272122 0.604017582381132 -0.71360944213191
-1 -0.564810937533001 0.151373771031831 1.46319320440247 -2.18248176156070 0.572614377456407 -1.10071190504907 1.42036936461851 0.693930967998872 -0.763086744093347 0.471416637907837
1 0.937280609397305 0.994647886265649 0.0362007140652563 -0.82218404025197 -1.04869791191154 0.706208986212837 0.828145575174433 -1.18524798188811 0.332199689211619 -0.0263467440742031
-1 0.430015944922584 1.54794231776708 0.819762531132499 1.26803621704647 1.13570498083460 -0.294876296790964 0.592044937371792 0.132031101147114 0.245133803670589 1.79921753855977
1 0.881008279154198 0.488382290699085 0.850795412155938 -2.10152868097409 -0.689486666936703 0.415497696094276 0.228809028147418 -0.211033878543442 -0.57989302832046 -3.08765862774689
1 0.078533669738235 -0.418011326647226 -0.213456682851249 -0.252487976348926 -1.03800609789383 1.80100856346431 -0.212113296796013 -0.456930284027202 -0.0474247566161397 -0.544093958389592
1 -0.0795761954500237 1.52814582974067 -0.177762731644722 -0.805253207921788 1.29467066547719 1.53984572004694 -0.443859489409656 0.0247356782809505 -0.0851799609017457 -1.41454245584729
1 0.334268078911319 -0.335777266700191 -0.0502972325515794 -0.434616583730986 0.654494641451108 1.55205499562561 -0.541734931922458 0.775983780993666 0.00228877312214702 1.58469772784013
1 -1.48480467149976 -0.943693935206782 -0.698853095886192 0.47331140373857 -1.11045469312687 2.09504127113743 -0.234360202533580 0.764389558252762 2.70384802303527 0.205128529866457
1 0.465056594268017 0.704846008886011 -1.80514213951443 0.265256767414442 -0.251803760501263 -1.16188522212079 1.57184075636520 0.91880292348787 -2.38176957851861 -0.857896620111654
-1 1.83129312633217 -1.42974250605584 1.04702831276986 0.591257248688841 2.42821750367027 1.58152000422857 1.89766486848170 0.115899129629961 0.603851703503768 -0.449606909553485
-1 0.723468116200114 -0.289216379595895 -1.12243657285815 3.21448642408586 0.904041822382445 0.690772880229007 1.05701439798748 -0.901986587824973 2.17070840189954 1.07960075167264
1 -0.448743421361435 -0.80287723890884 0.589037939093926 0.909760709645912 -0.883540780703558 0.772007779005224 -0.142312355899351 0.43786628222736 -0.474149295328479 -0.451416206976798
1 -0.96238558458551 0.00919532972488462 -0.50786270040921 0.590534209777118 -0.756951066582868 0.587843578771252 -0.394387493622779 -1.14243812310530 -0.241334325794418 -0.104955681471383
-1 1.26074338582351 1.36777260077814 0.777278992693264 -0.230671393551782 2.17646940112079 0.784178988512884 2.50519201706472 -0.0260027121656005 -0.0784874889500513 0.0108177801773209
1 1.50279958950715 1.31172605026448 1.08384361214407 -0.78949297151818 -0.541858546797842 2.0350942442814 0.962924989660135 0.285431340960234 -0.174361469926567 0.444562809601214
-1 1.57163134292356 0.537334830458651 0.950639709715494 0.792813472154812 1.02439347149183 0.631367582473698 0.380962281846196 -0.124024053127954 2.06415422749178 -1.54424839040378
-1 1.84723198034256 -1.01283097023874 2.97590735845011 1.31765993174941 1.91942638422187 0.702742080430175 1.79071546741044 0.497132591272756 2.15379606142397 1.13101526249592
-1 0.458008336864771 2.13531815238950 1.42037110795292 0.361061008998288 0.766415554403255 1.43959765625886 1.04762618189920 1.44579207600581 1.65100712358197 1.27728139365490
1 -1.33519612542443 0.233032364976406 0.088234134964681 -0.827691044097107 1.69660770804081 1.39650494425653 -0.716374311529036 -0.986893578234498 0.394148129177735 -0.217155942337884
-1 -0.0392102942498924 1.40084394263794 0.397829233529187 -0.421292145185408 0.0735946015384116 -0.80730587747372 -0.065905951921685 0.600199378965717 1.90706304252383 -0.204191323494869
-1 -0.394895679846604 1.67596441261421 -0.94394602901654 -1.05271832465736 2.69344554627448 2.30401265999336 0.00838632884545287 0.689785708021914 1.52084517133566 -2.18813932857048
1 0.719330855322238 -1.13292750077970 1.37383911800759 -0.932444293922784 0.581857451380087 0.0428778042284545 -1.76830415948501 -1.96087037824351 0.145081049402488 1.73644089159216
-1 -1.5259295742751 -0.0361144202662984 0.458098342213858 -1.36249900660441 1.63304372480113 1.42370290168752 -0.372509118258657 -1.04810235517836 0.85641598912689 -0.558166241215755
-1 0.760998026982392 2.48200272495741 2.95100138312003 -0.0950799556510605 -1.51281193814496 -0.351080988413408 1.08231013726543 -1.23472749724189 1.71104723176231 0.533388442562812
1 0.365564308714745 -0.853863442496125 -0.413978838449478 0.667857352238989 0.930500042868372 1.33263441234325 0.0861666426636564 -0.46118204039581 -0.152225494697419 2.08634769066201
1 -0.410498369052974 -0.484487491470135 -1.93572145101703 2.25748784094527 -0.74185291647618 1.30892549977044 -1.05280095701290 1.11535027290703 0.98138245335611 -0.716898279289526
1 0.982006629494503 0.205072777340142 -2.28254228134297 -0.0251403337624314 -2.81505791466764 -1.01808719882486 -0.34692260048677 -2.45319577537926 1.53447722636326 -1.29094136190900
1 0.128741584248520 1.55650088668954 -0.57745280642626 0.284910452610726 1.12060411594627 1.74272555700033 0.93709026635685 -1.82114944202346 1.35360043618011 -0.0143233186028611
-1 0.88663944194321 1.19377717083220 -0.729297088764952 0.815346253252731 1.65576318844498 1.6144686450291 0.771660578713023 0.984094261165664 0.508008170354258 -0.39722989421619
1 0.214360597158394 1.89305677354609 -0.0175566826939022 0.366847858146944 0.195079299312572 -1.28878758466781 0.612844175219069 1.70752712275200 -0.773725199447063 -0.107096824155721
1 -1.38709376196476 0.575131133990193 0.184873859548501 -0.4817108866114 -1.2201718432057 -0.973690474995125 -0.794631865484776 0.232575585058529 -0.604745875002239 0.00205468798206717
-1 1.28554294209874 -0.342456222096718 0.8235291699047 -0.167142757371768 1.82166133029891 0.477165363789462 0.771281212505494 0.3090941954211 2.36154243866772 -0.30336819964763
1 -0.827502746049075 -0.453367251091257 -0.512510179946179 -0.737882576125586 -0.187096066927378 -0.94627817077926 0.860676287206199 -0.885702722886974 -0.42233696792026 1.02542017526964
1 0.291066489855899 -0.561260327136977 -0.0757380039606058 -0.498448508857706 -0.584053198920732 -0.799957421982797 -0.610967448078127 -0.295162137485902 -0.0181013602352975 0.120259276494784
-1 1.58280542911559 1.49830362383214 -0.0936481364693403 -0.292403778861927 -0.954447480549615 2.14713718376089 -0.0205881394061922 -0.322476820806512 1.29118900706158 -0.69923989678058
1 -1.18132364970164 -0.975331811728178 0.546518131150763 -1.59799986167947 0.31759657225191 -2.13664443440664 1.13357124037387 0.218368154017883 0.587940076592678 0.576498859657786
-1 -0.565001323774435 0.582870986115118 1.72203801179097 3.83023258508881 1.37897530850764 0.978759264351823 0.565392653767887 0.681030084918523 -0.142966623256618 1.39255699138215
-1 -0.81914627132809 -0.776371270041101 -0.0588342292321059 1.11360925524335 0.467825249520096 -1.25277130724935 2.23370647101580 1.49681846997982 0.596267582863931 1.84028166340252
1 -0.81634699139584 -0.521783048090461 0.909031853610322 -0.0204516659254894 0.952898657777314 -0.265804415324045 1.34266530586801 -0.0624452741746803 0.474735286417251 -2.06894245309720
-1 1.20702775911421 -0.787565588077265 -0.130262747968604 0.451041147307099 0.428750506207913 -0.907759049680725 0.0529673023031921 1.41469666454937 1.16304443782056 0.126388970484110
1 -0.151904606416395 -1.06420972440786 0.55965975850235 -1.97466567465888 0.773785525206522 -0.620491315187297 -0.261548537013247 -0.0116917078733553 0.414034667656174 0.283609337574290
1 0.120987029514195 -0.577373819149027 1.80773626161768 -0.314679754761992 -0.272958021020948 -0.085450576034027 -1.45006849941011 0.492806834596451 0.0920847034091144 0.676598216379604
1 -0.851339834829903 -0.450957727493327 1.06999435055379 0.297463848307835 -0.424339151360138 0.417760365341033 -0.034821200462173 -0.610251325579138 0.217252896549793 1.31471625287724
1 0.789448799812379 0.18019262663569 0.324696079002429 -0.0510617879577055 -1.62668028029579 0.184384284418012 -0.294112677837171 1.44672941848341 -1.74236611566003 -0.0392023557786571
-1 0.617427163369782 0.893991430459484 -0.315723465490556 1.27905562512732 1.38999947115631 1.27181292637350 0.955951200420954 0.558036072361273 0.214316490397122 0.664027886212307
1 0.375991100641185 -0.526707191861889 0.362236771216918 -0.70567047367127 0.758291729998379 1.26259327392511 -1.67618272457041 0.873605469927363 1.35213246470917 -1.27977334574936
-1 2.27220151510655 1.39512742283638 0.166313795037238 -0.171562415928551 0.588923406195734 -0.134046851598958 0.069212493990278 0.802986259771509 -0.164279305272549 -0.147525692484205
1 0.651052308595367 -0.370746815296699 -0.391945171345012 -0.447870292876181 0.403209088541873 1.41918768217019 1.20659631570503 1.33419358628987 -1.55518070427919 1.20067089965143
-1 2.0303967650006 -0.0796332744451588 2.72925037456453 1.47710048979077 0.555372273636323 -0.362615442585848 -0.342454834451370 1.21469753608015 0.265324752726614 0.774390568544094
-1 0.00827375221944382 0.789697710470161 0.589502426723438 -0.804279040692869 1.6238584777511 0.0456877690535918 0.963013241474603 1.79629867359250 1.35550666321774 0.601167973078926
-1 0.489953722918788 0.69250316189061 1.99009575159034 0.0113422627226095 -0.652310578974212 0.565742084602884 0.445057523391979 0.453929926202887 -0.97120286590968 2.02410673774998
-1 0.357248590271567 1.5165841471878 0.0825335846042926 0.150025358397331 0.478895385564044 1.27415022307430 1.27646663073711 1.12870002722671 0.865625073680876 2.33223838737548
1 -1.46403531924905 0.378772663940340 0.933866184468985 0.479165305340615 -1.17638151181664 -0.78514226772575 0.849521362212354 0.376650059008185 1.02837514147019 0.237781212650025
1 -0.770405177764131 -0.600738078941873 0.0281170605223683 1.64563666692669 -0.311066290351153 0.281429889483351 -0.219874481812371 0.853059277623993 1.90315494361126 -0.502778464733949
1 0.378108235664745 0.0330843367687364 -0.34531449363886 -0.0356095934595893 -0.071493778779787 1.04999487170761 0.0145602439418175 -0.3103010165458 0.839170753387442 1.21317856359720
-1 1.53945019247677 1.60568558039331 -0.0623160140051623 0.246335313898239 0.673210905685603 0.323018435401616 1.34616715771092 1.03043781689137 0.499465940706759 1.53667200208350
-1 3.12878869307046 1.38332469535549 0.846939194596647 0.207914612542878 2.23159442464612 0.689695825659181 1.16145473662520 -0.755845637702407 0.783737410194484 -0.545000832868548
-1 0.786927340779089 -0.405325681242314 -1.33734036881276 0.285718760448295 -0.201143980999954 1.13668880334582 0.392082922522516 0.628825617843203 0.376084220430654 0.268412010163431
1 0.598857571008849 0.0252101709132059 1.06735331219229 -1.1966950886388 1.10045112940163 0.115503490006608 -0.310147135982475 0.72023722437095 0.433161817759346 -1.28371165537985
-1 0.256668843175370 1.58436145512914 -0.160563168322482 0.395273123818955 0.0501107171445818 1.84500877621746 -0.467321639791477 1.36378752830604 -0.710051785971438 -0.256193996928665
-1 -1.32214590824478 0.971853044481794 1.37039361639189 -0.381490823375138 0.0614567532661977 1.71728212932074 1.18191721295578 1.14434085818374 1.14641915767213 0.628198315124622
-1 0.291667237419664 0.401345285091461 0.0774392076277608 1.25987871789829 0.625357516813023 1.05993890488661 2.10772890302912 0.741445449159345 1.92506826766697 -0.703910026696138
1 -0.28985419355168 0.296500346841174 0.425034811195738 -0.0873507707793928 0.342980649487210 -0.637157042929739 -0.142617232582032 1.10749725187928 0.358891970873922 -1.48544131910388
1 -0.863773274127261 1.38556920442426 -0.330090211851228 1.87792936638527 0.195767816580714 0.582019072331492 -0.52660286814279 0.113045594850507 0.650840384127647 0.023522634251655
-1 1.2755905292943 0.482977580541905 1.32462008767922 1.28431511326427 0.993156691813603 -0.0318710524430612 -0.682354296598902 1.61767277536514 0.225662417512762 0.228771049186785
1 0.852943261852475 0.404846280094072 2.05729419228600 0.942283363204172 0.338681394367031 0.5695465903723 0.0089266787790535 -1.09684138288123 -0.868044844612825 -0.81367005573198
1 -0.209397481934452 -0.844257257207128 1.30690907048047 -1.38119573535095 2.12591504618958 0.357235468616671 0.21107483568349 1.07568540614227 -0.634613365740166 -0.740822422809067
-1 0.30916447618294 1.82119395620780 -0.70299996171074 2.66542458887552 1.52866329465847 -1.28517653908186 2.1918023334779 0.171182164321469 0.962648411445825 0.500974805839033
1 1.51818703376709 -0.234285190768440 -0.681563654630879 -1.53483610923921 -2.87994121798634 -0.499622521783611 1.42000430815351 -0.517113537337146 0.603375440275422 -0.195822267445089
-1 0.397140966431466 0.651891090003562 0.0100917149103554 -0.130380923896271 1.49553667244769 1.64869248460087 0.234619362560899 1.43464274276573 0.644958966118049 1.78186471129995
-1 0.110871855491924 0.570538859812103 2.50566303645474 -0.568292228984643 0.788531908439247 -0.137218403559081 0.740660388097757 -1.04650894800017 0.436462061368789 1.7350678623563
1 -0.703441663011944 -0.700174416484268 0.359409827742543 -1.11861027395301 0.467101494584684 -0.733383753398192 -0.752482652999903 -1.74963308484252 -0.126819066083247 0.205476056684242
1 0.275680550652355 -0.274957853518556 -1.93707565233534 0.260079987681098 1.24271481160508 -0.152736338322819 0.625925806056863 0.50687734624556 -0.0474615892033948 0.264183527618628
1 0.318730984393467 -0.649490302648979 -1.90612436693430 -0.353828085934023 0.285648866209634 -0.768353104809278 0.643816398479896 0.207388536506250 -0.721844560087606 -1.79730414567849
-1 0.202662349192516 2.44486081086562 -0.645148955377744 -0.396077250270695 0.129080894055813 1.10725590936616 -0.0690031570792154 2.18361513607706 -0.0164891667965767 0.99831677739692
-1 0.359611180705555 -0.599998290000707 -0.685021947802358 -1.29295793061416 1.90269679056036 0.851952387262287 0.389880833304855 1.09297500692364 0.633658315735394 -1.31547696333554
-1 -0.666717523126838 1.50999099407985 0.99955487392099 0.735240770391644 1.38255715883910 1.19763372828357 0.274589600503205 0.106978283326261 0.471211600282532 0.0326014423043403
-1 1.5785502759461 -1.71726480330737 -0.466710275464311 -0.840467441099718 1.22112210723836 0.933378578650976 -0.855254876648802 1.08070483682406 1.96297342517175 2.69369294314336
-1 1.40820472193932 2.33177219712867 1.35336476737554 0.891029512477476 0.418056399971211 0.505518526563152 -0.0928815635134106 0.258387990658145 1.40054519269933 0.0766201905908114
1 0.968561902747752 -0.60463046069984 -0.792640765328155 0.538162560259904 -2.01742921077546 -1.03417424903084 0.537493948131105 -0.984943521323193 -0.697366923389186 -0.469617439655222
1 0.296338285375886 -0.949840078410594 1.06731416134395 0.128547311847028 1.19880865286483 1.17215943571796 -0.0350485035425176 -0.153306243616918 -1.83955434442801 -0.411344982745822
-1 0.759120210213289 2.41104886215459 0.392659864696916 0.44923821842577 2.41650910204696 1.00034556108675 1.24879621902920 0.431543225953752 2.04416901696698 1.68210717590936
-1 0.440724695192013 0.689226380213275 -0.0983138362649575 1.36577009634057 0.234273305242173 1.57399417359800 -0.00149692679462055 1.38843235282999 0.61120403577025 1.23392803993271
-1 -0.182157506760159 0.124192731853233 0.417048807290104 0.878479107631731 1.22876018145942 0.672136285748177 2.32731562588022 0.443743964233044 1.93889797070285 1.78477959779053
-1 0.0554203564214959 -0.158484247634152 1.00774365229780 0.618883159981021 -0.690264875908873 0.98064478526937 1.33329733402184 -0.198990953641943 -0.391784956137979 1.30968274587697
-1 1.73232029223184 1.34529883721018 2.11914510675391 1.25097860714773 0.826569148234564 0.986393946531079 0.0833883200810414 0.601624485819113 -1.12684605235923 0.29452619531049
-1 1.18330360301186 0.179511057035436 0.0183291417579391 -0.277811220493190 0.923706405912674 0.778054781740664 1.25195918679793 0.109004738852849 0.411868740232454 0.618212713805671
1 0.104505333079738 0.904543664709296 -0.336675766622565 0.0841799152518171 1.32808618272137 2.32783575837189 0.540244397620157 -1.71498569013147 0.189649126702273 -1.19157267777386
1 -0.325379008801175 -1.30139010759017 -2.44988271679101 -0.658602865155967 -1.85140813391925 -1.1101209356582 1.76975157712198 -1.89991331494061 0.821015807465758 -0.69730448002168
1 1.25725217515211 -0.552217340658876 -1.75324605839426 -0.65838596481781 -0.0773397185332537 -0.0865921761309657 0.366866735711614 1.47264891512239 -0.199602741774467 -0.875226188132456
-1 1.17637846811773 1.17275442045403 -0.514078973786285 0.942318638358043 -0.584085780747733 1.44152897099784 0.214911877242154 0.77670577062447 1.11664254439129 0.946866715886406
-1 0.485747018170713 2.25818088892228 -0.437772773803112 -0.129688500005484 -0.544904450458727 1.47897397776027 0.107867873647053 1.07107286534438 1.75575367365446 1.57825621063834
-1 2.04821499985659 1.18395152078829 0.257472074149341 1.73310605762598 0.430478476565634 2.32148063478455 -1.15998268934193 1.27438857741212 1.58177306638020 0.243013460593238
1 -1.31884186191090 0.306942004741775 -0.640030496635384 0.642972538753994 -0.37955754475246 0.325091945174385 0.296164901440485 1.55092093494889 1.30878209816133 0.7431608746239
-1 1.41177327399748 -1.39169647102437 1.28724375203493 1.01344509359994 -0.0614934717953149 0.520415459179155 0.767444605755127 2.67491030117521 1.72448747963935 1.90664073468137
1 -1.44513131811145 0.334816621584670 0.69159435602136 -1.22353158892045 0.631726058407101 0.553149861954595 -0.824577461764304 0.595367970640088 0.259305582598096 -2.19001325325248
1 0.0615950504070758 0.0603809174924685 1.23526821935444 0.926475945148308 -0.167371413129738 -1.65376459246299 -0.43586021813062 1.30962045998169 -0.055723275723628 -0.997492189841988
-1 0.580043925743339 2.31085741085134 2.13450062584828 0.0885873538875747 1.00175326567703 2.19742864560449 1.21606983822207 0.700159044354224 1.60957303616432 0.283687997296505
1 0.194265205529975 -1.13003036571694 2.23927534650641 -0.472425350765518 -0.222137950092678 0.0363444112252794 -0.945723048902931 -0.67646007819509 -1.27276880010934 0.919324053647486
-1 2.66340306868124 1.54027946754765 0.366883111170075 1.35536922075000 -0.250202949599386 -0.329502805221925 -0.0155642016790458 1.03104374741978 -0.169464962034642 0.942104193051098
-1 -0.683887986351892 1.90386392144193 1.05463203426183 -0.127900507610465 1.31737304227536 0.543290625629306 0.284352157047441 1.96052812142248 0.0723096023441095 0.221503451623935
-1 -1.24680056559289 0.801844950588998 0.670434687047571 -0.812844099503661 1.68089717879560 0.389730300937375 1.60761876221222 -1.49390281404870 2.46727126422196 0.320788518794781
1 -0.523797022745468 2.03976448911233 0.0391526317537119 0.985617343902208 -0.487964034665686 -0.042011754088022 0.391506954795630 0.262406266190576 1.02858724793968 -0.842317159568598
1 -2.10913934183733 -0.912778622342123 -0.648272873534396 0.206347744323233 0.842942054600878 -0.310734123272367 0.467609914926264 0.81214501468055 -0.753958886145685 -0.866736032823007
1 1.75119290230420 -0.533969859829127 0.668760613429413 0.598211294344 -0.078122009820274 0.359304199998822 0.724596684082095 0.438355249102003 -2.05691699494734 -0.443127993768654
-1 1.61241802778877 -1.59396923107172 1.26584908788177 1.65546320275928 1.11835312197208 -1.10908590841831 0.497776823418171 0.492964224728886 0.298031309260111 -0.100205182320462
-1 1.51255421696649 0.712540066943419 2.77605186563037 1.39979750407757 1.37376788091848 0.87832123887384 -0.0558110788739157 1.48825354458927 1.43575049595826 0.924206099804199
1 0.738504836525186 0.364532435927674 -1.22660406261004 -2.12295584676361 -1.98816127832698 0.551307833485431 1.18648628861663 -0.429751712306659 -1.75625889426793 0.573097386885943
-1 2.05864430721857 1.38380660110584 0.422764044773497 -0.693119656881192 1.01364184303991 0.201222635230263 0.0397794013621673 0.147154714759387 0.549684762772526 0.940622633116254
1 -1.91261185790318 -0.568891803133743 -0.514732762475272 0.761630016747934 1.71215825903550 -1.56992084206062 -1.01588034284196 0.79664085599975 1.09568350134935 0.678818222804045
-1 0.74358224146784 1.56757755129972 0.745992333778225 1.22233424212430 2.36777853664078 -0.173002899047341 0.659869670231902 1.55564241494515 -0.474009935306439 0.0548770092999900
1 -0.0729771965398847 -0.405975787711968 -0.105882460891056 0.100336116643146 1.13918293594432 -0.819425028499533 -0.549839874249549 0.219399977665926 -0.569963688016771 -0.522565794797737
1 0.216293356220821 1.16060452454346 -0.239525829753135 1.03043508715890 -3.35363473577284 0.662921286961627 -0.464314156831297 -0.934239388543697 -0.924867104220685 -0.222196284389783
1 1.29611526184954 -1.09173775909448 0.078237480891894 0.750767857003509 1.18732641246403 0.651689163408138 0.293957258794619 -1.03982253069906 -1.48556358635091 0.264525055266858
-1 2.57985390151183 3.37190811184195 0.736689936690433 -0.232635106461740 1.89645249924172 0.750659387398423 1.13063651524596 0.182550882270084 0.220948418019813 -0.474305968974723
1 -0.795399780112138 -0.907059750181638 -0.309186603195228 -0.775182491904591 -0.00254815600612366 0.79683973318158 1.13784637109689 1.09442670360036 -1.36111439209794 0.432345201430205
-1 -1.97682949486716 0.718842290228545 1.57750733568550 1.73477302223632 0.73765085775638 1.29190105161092 1.35667359410064 0.445153720750752 1.99860067122395 2.05476523319666
-1 1.20008682951733 1.52369672969929 0.613278225441524 -0.187311650780422 0.467583114529735 -0.457973295039874 -0.95468165383351 1.34314586016167 2.52047046628180 -0.109748911586993
-1 1.56691580231456 -0.643280906323712 1.4495810502923 0.356649169330028 0.313635016963881 0.911786986688344 0.302082788348876 0.866590837084441 1.88633097474333 0.777647164658459
-1 0.392299373134188 0.702449503949401 2.07870454048864 -0.589562437516752 0.413476316717353 1.08797195357261 0.949818265017727 0.51574871696069 1.22715341321598 0.0424068704108422
1 -0.202126145539622 1.24850224139525 -0.156631624039194 1.50991506547603 0.519967821936923 -1.50260333712033 1.16264308533371 -0.0394516455720593 2.49692616708689 1.51764410368235
-1 -1.10282705824137 0.397644822366177 1.65602968166756 1.11249166478409 1.42220337470185 1.88162382269003 0.565879280976415 0.849718191984354 2.89954464404964 1.31342013589168
-1 1.69177598997797 1.55046140159295 2.15520876419252 0.658646939782592 0.871023831286682 0.925373610253968 0.863483637583257 0.881745902951352 1.53155739643851 1.43846773900460
1 1.25714920244462 0.785869957882824 0.373153652994251 0.33973457296285 0.462785037635359 0.569533183317588 -0.815732747094501 0.0775192906472719 -0.433983235267582 0.494738211132969
-1 0.497089974055195 0.278305379407239 0.783170007366333 2.5900322122174 -1.31863438297026 0.969843483897689 1.61494062926767 0.185018627539553 -0.289271346857499 0.838019945346398
1 0.147335436313804 -0.606428975558063 0.80910084362803 -0.595593357435568 -0.314926102469801 0.276340906969462 1.75405528728111 0.0108709831910713 0.231641950544605 -0.675977137689375
-1 -0.615357113699182 -1.66857041475746 0.102489332837198 1.26367684357208 -1.20039836450876 -0.45945205835994 -0.0946432488312787 -0.928554082231488 0.614036593392572 1.47121551409476
1 0.296630582295091 -1.01333264306197 -0.735230705394295 -1.5706236464754 0.0618464461505924 1.98680708998814 0.946905151655053 -0.871518340048791 -2.33162210661636 8.14645734832068e-05
-1 0.380935153896227 2.10602987446207 0.0517655051938442 -0.387889247675493 1.58847633820442 0.642573406516811 -1.57662779769835 -0.0286910729740163 0.807133341180037 1.14259171358830
-1 0.146250840202213 0.713324177961923 -0.0407683939784805 1.80327024539836 -1.05919415458951 1.24095475966357 2.7778603778721 0.305045103434858 0.69479300874311 -0.755905030876
1 -0.521946595899546 -0.964171446315226 -0.392134502244383 -0.481175951606418 -1.16500883716658 -1.18593655768437 0.166671983402681 0.896571712672575 0.625004552326826 -0.393417980280851
-1 0.46852796592021 1.242772447208 -0.653968661291198 1.66660203450888 -0.276773458178867 0.76835535590398 1.52745291580799 1.19503785851412 -0.766998860329662 -0.594375493559392
-1 -1.35038606638163 1.16896322641437 0.444082742273365 3.16184548891489 0.038035491706899 0.253509429117737 0.579134832275582 2.16034146100687 2.66760320700117 0.240949538264864
-1 -0.135869970157377 0.183261216531890 1.00379827344173 -1.09454142722885 -0.337897132325851 1.27041519465184 2.46210891542365 0.155177271412601 2.03798616367851 1.98323232973652
1 -0.812389288253457 0.331281927364377 -0.953979090732498 -0.175795973928519 -1.80605939074021 0.0259819126522554 0.516438391623714 0.858918204538764 -0.641136431938114 -0.220033556679864
1 2.38494794630828 -1.00371868313553 -2.53331265393756 -0.39386613572668 1.24670681221641 -1.84593183182163 0.185283931595767 1.21942082639115 1.16177509421589 1.40400273246413
-1 0.111879187353248 0.695778130781073 1.90985850265799 1.49911891797166 1.18782684830276 0.759036020660267 1.45711999367130 0.677738877673638 2.13987617002922 1.86207826166828
1 1.50370898266388 -1.96508873819186 -0.0862504033285695 -0.424965740019816 0.820611875965544 -1.80870243175564 0.0249605688741130 -0.558215126444792 -2.55896389104113 -1.35509287082894
1 1.29800701302612 0.591630642249368 1.14097297898437 0.362341219605155 -0.365185903758982 0.0174042702682693 0.64459089792257 2.21487858056628 0.61143815264417 0.87084583205948
1 0.362219579198721 -0.109989972053815 1.17242427005867 -1.17997868448678 -0.840256423795523 -0.185193826083050 0.620905025362599 1.42017251837522 -1.80898643626553 -0.331824140535957
1 1.47238807521301 0.81605945292195 -0.0999192645283126 -1.18131113291139 -0.021101484354516 -0.793000371479621 0.337145666842512 -0.753021303240076 -0.904792851084466 0.270098507029356
-1 -1.70861332415823 0.478665183084674 2.23599570924553 0.113847248054913 1.25120478607860 0.194653392016530 -0.219929224907626 1.36707970607377 -0.420836930312288 0.0533359778306629
-1 1.61920131287503 -0.892522421796215 -0.512386012700335 1.11747251795303 1.59282853043865 0.187872636046082 0.391999415681577 -0.407944326317226 1.41568623407934 -0.251818118429067
-1 0.546086962828373 -0.653243833489029 1.3676666792203 -0.610529899059374 1.62639802742458 0.49655886333476 0.59056719847403 -0.028718744279291 0.338589700868391 -0.276358628841529
-1 1.78715539439549 -0.474998404959502 0.706558915362016 0.768851372076243 -0.391726480855446 1.94440365539766 0.647239535677921 0.235899920260444 0.920081461821245 2.52979881707239
-1 -0.239042637349397 -0.0701878597104936 0.533810453350111 -0.0475645313966518 0.711202755758571 0.444177202722654 0.941335431368192 -1.55367336925933 0.466360959064485 -1.04727721496271
1 0.55748113140405 0.570911273161268 1.40290251078032 -0.84449758779489 0.215025818900681 0.0660816619582827 -1.09056285562712 0.44232117289917 0.880818513544418 0.133633921467525
1 -0.244391479807942 -0.413615666210698 -1.06834324905293 1.70246216928333 -0.262001202936416 0.061119387046391 -0.307130919058086 0.607916783494225 -0.703273283741707 1.04018320233829
1 0.325968240589438 0.372156022413101 -1.45656882426159 0.256386205070029 -1.14858398436016 -1.44376329996338 1.35343315722768 0.370628521049807 2.54601291325594 1.58719392326901
-1 2.29674547385693 0.474002096406747 -0.0765968558069063 -0.606321587767938 0.0286414503003375 2.65784930641911 -0.0675599209042255 0.463002262895184 -0.494037472923004 0.913373758345515
1 -1.23164356538876 -0.267315889087246 -0.201577790851537 -0.532353278787406 0.277894156796956 -0.00121586775259309 -1.81017951045506 -1.66334040883918 0.416436148855310 0.150031043783350
-1 2.1587651668139 0.126845004584385 1.63205884047028 0.191034049926851 1.77451332303257 -0.172918707905388 1.65950863862181 1.09245715388372 -0.235262509802319 -0.902434195362192
1 -0.0182837618193435 -0.572707208115628 -0.210882070584445 0.731091216463242 -0.0724244921780638 2.42283851651397 1.27610697278860 0.50415871192299 -0.966446782200344 1.36258933593209
1 1.86758653575981 1.84136657302973 2.06946189846280 -1.11772013737349 -1.82458673007540 1.1855031863166 1.5490941134986 1.61937015026036 -0.527703361831055 -0.790146978326528
-1 -0.190065358701480 1.79780519047180 0.127451528529093 1.99611371972344 1.97156778432591 -0.336592122697669 0.949680916943079 2.05116593558119 0.499528050699549 0.233238457624948
1 -1.81862893945317 -0.679077415203442 0.0475911369298028 -0.859828558214907 0.581456782602152 -0.834186100828697 0.945855818229296 0.091630269434524 -1.48162718003118 0.2727890562683
-1 1.61357930027579 0.388672060591286 1.65715463209766 -1.05209263153052 0.752183549785969 0.229515937201374 1.72970525139921 -1.13392612382574 2.1169373416661 1.11381978375466
1 -0.182513561687692 -0.110435296519222 -0.381200082901786 -0.495132651752864 0.160164758496452 -0.301462817109288 0.179546533777425 -0.550942598811748 -0.00491129981845401 -0.530713682615863
-1 -0.749710826799232 1.66422821458125 0.344634254371057 -0.457684117570968 0.0244016391674773 0.0391356677553648 4.02270646440821 0.169239605956648 0.333854697021125 1.08910552727260
-1 0.703722825787492 2.37764472346249 -0.812860631783382 0.253942849290712 0.0703698300458198 1.72702118058364 1.98990533944215 0.367647884330531 2.944801402702 1.92796533944345
-1 -0.218721246791087 -1.27053902815635 0.846936066358917 -0.90890290051591 -0.342871979158237 1.62304638349020 0.592494193923567 1.11768234743618 0.819665058004343 2.90549760243139
1 0.308021228987028 2.38053975348705 -0.308214040173886 -0.610356134588934 -0.0405302741920611 0.900997711060256 0.749067305059518 1.12553430794519 -0.473332871102623 2.87734871598212
1 0.46690523160152 -0.235663885002215 -0.744623844586596 -1.94021636177506 -0.560430726890113 -1.28909785167002 -1.66432750836839 1.37893686610587 -1.77104956768563 -0.635945522316171
-1 2.18815879417646 0.270762794699561 0.097585911526456 0.0557486686778488 -0.105341853872349 2.27300737661286 -0.437409357791756 0.536456608394614 -1.01564183086861 -1.31234381680210
1 -0.781849837864692 1.21087153443038 -0.13503301149657 -0.236243545654855 -0.556618249337864 1.45614401190610 -0.813502488405288 1.07812683453162 -0.0707654764415925 -0.792417032395577
-1 1.29049939372696 0.944550735041603 1.4704584519265 3.52981351431518 1.02141883620636 0.0370696582043971 1.02868261941475 0.150949290039402 1.84934014611599 1.98125407200428
1 -1.37716608102712 -0.565900822423766 -1.44672347616202 0.0882403090879206 0.790403211722465 -0.0182152817599351 -0.437081546068345 0.361732038791718 1.54514885185228 2.74677766328460
-1 -0.290628307920883 0.608841168232035 -0.148242680300602 -0.52018833990255 0.698077289714789 0.894143735396258 -0.289090146047759 1.16617599756963 1.70337084672425 2.45334990901041
-1 0.523902843387974 0.790933883238718 -0.402527097636487 0.0597279576194043 3.33879406674477 0.725552518179734 0.94403333914135 0.192142777929805 0.212521537688176 1.30097705024677
-1 0.730685135541197 0.379057077001558 -0.477012409098181 0.427578567233862 0.86486932794669 0.00874481693940121 -0.620374399117347 2.27343754360404 1.8920257318768 1.40113026591369
1 -0.241638432937221 1.87946471299222 0.0862951094995947 -0.378695188348095 0.215429624119539 1.00036544751275 0.318109179418850 -0.724786945493077 -1.04170233323209 0.198333907180771
-1 1.93666413433307 -0.701998545404157 -0.00554922224809529 1.67819120220766 2.56153557907125 3.07958573253915 0.25217535914253 -1.39977529390660 0.695426025596043 -0.917072020818209
-1 0.88411935853459 -0.494394400276909 0.827595354897223 1.65830298623993 -1.24054649001939 0.685577044810181 -0.90594610371258 1.57840609443092 0.648594043643835 1.04801823054626
1 -1.30855056248348 -0.278625671610416 -0.515374900513997 0.0183857045579713 -2.03955107620767 -2.12499764750079 1.03701991314623 -0.0944095616627717 -0.153322908978091 0.190750476449070
-1 -0.0975361241088084 0.56073693440406 0.0664061581101931 0.87968705949552 0.818712449802883 -0.336828874011558 1.82237391497755 1.36923970609049 0.228640656123766 -0.836586804740773
-1 -0.88643250642379 -0.0813676807164713 1.35127984109553 1.38680389445467 0.0727713412336375 1.21807996126987 -0.518211668156427 0.123207246585984 -1.78582044734143 -0.27392122081963
1 0.545883361529647 -0.228517874829452 0.390795571636756 -1.29631481286213 0.596941480991299 -3.19096615046437 0.632003509585065 1.64083825329039 -0.244343154274982 -0.913717803627043
1 0.241346943584338 -0.893197876771985 1.15700132936345 -1.03042267998197 -0.516572510573879 0.168525510306326 0.976470070562676 0.393893408921163 -0.398424569611518 2.58225188039450
-1 2.26146344811767 0.0937643239057342 -0.0319438238836949 -0.530059399387941 1.86907469558743 -0.0513551134010207 0.856803397295779 -0.692120771485428 -0.0324995252744502 1.05194274176387
1 1.39809938026560 -2.47630179537667 -0.650937163319642 0.599122534475053 2.64975883856709 -0.00860794621283255 1.64139321573137 -0.331608627453593 -0.0188087117306133 -1.33002335130378
-1 0.971494595410008 2.04047023354906 0.210921067207991 1.17150498295843 2.24309190106982 2.19895308663194 0.830825529763783 1.21042527435402 1.29575436441813 0.0851099817881482
-1 -0.304067873705221 1.22979730747052 0.733474600757394 -1.80215033841458 0.182180727717280 1.73888143181224 -0.562963363492218 -0.560846521006455 0.243663132948582 0.873490700731549
-1 -1.73346265242368 -0.69798980376807 2.32999907516181 0.488856598955651 1.65230561633316 -0.0420444047875275 0.825321690885334 -0.838110820613533 -0.58211759266349 -0.363146605218586
1 0.338369694210696 -0.6931813275483 1.29214823854806 -0.360910124610511 2.75367511087697 -1.28288294517599 0.378513795652311 1.67345536582115 -0.00317363371452964 -2.49048617520794
-1 0.0363428932537471 -0.581641155071686 2.10055380546621 -1.10126038897049 1.01621111734917 0.000249512158138065 -1.54943849056764 -1.40001306251596 2.12927376276664 1.48815962224542
-1 -0.0771997574224 -1.41569249786521 2.7360022341693 1.19044211724969 -0.47779129504163 0.973286795233504 2.54218044952234 0.893668804247504 -0.128115556796296 -0.219919488576570
-1 -0.245884832434413 -0.728249481261367 0.205983257448811 1.80337701427462 -0.632587474276512 -0.160094648532889 0.494601873289013 1.52273786058667 0.125061229336178 2.32964083753120
1 -1.10437574292098 1.02678711512213 -1.11819473631874 -2.16086088110164 1.51539044934878 0.0287575450919371 1.54356054809956 -2.63817135243501 1.69570839023248 0.770196004653289
1 -1.14563397770062 -0.241188417553758 1.56264820981540 -0.254960092117186 0.470847674666785 -0.415002983235094 -0.228494962939979 0.330974799149890 1.29882240443188 -0.0929288071852641
-1 -0.145393070358234 1.99369655454035 0.488605831984707 -1.66247868269373 0.127232695943861 0.627817847680856 -1.17506280568347 1.78552966626751 -0.414318816939375 0.0738873439824773
-1 0.982895054974338 0.116775178427135 1.71515333342528 0.618766839168389 -0.151916438900634 -0.265557670931501 0.73124438357096 0.981158440775165 -0.119253677398202 0.449730635265518
1 -0.375270165574797 0.375458575101278 -0.403610976123253 -0.265376118372690 -0.418099060182337 -0.811623126506115 -1.46483134756639 -0.583053243407799 0.637271973592145 0.545851440940700
1 -1.25510565054868 -0.218484292787575 -1.32454072404255 -0.000981900072442063 -0.84773615116221 1.07779454234068 -1.00509683174496 -0.830087307871796 -0.526230582453506 2.36581946585491
-1 -0.699909883248017 1.12595876302311 0.532241108852835 0.736449566212189 0.885351975559345 -0.293531122677528 0.254299043320408 0.363148414665893 -0.120714757657754 0.683738437218901
1 -1.97379740039075 0.093919025797122 0.950878385373712 -0.758279297324968 0.486613140440392 -0.797114805502522 1.50491680810634 -0.467176559109883 1.18096148547432 -0.170860323576297
-1 0.485262289945522 0.311783207956732 0.940093759238168 0.705752017951954 -0.640567778197382 0.534821039293739 -0.519542810486931 0.9458856171246 -0.664584705491497 3.73262897580142
1 0.744708708674386 1.29453739979225 0.916767126895065 0.208561401472669 -1.37788502019607 -0.537318075387732 -1.73623099300825 1.38183623094441 -0.635346609026433 -1.48232016269749
1 0.011925373506064 0.565773711462478 -0.0258405275786208 -0.627058390494880 -0.339722822238472 -0.77786580092646 0.861396414616575 0.870793815514871 1.01454428403500 0.898637810771854
1 -0.594402036586122 -0.684654447113524 0.280243660482627 1.36391124061813 0.558811998771843 -0.322544425608878 -1.1797262652798 -0.00521455569593718 0.281624379750113 1.25623412586520
-1 -0.238220102889242 0.0232388950660423 1.61568553279791 -0.423175228435008 -1.24289215879275 -1.06998343497127 -2.51775453953838 0.838720554509596 2.34607661224093 -0.0566063244494182
1 -1.34310189914620 -0.649815925464641 -0.285588412766503 -0.203367188085020 -0.142765910576588 0.884766844615635 0.472917899045208 2.51789988082748 1.01080134488619 -0.429005127822458
1 0.528393120470434 1.21530315105002 -1.21300668566864 0.870446801483246 0.186635279029875 -1.56231864998258 0.642138989161807 -2.90180372063293 -1.15936881682384 -0.962901831770303
1 -0.0218811899116195 -0.723935554643654 0.872874903062193 0.660673401158155 -0.411857551904323 -1.20202559141343 -0.917156755199669 0.710351220216291 0.967557455102177 -1.93574674177963
1 -0.582050025063089 1.82201824586445 -1.66232397198151 -0.235370269578351 2.54493385040829 0.81105861930836 1.10297240152140 1.36088231228837 -0.258623622195717 -1.18579030664805
-1 1.31840197106470 0.961682153687339 -1.64868032347129 0.215861965384678 1.34387704054449 -0.194805911164533 0.644163654726695 0.338295892603843 0.446486599659172 1.00867557692671
1 -1.25929920114125 -0.797941998763159 0.200709936580431 0.386324842306799 -0.0732010247804046 -1.41790040382317 0.591372270236652 0.695215419885437 -0.101139831300630 -0.0350722723588743
1 1.80070050458168 -0.0164237407768496 -0.752409837803038 -0.506754227995606 -1.51552643458491 -1.74445577989705 0.455116832511484 -1.87944949385579 1.40388812066327 0.280269512887471
1 -0.463426955194293 0.536437697292324 -2.14246745089824 0.421631743728318 1.35423284316456 1.70572872722606 -0.330628986468331 -1.43005915973910 1.09044671536257 -1.75110097308465
1 2.18640681881395 -0.664661730840928 -0.544756540771231 -2.41337854901517 0.920368136139121 -0.62901027009852 0.334668721146777 -0.274353882340452 -0.988120303436541 -0.947108480227813
-1 2.55344590332778 0.579249979389967 1.35911495894954 0.0702353852913818 0.431034463937288 0.841590351974573 1.78507041230644 1.16066368815519 -0.159265551764287 3.50584693022099
1 -0.150952230847971 -0.459410825513004 0.401727048701271 0.34509193344049 0.269861812871048 0.603251447356074 1.33983175266691 1.13134623142934 -0.524037275824099 0.170826416201499
1 0.391181958678629 0.311720560705157 0.707281011534171 0.157042814046540 -0.219761143872751 0.290253419695716 -1.2347275218659 -0.170349175830500 -1.94227042113292 -0.521894872152393
-1 2.93570361723499 1.22737222749042 0.530013791222489 0.745452422762846 0.7574752140374 -0.684448279540485 -0.0755219123080733 2.84984554930908 -1.04739980969108 -0.116939857961824
-1 0.597396745450123 0.151731646648295 1.25514398572904 1.38116527257254 -0.404038900170513 1.63345246059472 -0.145088488376916 -0.433115321000700 1.10716675042527 1.33157386601408
-1 0.840826650600405 0.519228282180464 -0.288228801979773 1.96427792402100 1.06183767979734 0.0130090860061192 0.702577665021327 -0.183063596429412 0.151959584248941 0.486886925677303
-1 -0.16181862035402 1.26396003082597 1.75595832808253 1.53572605438388 1.08329313897789 1.15823621167194 0.79848951617532 -0.859366719381045 0.496655114248945 1.85353254523826
-1 -0.595797351746587 2.67064086736893 -0.242242115705267 2.19701047073862 0.751135066813054 -1.04833928936952 -1.06105828652782 0.826994965294432 0.767643630373408 0.471393206852161
-1 -1.56498471155979 0.231054088229031 1.21543975112940 1.65154350286822 0.128133053655565 -0.910295918991971 0.81269585202411 -0.20087244607829 0.647390732094982 -0.612572809371414
-1 1.11569028187488 -0.439554181863531 3.46869133380925 0.213697730922395 -1.40988949507230 -1.38521437587349 0.354108280642062 1.49061274465866 2.54390667235822 -1.61029250665527
1 0.695280058052032 -0.260971186290498 -0.272442048465707 0.198727597771611 0.905264135659944 -0.66116899632823 0.148006417846692 1.13298868182137 2.88319925185218 -0.101456371201646
1 0.701175265483962 -1.07017460793844 0.251976901242974 0.65945186764849 1.50966831433202 0.100552134939754 -1.15002225332970 0.692096706903649 2.02053027464475 1.13095483016820
1 1.65187666914733 1.18045690841574 1.32241468764605 0.361329638227916 -1.34659037885549 0.275234207230102 -0.78045991117123 0.209542226906889 1.30828069665629 -0.965272867741543
1 -1.25696454902208 -1.17856410711184 1.35638040237344 -0.287138515298319 0.480628176373521 -0.546901876344311 2.64239901787207 -0.549055143558257 0.142855396554657 1.05907084726665
1 0.0213163004192705 -0.895250237943693 -0.507359564766589 0.821813425507286 0.154681256230727 -0.913786290713809 -0.252672782702778 -0.694016093069754 0.217043663707917 1.81670758827436
1 1.72326851818124 -1.08561412079824 1.19327860133173 0.343683512198289 -0.684680095294483 -1.98169660959592 0.399469291175633 0.322510803307348 -1.18607896083806 0.229226821945355
-1 0.301352597121051 0.448639408675127 -1.14364042148869 0.497567296200908 0.534622680617512 -1.0936542237667 -1.62908011703438 -0.512262532786571 0.185800046305902 0.399272262592306
-1 -0.152862401819949 0.401194668067797 2.38801446128005 0.498702719216031 0.709485478652348 -0.633045772966928 1.40091414374633 1.21906171769816 2.01291756505331 1.58492103850463
-1 1.77041509307233 0.997199913924582 1.04803866269412 0.252984453299278 1.64783962326174 2.21414169554030 0.248696836018053 -0.415898426585683 1.59686650537364 1.1349962066316
-1 3.20777371192584 1.54771280029389 -0.348012729744636 0.660162459778788 0.206621621844715 0.116760831870888 0.804222986856686 -1.64598908326358 0.664024010693554 1.47673863684024
-1 0.173617658604267 -0.816238375091623 -0.675567843633614 1.01173746937178 1.66610462705280 -0.169618609565134 0.201985454263609 0.986516107980183 0.881783961935053 0.90206224585184
1 0.284906283941491 0.449890078510349 -0.485459517556415 0.664483432393427 -0.087555426074771 -0.285297397016157 1.84707096797698 0.199520561525812 2.50454586093247 2.0220017255781
-1 -0.567436682661205 0.400359276998363 1.88847574011124 0.343616285189317 0.243992307630324 1.10305266519263 -0.961057173340282 0.876609162432814 0.680184884222411 0.902587646908628
1 1.36417240370510 0.106194092275938 0.269708160472682 0.147410817275535 -0.392694359471928 -0.267159541098488 -0.641446599412494 0.754760204631718 -0.405786805549824 0.849308530271231
1 1.21393902442967 -0.900137254849083 1.83107796136041 -2.42317484427105 1.25911823004487 -1.24940360759683 -0.301395797933781 -1.39465381962493 0.668916568354446 0.257530856190433
1 1.22386825283759 -2.35052445932885 -0.337694611294332 0.418164181606797 -0.677643134334265 0.260068511627702 -0.584097616023838 0.471641704776098 0.535120056228958 0.710068035715576
-1 2.87403521652914 1.52403724088631 -1.05366653077949 -0.448522309703582 0.586345750752246 0.574745143815409 0.84740061962595 0.851156179146276 1.07180656674085 -0.00847385257993927
1 -0.672545194532769 0.61526515891142 -0.380851263156796 -1.27944199181263 0.995294617456755 -0.0839491012234537 -0.389233987932023 0.635537427455847 -0.75577562354993 -0.532686056335417
1 -0.283754812003351 -1.74343729765562 0.300583843646857 -1.35827072180944 -2.27647732018612 -1.03780409758035 0.214688135557669 0.57038875579571 0.656957378253564 0.640126466484807
1 0.937440596082432 0.73760207187542 -0.0931438974168581 1.30570136852481 0.611593516967306 2.08107472833316 1.28103065750516 -0.392791464501526 -1.55870290088628 -0.344213364772763
-1 1.06151310819943 2.34686079012903 -0.746953747978197 0.703720405238548 1.16765540876772 -0.281139040356312 1.74509738924962 1.69710641683961 -0.692306864059684 -0.380658936221360
1 1.14470673095532 0.209740330308493 -1.42923094533556 -0.35310147651546 2.19261226599793 -1.84794592240907 -0.324491304695415 -0.374238087805032 -0.667601304649178 0.676215238148103
-1 0.891680801470874 0.978597948824595 0.0761363834736615 2.1170346692654 2.66513419907798 -0.218675143833752 2.71638432801984 0.491192058671671 0.268176621718959 -2.45863161370383
1 -0.0984783392555197 0.10029414036159 -0.135538566125255 0.0176625514874019 1.31612372262241 -0.233722868144414 -0.180575134690988 -0.0635563063587918 1.30377380589117 0.351606371267827
-1 0.474240856632743 0.681889509448002 1.74159218742288 0.502331541765374 2.89771251557928 0.867381278623036 0.663118646475456 1.66764193562098 0.582606652582271 -0.0783803470563387
1 -0.680877850188878 -0.349192303028153 0.283233614972665 -0.611856655805386 0.712194951307139 0.539869034840535 -0.610686655416077 0.893837098210921 0.675664475200279 1.25833439391657
-1 4.3878412577749 0.438757908213248 3.45546931844890 1.11661448898826 0.438903353444639 -0.862356184223993 0.67283218712573 0.691649617117977 1.46830538556893 1.40886520332635
-1 1.21209064428182 1.78386332593168 0.639457791514229 2.06328467488685 0.764541961829762 0.272532383043482 -0.407981753650248 0.574230147429895 1.52045507649117 -0.181573982911897
-1 -0.0540449618223875 0.0248742223456074 0.523019524164972 -0.613983695905959 -0.079817415862609 1.30011762761503 -0.393390476074165 2.00960570200495 0.596621706796221 0.133344475735540
1 -0.415563608589888 -0.177886473314315 0.291887407370843 -0.38389863632503 -0.119759396121881 -0.063054528103947 -0.0436219641672553 -0.877966435035767 -1.04256716780047 -1.37274368443062
-1 1.76991712683747 0.146089061675867 -0.322658314046716 1.11325756883486 0.755192210144343 1.62248110729640 -0.00237233974653706 -0.0344301012473111 0.744662621091296 0.246233366670258
1 0.0702413782806979 -0.326185351029571 0.904111943451108 0.096185876775684 -0.68200157391421 -0.659153957575847 0.516506607009198 0.805655476976718 -0.259632463157926 -2.1531581232276
1 -0.81775490135008 2.13235531280998 0.976566975827996 0.0202040049469211 -0.94997369025869 -0.607721317280077 -0.426759313196988 0.978087238521079 0.177119519176232 0.263752525490427
1 -0.317752534640076 1.39573688510373 0.259039122427373 0.0258916757536813 0.0670617811065057 0.026008372810876 -0.726608194889052 1.80947204140097 -0.165294213918573 0.58604821292696
1 0.655220506125164 0.213265217090758 1.55714481709865 0.518293471440334 0.0396863560836002 0.552671143764659 1.00219275043169 1.76985868067113 -0.347373028711103 -0.0617753254786708
-1 2.19849027291909 0.925854152993004 0.50374664148711 0.262315758722027 0.937939072867125 1.33896477201515 2.96775368431656 1.65283142280367 0.561139131950592 -0.400466553110311
-1 0.763698125797899 0.383899729552013 0.77900098795053 0.900056565064216 1.77948556158709 1.58874638304565 0.807148282276748 0.739791373203388 0.0963166161385671 1.53390594328434
-1 1.27835744866975 2.33928773492260 1.50693498696137 2.39724001060783 0.896890356247728 0.543334952214094 0.69590514910101 2.25976838396290 -1.01830915289154 1.36177256502974
-1 -0.348078673423394 0.66531612611749 -0.559264112327032 0.94584140114312 -0.489289615806509 0.592121468070683 -0.143261697546103 -0.66603304772726 -1.4304564019768 0.890661268721836
1 0.165839798503011 -0.00487916734726892 -0.139044225644402 -0.638160383734339 -0.89733109831148 -1.49606286015405 -2.25032847801927 0.99179456542227 0.100467420748074 2.00878431460272
-1 0.401073628584518 -0.349545429269125 1.19083306781151 0.352147076322748 -2.56590838226287 1.10747697731527 -0.968913939697958 -0.402337197783951 -0.399732471623876 0.333968228126159
1 0.846555023453204 -0.221374205360060 -0.53389338278684 0.716804070505447 -0.665954345149975 0.273120805351066 1.56801915566419 -1.03583247803224 -0.0339198057260038 -0.0901540561780443
-1 0.596374326234014 1.0379758741389 0.328229782840315 0.0489624260877617 0.222739941937081 2.24081876791466 0.799947685084711 0.019245343831663 -0.175234990941591 1.33336689831627
1 -2.41209631281308 1.36523560963455 1.54165827484220 0.561000599037647 1.10692851747973 -0.0131836915666427 1.08399703569362 0.321405444288826 -1.11066934082205 0.333536316924426
-1 -1.10682454550129 0.909252637729825 -0.383719062508563 1.14323816544122 0.718889406605419 -0.143801441954002 -0.454900113292607 0.416540929698910 0.235815241006138 -0.428543390661482
-1 1.93575871540512 0.745419981157135 -1.38474359976177 1.95771344687866 1.55987604206366 1.33224665946778 0.585269011626813 -0.136534955431183 -0.210716212859935 2.60688374960224
1 -1.81389321812554 0.395765652771464 -0.819436667910102 -0.278523646143479 0.632630059095083 0.173986360639909 0.603799066201487 -0.928276768072801 0.486893815736735 -1.6311936142803
1 0.93730846942697 -0.488315756375153 -0.614264455274715 0.445159341742005 -0.534447388328932 -0.95770031045419 1.16843244955708 -1.38022504424273 -1.16580920092557 0.434936191930377
1 1.93530491889392 1.21584736908912 1.5765049737199 -1.53109720940254 0.240196058696111 0.841933745358263 0.71140472296473 2.43542275818854 0.636401655745753 1.13082487163530
-1 1.09281520331267 -0.687116549361321 0.0146725042939534 0.16078997383523 0.133454194836594 -0.557993071344065 0.784558307676877 1.10234723404153 -0.0491558286381635 -1.59108199248000
1 -0.144712315155983 0.965865692320416 0.734499056219148 0.394141708025405 -1.75277512921821 0.931650705055284 -0.444465506432047 -0.13648945391487 -1.46018625438061 0.895735292098631
-1 -1.05821201498982 -0.84388275813403 2.03710239773766 0.183951418986489 -0.352310623889945 0.90630403863366 0.983836499928187 1.46491693438187 2.53013903255877 2.2661725262055
-1 1.55175147499049 -0.627229684736526 0.886737030364954 1.86206489205598 0.759362119693467 0.3018930045875 1.08075425433201 0.759955370882829 1.95118818077567 -0.0181976258166876
1 0.886932536302946 0.259905074921266 0.0305871625265864 -1.32081765774857 0.887658534337277 1.66552918956318 0.156554284718401 0.308749474253002 -0.255802736158267 0.872100386860325
-1 2.09622856354665 1.17930969099956 0.828056014670482 0.677470526055397 1.14570489836477 -0.534591910549635 0.277862126886909 -0.575320044776234 1.66678361529681 0.412137984247587
1 -1.06064694391966 -0.540985563718079 -0.685656367595077 -1.37528623623334 -1.92342736478693 -0.249412091911614 0.710726880763111 0.945043738731666 -1.51034896158155 0.636891714828792
-1 0.479969507506905 0.828833412389469 0.338287874887282 -0.624609213625895 -0.0319420082914911 0.101000141796064 0.588420918473191 0.779559760448302 0.151457997652572 -0.0704655042917757
1 -0.237653615915451 1.00530586368323 -0.593630938846431 1.15411844499412 1.15697113639131 -1.63304266951071 -1.8422587643325 2.14066049394911 -0.328598038394061 1.56001397581950
-1 1.82514630019415 2.37495213503580 2.02438625525437 0.910076112467698 0.534946293231706 1.38902197824840 2.65547573868187 -0.76017359177443 -0.107353184601575 0.0987941679019745
1 -0.92544041584255 1.08876597469459 -0.481351766077284 0.572322406799416 0.567605770895599 -0.408311887603808 1.57457222263606 -0.76989302261205 1.56171576088827 0.0323944278743824
-1 1.10458791184644 0.756167371170374 0.625959058433244 0.792502519666428 3.05767943402017 1.43130033772889 1.70102670333465 0.458274157929966 1.09426842107942 0.331357446598031
1 0.156094566521594 0.516605630424567 0.576602294344884 -0.378577393267346 0.0854872634337407 2.10304337590564 -0.86275060802651 -0.0417173578621174 0.466623928538246 -0.533924509745364
-1 0.163866988028841 1.28891343230740 -1.39683397790421 0.285694905714185 0.362893828456413 1.97864255030555 2.21631792317027 2.77049097887581 1.42045573395746 1.04129201806626
-1 0.0349415252130797 1.56463605230834 0.489406588397775 0.666808342661604 1.33310104280855 1.09087654571115 0.642422666771587 -0.0874423680548132 0.492225757620282 1.41036441552179
-1 1.18899507530166 0.655323734941165 0.151857300663625 -0.0613186184958692 1.09900999837699 1.29785403108012 0.997770281888285 -0.695223164861388 1.70873084934805 1.23836791458748
-1 0.707769848258066 0.239194898884329 0.9182761134654 0.536315119485659 -0.0856908571293936 1.23616278365384 -0.687199333901051 0.356136660177646 0.246309937535935 1.02672116205735
1 -0.860333516702848 0.651120574413288 -0.112387492822967 1.82577268564904 -0.995444456779455 -0.97530169745109 -0.0948125386159609 0.937798095490891 0.836333809341999 -0.258855792792699
-1 -0.570755257630604 1.73645780594151 -0.881585848507192 2.71321284653521 0.486865693913028 -0.777525785610446 -1.9376805042749 2.38075515173723 0.494790771451951 0.0985792767328135
1 -0.520370086959976 0.594860208190307 -1.93562324269422 0.299467514683527 -1.76200488958323 -0.969304459392813 0.325765803317537 -0.710460402830942 1.29137733109833 0.323869404559453
1 -0.278295875537101 -0.0834119768922586 2.93607285332244 -0.397256403929807 0.708871077587911 -0.861640987850132 0.083837374237635 -1.21089135388287 1.78328472718667 0.958528977999961
-1 -0.298553625827807 0.376269512897877 2.33163566854471 1.33679237416476 1.69806016879871 2.01436186093027 1.0476856994322 -1.26186613065148 0.568084434271349 0.584772585022735
-1 0.72682696831988 0.505813385381282 -0.16442632970662 -0.572183151157723 0.332439920502437 1.17746350205378 1.84763593077008 -0.307999029611109 1.17844703021156 1.51502676246874
-1 1.80653983537214 0.0865427290217854 0.569309986960997 0.353322445405963 1.09290808510481 0.499151352878206 1.07340173649156 -0.654929829225124 2.09483264773167 -0.611573824814095
-1 -0.701587897193737 0.299267299808051 -0.717659530633074 1.12778586359472 2.22385654392677 1.72779952768949 0.771916162724019 1.72328227563224 -0.230725496111902 -0.0963421094526099
1 2.20241990567171 -0.834009593910429 -0.941942031665823 1.87618758646499 1.38814502126354 1.73408511732087 0.896240657751857 -0.619436429095292 1.20440953559553 0.692384984116133
-1 1.35154974310692 -0.00473191540113493 0.124949803771770 0.687814538981512 0.404205243460286 1.59614404407099 0.486516041380995 1.24669316676281 -0.42634567827955 -0.179946098112430
1 0.726279052780217 1.35407765978905 -0.240133672352067 0.00353360933820914 -0.0824240014170771 -0.0476306070211703 0.7491664167107 -0.262532336094043 0.629232548980516 0.210378255778301
-1 0.879658061704775 0.0758983858576163 0.959518967266719 0.512293604320575 1.80567693012632 1.15343416297589 -0.169596799127697 -0.236512597472041 2.98779682315921 -1.62946806424914
-1 0.304369035140869 -1.03526586394451 1.62484775582138 0.277188817835898 1.38859656023111 0.146183779209869 0.701513836295894 -0.0545463663612659 0.779059738054049 -0.0848512504295184
-1 0.980706612844493 1.84152807513677 -0.000839739886518198 2.38533345247693 0.755828945831936 1.71936260180418 0.469728228695981 -1.95930090697993 0.516923969749805 1.05716137481613
-1 -1.28153072417184 1.21846867604280 1.00674154297870 0.657601210282302 -0.13542081816897 0.675236641321449 1.18543350032054 2.53094340081866 0.773935716187875 0.415293127959024
1 1.53353854380714 -1.16023336370317 -0.50437766559843 0.909171643748082 1.19066081307792 -0.540854633972178 -0.0204446734268536 0.535177097328289 -1.53473960723271 1.12517984648355
1 -0.0597949296335469 0.0508968100943304 0.713376009198177 -1.70223089813984 1.46667497355334 0.717459350908187 0.394938541372624 -1.48261845478601 0.563089555345266 -0.851169383800867
1 0.319580990795783 -1.08480603154958 1.20166976437543 0.00230864855533652 -1.66151921615797 0.549387717466338 0.106168493955572 -0.400384400295779 0.414254774670507 0.453028811500623
1 -0.292013381015622 -0.0705209469316973 -0.982654845914101 0.92122808703424 -0.236345815851733 0.508394728291232 -2.18235254050248 0.864924922497012 -1.21764292069820 1.38537100226112
-1 -0.0643307616617795 0.741372215242443 2.28927281695438 0.152608716224028 -0.870495900973069 -1.48212147499897 2.06012003028669 1.37691177074115 -0.793903530238795 -0.5325106592982
1 1.29852313837720 0.501664269722374 -0.352154341529024 0.820812953177181 0.211421625081057 2.08364438113315 -0.610497544659861 -1.48002374800293 -0.0435940175789751 0.693926963454127
1 -0.00592035020964735 -2.37639079389354 -0.205824135058095 -0.735059537176411 0.341178307407841 1.02800007843028 -0.527848231119236 0.448635905292316 -1.09998428948257 0.592313718430718
1 0.86508226178532 0.522891428817995 -0.820276111048675 -1.25530494448911 2.82360381057942 -1.04512337642500 -1.20799599494238 0.0641629222219788 -0.496746429533889 -0.402014312759296
1 -1.59087048311877 0.256703280949989 0.657817892785755 -1.06424972255880 1.06400175486849 0.308695646571989 0.249654616998152 -0.516277906267456 -2.00632702736582 -1.10373272981785
1 0.803436689184315 -0.94457217874232 0.949399403264917 0.605971884644053 -0.0480168443760353 -1.53009872498100 0.603926319507197 -0.640375640198862 -1.42000314543198 1.47332088454402
1 -1.0489077993278 1.82826720934712 2.54080299387507 0.778573281034084 -2.09744590096718 1.23781880819355 -0.0301309866246400 -0.516081084077316 1.03247468024629 0.281747730219915
-1 0.872672843669964 1.66970909226134 1.09051910601684 0.721773368576998 1.7027533634577 -0.250611854587764 0.392109552025559 1.99555477389119 0.706463736051576 1.11253558835128
-1 0.744264686702326 0.303982679928387 1.78159843622891 -1.06143767659206 2.17330090962185 -0.7785348484456 -0.463042897052542 -1.22180327585384 0.266638673490166 0.866285467554178
1 1.56616966107784 -0.567245647542285 -0.0108858579124427 0.241184648353398 1.28194751523925 1.20677249721594 -1.25964408534345 0.377495521524318 0.149209650334227 -0.487501041071528
1 -0.228041897742713 0.57321437080776 -1.04001069333980 -1.24258828960178 0.90870794237774 -0.430007870689947 -0.477739832176728 1.03405751312039 -0.0358636318192418 0.0601914646071967
1 1.00545873723932 -0.340214360381424 -0.164760578730676 1.09458836180907 0.371079772234433 1.33961500392135 -1.33737411600778 1.86376413798572 -1.49797703659489 -0.805495762321075
1 -1.37631915845598 1.65890887330809 0.238163981701833 -0.940457285144981 0.291047847626203 0.454954738608572 1.86293311417744 0.708604935524255 -0.872561062180977 2.04886544006885
-1 0.766281113035386 0.659670473107001 1.47922054216856 1.17740738058435 -0.274269399475262 -0.143197349902205 -0.273677055061852 0.898969587743236 -0.886419609674967 0.510352165491715
-1 0.211910314783129 -0.0417136349093103 1.68645076996960 0.932133956835719 0.0463783044128244 -0.188431412715697 0.939686205380394 0.976769382520036 0.915613368157921 0.686180725355653
-1 0.374642668075276 1.82280658066344 1.16045422961526 0.820229140278456 1.67136071132215 0.526041416448249 -0.493273747973752 0.33506302741108 1.31646182523836 -0.538430971196217
-1 -0.904547965108802 1.51891160597494 -0.948887150393182 -1.19346904528850 -0.272081099246482 -0.959562013289696 2.52865982473096 -0.490655467344832 0.317419446500874 2.15655998940488
1 1.48101414038022 -0.85502593949999 -0.0368673718687389 0.881796832694855 0.203131390669309 -0.351740129497963 -0.650578870102898 1.36548247212950 0.213132630413755 -0.239212294270308
1 -0.203248708177176 1.25948944728373 0.180388230594032 0.343657638633999 0.832577124612348 2.80219898540549 1.35267944384426 1.38917056208620 -0.0033297487138632 -0.767634123447464
-1 -0.317106076164182 1.94706354134389 -1.1067863878781 2.31642425310576 -0.15127686996318 1.57658317587390 0.00527301678380543 0.170637235608047 0.692620670467081 1.03439335632152
1 -0.417513424081706 0.167166100911218 0.650870210477399 1.27814277999990 0.364755008788603 -0.428531878137215 0.764481206911829 -0.989556491263817 -0.145412233479135 1.3101295802882
-1 -0.327465193510863 0.480433773841358 0.0351234240323903 -0.0448320089662595 0.150199770101884 1.19405928715888 0.228099046445294 1.55505298288696 1.27064075009771 1.45946517506412
1 -0.908650909074674 0.164770975597055 -0.467239334342246 -0.619692799581905 2.17023600387958 0.301972917563973 0.642369010625144 -0.257901174182867 1.39374318627604 0.0585383556427215
-1 1.03348193435465 1.45469349314594 1.09531691108503 -1.20072873863395 0.427894529901058 0.737064007176158 -2.16875953502166 0.201119567819046 2.41620137127269 1.62322478127852
1 -0.543890132837557 1.74594125052485 0.164878829406297 0.310899051780314 -1.75386623378369 0.17683475266107 -0.613304028488099 0.260023398763077 0.459337388790896 0.506953532202507
-1 0.558533209497334 1.92130175007178 -0.759453953326335 -0.176677238720364 0.314480655476736 1.01728381052924 1.14873841935840 1.69618100785635 -2.55596050270694 -0.697413600263353
-1 1.29834702533413 0.768131076172638 0.15572511303552 0.86100314752505 -0.0207091600988516 0.21213394688376 0.282722264894169 1.34566969074416 -0.252982401082053 -0.499996779240447
1 -1.39060004916774 0.778319387845289 -1.16118016495196 -1.06063856914929 1.70202487371317 -0.777024309277027 -1.99055698241683 1.94934810356259 0.186397645933788 -0.694735357830385
1 -0.204623212427224 -1.02330608449417 -0.977499764658458 -0.309605718707423 0.222882378187448 1.07895696505692 0.541513070120489 0.506300692315797 -0.98371601755251 -0.089314277048509
-1 -0.614955129203787 -0.00686242725696462 -0.935455699417255 0.92144762725914 0.626154117640411 1.21399389744625 1.64546764246754 0.149611924499298 -1.68407505132405 0.992951734972179
1 -0.123466248548087 0.674631672146793 -0.85190687053187 1.13307419744464 -2.29794248562679 -0.112752780765669 0.750629746900006 -0.569737637308899 -1.25427537298572 0.748730515515874
1 0.45054853237683 -0.89026503372342 -0.316527501359721 -0.326239678206009 0.8280422075519 0.368414508031943 0.392666774944286 -1.58358299515150 -1.20037038876476 -1.71105668118210
1 1.05367625071908 -0.71321508363236 -0.582175334024901 0.787792992574129 0.496897975127535 0.180152639841353 -0.498838975052129 0.360313012557839 1.49620993196573 0.288778744884784
-1 0.425369183880387 0.799830807668559 0.551470476014642 1.70228148769167 2.09308105394113 0.233402874541651 0.9842047218478 -0.140825050126961 2.03664490245811 1.90420893536982
1 -1.44388985803187 -1.84011614844565 -0.821869609330118 0.387955541661907 1.91700694842573 -0.257209148975185 0.73551242109183 -1.13766878861775 -0.0868914270002942 0.298548388853027
-1 -0.152380184257291 1.78006228452125 2.53412403111404 -0.564375204406176 1.30056862266254 0.766844144321334 0.310203442380390 1.10980653335206 0.47131884438896 0.441546615088842
-1 1.12501286058470 0.00400989255388429 1.78559211250169 0.771877062776757 1.34491473982605 1.97596103990089 -0.587053164341389 0.479033542026738 0.283098348229304 1.18612478138119
1 0.117898267501888 -0.165154427204226 -0.777458293350719 1.28670484610648 -1.77454688667592 0.316593265049337 1.07499481373702 -0.216638053109084 1.05110883743186 -0.178723022511271
-1 0.50499568258369 0.941580017830507 0.248946068732541 2.57747934315122 0.171957673230296 1.18291712674346 -0.00662718690944353 0.441690616314134 -0.689073599659007 0.946243586272772
-1 -0.817886876232616 -0.6778225540187 -0.505960729408887 0.506343347124276 0.982013020993135 0.922108022751905 0.28012119417355 0.212241856070268 0.50084704955281 -0.450157847308652
-1 -0.482736666279875 -0.278311705081443 1.40763682957264 1.86119714670670 -0.59745783029902 0.261883741659739 1.80332015922085 1.95821935500246 0.526273489728424 1.28602268939498
-1 -0.137107591899383 0.568243369364302 0.81124641660857 0.817277278837783 -0.0577141205123186 2.39163356132108 0.0854137520476375 -0.550514799577417 -0.390937082961887 -0.0493804977972029
1 1.80558198858828 1.14608717544128 -0.119792947090914 -2.06801688923826 2.32251795796728 -1.11111462007705 0.742304136871715 -0.587270428771529 -0.783649888781155 0.92029050777544
1 -1.06671790277494 -0.471307449419479 -1.03632739560958 -0.569279684883506 0.516858265396347 1.13876704488169 0.952158109205442 0.101144211548644 -0.684929562700686 -0.219863758263030
-1 1.30164683183772 1.58507629862097 -0.70898488130091 0.266490131839075 0.462264680197801 1.28611091548700 1.50848029953339 -0.615647622590963 1.36607518936164 -0.322192672843453
-1 1.16679909135708 -0.0710830595216053 0.326499168658081 -0.145442067636113 -0.353603270392476 0.152608838494845 -1.82446137704027 1.04750033452915 2.47004793263239 -0.087132066815015
-1 1.45817830280873 2.01018920057153 -0.335262233320614 2.21767896689424 1.36127751211015 2.44170229205435 1.63708399710662 1.36912921592107 1.54770495207729 0.245964419101844
1 -0.477422797475322 1.29550187886639 0.946700919571368 0.145926863376065 -0.739097147848657 -1.39705541635319 1.11751954068602 1.91233055427526 -0.076672969878727 0.548225133849797
