1 0.698338941214866 -0.851511956055737
1 0.565803134656748 -0.154339906719882
-1 1.53107808024613 -0.148882507019610
-1 2.04407368984537 2.08578294471540
1 0.573279578466497 -1.20435178113340
1 -0.762210683494134 0.815058458992897
-1 1.441884436814 0.538642295161676
1 0.242243209388019 0.0251187922668005
1 0.50493253158404 -1.92713575560985
-1 3.3059266911442 1.89340188405821
-1 0.277278749692041 -0.460449682474823
1 -0.247259195132202 -0.465073535574193
-1 1.22090769243697 1.36075147884301
1 0.931353489234417 1.34966852516483
1 0.653010924586474 -0.374795619996472
1 -0.206774528438859 1.12718936443609
-1 1.69327811738645 2.41941689169881
1 -2.54872055228903 1.26543220630485
-1 0.216484605894099 -0.0444118435844418
-1 1.04332112185856 2.75592730101451
-1 0.6318506818616 2.13189109196795
-1 2.22846444060050 1.40391478731654
1 0.190659887153150 -0.474013095439179
1 0.735344071464028 0.178463979309188
1 0.551775176922394 1.55925155014415
-1 1.01224890618393 1.29833065726633
1 0.161962909203352 -3.45510448748707
-1 2.52216822617549 2.70970321946735
-1 0.797299604831808 1.86753725365383
1 0.539423728305165 -0.759500185693276
1 0.5679390289979 -0.825474435393836
-1 1.94240104047801 1.99914080547623
1 0.171507250725594 0.571384968829276
-1 1.25693319936831 0.563766959133934
-1 -0.0535602735172007 1.58883250308392
1 0.993152848578755 1.26733035377324
1 0.800658843060954 -0.256796615979032
1 -1.13912282394786 0.299381211729764
-1 0.968168061143666 1.98122303526279
1 -1.35100314047734 -0.322421836288219
1 -0.389988804666562 -0.00495228359379973
-1 -0.611764337341226 0.486666497786238
1 -1.10584420066069 -0.731772903441769
-1 0.506495545314619 2.45063979238666
1 -1.16690636561008 -1.13763617084483
1 -0.181011416693462 -0.608941011536637
1 -0.393755596492369 1.55439459509737
-1 0.52740696021924 2.04045624756199
-1 0.283515456280261 3.65973931885867
1 -0.414749250139999 0.0516019711762360
-1 0.543895355862974 3.25847401772305
1 -0.805800951747309 -0.832969075243288
1 1.54304418642397 -0.017309559081351
1 -0.661614206049505 -0.670141245717801
1 1.28711954461902 -0.0671633252969141
-1 1.85312885971618 0.950982147378292
-1 1.94909083135584 -0.374681655948533
1 0.642603344305718 -1.1077547850569
1 0.162557477987629 1.37602766898179
1 0.150278050728805 -0.15382315156478
1 1.34422750527767 0.86157400306336
1 0.927210343621857 -1.45017978204150
-1 1.45546508048565 3.35154526508408
-1 2.0782132301777 1.49953761784116
1 -0.41185930921189 -0.650741066468
-1 0.187382586542169 1.78638864166036
-1 2.91471065543731 1.00480056537116
1 -0.0110750157808376 -1.03616115312296
1 -0.867684870188069 -0.329166444868688
-1 2.47313833462802 0.323465961519847
-1 2.07272560952958 0.938173545419594
1 -2.97829619834242 -0.115312634364512
1 0.289683499573081 -0.0633197295156567
-1 1.86268584761255 1.59025683749910
1 0.242045660144911 -1.05927395404362
-1 0.329387135786237 1.36137474386366
-1 0.778105102302991 0.503785009890894
1 -0.311615672011474 -1.78951427141825
-1 1.25175930573039 -0.747922814645491
-1 0.166000338937813 2.40002571837787
1 -0.328413140469993 1.19481682186667
-1 0.216420948511562 0.665781141225427
1 -1.11127628799313 -0.347119030910699
1 -0.145408942149072 -0.813282960210482
-1 1.50285662123768 1.89472293848019
1 -0.0780805444790326 0.119101512808368
-1 1.65620107218217 -0.362439235140108
1 -0.045628791239623 -1.36613179979920
-1 -0.228333600378924 1.99749160107328
1 -0.872276595168963 1.23787922291108
-1 0.941079089720515 1.02530216889563
1 -0.937391656893768 -2.61408935705719
1 -1.26433276862153 -0.86666588511081
1 -0.546866960968306 1.93472370047524
-1 1.79331048095856 2.74145208522733
1 -0.214198781136015 -1.19097851636345
1 0.913547628992289 0.47101794484318
-1 1.07916085332150 -0.330862324310667
1 1.35054820040283 -0.980921005679904
-1 3.04534485200095 0.433871349458118
1 0.661826394403508 0.886407017795533
1 -1.78606724357261 1.57696884875285
-1 1.70330563213242 2.19000599387921
1 0.31908942947202 -0.914280569651683
1 -0.089874242784825 0.0252719787266698
1 -0.618794409402395 0.139203496000367
-1 0.556936631468545 2.77568901291107
-1 -0.509273850866912 1.34071559726500
-1 2.09863959345045 2.9313944184077
-1 2.59991879281589 0.406575393655217
-1 0.462470621103729 1.9438334435804
-1 2.19214009776672 0.906042711385864
-1 2.86041398013508 2.25201667268348
1 1.20678215465229 0.222164062917168
1 -1.38399873824917 -0.719106038930306
1 -0.146793669630995 -1.54271684744317
-1 1.52077727654828 0.0925887327751023
-1 2.15885185731308 -0.472292743681294
1 -0.165588366641850 2.84939107782408
-1 2.59596271335007 -0.681711735785253
-1 2.43448568519131 0.914726162075568
1 0.0763287959807771 2.59440691245321
-1 2.21190673106771 0.44264555937782
-1 2.14453871006322 1.15485257977988
-1 1.52668520245831 0.562936856597152
-1 0.493667270899965 1.58197570341373
-1 0.0378966696941021 1.62550374668155
-1 0.354403303763739 0.607972759137953
-1 2.53814692523259 0.96123740160272
1 1.13107045601976 2.35012202570856
-1 1.63175569874922 2.30205474502458
-1 0.878905465016587 0.146263258889571
1 -0.811806255534324 0.0213906365159379
1 -0.99042207489853 0.843432094010082
1 -1.22637480682848 1.05077205919768
-1 0.504721424931467 2.31927549101148
-1 1.93631496447818 2.26246825561067
-1 2.42693162981844 1.77442929884483
-1 2.36167792628994 1.20515492029459
-1 0.424604099016773 0.64422878306495
-1 2.71687019008151 2.00853091463723
1 0.24043130153209 -0.505712861994779
1 -0.67716827665601 0.480868961888201
-1 2.01226774232248 2.15322789802378
-1 0.168881081159419 1.38536990224728
-1 0.764669088198058 0.0333276226182724
1 0.936145692596196 0.871362746078981
-1 -0.732977159195868 2.52633923076472
-1 1.51655566401565 2.05403278998848
1 -0.286148680139425 1.08013959186031
-1 -0.518893405502969 0.565725356514534
1 0.912033523530767 0.360209557920682
-1 1.85487500015906 0.60822758533731
-1 1.16940667696070 -0.149324793188613
-1 1.71082910190539 -0.667679374477391
1 -1.26340223412920 -0.241516601807624
1 -0.697664008878508 1.65689373019449
-1 3.15102028092399 2.78897232112572
-1 0.706774209237971 2.49097276893147
-1 1.55601675839406 1.25401466825145
-1 0.164703342610901 2.87915862880598
1 -1.54158240417335 -2.17297469112562
1 -0.641518063412362 0.359632433227771
1 0.84200750956623 0.259539413947728
-1 1.61228376323690 -0.367544683808517
1 -3.02846749274186 0.176652517497394
1 0.178623511405800 -0.319081994017037
-1 2.20787286912222 0.342431374563547
1 -0.477210409083449 -0.83118298051111
-1 2.30962805799683 1.48181234042232
1 1.35935114116059 0.71092290231495
1 -0.231712315617152 -1.1283736668024
-1 0.729166614501631 1.07335570059571
-1 1.10718541684775 1.92890206337647
1 1.23814874731077 -1.28900973760311
-1 2.00264407569574 2.33440189962716
-1 1.22993554371759 4.99147459012243
-1 0.66656593518798 1.78645090715595
-1 2.12786069143266 0.159788854626294
-1 1.30124597672066 1.82894983563428
1 1.52505574872050 0.206485320242792
1 -1.12969291903216 1.21802059090501
1 0.666627614057 0.969808853392256
-1 1.21638723503634 3.15513670184944
1 0.64519905601605 0.937753980455806
-1 1.00939122990181 3.15523855255258
1 -1.39833352463797 0.216839594115829
-1 0.304081349836220 0.743518829469449
1 -0.680525973343878 1.63490736281110
-1 2.01867140063648 0.945542007187778
-1 1.23425785279744 1.69085767679335
1 2.22392973868638 1.38540676939458
-1 0.99119566680859 1.31295805031707
-1 3.06475599255243 1.04408536745390
-1 2.35371532838881 2.73908068647886
1 -0.628676455787313 -2.46884624579174
-1 0.0109106478719030 1.48027364400065
-1 1.66250927106294 2.19086990278345
1 0.944895094197284 1.48322432649829
1 0.5726634731 -0.631890645814075
1 -0.650732746534379 1.71534159712245
1 -0.300750218859663 0.133910015481673
1 -0.483748520280847 0.256254804928857
1 -0.455778367255698 0.0308509151228102
1 1.26445774998003 1.3301662469467
1 1.62750475913989 0.218281158678641
1 -0.214565811960555 -1.05490510088350
-1 2.41412922932934 0.879717058128455
1 0.110967627617553 -1.05090484070733
1 1.45245036889083 -1.82690936611268
-1 1.07646593809871 -0.0873894834346625
1 -2.12337863163258 -0.628943582475
1 -1.83152409938723 -0.933189194948776
-1 1.41167496907307 2.1392407126757
1 -0.0111481744661627 -1.22984540320843
-1 0.933840125672795 1.49709485979643
1 0.387028871117031 -1.31475310512088
1 0.227253905137558 0.562842616995573
-1 1.13475124814151 1.03865460591578
-1 1.78745055004002 1.39944712449263
1 0.151866225413958 0.909459585689361
1 0.147441163266784 -0.867677476436911
-1 1.33957513970144 -0.137096952224749
1 0.121104657647179 -0.234235194165490
-1 1.51783369180455 1.84053279635936
1 0.0896760344967637 0.57769837052097
-1 1.23119382179331 0.714627157587281
1 0.222179243935045 2.50095525267697
-1 2.82668185335859 1.54834860258701
-1 1.26503331723208 -0.0665488418353977
-1 2.58979811432724 2.63159672792152
-1 -0.226148494818853 0.649906811073805
-1 1.79913697753470 1.65374494075372
1 -2.40149011141826 -0.36225205819994
1 -0.077337722421788 0.403068826579982
1 1.48832365547536 -0.576541350665497
1 0.967733765728723 0.545600882908741
-1 0.945158214806625 1.26464675089474
-1 2.16108109885352 1.96106160676093
-1 1.07839627299109 2.13064644676856
-1 1.45292698467162 0.645930013606651
1 -0.232365293514832 -0.966305094027017
1 -0.597489130876716 0.95676410407054
1 0.622783524959968 -1.2386508497331
-1 0.67837983112204 0.796939880006192
1 1.15435147453086 0.852078145198883
1 -0.283538068991701 0.00456973911105057
1 0.393901324043191 1.53404603918952
-1 0.413025410057917 0.27267298837967
-1 0.262253441765021 0.265660558356895
1 0.64305387696456 2.20297069227425
-1 1.18546674911009 1.71598518160362
1 0.667307829864014 -0.217944488292585
1 1.16423024079708 0.295036451530147
-1 2.40590457824496 1.70669420555086
1 0.452993738066847 -0.101254786002505
-1 3.01937126653297 0.793867946936249
1 -0.239939701355808 -1.21402957894014
1 0.238646361898349 -1.39115205016454
1 -0.87950145666677 0.264179839695677
1 0.184181541673470 0.391950966568909
1 1.60738027282391 -0.149933956779114
-1 0.60558062944105 0.77400378640542
-1 1.75706569073848 3.51516814130041
-1 1.35088322606453 1.60099828877910
-1 1.58489075081198 2.35141919492632
1 -1.54829892237728 -1.55839285089253
1 -0.767681815864479 1.63011343805390
1 -0.159371865830826 -0.168657320575079
-1 1.13835517801912 0.101826155705117
-1 1.61751828847858 3.17426871610475
-1 2.9228594910888 1.68892707145765
-1 2.01769356952982 1.17383614768587
-1 3.12271757795385 1.17429306319273
1 0.103500754456792 -0.227180840999866
-1 1.75672500201277 1.14385638401102
1 0.201039486035469 0.566789946821432
-1 2.18562191228586 3.16606239304686
-1 1.91787970057639 0.97057964526436
-1 0.422552895826789 0.122361144240967
-1 0.64236969188505 0.647659639693472
-1 -0.378017741830755 2.62237986278202
-1 0.867090605822735 1.47514839157488
1 0.401868078933039 1.38519910900568
-1 0.81433841582856 -0.542110438084986
-1 1.52042235413189 2.84130882825504
-1 1.44217095365890 1.00093114751471
-1 1.21101711944040 0.299336870021783
1 2.61392786924900 -0.997158934973115
-1 1.98360425239736 -0.276951345216988
-1 1.78096223169193 1.36985822552639
-1 0.935073122406725 1.36467041614269
1 -0.80889982097981 1.04778999972342
-1 -0.359797193168197 2.28040341928936
-1 1.38058899984087 2.12506420182122
1 1.26387908218495 1.02934202944904
1 0.51458086534618 -0.613784049707658
-1 0.608263725619354 1.43879182017355
-1 1.28708578894858 0.793271567153046
-1 0.565774896945788 1.37964860264560
-1 -0.0633192587724436 0.220108776634025
-1 1.29784377291084 -0.5592567396106
1 0.609791811723872 1.40392947406377
1 -0.088759409301133 -0.255114420897111
1 0.266139194915571 -0.439817092713633
1 -0.584676212398169 -1.16878851640449
1 1.02311217336277 -0.269923618622655
1 0.472525910741678 0.736791149794093
1 1.02029533956259 0.334710879688473
1 1.96699240922474 -0.160131339052735
1 -0.329612870679195 -0.625375768202336
1 -1.32121077247788 -1.29557253017703
1 0.151700770489 0.458696195018795
1 0.290434765216595 0.5496400713699
1 -1.77325878386370 -0.782661821031003
-1 1.55561100316247 1.25752276264472
-1 2.08533469640065 3.61629504458042
1 -0.731689867826025 -0.0463398596646818
-1 1.90791284448339 2.42823087273095
1 -0.492708912133364 -0.0235657657991103
1 0.139734629971072 0.677535096963652
1 1.52108277731033 -0.367962488523808
1 0.766842235698249 -0.657143178012273
1 0.647265307782883 -0.24807185651646
-1 0.917265971109668 0.95754803484183
-1 1.84566168587678 0.758358257661258
-1 0.514342751725894 2.23773803590369
1 -0.50729110890944 -0.814443198420691
-1 1.66156539235412 2.84325683246427
1 -0.668250114672035 1.28597432964009
-1 -1.52700918857019 0.199640750111886
1 -0.983295352735731 -0.770238405066172
1 1.13463797394461 0.298117322632852
-1 1.51811091289676 1.88360435935546
-1 2.35830410659482 1.18595026300506
1 0.158895266988606 0.319850571496203
1 0.747826907762329 -1.14779799883531
1 0.519484978788110 -1.29069603725039
1 -0.0346595761980567 -1.82422996812404
1 -1.13173532730835 -0.0136223715217073
-1 2.05481820628139 3.08431764067099
1 0.91445030423328 -0.520155274823111
1 -0.324813193684277 -0.0865544076139183
1 0.260808855174101 0.404705205547091
1 -0.763826423304707 0.332610874139721
1 -0.299801278488809 -1.52911139189540
-1 1.9871403491193 2.04039689797127
1 0.077606690745835 -2.04976900703410
1 -0.744603397303483 -0.429439119869747
1 -0.694990891634577 -1.23628297471161
1 1.12207000706598 -1.42062593278607
-1 1.38239495084022 1.64368528325060
-1 1.18450750288088 0.675443006012444
-1 1.14497997511508 0.836688750630049
-1 1.75014784955999 2.36592940267391
1 0.750211417006366 0.47275986231657
1 0.613559175880947 -1.38099260634753
-1 0.0071871163563042 0.484547721159603
1 -0.152755937812852 -2.02050210000117
-1 0.213184022008084 0.854712901302281
-1 3.05669356655497 0.889973336798911
1 -0.966635090956393 0.332833097193712
-1 0.575028167986301 1.08521719338858
1 -1.04800556145611 1.24486316496623
1 -0.110886456654413 -0.193905150437779
-1 2.07278286228494 -0.0409677920601965
-1 1.49661307227414 1.60800022313492
-1 2.78451845760084 2.63347835757892
1 -1.59417916489832 -0.44401207219476
1 -0.97240826040616 -0.661669932455676
-1 3.10595191699051 0.940178869954375
1 1.06681636659951 0.721980357335774
1 0.569148582295436 -1.34975483224606
-1 2.1133180168256 0.101976726431148
1 -1.22447857852084 -1.62267101545470
-1 0.27092452526066 1.75055943400046
1 -0.468308714593531 -0.581064432414987
1 -0.131621002307386 -0.244388944759425
1 0.262854012985815 -1.42260465498526
1 -0.398829067930102 0.788283389971442
1 0.684401874473995 -1.38620996814812
1 0.1935145381642 -1.49636433688234
-1 3.15573072274362 1.66266133603638
-1 -0.0410751660205917 0.63187112573031
1 0.765180826981523 0.650512014228389
1 -2.73045019023051 -1.15325346172543
-1 0.00226009931262583 1.91919368098330
-1 1.06617136988955 1.20825679072139
-1 0.190708921407315 1.40739641603507
-1 0.897511508883653 0.357033401384679
1 0.508940670477957 -0.554284658819905
-1 0.979067367842305 1.01489314893870
1 -0.567923953641738 -0.756496951952548
-1 2.27434916811943 0.835529715808379
-1 0.908676225235135 0.7728275184937
-1 2.16189677875815 1.38606472893847
-1 0.147738587369675 0.840559105091758
-1 1.61422769922375 2.3755841811482
1 -0.44724659402442 -0.270002968991791
1 0.667506190919989 -2.39818227647862
-1 1.25260661660354 1.02322942270265
-1 1.79913172336293 2.67263472054922
-1 1.01808765243539 0.631723810861066
1 -0.178450888552233 -0.50015681307245
1 -0.44507857552222 1.20253893449962
1 -1.12519187430529 -1.12285981720207
1 1.23685912595745 -0.873980008725153
-1 2.29333269691768 1.53111923245787
1 0.965355860050296 -1.54103569884786
-1 -0.448305184888387 0.870423482024536
-1 1.95915558089849 2.06881426598234
1 -2.37255636998571 0.998042794704682
1 0.0743761192145606 0.852572711916934
-1 1.29722045233611 1.48755756673241
-1 1.42265939976256 2.03093567492040
1 0.347090642867401 0.0815852316786845
-1 1.02666061166355 1.11060126364959
-1 2.62202023229792 1.03482389801218
1 0.611922947360091 0.223588551582575
1 0.0872505394691328 1.20000760693525
-1 0.400764904595511 0.391184185913488
1 -2.56777886548060 -1.14928024332059
-1 -0.421024994532781 0.0935327031176789
1 -0.382133164259856 -0.599981059825904
-1 3.24750546874112 1.51231090069373
1 2.07901572326886 1.26905849859506
1 0.495257103770712 0.475816091592849
1 -0.00216358502476641 1.59936081397279
1 0.0796293995536421 -1.32891617285897
-1 0.52123393202633 1.76451642366917
-1 2.18446910796102 3.47786397249141
-1 2.4834713101601 4.0111066768384
-1 0.776525554132347 1.15281282624645
1 0.217769953475267 0.81912695846886
-1 -1.05926088491103 1.91523215414706
1 0.396237660158102 -2.079359318565
1 0.100320432053935 0.700890193509356
1 -0.319374370501924 2.06761540208254
1 -0.86273446857002 -1.09438586792384
-1 0.734042548486508 2.97719798534529
1 -0.0903208211778742 1.56633458857876
1 0.241942096415262 -0.863401465830843
1 -0.310680356720161 0.103754222346937
-1 0.800338909723036 3.87501034260883
1 0.581347633151167 1.13627214459284
-1 1.41190878672835 3.43396911684932
-1 0.883955241775934 -0.432583357058919
1 0.63646261042083 -0.296044540389140
1 1.13530523246975 0.755265427403679
1 0.876313589507774 0.761949119220531
1 -2.45487812765694 1.66695075474785
1 -0.628015071110572 0.69626086769933
1 -1.31996972072248 -0.0239369353054638
-1 0.526767903003737 -0.693765601842228
1 0.337366078020461 -1.12303198393274
1 -0.568795102112946 0.752639160162409
-1 1.12613717560795 0.125695178881239
-1 3.45641726144065 0.324677407048817
-1 0.66123601918818 2.99969950301141
-1 0.264548946988192 1.36736120083402
-1 2.80332913162363 0.220780600601474
-1 1.38962091225395 3.20579838884335
-1 2.63760759106245 1.71656902633333
1 -1.93911308208720 0.906789703396705
-1 0.321535326920195 -0.151823647510427
-1 1.43524064275628 -0.137974157742793
1 1.13926185324087 0.529393667487942
-1 1.02371697039575 0.686691458513792
-1 0.885074580920929 1.53702270629341
1 1.75189156495663 -1.41213825995131
-1 2.19637050634211 2.72938636529909
1 0.113160141344859 -0.679813080211425
-1 0.877283437457352 1.46143423386855
1 1.90797419408149 -0.255542935402043
-1 1.11535197563806 1.27915211070071
-1 2.18302273845252 1.57671814167888
1 -0.846797014732717 0.696661726498085
1 -1.15579874648946 0.429831363210087
-1 0.901759908219114 1.58522862481817
-1 0.361983596289033 2.33577956688827
1 1.39804561644178 -1.62675817470818
-1 2.30778546890253 1.4873281084516
-1 -0.92916136625683 2.19984076984971
-1 1.41837880625706 0.861919416352062
-1 -0.00550556905885058 2.97600502365566
1 0.665963705116511 0.997633497434209
-1 1.5069038855956 -0.374332345522487
-1 1.04245922617277 1.24818461638188
1 0.987931308752467 0.999782253037653
-1 -0.281408107386921 2.31590611070956
1 0.71201634547034 1.18390071212026
1 -2.04125134281709 0.98509709037001
1 -0.747356262627976 -1.20914745545860
-1 0.315503942943621 0.643779682998448
1 0.0611843477162173 -0.400637220747302
-1 0.728777328256908 0.265875297934591
1 0.300975135105278 -0.903753415594106
1 0.926681865713059 0.770709545173037
-1 0.761524710872007 2.68845224293010
1 1.01443156624306 1.15683000306284
