500
5
1 0.861132824205394 1.32690122119583 0.84536663324491 -0.199739154594518 -1.22491870911771
1 0.0990860426894094 -1.05871555874410 1.30200901135454 -2.96526109148572 -0.403614553702345
-1 0.452334624971504 2.27277478817570 0.122829188764437 1.57157056910664 0.176931802253019
-1 1.26232041764046 1.18828815688956 1.45791526368904 0.465810168415403 -0.9615902415108
1 -1.86195575514685 -0.441079716738588 -0.334583274328861 -1.07098306394492 0.762040412695728
1 0.0776138018460878 0.0882714170204553 -1.76892058845208 -0.0105780782181712 0.761582659270942
1 0.22420088402281 0.914517357025684 -1.20103597897828 0.338907033357057 0.279276256964561
1 -0.681104245214993 -0.159243472282561 -0.73902401192446 -1.10172245005375 -0.437573074321315
-1 1.00252629488456 -0.693990389969778 0.717332646733118 2.36926527730521 -0.206020416121067
-1 -0.760248927363163 0.444788178832125 -1.0457400859765 1.27883811182678 1.49148901443730
-1 1.50476118557418 -0.771592319242954 1.59955378246818 1.36423092929313 0.579585171323703
-1 0.153951958274935 0.343222378020687 3.05254496107889 1.50614692594738 0.376778120925177
-1 2.32268355117155 1.02313441655458 3.19197685033054 1.23876703413023 0.6741771444255
1 1.74355277423140 0.0624200100118792 -0.0940030606914728 -0.961393415000097 -2.9495800156514
-1 -1.22264975540699 -0.00940954990099818 1.38882835884828 2.15000125102104 1.14047526384973
-1 0.679892693136241 0.184436000964043 0.340474084543615 1.94594983884411 0.484970029783122
-1 0.113789213886571 1.03765369007938 3.61292820248817 0.135184878932570 0.557666502616721
-1 2.04969959873755 2.51417086181753 1.05806322862440 -0.830182294548981 -0.196343850964897
1 -0.501404438447755 2.6765092634999 0.430056406858474 -1.59841586024673 0.0764576363147707
1 -0.785890679107525 -0.24084813811951 -0.388781335340558 0.821173917870584 -0.74699765863463
1 -0.968241067672154 -1.06055424162978 -0.671900326758255 0.37596422329781 -0.295745823527015
-1 0.561372268325515 -0.523366486683008 -0.439781867670929 0.751853542784074 0.716768840254923
1 0.507189108614826 -0.758701211096755 -1.00276727379666 1.78573966224640 -0.0142331385592826
-1 1.89280525539212 1.79868186136458 0.326064414641036 0.597780769378544 0.693514552603462
-1 -0.326345242056117 0.567268641263305 -1.40923651755869 2.02199878696772 0.926262485221772
-1 -0.162283051707038 -0.7767955594063 2.26135441808242 2.52438439835433 -0.261608440564553
-1 0.587933061629817 0.996601226751007 1.19715078832041 0.599412684408616 -0.997653459427815
1 0.787655907032347 -0.936413917754194 1.13650680521257 -0.47656985850169 1.03765580453303
1 0.682140150551618 1.79682494002016 0.74068798255055 -0.43280455200681 0.086513538052372
-1 1.03778216719918 1.17294296853001 0.469105434949358 -0.615161791785012 0.342829486342590
-1 1.08090504754192 0.269140787438389 0.320942839453383 -0.868478145876187 0.747250210118433
1 -0.726272084586653 1.19517077560199 -0.412342077797186 -0.360754815677882 -2.30428176485742
-1 0.587468281238724 -0.538517725422635 0.947336108082942 -0.786129324051764 1.15846699450840
-1 2.02958702935741 1.66104094071327 0.442175852438487 0.685310950017798 0.291126904935084
-1 1.3663613765133 2.00604320048263 2.63431126750258 2.15711751639359 2.89056321942053
-1 1.35899495383446 1.49432905309848 1.33262668797447 1.16939032326333 2.08761689197088
1 -2.27133777307099 0.4140519493653 -0.37523595219174 0.461810946120846 0.424449474426591
1 0.0388491311032055 1.00145986142460 -1.36126188712118 -1.05296676793821 0.135370257959152
-1 0.106385023861185 -0.657137356459175 1.46635085673436 0.0498851456163958 0.385027689999277
-1 0.765903966557266 2.10113334809110 1.57835771468426 1.09485603130465 1.10213807099421
-1 0.393629364668248 -0.472048431557707 1.20697583715978 1.17676315092752 0.864993355257968
1 0.0456672347108875 -2.86642610187574 -0.608361840080596 0.367220347684932 0.415763213704382
1 1.24053756079714 -0.102716929170554 1.04299959610102 -0.860706341690609 0.523140544483218
1 1.31691269914592 1.25549867695328 -1.36852093746715 -1.02853386695238 -1.77802637266489
-1 -0.341251036557139 0.442209247580556 0.122177733610244 -0.0619450243966972 0.088649386431343
-1 0.587324818881796 3.00799399510277 -0.622135759831373 0.81961140651511 2.36862038954254
-1 1.29497779706191 0.266056791859989 0.897631667713009 1.33340351550501 1.08115823544486
1 -1.20925752747289 -0.731429164546213 -2.18056860544135 0.340712596429349 1.56937033902535
-1 3.28480892230468 1.17613212673825 0.292808330280881 2.64052966199571 1.73505625501304
-1 -0.600779644574412 1.01361561986723 -1.12502663820037 1.17285957632909 2.1248242136869
-1 0.456686981309152 -1.91694802986044 2.51315572768461 -1.37146251890988 1.43260232937260
-1 0.492274612366602 0.343210472415463 2.0164023539372 1.29956575670560 0.447233516767198
-1 1.54683206405487 0.817351266486364 1.93970328946814 -0.505867303448913 1.55380325319769
1 0.566112007133445 0.0466764259698723 0.915693018928618 -0.417135717345392 -0.406494620341787
-1 1.38332826874643 1.98108666469324 2.02461890113560 -0.594001679484047 -0.106797778419874
1 -1.24364656032153 2.22174264216492 0.610516667685851 0.699479950118416 0.612933510309095
1 2.02857678288823 -0.162001184764354 -0.0368873325950631 0.549671812578333 1.87993607296087
1 2.867230383953 0.394271810713899 -0.893433665451626 -0.796758934767902 1.52550928254405
1 -0.450087522870316 0.460639347553958 0.0575531998255782 2.19797106880960 -1.08807414029446
-1 -0.481168574121123 0.6846036247962 1.94956286668932 1.11383070695483 0.652578403246755
-1 0.524340235295163 0.24257007919244 1.02903795568953 1.70467497444777 -0.0144984009869934
-1 -0.351140299076608 2.91929658757199 1.05465234030992 -0.184678647285318 0.293335815230134
1 1.84842083280177 -0.599760223938642 0.143222097574984 0.26722388471531 -0.851653576389591
1 -1.81979853802435 -0.76751905780656 1.17997420076056 0.203528999932526 2.16410031035416
-1 0.646623950501455 0.717776561918341 0.342744830011469 0.9589315765477 -1.23061038638121
1 -1.29582610570580 0.138561355466353 -2.34836242821269 0.614248942978048 -0.407632868587808
1 -1.28199278762883 0.543618199659866 -0.456702441731564 -0.41163146151987 0.401289763362171
1 0.491797477452561 -0.415179026926446 2.34637063016061 -1.18269409088485 2.20963702293969
-1 0.0597569946074197 0.113938648541878 1.34876127855191 0.189692298991435 1.10227263934751
-1 0.65564797606155 0.111120561631831 1.40219575848537 -1.3693637843587 0.580143871776829
1 -1.11695365097759 -0.261948698718896 1.11228607555921 0.96397171814326 0.251668978453174
1 -0.800236480141018 -0.133473040401557 -0.749659497537285 -1.93602134200957 -1.62684928094930
1 -0.289868403563261 1.31553886464959 -0.630212600182903 0.690590258388661 -0.385327887461206
-1 0.2461361672327 0.833978046165266 4.23909272469874 0.83711990157059 1.90426935469853
1 -0.737031803010441 0.356925723629203 -1.62278167025111 1.30176105405343 -0.181620130669232
1 2.05168479186599 1.16691778115019 0.630253072286693 -1.07833212176141 1.54101794013404
-1 -0.258250562595856 2.12550993704684 2.14667586130712 -2.03548449832009 2.22850574859086
-1 1.36579207707481 1.26017719157915 -0.372709552269702 0.426756675049843 2.5273273554327
-1 1.9270671401645 1.46654215859162 0.111837959916591 -1.07399982140328 2.01242703639680
1 0.325046159851746 1.01402208145540 0.321714887146008 1.4461821079768 -0.464789992411579
-1 1.74644730144286 1.41006158380328 0.46486191792703 -1.07486926193511 0.630906360482292
1 -0.539882990597537 0.430178857983145 -0.0482485819103094 0.52641890013542 1.27996020504391
1 0.131660394168284 0.668305143603922 0.339345842692973 -0.405278304278567 0.59977143401213
-1 -1.23659066602366 0.232089701690143 1.03617661788946 1.63675071913343 0.148578812253814
-1 1.55867710297731 1.20445007043051 2.10934182315705 1.51910728266484 1.13061560037716
-1 -0.428505090685859 2.67894744069183 -1.20421534685503 0.251456803871484 1.31709199699504
1 0.662317792454366 0.887022973381513 -0.161878660481963 1.59121736044552 -0.423299623525171
1 -1.38884175163767 0.0142462188916084 -2.12759563095028 1.04499776510632 1.72940803864903
1 -1.38773025516926 0.808465972054836 -1.42270520288334 0.414471456537782 0.214399683166609
1 -1.02346902135173 0.0505745873610037 -0.912233400700568 0.819170483106263 -0.877745208582423
-1 -0.0206680606489074 2.30371901926364 1.23885234247038 0.395780610998779 1.63686187299441
1 0.350783490654120 -1.08821620367450 -0.270981671864804 0.324445130383814 -1.81036688169543
-1 0.895430730405685 1.17912326890011 1.19304817761280 1.51032129839004 -1.02532798345929
1 0.889843404527457 -0.236192450085536 0.164561988674417 0.529987101193804 0.453030416178653
1 0.153080603355584 -0.632204343015305 -0.84015610141473 1.87336854198460 -0.602930080649816
1 1.32163490865828 1.03198695656373 1.05754000861473 0.326460488890604 0.769583342039197
-1 -0.123885788123029 0.395054203605632 0.994976337182044 1.78003940082637 0.673766054773535
-1 0.833299995272095 1.15971924385095 -1.12859860246158 -0.904680458334798 -0.271664137918061
-1 0.946339757980121 0.000672883636974264 -0.00720218436143394 -0.0857238875076751 1.88471183272206
-1 1.55746043649712 2.39363837499926 0.920003775007965 1.89759259528013 1.32202656598293
-1 0.574073242682081 1.49429952040262 2.87439600239378 1.48958797002603 -0.783491486442573
1 -0.755081705846845 -0.219910651653741 -2.38734572958617 1.70474068253173 -0.546655474090336
-1 0.379387739254186 0.0778561713309509 0.634189101892654 0.758559576714676 -0.319711661336904
1 -0.112927069001002 -1.06190095264981 -0.585430400005935 -1.65825070268445 -1.33909885622640
1 0.334319683232519 0.991249513785136 -0.674783362015162 0.407601684506642 -0.96849789398321
1 0.040972743805862 -0.490867763488935 0.225903898578966 -1.30099284150103 -0.261070571135767
1 0.68089045102959 0.132887707462842 -0.104680839330701 -0.759946637547474 0.427922929953943
1 0.184361016589610 -0.195497457418292 -0.336549339703028 -0.507583984899994 -0.0193503467170839
1 -0.607731931182782 0.150415104471965 -1.03133000883564 -0.202209371751436 -0.853992631287393
-1 2.15815927754896 1.88711926798050 -0.501675917103893 1.29330447116929 -0.0575971994395847
1 -0.115627185670188 -1.73655780853256 -0.156994083727022 -2.09856200186434 -0.277809447191546
1 -0.0904838247656383 -3.55579187828413 -1.56401553622426 0.60051315015828 -1.53019061609634
1 1.10158681906776 -0.138130208350097 -0.0177442260096117 -0.507873150604011 0.272528470296213
-1 2.01920216258549 1.25440192967451 0.89349863743683 1.13732723438247 0.735917770265957
-1 -1.41428479509310 1.32865602469398 0.658295527710556 1.23317803061665 -0.45873082974788
1 -0.575944520362047 0.098700939806116 0.298133087407210 -0.232332842759556 0.854902631636269
-1 -0.608717333099388 -0.0147935837094356 1.05406910442513 0.457534998395986 -0.250705883009820
-1 1.45008299157764 3.03274241451879 0.117688842475651 -0.552762556193435 1.23517505196749
1 1.62116901463045 -0.187501384677186 -0.0513118883877256 -1.50603559327847 1.17137705447387
-1 -0.136570160474562 -0.183713905923998 1.44582900681573 -0.645747425033001 -0.40903076725551
1 -0.284756011006886 -0.745450626604898 1.06474594013787 0.578553781187344 1.69206139533973
1 -0.929027304567922 1.53861103724609 -0.273711736144905 -1.68796531816590 1.12183863028435
1 -0.677607287964517 1.56325029511641 -2.48093757874577 -1.14054735297556 0.643038719938521
1 1.14295664871663 2.53504518979301 1.19829530520877 -1.00214779728546 -0.0952536118132193
-1 0.262201158447321 2.14656747463501 1.53382147299341 0.238644366247806 1.09720762820304
-1 1.88087094651125 1.01313850738812 1.76063770137416 0.730658625117388 2.65311049820016
1 2.70457759050106 -2.37364284877716 -0.0742909552841792 -1.78439730072801 0.171425953119822
1 0.961381141192562 -0.698564205959157 -0.273808414983274 0.805904337455803 1.02449402790047
1 -0.378149376051587 -0.0710680643612372 -0.459203403268528 0.884268449570354 -0.761926506135507
1 -0.170275938228031 -1.71015730839423 -0.217489500037661 -0.683718539055646 0.427383145522251
-1 2.31619623190487 0.726783961111501 1.7364850015253 1.51018265509095 0.716677593638225
-1 -0.303009373837804 1.88885188440781 1.57838648086618 2.07233689950501 0.323398481362883
1 0.531279824162637 -1.08030255366963 -0.964697703369753 -0.643295231074795 -0.0173085369793901
1 0.0837156642830019 0.293639780522248 -0.903967951247284 0.347373927710988 0.613449940774808
1 -0.30574832991298 0.472117794539744 -0.0535949959499977 1.56542376169357 -0.262167053098754
1 0.467367182195608 -0.924418756515069 -2.09425741329103 0.275133896676697 0.180365283926844
1 0.281480168728182 -1.21146390448225 1.53826110620924 -1.45909826533868 -0.699990109326331
-1 0.548499273187207 1.44028370201972 0.718524541270643 2.95669972586812 1.84966938571825
1 -1.29039711141707 0.688131585042993 -0.895747287189282 -0.0987075056141314 0.210312257371529
1 0.664504876572425 -0.419426046405335 -1.05228485011387 0.307866520465308 1.08145995962529
1 0.392800646597685 -1.30036314185559 0.156538989733413 0.427154268930481 0.111574530483428
-1 1.70153613449834 1.61126729561924 0.390664260207347 1.42228885435234 0.881938967925021
-1 2.33325123622763 2.59473726090845 2.33045962757737 0.810831871597958 0.445386129413290
-1 -0.31088109726654 -0.361799887722202 1.02940259999343 -1.47647463849538 0.777821630354851
1 -0.651947432865016 1.37972342401239 -2.49565676356943 -1.00806345696680 0.805513557409169
-1 0.760623281273173 -0.257208937590351 0.107954715500591 -0.113799386147579 2.02148057414831
-1 1.95998844072594 1.61370673699314 0.87521911158105 -0.190413649314987 0.55379593012172
-1 0.431179255950351 1.75053799224965 1.68879344970161 1.00315699593425 -0.595418877947533
1 -0.592932720115563 0.677623691010845 -1.59322510795099 -1.39562370077305 -0.964939022293412
-1 1.62940477662709 1.93644141387064 1.46365530978543 0.727773860643262 -0.301651966596689
-1 0.165936544254291 1.29790113315323 0.0261109802848956 0.148763167875079 1.13330508875673
-1 0.899270181695639 1.31374915218019 1.01981731249596 -0.421562070090921 1.66199793734780
1 0.125178018884406 -0.0839723338847705 -1.28824842846778 -0.262532145448254 -0.207132514610372
-1 0.399522552574523 2.40207112882179 0.77279686675151 0.532631114716547 3.19028199670576
1 0.0327283339870102 0.77598293436244 -0.366976660940637 -0.8673369772941 0.365309024541265
-1 2.31069434868870 1.39825679323508 1.61443620472624 0.822914154442198 0.539904455582396
-1 0.249246086037828 0.715432032645011 0.901070383968393 1.40890651122172 2.21448181543335
-1 0.258210254433968 1.11867272378898 2.69026193817090 1.57386230338411 -0.34023124107317
1 0.144541200132176 0.501295372943525 0.390511517247428 -0.80439221717113 0.26323685170863
1 0.9882346249227 0.0754497707697365 1.90807875990243 0.265668918192155 1.07193704177316
-1 2.06305854316533 0.435529875995052 1.91346215373279 1.78077006534049 0.637314199106762
-1 2.73409472366683 2.29558127686763 0.849957404536569 0.595122142424158 -0.6446645471459
1 1.20045747177747 2.59653024255203 -1.56664670193200 -0.0342486717743934 1.74006749938198
-1 1.21869170937128 2.05530084843006 0.863039265260501 0.67040393650097 -1.99676559914744
1 0.201048290072754 -0.372357162667545 -0.161692882301191 0.841946078612548 -1.30160093437947
-1 0.186304866044934 0.306401409963002 0.488476214428518 -0.381180015451204 1.37711712962508
-1 -0.637736966540389 0.474675287421292 0.682661276530074 1.56449176240999 0.71300500581923
1 -1.20116449894203 1.03676583434545 0.310611747575426 1.79626164880808 0.521041163769558
-1 0.99110100564776 -0.45894835437099 2.05236991684266 2.42090846009466 2.15600944016946
1 0.901268772464644 -1.60612261070096 0.382591538672028 0.594979620266249 -1.18404141316223
1 -0.321917192478874 0.634736383599382 1.22229135219043 0.82695468982764 -1.36742945745941
-1 -0.103698340827286 0.747217336889962 2.76484942449487 1.46559750187004 1.21543969986603
-1 1.74430931242001 3.53565272269817 0.785172295127523 0.591891871033942 0.419689637057743
1 1.17434992118514 0.922838725711934 -0.948339864380117 -0.279017071376496 -0.355125776780626
1 1.07328854601930 -0.120204044881369 1.91478198008461 -1.61946647452423 -0.345010369335154
1 -0.165994200660248 -0.848284866822375 -1.74065842716669 0.346554692938787 -0.566399563230141
1 -0.052446088214831 1.23064897485180 -0.233257340134012 0.126004891420894 0.559653724209133
-1 0.274067096341613 -0.881759220893413 1.58878123679895 3.11666373810026 0.626152168226493
-1 -0.530604434976093 -0.868742099646417 -0.9568301284225 2.44651041221877 1.36908432024320
1 -0.805821154559034 1.97385456863398 -0.611546133898485 -0.822235049306375 0.105444685631940
-1 2.10673486983391 0.544168114895591 0.961194327976506 1.85729345560459 -0.231400561122974
-1 2.2403461275713 1.92559244599012 1.54929411873522 -0.160817114254005 1.28085770178523
1 0.338937004034573 2.76321073406294 -1.97309022790727 -0.122199701893431 0.167887192058064
1 -0.54004801732134 0.288202621551932 0.891863298612938 -1.13034403885031 -1.14716686633261
-1 1.72526440377638 0.356551672073687 2.29952324057983 1.12594077955472 2.07052278695084
-1 0.94025397091484 1.0293923147754 1.65850104895351 2.17719301055766 0.68384041560962
-1 3.08774633639790 0.424872619593665 -0.269911513967294 2.23759644347768 1.21144490185879
1 -1.40602247123012 0.0129018203389246 -0.0972573769598832 0.0977614954993327 0.72302873219168
-1 0.97740487702244 0.960579226570071 2.18431682956086 1.27645323196409 0.827579322596106
1 1.6576080338828 -0.403384845630784 0.659167181814442 -0.849446595210824 -0.428448031562947
1 0.171887684522413 0.512484780381524 0.79337415972894 -1.84758889410694 0.0867474407752988
-1 -0.158678893643072 1.87824728660541 0.387322989176197 0.481002047653799 2.66210245075343
-1 1.05097875827144 1.21992510934543 1.55816786855887 1.74131562001030 -0.104103104999441
-1 0.252117942972464 -0.850555807523151 0.743439344511975 0.135378966387528 1.22474000700886
-1 -1.95883486592412 0.818026283538004 0.27212545757197 -0.105712333995448 -0.557593749561611
-1 -0.104966923301444 0.628576087977426 0.967772999482297 -0.69788923825238 0.324169576291374
1 -1.87881408009395 -0.0511014571647162 1.53647424701963 0.883818743130002 0.261332571164026
1 0.70885494758716 -0.562196007605051 -0.762534259338711 -0.000216048710541309 -0.194984426472028
1 -0.0131121581216887 0.541519901704294 0.956609388247644 0.613738022141576 0.271943797867651
-1 0.507739350063217 0.122585663610621 0.749008547402537 1.82349123636124 -1.02330746570595
-1 -0.146928929223262 0.363798865266529 -0.157775672095242 0.571335514878092 1.46111947221692
-1 1.81373703923884 0.588606787816761 1.23030956873753 0.199059479988345 -0.841495846699602
1 0.039281243864969 -0.421003251903767 -0.165430137000264 0.87075043328105 -0.954478876595355
-1 -0.656707955374906 1.98543666178335 -0.103198936561051 0.472057582997922 1.05506366555997
1 0.944467711739615 0.17286386448211 -1.43978992978126 -2.31212879053842 -1.23103832262487
-1 -0.663041779317665 -0.222675096103913 1.53712982280753 1.24040040310851 0.142668089754667
-1 1.03518511783343 1.71484926359943 1.71907833349045 -0.72199526367564 0.393152158508622
-1 0.474321562847584 3.00354667179405 1.44644742021923 0.657820543067487 0.619107874246497
1 0.263508904854634 -1.11465051122965 -1.60398008676110 0.468573071832994 -1.80841040429299
-1 -0.367282289759820 1.91904838994028 0.445734012897781 2.10223936298698 0.776383991404332
1 -0.393683123305425 -0.231145852803253 2.97419712875716 0.129132435087908 0.643794512293116
-1 -0.726008495012721 0.7911582029179 2.29506940618650 -0.287166015027283 0.485218020703718
-1 -0.163307686331095 1.50965859955491 -0.389216982659366 1.74439188846285 0.986137593633434
1 0.413330017198075 -0.521775787872442 -0.303882245386011 0.527425091442542 -0.379309478524569
1 -0.209001968272874 0.505683634505737 0.747837387100566 0.800308881408516 1.69948879180833
-1 1.08152696859902 -1.41667095345341 0.711386144496726 0.297965174315546 1.32700452803898
-1 0.951964563033644 2.86868622252439 2.37386098218479 2.74025489354551 1.39749212915324
1 0.295289699670777 0.263017560267628 0.856798433512142 -0.012343611559876 -0.725408018453754
1 -0.894446060919302 -0.100542834859674 -0.267584792904073 0.945659618931022 -0.0227791616256145
-1 -0.546716465915634 2.0523828851651 0.65544336331273 -0.423828834582825 0.835508316003482
-1 2.21426036780846 1.30817880913802 1.83010438050170 0.809232334563223 -0.474228852974211
-1 -0.331865769140078 1.72728697339414 -0.174046366456623 -1.69970470565761 3.14468063253551
-1 1.54601332389446 -0.770647386913717 0.545261787176885 1.63098222270581 2.24126270198826
1 -0.439086651996656 -0.869483674159177 0.452991056729155 -1.19854400534598 -1.92926441826923
-1 0.760328709238778 -0.186595755739493 1.22395842237932 0.261117379166615 1.61089409641312
1 -1.74888590073087 0.520241108336898 -0.542394703276467 -0.428211081650330 0.0316779009406142
1 -1.04328562303764 -0.618444720573627 0.777786200550703 0.137640157652604 -0.355997789574818
1 0.479057232074513 1.45975854628956 0.420202113252611 -0.907243591578987 1.74771902961170
-1 2.75737103583421 1.50495886416735 1.23157883245798 1.12367660603741 2.05193437878087
1 -1.15811981980190 0.689793974093175 1.35545897764265 -0.805357250754097 -1.03635318394182
1 -0.207006856457261 -0.962833978461593 -1.09873947126823 -0.0607685083690248 -0.633235640347236
-1 -0.26056169419938 2.94300024396835 -0.0597002233665013 1.41690669144464 0.384216788395517
1 0.281816986911968 0.919064035200865 -0.736523196724101 -0.683458475728377 0.658673701724772
1 -1.48381390112061 0.131143977496915 -0.775178257718939 -0.724844847538633 0.745254301143863
1 -0.191499534063748 -0.612623182375438 -0.451755502568294 -2.49065546205772 -0.0165124652226294
1 1.11171303666186 -0.0302059065189066 0.546494902202993 -1.19057683545666 -0.677391908984537
-1 0.530022446211565 -1.68701936685128 0.905826593481594 0.037803067364604 0.0978941373494836
1 -0.795696228711939 -2.49424352371185 -0.425007024281068 0.349661976209225 -1.30247811845722
1 0.735583749818315 0.309810926342094 -0.136782535188733 -0.505981742745191 0.158007039424704
1 -0.249044118795806 -0.81221631601973 1.41254700303533 0.427713425646585 0.0539706166813624
-1 -0.498901012861192 -1.61256634798948 1.43474288711417 0.954512457551689 0.588902555036937
-1 1.97170612696097 1.16502607628785 -1.7573558387536 0.726260154141596 1.02311788337497
-1 0.242225413548384 0.516507096472865 -0.703474689711565 -0.356008408774869 1.71749161755007
-1 -0.197671583479799 3.25973937127803 -1.16425965173575 1.1087215764362 0.272554959886896
-1 2.25022814780501 -0.401147986332507 0.708235993833849 -0.551096265217089 -0.318506099767404
1 0.192717044795201 1.15844615427174 0.0691705146962263 0.158200755743946 -0.773825706091278
-1 0.451877610739484 -0.201517530472115 -1.27020268462758 3.14596747758423 0.456397535413057
-1 1.36936197335343 -0.156249223681966 -0.0789440904836815 1.82875256586871 -0.376378474362226
-1 0.555805338435531 0.921885479697103 1.17549084362353 -0.962889148884415 1.15001237374704
1 -0.582417548759099 -1.55495966284382 -1.16591581232003 0.0939615773692093 3.30089722495155
1 0.164709849292006 0.413151548716485 0.99789296182728 -0.090396500501147 1.42018942235156
1 1.66200472495334 1.24042388445157 -3.16362668703760 1.00414676710111 -0.861248202892321
1 -0.160796591078599 0.363600773758920 0.876590371974173 -1.49895938784329 -1.04329822206608
1 -0.585274693428951 -1.04210374120826 -1.21161950529632 -0.323182768737715 0.288710982013658
1 -0.360173208209673 -0.576076244169478 -0.227527802885711 -1.50013842062990 0.47218490959904
1 -1.77160271847218 -1.18838813233697 -1.09279793678785 0.792037119373946 -0.952327336041775
1 0.0930870947182534 -0.668950737495155 -0.972418862310743 -1.72582847264689 0.31102320664148
1 -0.760618080217749 0.578013298950437 0.771295929907621 0.484059583444292 0.572147141624276
-1 1.86146096854437 2.40502553398512 1.38754593525182 -1.40758760358076 -0.429453181298445
-1 1.00983242061315 0.140355046670533 0.821646894504293 0.937186505068591 2.22880751180238
1 1.40065344801951 0.422513197689261 -0.984612770181202 -0.60146465354673 -1.55217007435076
-1 0.736763278984964 -1.18232594188215 1.06041138073962 0.982369326442283 2.37692374651341
1 -1.13473289299905 -0.167705819170120 -0.396243575450019 0.0247100900924605 0.0295518416455685
-1 -1.01865903023007 -0.113050790223637 0.851269644252411 0.0957001020130478 -1.18599152699632
-1 0.969522498539728 2.29602726638838 0.404526543916144 1.38277547898846 0.884556351817628
1 0.571612988349484 1.35720789022651 1.71060355078248 1.57853066663332 -0.0347681533266772
-1 -0.276197470750696 -0.37277476854342 -0.439646881613056 1.62512832895655 2.10240867461762
-1 -1.40540566026439 0.319184859225165 2.10971033321298 0.391340193154727 -1.47208223947336
1 -0.0856994756291717 0.598932546516977 0.521792307655573 0.236226497624381 -0.614222423290735
1 0.232422845190247 -0.621458527710493 0.988678995275003 0.00670080667058857 0.523906254305218
-1 2.08667297981827 0.619710188288041 0.0431146679924063 0.235939729542108 0.170291957389842
-1 0.632655190846899 0.203821183170258 -0.618183925404196 1.1929430763541 0.234017755952186
-1 0.800182208030714 0.821651293356421 0.709774551978361 0.336596496173038 1.29431973970497
1 -0.899853989960557 -0.4333521066343 -1.11213507947179 0.813806775492216 -0.299548223223071
1 -0.126790402740959 1.77258929879169 -0.497813389606037 -0.800181565919462 0.175156698758863
1 0.117036755017495 0.828677283144001 1.96993912277225 -0.273080726610908 0.216737125269563
1 -1.31032161369203 0.61454725009967 -3.27231653437984 3.05080176932212 0.644438625913699
1 -0.618215951842765 -0.0550579794101129 1.48961711006856 0.523346560353535 -0.545313062595415
-1 1.24559135680156 1.34574568222155 0.594094100560492 1.44167302929715 1.68991580068952
1 2.15963225592658 0.000364644819400347 0.592692603244273 0.729975909835147 0.312261261981364
1 1.67076485588863 -0.855263583848817 -0.415011613861277 0.334463264263673 1.10337751765904
1 0.48669137513667 0.585230202496797 0.237120951419463 0.418269825585822 0.840137438779276
1 -0.418519704678441 1.05362304950746 0.550297190327233 -0.503331578299210 0.163020396044353
-1 1.82148544995872 1.22757506443213 1.21204819680178 1.58602903419259 2.14115760183906
1 -1.25657063606924 -0.475873112475907 -0.171510100322502 -0.0573752384067395 -0.57556684414407
-1 -1.3624393196755 1.84009493887922 0.310409423852211 0.262340115696933 0.267290441705848
-1 -0.398910867261571 -0.0280158264925281 2.05006346282231 0.346038204983141 0.660067697651781
-1 1.56907547235370 1.03210141353428 -1.49428313512430 0.626004042845563 1.65679859161097
-1 1.27660709993856 0.118764130237693 0.236687390820744 0.813507891253527 1.04429990162751
-1 1.27026514871297 2.18693352249908 1.07480652323485 1.80125592641257 0.235627949418095
1 -0.590240250129496 -1.11270334085362 -0.123275252808896 -0.47225454592842 0.89929457833031
1 0.669032373591045 -0.218318793221465 0.888336708137752 1.21221061001152 0.918224570825488
-1 1.28619780758922 1.08232918637591 -0.828288314772839 0.781426934945224 1.25770747340306
1 -1.27937238926756 0.482205665984902 -1.75714244978947 0.472771007428155 0.989021413495713
-1 1.15342777112631 1.28531329811467 0.103130547598171 1.21339888561165 1.34534754070355
1 0.134320498416640 1.82687177194528 -0.0592169063280647 0.759438571838966 0.861535546892144
-1 0.419077354092449 0.392933657003981 0.768294607579407 0.907988763975364 0.460735435622733
-1 0.596027782734696 1.01134718532154 0.377783663849092 -0.38416478905103 3.53000228876288
1 0.784922864322652 -0.692679392149152 -1.43254522539501 -0.172289383358872 -1.55481925568004
-1 -1.03863198585468 -0.670591108283266 -0.124891769309015 0.609547835152766 0.174889295090333
-1 0.429979168597723 1.65642983226827 0.849042584819657 0.88135960148752 1.18423785966891
-1 1.44557205859777 1.62393200202222 0.155667086393 -0.676330617557982 1.83824290919936
-1 2.15667272681656 0.715984654810055 3.08285684546596 0.193600239659412 0.271337146398246
1 1.57397227420638 0.40489721169537 -1.40639962227584 -0.236464784090254 -0.99937971994472
1 -1.0578492807544 0.883171054207073 3.44764134917302 -1.15412905561596 -1.10133798200313
-1 1.16448950363531 0.5780384667076 0.786279138778304 0.80564612939157 1.80081044569240
1 -0.553051245863091 -2.59031502701664 -2.12452348047929 1.25158294178756 -0.178924023725654
1 0.234143477464861 0.615550923220793 0.777252494167077 -1.08334956577107 -0.0574597122565993
1 0.209389426025077 0.0467514841449734 -0.462516669946319 0.519827361236001 2.05889945014595
-1 2.77028614190978 0.886242772524031 0.95228968269122 -0.354838846817029 0.873921563863481
1 -0.897842971425512 1.21531218211814 0.0900479809967165 -0.46035100147987 0.604296726608127
-1 -0.350690352137263 1.06467241473880 2.17321132658277 1.20949162406044 -0.0494630585016979
1 -0.802700594486629 -0.466138229748940 0.68015668677566 0.388095786113764 1.81769214606787
-1 0.895535284153833 0.702558156900492 1.12851029414801 0.354569683163525 1.27830594712637
1 -0.847282472709426 0.657892065572045 0.0434185987132299 0.921924207484831 1.65643345675676
-1 0.689579072535926 1.40949227639292 -0.152795591455212 1.71006286487334 2.27815311747848
1 -0.196940630824865 -0.891267799204759 -0.418510937374987 -0.67872653274788 -0.493546605150181
1 0.41105805487374 -0.822250644581507 1.16959613089067 0.194996035579679 1.23561050579516
1 0.476666656685090 0.350809887642362 -0.178198080993698 -0.550210101127376 -0.136179372833794
-1 0.244576230018115 1.05340210089323 1.99633751066603 0.680792963308118 -0.683081582202121
-1 0.580800683149659 1.40850505871822 1.33233617471871 1.55948710082828 1.11798276349363
1 0.256026310213241 -0.135270348977900 1.04111180286825 1.58499220965078 0.206525562143382
1 -0.0349200610776427 -0.913751105764978 -2.35449063252955 -0.0773896852175513 1.04521609926645
-1 1.17418558029863 -0.104933882068178 0.111893339543406 1.38764969535097 -0.0705696201278522
-1 -0.596151557215465 0.656779279555905 0.909174417990647 -0.0628892046818283 3.02794578559907
-1 1.38612073224838 0.348245950896303 2.50485152977663 0.295996547122314 -1.12635980487116
-1 -1.32638964095345 0.503645977686145 -0.932835461266073 0.814012898997818 1.35188028975034
1 -0.163678287429437 0.697915198770446 -0.86810246587879 -0.9312360533208 0.041327804916087
-1 0.988836267822576 -1.00688529272954 0.992107429640577 0.357722283131724 -0.435912961737616
-1 0.573403924092208 2.75282876815167 1.90408536113797 2.09422567555996 0.804419781800228
-1 -0.71847659604745 -0.475844511998284 0.658546291146502 1.01955503432997 1.11057757398020
1 0.40110315853363 -0.758324261906254 -0.00424476193356788 1.32811997361523 0.334031874494721
1 0.687455622239663 0.0115357427461164 -1.51723212907963 -1.13369239202206 -0.391367057435327
-1 0.886501909675016 0.911565980569584 -0.308287348153706 2.08558022558954 0.129344730437641
-1 0.67190763077291 1.13722319641890 1.06042181542181 1.18821304751754 -0.623429743087026
1 0.908534716240364 -0.550916697366246 -0.130917978042526 -0.71321797987413 1.76087006987659
1 0.261700567789742 0.756342363168462 0.265879356149572 -1.25961597798367 1.00193412834603
1 0.594623516387353 0.194357949348385 -0.951363679937316 -1.05312102342481 -0.0916060459847828
1 -0.299143670087556 1.30541921995693 0.65620382877173 1.63401235944469 -0.0481474482226858
-1 0.854248655567658 0.554049609663706 0.378578875664274 0.302628006421071 0.982343890298777
1 0.280095561661214 2.36527675827711 2.04496666947699 0.985742620049491 -0.0299466749676146
1 2.46504703901224 0.245472947640554 -0.338836534085183 0.57118382159935 0.37288964050082
-1 1.13723476373307 -0.728129306814469 1.56250710720579 0.487512653417476 1.93429779951269
-1 -0.519949946090822 1.23195844945562 -0.926297070979091 -0.0458516573708786 0.515419899649102
-1 0.607952756590155 0.0281543369104998 1.54261901645475 1.06442974102148 1.27027305259711
-1 -0.810214319958831 -0.0104303557576907 0.563533816647158 1.66694838667487 1.66709970885148
1 0.120013821771606 0.873749948689742 -1.64098246695480 -0.0382388675208131 -0.417561237748663
-1 0.040476790129754 1.06121932522042 0.0198782876883582 1.68341671614093 2.61852921724225
1 -0.790265612927453 -1.23415254728572 0.983687582624696 0.246819995386282 -0.463185832868449
-1 0.632162579518993 0.511553703905035 -1.07181520008848 1.24773888366821 0.113917216820225
1 1.24924020571574 1.42944755410025 -0.144597462687802 0.495847867580899 -0.453507271821226
1 -0.293561791679859 1.02794753119992 1.16107411259795 -1.20808148613892 0.550323502410775
-1 1.958390074525 0.368330445440665 1.46212631901790 -0.653345726931418 0.801114666504813
-1 0.55856072126307 1.55954643167691 0.523242302987415 1.47658684589614 0.139562622388544
1 1.11784061848549 -0.124420050673316 0.497428194421309 -2.10397793249679 -0.632013227237877
-1 1.12216078329919 1.83681268766450 0.7282065797304 -0.0058706759536673 -0.577066393486651
1 0.814393571300269 0.129564982781217 -0.80340339746822 -1.52856909458153 0.0118272737371871
-1 1.37759677822920 0.852528295931933 0.343038049709399 -0.515134068616755 0.711262122417502
1 -0.733520965770046 -1.73719729322555 0.0360945257993621 -0.783920580126088 0.594912159301359
1 -0.189072008819670 0.314163793907292 -1.06780517343818 0.593088554014577 0.57532686122153
-1 2.08464713805349 0.882625660320506 3.55561555297502 -0.523550677895981 0.222716563079977
1 0.895850838000067 -0.583462377112413 0.47958906110585 -1.17311735869639 -1.05827655766916
-1 1.20907468340603 1.94790799748312 0.355629797446084 1.53968081428905 1.11096936670958
1 0.0622029648255581 0.206318496160596 -0.70804359372675 1.91317464421321 0.316045337434686
-1 0.690054097943274 1.54996399700554 1.69281980921049 -0.356899022538403 1.55159628085578
-1 1.91942144656645 0.0818406472514854 -0.463737913585544 1.38244529880932 2.16251593084001
-1 0.0695471703105774 -0.589507934600764 2.11570226965656 0.45140900595135 1.28143596531871
1 -0.192443769079397 1.22854575951835 0.547303437257918 0.246608678715019 -1.21541404317873
-1 1.34717886597793 1.00366186969818 -0.0720815580178442 0.235300482610302 1.13235762696871
1 -0.72569981300271 -0.976508453891288 -0.315161257340597 -0.269837611408602 0.454442526232973
-1 -0.0560146140588733 0.364443454597367 1.24364677640501 1.13777485619822 0.00430506284254251
1 -0.0922051878224057 -0.36604630950994 1.15945099641786 1.16335420705665 -0.155264407086672
-1 -0.103938793955219 0.879463270343813 0.163709519572762 1.33442887151615 0.358017323318028
1 1.16969435791039 0.334811882305968 -0.0830505676764125 -1.58997187689007 0.954224435495418
-1 1.19304384852951 1.75828782379679 1.73564695423538 -0.0857843615728108 2.37198662408246
-1 1.20631681917894 -0.959512913960527 0.505157450379379 1.98657462516751 1.07259907493690
-1 0.864602998056788 0.620399987537667 0.23028674979648 0.37924487279398 0.746038463654626
-1 0.373883910725272 -0.0604247178294833 1.79769780353023 2.52691502926706 -0.528399232446934
-1 1.43800765375576 1.14366404513827 1.41465083857417 -0.715568547497106 1.21776223676871
-1 2.32037459049011 0.611360873248264 1.53537760204638 0.326237273670537 0.0132517457284710
-1 -0.270550249674054 1.31260261324238 0.580597118795 -0.165701106225902 0.725353477561497
1 1.62708279278259 -0.509059135949611 -0.078315858967303 0.471092645162458 -0.687912267408571
-1 0.586899525236369 0.503303721171954 0.324822239412214 -0.456020389451464 -0.0508450063228842
1 -0.28216165898334 0.603506264765582 -0.220939983329964 1.92437986154197 -0.931863630312489
1 -0.269482955425588 1.43767788128072 1.01097038642379 0.305141112138884 -0.915233778408553
-1 -0.214774064332209 0.442677179819101 0.40226299135867 1.10459924491297 -0.0329785390337585
1 0.321220814712928 -0.8110053852573 1.19225385897682 0.987971780937982 0.281153091227777
1 3.11689178607114 -0.260538975020458 -0.820497707330345 1.82362429907306 -0.761879168941081
-1 0.373110143909623 1.98102117503887 -1.50750255916436 -0.530563388613686 0.412490035153948
-1 -0.407102510579401 0.546664146607406 -0.639329021491015 0.799498703181127 3.46220794271606
-1 0.62675039114005 1.73978039613819 1.16139588446864 -0.228898519290604 0.523211990304147
-1 0.346371221153287 0.262061599753376 2.10026757411184 0.135894049472932 1.04781619881203
-1 1.89081180209130 1.7260061535158 1.40420278214568 1.04272147385525 0.778948077398012
-1 1.06116422834027 0.165277279594171 -1.12763716076941 1.14703706115621 0.271187564340663
-1 0.680951108683646 1.28848425025227 -0.421660914737447 2.50493812817689 0.0937378838581988
1 0.351661079819499 -2.21744927109183 -0.931865184524415 0.230662286903751 -0.33403586725089
1 0.699653670370515 1.04842025408459 1.21764606366574 0.201632169785588 0.730333581097434
-1 0.268367823540463 1.87721568840138 2.9904598964239 1.12680783392278 2.60580722483691
-1 3.04585290614126 0.4262327874194 -1.23696964369718 0.833505902504105 0.753700495139688
-1 -0.244428001526606 -0.409401643150741 1.67553478437045 1.40823669146965 1.71906078114789
-1 1.26671948393086 -0.588504557434946 1.72552471017958 1.90603433324668 0.213497273613941
1 -2.13255210489697 0.637047234608668 -0.4893989555736 0.0550290382601553 0.0195232416456087
-1 0.367966159548431 1.34733970738359 1.97671743363330 2.40330250920650 0.76248966757214
-1 1.53358127473479 0.747417947883049 0.257309830567757 -0.484500745242784 1.9453152810842
1 -0.27060392885797 -0.431036639261174 -0.271108413068400 -0.823187630764026 0.499952573517237
1 -2.30614225510313 0.143657675434496 -0.602790621155486 -1.95537170014005 0.542348496268826
1 0.314653512005417 1.36089383566318 -0.229961026302948 -0.118305219743237 -0.789218693137528
-1 -0.107606169398397 1.86633765054314 0.612048789683016 0.323828437543625 1.94139138783456
1 -0.629396203040965 -1.30697986208833 1.40391575432159 -0.287091252307944 0.401065031936847
1 1.77127636371204 1.28672567248521 0.715538704631433 -1.35258747214758 -0.565024840363238
-1 0.403470890618653 1.92369021391250 2.07137061313299 0.570291679884304 0.545766017810784
-1 -0.031193987456102 1.52730804537571 2.14593775164328 -0.0310795821444843 2.76590197337765
1 -2.80977698957619 -0.138744891044423 0.838427649718575 0.540255832682626 0.910038263498603
1 -0.293707494328154 0.689095022130254 -0.697289222282629 -0.0183303059779064 0.941911980092008
-1 0.317476771353652 1.10500873099736 -1.64110263799823 1.32051261900109 0.521490953106981
-1 1.9014233831864 -0.0689319294667112 1.60931395884450 1.41947475167077 -0.654104805291738
-1 -0.0877288946910465 0.883038082487046 2.11498185681726 1.37314412852876 1.77241717186325
1 -0.210498047393935 -0.0582195728216307 2.20256833789219 -0.00277752469963091 0.238040703381409
1 0.246198034968495 -1.92925635001980 -0.0679959874958976 0.692500341809152 1.66978801124290
1 -0.974654137421182 0.272007480197201 0.304069795697040 1.15349274915562 0.573458498633122
-1 3.27002883808604 1.53925185470752 1.85312773453182 0.185333446090345 1.85759786146812
1 0.330818263491454 0.660007805791091 1.13500107891177 -1.93630937292594 -1.05987608962240
-1 -0.464047855983743 -0.0782885236219006 -0.310687108031564 1.59602816307744 1.21210303682280
-1 0.888119723067805 -0.00257329316677557 0.484579063256696 2.45102122093696 0.592115185747712
1 -0.718389097407995 -0.86693518862928 1.24190473417629 -0.549197197070487 -2.31349959318933
1 -1.10493999816631 0.239835475377303 -2.76127440008469 -0.337934751805185 -1.04667984711749
1 0.00903781225697057 0.0904550345044884 -0.051374864114781 0.199610572828503 0.330733610204286
1 1.01384302292616 -0.564193036146185 0.545094940220469 0.357619818118244 -0.0526840095504388
-1 0.571155100296028 2.20143666657244 1.90373217749989 0.670620445117645 1.21986007657708
-1 0.474806726120823 -0.182917469496056 -0.100258278379075 0.548499819891301 -0.724472697086042
-1 0.553009558827645 1.11029982906441 1.49459347309142 -0.00736971453544377 1.38234723692364
-1 0.926923909013853 0.596501862610658 2.75635230852804 0.433184046903717 -0.00173489980244423
1 -0.420141811550066 0.382347521717925 0.273510761991186 0.231056071287643 -1.73844989086480
-1 0.690384003416347 0.435362079078616 2.10912824464024 0.0723023592904929 1.49365535743781
-1 -2.21214854661459 1.81649541108033 1.78002019358137 1.97287682609533 0.964095000199536
-1 -0.30713093899716 1.22815731107431 0.0603848378951634 -1.55998661288248 1.10890484290683
1 -1.81528589519323 -0.39744777158683 0.787515717594028 -0.145583997976594 0.417559599215214
1 0.203756453118081 -0.152958832043522 -1.12179821055117 -0.162491804880769 -0.124799563623997
1 0.0311344928491448 -0.248297288056416 0.326240777315733 0.607563120087782 0.258155546208658
-1 0.4286817561439 1.00125972656946 -0.131209615754631 0.517295602690312 2.44076450596593
1 -1.75006401608988 0.878571271989412 -1.93806410178732 0.217005059844258 0.101504783677425
-1 -0.0589659611347753 1.45328542243574 1.88631774190455 1.88485049441381 1.78690785572350
1 -1.72292547426856 -1.15588542951293 -1.5216716518355 -1.39449863746585 0.902365273230655
1 0.331031365741251 -0.81242112603835 -1.14291680118060 -1.41082756460502 -1.87957299558599
1 -0.361528436518020 0.619772073839163 -0.450379319659864 -1.08301940264226 -1.01969689937687
-1 -0.0525363043787415 0.472001142498807 1.79992535384438 -0.557973259661834 1.14119111842175
1 0.219114141057994 -1.20947146996060 -0.701684241541848 1.01690985559376 -1.98824767779533
-1 1.09607059759125 2.04402015803049 0.81854392757406 2.44754395036311 0.7204829756737
1 -0.809599095734068 -0.511640073853327 0.447913812600304 0.480591573390498 0.8763067631116
-1 2.09933826211201 1.45356618330629 1.14537815888763 -1.33425639668450 -0.106956476380258
1 4.52371404615191 4.54023433650686 4.48698329074379 4.46468274880534 4.57546183158003
1 4.33722557690299 4.46093095362317 4.43572658243644 4.65626432214056 4.45546146850729
1 4.35857035116103 4.51324014688643 4.49045675188232 4.53785498602209 4.42447649348866
1 4.43012278826572 4.41780219376698 4.46438397757051 4.47848156615392 4.48307362340371
1 4.38487518645436 4.49902063065593 4.50645833263165 4.34805610135733 4.61734899814079
1 4.50360899523402 4.38230325179231 4.36600683195316 4.40821792059122 4.43156310932338
1 4.37891726962824 4.42491514485652 4.55768991086888 4.43841459796032 4.40138550916569
1 4.43325719132106 4.50803168689900 4.47673879640474 4.72975600342875 4.46240526339399
1 4.49755922797797 4.26845656217175 4.48375797659843 4.34576732975862 4.18201479362717
1 4.56925902441046 4.43992264434203 4.31122486834282 4.41545411066542 4.50465513897863
1 4.50152596676397 4.57898267511573 4.37704810736543 4.42113659687292 4.446195572614
1 4.45272204266234 4.53613327598371 4.44272653097029 4.51434538906656 4.26418987485934
1 4.48014775617346 4.44633048948616 4.53539456123473 4.47161755612994 4.36966253772049
1 4.21156853302845 4.40224894726473 4.31477741494039 4.48221163949239 4.60650898308105
1 4.57462279631452 4.43386037880654 4.68208051829253 4.53269717252921 4.39208868485031
1 4.43211521600182 4.58760886683768 4.62327744429685 4.42439687211945 4.45244733888502
1 4.63479372482083 4.31074555710916 4.72259583813595 4.35403844049803 4.35568026532115
1 4.34145648752635 4.37121369908378 4.5080377725951 4.69837799073722 4.45978738375042
1 4.41061162245248 4.49231006319875 4.34448095012993 4.49803157985869 4.52096042450621
1 4.47528126488928 4.55367466069403 4.34225472865384 4.39334469367333 4.53233590497639
1 4.55144923820615 4.45628275428121 4.6115254476897 4.33136700356503 4.54544496350754
1 4.5447676644849 4.42254023534771 4.57863937967973 4.42817625568902 4.4945894757112
1 4.36745688200827 4.50789981132072 4.44423912197348 4.38484479580956 4.49044233324716
1 4.43916574743498 4.43073053701006 4.41066477540508 4.36884940566049 4.39129477945326
1 4.68490609674108 4.33323860137808 4.40109971535865 4.51837214957006 4.50207740271538
1 4.35174360143150 4.44039752979116 4.29738570210414 4.46711500919166 4.69249065447918
1 4.62281782907761 4.40622835027192 4.4481504000732 4.53934561589463 4.29463680657058
1 4.40523223918592 4.45712324140172 4.42644396820222 4.47361010246306 4.38157510764177
1 4.44765286771043 4.47202340670214 4.48870910781073 4.53614927139852 4.37003735537293
1 4.40454255328469 4.37477068868461 4.46765121753829 4.40398519565381 4.54837048355861
1 4.59849280865621 4.63576312319033 4.61920045470034 4.41336710198036 4.43777756660036
1 4.45733870725891 4.46361665641972 4.46313321924595 4.59962171517549 4.51019768935553
1 4.4966444747628 4.32412582962287 4.41536321519521 4.5670612922221 4.56565998642421
1 4.35892036761512 4.52013395023581 4.52169368987696 4.55085668113389 4.65350686082124
1 4.4720921757793 4.34099954249134 4.43144575274167 4.46762303430011 4.69109123967382
1 4.64195938011798 4.59979935822531 4.40474559828129 4.48983526258784 4.48173393500495
1 4.47126703435536 4.44205242964963 4.69169166809925 4.43924104424759 4.48460151248777
1 4.51638724527796 4.49058213974434 4.42664307427182 4.5188536207024 4.4803103406002
1 4.27536379603387 4.340199099733 4.41558202165956 4.46330117633483 4.39403974258532
1 4.40524608023014 4.56478619499612 4.32691997692767 4.46500550749507 4.44834297564785
1 4.39096502363984 4.46263488401297 4.40195218684856 4.36434693630292 4.52776461927953
1 4.41352677050191 4.46315407777876 4.25482799751040 4.61599394286501 4.57597350657819
1 4.46764056890732 4.45762153026125 4.51430054854222 4.46754451298158 4.58930093004238
1 4.38928739840996 4.54148207268261 4.36458728256582 4.55149781518382 4.42321921280366
1 4.30261459558562 4.53302935448832 4.61842264091957 4.47410678173847 4.46845195026022
1 4.48250827899357 4.49728416098425 4.53615064060313 4.33348174792186 4.34143411358626
1 4.16008304761968 4.48024138455147 4.59851756606113 4.45480195434614 4.33781146809611
1 4.53365137993253 4.61273555510882 4.47464734721246 4.39669044998655 4.49097697203974
1 4.57699761372858 4.45705125239910 4.46258785792096 4.42667938083249 4.49281039633637
1 4.34308130037238 4.36036968237058 4.4539589106064 4.38699633204147 4.37076379803629
