1 0.108229132845708 -0.399963401225122
1 0.164448166324485 0.897025189050474
-1 0.895276470746691 1.32197415943033
1 1.91306643201862 0.542524430832199
-1 2.16011331625860 0.315612863481443
-1 1.92812090097913 0.770801328039331
1 -0.182895893263595 -1.48243389937220
-1 0.911754513197917 1.78792124402369
-1 1.99796343109721 1.95580419887573
-1 2.43728731294591 1.84129427978337
-1 1.36522913053165 -0.0227740754894581
-1 1.69245142613302 0.40996851348073
1 -1.42709126773056 1.07350525748694
1 0.087432834284463 2.43319060977125
1 1.42783831831335 -0.581873985150902
1 0.327513192485577 -0.785040678469312
1 0.158199735774547 0.914591037750672
1 -0.298365494376553 -1.30106511288106
1 0.904231161738387 0.0560188373302094
-1 0.175945114638336 1.38353314911136
1 1.15721580512159 -0.372240006131867
1 -1.18911794657425 -0.093369367662064
1 0.325888898984994 0.485470828389288
-1 0.293473899478291 -0.487142372725425
-1 3.11117360183280 0.525118166188257
-1 1.49561113875716 1.57697836160565
1 0.99135608195531 -1.70991366203058
1 1.20019673402750 -0.214524058613329
-1 0.455592203842179 0.131184229630102
1 0.313452848397772 -0.528091936496645
1 0.269003385541138 -0.794403125843183
-1 1.21192714345972 1.51749992771584
1 1.87709426730018 -0.600136399648224
1 -0.027743043217443 1.48881607390188
-1 3.12556413342474 -0.20465879115509
-1 0.980251490628553 1.30632321633720
-1 0.0146803693182205 2.94014650160866
-1 2.32449625441795 1.96554926226961
1 -0.94298276930829 1.11135511159040
1 -0.937450403780603 -0.620089565087427
-1 2.79122729589922 -0.128697821899971
1 0.197180667440629 -0.133583753436642
1 1.99332926717496 0.720256575867513
1 -1.48547891896754 0.275966747572602
1 -0.342383376919206 1.20572225814932
-1 2.41105437795445 2.79181364853902
1 -1.08578305167577 1.00835681595413
-1 1.08615380954329 1.36662251375580
-1 2.30644294124432 0.364057511228002
1 -1.91848284159229 -1.13129631324291
1 0.849620461271334 -0.953701498860417
-1 1.61737367644077 1.82873286758977
1 -1.06287433341804 -1.13066396437716
-1 0.261538192113172 2.14846251439611
1 -0.484843679645134 -0.200460998816861
1 -0.326466761291221 0.231413735495513
-1 2.22441242226748 1.14528679849512
1 0.208765459249434 0.656125695158625
-1 0.870506388850813 0.332279388184661
-1 1.15598797628568 -0.311399319081375
1 0.297247162505945 -0.917560706642787
1 1.55477045602176 1.17957112836738
-1 3.38726272032446 1.98424970463917
1 1.52265468155565 0.382897180931325
1 -0.993308799605342 0.172529307421981
1 0.731347844673955 -0.141228167795590
1 -0.0547287466666287 0.677404041269228
-1 1.76152737860896 0.957413007853493
1 -1.37178193454639 -0.275490081466557
1 -0.0521867336045342 0.80998602303402
-1 1.48729480215419 1.36610906503231
1 1.37482465495526 -0.0168738756638369
-1 3.00115118930459 0.325088444229334
1 -0.257605192712113 -0.156183094811215
-1 2.16620009823303 2.67548398412450
-1 0.754343518820619 1.65998968078435
1 1.11378928334008 -0.524016552406884
-1 1.09264206384035 1.93929917630543
-1 1.29666570901746 1.50136393129041
-1 1.32179128315419 0.522546793717925
-1 1.71663417456183 0.868290514450244
1 0.559564163563534 -0.79061474254942
-1 0.674712684754577 0.965943839496825
-1 1.50433757594766 1.03097402624847
-1 1.42612539639060 1.15953213460451
1 0.516309781850153 -1.21944443260514
1 -0.789437898589532 0.578630715784403
-1 0.32159044329052 1.88831720575976
1 1.61347495202441 0.704479052412886
1 2.14411310151086 -0.341050562667158
1 -1.33936207907584 0.739273290526807
-1 2.94160088079316 2.39520471984892
-1 1.82226403645397 0.851415106252903
-1 2.30795713469426 1.43625952542684
-1 0.98657058928139 0.194827819621855
-1 1.40092908270282 -1.04342812809066
1 -0.0573076002002264 -1.30559214032396
1 -1.18125526232493 0.787366905710768
1 0.154727118950779 1.83300110573671
-1 0.756410552578387 1.66368293281464
1 -0.0459643706382785 0.187664514532002
1 1.33824201714013 -1.38001879296506
-1 1.12770944953999 0.821581243983109
-1 3.44691130046746 2.42337807318374
-1 1.85457344027833 1.56973230499785
-1 1.43626777914715 2.37097768701163
-1 1.70263650109238 2.90771538945715
-1 1.25904198808303 1.00798746249850
-1 0.182195501704673 1.57842849643918
1 -0.0641692972743062 0.319613378453402
-1 0.451774965404558 1.91174599826337
-1 1.94267310450999 3.21900211831914
1 0.167726022828730 0.468269399637171
-1 1.13488098853319 1.02671365292799
1 -0.944604627836058 -1.32291301331555
1 1.12944995899822 0.0422756856223022
-1 1.44941033053335 1.55483477901467
1 0.476291398540262 -0.570337209585816
1 -1.65471730057477 0.643035656509683
1 1.30633298023401 -0.0149623188812687
-1 2.20553350903618 -0.392908063493887
1 -0.73682435357745 -0.567166339539317
1 2.28142349872097 -0.175206282113693
1 -2.12311001389130 -2.02120534797664
1 -1.24766271186581 0.521655465583737
-1 0.297867798332090 1.261395448695
1 0.274462258668639 -0.820102931871027
-1 0.273022186578743 1.84295570041516
-1 0.670941686968489 0.682919372826851
1 -0.435855534220837 1.41664696138554
-1 1.21049375913123 0.316319313617948
-1 1.60569800143139 1.94374309981541
-1 -0.316029205350072 3.34567597668611
-1 3.12184216021833 1.67922651328228
1 -0.752456557727307 0.050556245745061
-1 0.565669503383601 2.33529771493470
-1 1.40168999316905 1.94444380706359
1 0.525589728230137 1.14015304783405
-1 1.79585917802638 0.0185402964164518
-1 3.46176960643506 1.04146250590852
1 -0.340821052942289 1.00131515870255
-1 3.2475134009404 -0.280494353707433
1 -0.073934895157263 2.42650327043967
1 0.160634364405845 -0.405660846787154
-1 -0.0612617190811935 0.093988140075444
1 0.647520290695534 -2.90301276471292
1 -0.114818286424192 -0.736850922829326
-1 1.13216112696205 0.952231756970127
1 -1.31000944170672 0.658568271794875
-1 1.45667305910439 0.451095815460923
-1 2.40969506290276 -0.525721207818519
-1 1.83917570232353 3.07832451095221
1 -0.770911824979626 0.137868767950266
-1 0.464678376314883 2.13477781755600
1 -0.352346118788188 -0.258858778600554
-1 2.06775426162453 1.97655194447071
-1 -0.447449807305585 2.07684391282363
-1 2.6696378651806 1.48791153888914
1 -0.707284720718621 -2.4380212205319
-1 1.52882600006656 0.790459952067793
-1 2.07575698464462 0.663979572600193
1 0.379206342628489 0.393321606986094
-1 2.79602726606170 0.836816222775011
-1 2.0170188705925 1.42209520269288
1 0.951179049039352 0.143307338627012
1 0.0614845563239552 0.89617536549103
1 -0.554280769835677 -0.886031755285123
1 1.85179936820900 0.0291284477090994
1 -0.755694738293305 -0.497715825503309
1 0.61921735170281 0.610717321325431
1 -0.0699326550754789 -1.85683421419430
1 1.42596041373301 0.54758682038485
1 -0.409055884308503 -1.33750105825345
-1 1.26709265284702 1.86789203645867
1 0.0913176677338336 1.43457364416955
-1 2.38682557810919 0.39255828176015
-1 1.87015591989412 0.525222907504042
-1 0.203186206459063 2.16749184811880
1 1.68363839104755 -0.173067705042924
1 -0.564136745700852 1.42489717380439
1 0.0864285413460572 -0.0594535080212801
-1 2.80702963955933 1.89487944017401
-1 1.56860575704739 2.83814226347994
-1 1.99445274602994 0.74002197796022
1 0.837678773009062 -0.0464029442733644
-1 2.33617607906034 0.255344763042663
1 0.642526128395279 1.30315865703623
1 1.15900704645536 -1.73889644715994
1 1.28526649495462 1.35145380801941
1 0.326696758509637 0.801396520646229
-1 2.13713358714159 3.24323861028882
-1 0.989632771652194 0.435206224398486
1 1.57071422152728 0.678388054397347
1 0.683927126656788 0.542288065862106
-1 0.211855991630151 -0.526435166227065
-1 0.039973340113723 0.855296370223248
-1 3.04570625851990 -1.27078250085371
-1 -0.807942435972052 1.42031855713580
1 0.739964075955631 0.303066784745765
1 0.291151685635590 -0.38401476280798
1 -0.299085736980865 0.253142555370883
1 0.364911294708065 0.786328271743182
-1 1.86930581408991 0.955647760557543
1 -0.544959734531771 1.28477957814030
1 1.77766260659106 -0.470315937055962
-1 1.56126844111243 0.133024739203028
-1 -0.165738121680931 2.20618812247478
-1 2.34458822503672 0.415011413026361
-1 0.414729162507040 2.85311598110685
-1 0.580792701552085 1.91785605700935
-1 0.365906402099757 1.42122167714626
1 1.10412469116278 -0.749166084811222
1 1.21971913345248 1.79565264202546
-1 1.64743217588731 0.367519966931657
-1 0.432182766307334 0.784258153483515
-1 0.56628706301804 1.60901686410139
1 -0.568817522429792 0.573401805424773
1 -0.568737724684225 -0.786532589621941
-1 2.89052932150821 1.21217415294695
1 -0.703790391108208 -0.639106987629961
1 1.18586487125682 -0.103347168308289
-1 0.879443690232455 2.48957956877485
-1 1.76648274783409 0.407447374637998
1 -1.27045847688406 1.59778898571930
-1 2.79233153766781 0.533282531177606
-1 2.00352673249570 1.70957458503965
1 0.567143240683531 1.14924021060544
-1 -0.13529649806373 1.38643368770180
1 -0.601732173688839 0.479393521968754
1 -0.789533176872895 0.830910607265248
1 -0.521682113758682 -0.245888746543474
1 1.76731853613965 1.28797813513186
1 -0.276108253155948 -0.601247799359343
-1 2.590702900218 1.09896976236757
-1 1.12222383569916 -0.45499219933283
-1 0.655256165935726 1.63247456722605
1 0.0601807868291662 -0.0805400511922869
1 -2.34531921016833 0.931500375081691
1 0.831267158040803 1.58484234214813
-1 0.353887235900111 1.67970719415881
1 0.417725538684819 0.0152464297672639
1 0.730852842381486 1.60740598532873
-1 1.85493866516693 2.09005562223753
1 -0.666423031014241 -2.03387346344356
1 -0.533779030467079 1.04404983688718
-1 1.88537772933151 0.897330249497869
1 -1.85259571070194 1.33337205603152
-1 2.81529676256049 0.189282063286180
-1 -0.427726280580562 2.70904944605986
-1 3.03698365964681 2.43036010070991
-1 1.06767118368519 2.05473480756918
1 -0.182292196692078 -0.175594772928022
1 0.246932334944895 -0.0924063903229396
-1 0.589757345433076 0.0920432317560249
-1 0.816382329477027 0.318127585181484
1 0.175967855676144 0.406320945569543
1 1.01270188235895 0.33147217373074
-1 1.95071024595991 3.62004594299678
1 0.127530351211921 -0.913988171799595
-1 1.26418251951032 0.491996928879465
1 0.528549785147425 -1.36512316375507
-1 1.66187237404677 1.54849663345059
-1 1.15504674007226 1.30987983470447
1 0.705297185982308 0.770588932588984
1 -1.00737013713521 0.690986449047986
1 1.56542108073404 0.267375645299423
1 1.18892784621472 -0.511392960816844
1 -0.460127718961944 -1.50245991085029
-1 1.18605231458765 1.65876490602897
1 -0.157350515630292 1.02217464249826
1 -0.0402203133809010 -0.424927127101619
1 0.736541820848522 0.883330471518946
-1 1.13953561149672 0.490131194554696
1 -0.998682753902332 -1.93689515795598
1 -0.0188598470344180 0.0824769042618485
-1 1.84142739464679 1.67082944069111
-1 0.150649988082098 1.44674860526508
-1 0.80944368703976 0.91676233320893
1 -0.908247745885184 0.240341878713385
-1 0.313461504997183 0.909263634368494
-1 1.8245418218409 1.03221235057461
1 -1.02855659068844 1.21799137846153
1 -0.111742647004906 -0.961244354559122
1 0.810995423557396 1.16184431537861
-1 1.93467699459153 0.872479387511475
-1 1.52770341613078 0.0697091539928105
1 -2.14850316567761 -0.280844029778062
1 0.810429808992537 -1.41609254631346
-1 0.331794717315778 1.47332855805182
-1 0.958733527633543 2.11641494088556
1 -0.406935141505285 -2.20922635889806
-1 3.15462420921568 1.30019575190484
-1 1.18998479680477 1.09011965857373
1 -0.154841409009243 -1.00566896622780
1 1.24098082957882 -0.651472842693246
1 0.705294169742275 -1.34235212607441
-1 0.159338366975422 1.07527343681187
1 1.41280881239762 -0.231883752557481
-1 1.35129161034902 1.67634419596473
-1 1.07810760627010 1.83050979637537
1 1.72004376227545 0.112804418624378
-1 1.7874943182767 1.09287744428282
-1 2.28369812581203 1.33762592873109
1 1.55023080718881 0.892499203250761
1 3.12360121288125 -1.30445452623076
1 0.759617872443714 -0.568544051207902
-1 0.864362830212312 1.03995018073527
1 -1.17969042320361 -0.346979104613714
-1 1.29222914546509 0.248593969373756
-1 1.07153426290118 0.947822389164243
-1 0.155600973528647 0.645898374037341
-1 -0.371357114387066 1.04444192244012
-1 1.79508389553379 1.93442966906803
-1 -0.147441921716631 0.673526126907728
1 -0.563429060499593 1.41155355846357
1 1.56659278500102 1.60844094762593
1 -0.150673720618353 2.05750425305811
-1 2.79896264797414 1.55397240310754
1 0.408406232242962 1.43539051747864
1 -0.287681110792198 1.08142357648234
-1 0.797834890935459 0.194037496743706
1 -0.58870904363887 0.246325023308632
1 -1.77408279535407 1.02402481056649
1 0.337075178126195 0.412952188588555
1 0.204291535282509 0.728959012417492
-1 1.21753997033112 0.707635607024277
1 1.13581617999697 0.178951318075146
1 0.259892273521693 -0.101782258800460
1 0.567348396694 -1.84432053448432
1 0.586561415749118 -1.27865651473532
-1 -0.590454326459641 0.0468327425777297
-1 -1.70175212559238 2.97667674338302
1 0.752467836571729 -0.284255807985674
1 0.472471648347057 1.48470841205613
-1 4.26248667656617 1.62980140365374
-1 1.83612609558735 1.71485302892774
-1 3.38283660655497 0.295675108139484
1 -1.94828839095775 -0.631832388709786
1 -0.0987233239859119 -0.772254582735035
-1 1.42474490648658 0.572349449183717
1 2.16806036652925 -0.0721817090916768
1 0.0678914659071201 0.934517550858185
1 0.892550848745593 0.391579455635715
-1 0.8946170347252 1.81263565770047
-1 2.02514412141621 -0.148507923940704
-1 -0.580475634372514 2.85927721699516
1 0.43050379872698 -0.811567019238087
-1 1.39303860505299 2.81096943088734
1 0.625203599254134 -1.2193586928044
1 0.823620295658187 -0.895745974571902
1 -0.863178250691668 -1.02592595132707
1 -0.141991092240137 -0.413690259550162
-1 1.36069351408188 0.200902280166213
-1 -2.09121796721482 0.413655602446883
-1 1.81054711259652 1.85513961409585
-1 1.82141430981416 1.69433949363176
1 -1.17831663592301 -1.78596668568117
-1 1.02982244484217 0.635854151962985
1 0.362034536999208 0.583814815986754
-1 2.21737585568777 2.00233008365388
-1 1.58654977512075 1.24038569070234
-1 0.825094258119033 2.99839994703319
-1 2.11082650226930 0.420326493510355
1 0.327709006367745 -0.143855936719878
1 -0.199145306873027 -1.30360150534378
-1 3.66531014521406 1.14393738715379
-1 2.30062059309942 0.0443779495626795
1 -1.04162908839240 -1.55954250562496
1 -0.682620277077994 -0.736958061057175
-1 2.18159045406904 2.93608135692059
1 0.332244683471049 -2.52362880986194
1 0.108356280444573 1.97556418209798
-1 0.885303122107212 1.36590888944595
1 -1.78295573690071 -0.0353913526410683
1 0.784247397956879 -0.375160534436569
1 -1.05972520488731 1.35086571646326
-1 0.103866070897323 0.376189576892999
1 0.387019238095764 0.395531631435563
1 0.573381277809216 0.3531934098095
1 1.73462517638782 0.713889061031403
-1 0.756887196509789 -0.364096890111880
1 1.21853944976654 -0.607173684039825
-1 0.85854319955507 0.196507117812944
-1 2.71960959637982 -0.296397144884095
-1 1.24287834383689 0.87710717325938
-1 2.34420548694626 2.54481940070704
-1 3.04972845258058 -0.258452891372672
-1 1.42530452871454 -0.92496342614521
1 -2.15187634328761 0.210263253039738
1 -0.566393905074029 1.11202577438363
1 0.921307589813093 -1.72828474259261
1 0.364837769188860 0.761056508592367
1 0.711723359535516 -0.994518035051576
-1 1.52447227013575 0.276290322360635
-1 1.99489901326198 2.53268448033452
1 -0.922106648021405 -0.45724338559078
-1 1.33704694916198 -0.072094502869795
1 0.144009613025547 -1.39885281545326
-1 1.77183054427919 -0.0668444665764529
-1 2.51527595000312 2.20673670342204
-1 1.42438019524085 2.04978659327369
1 0.490822588973874 -0.590221326687156
-1 2.94158825452836 1.35050552665829
-1 0.460424629381137 0.372518639177064
1 0.501617990316791 -1.04284089570404
-1 2.09590196673699 2.34091209771360
1 0.0150062154130403 0.377495902569641
1 -0.94066430039346 -0.213922993378149
1 1.51128614997701 -0.521756753430101
-1 0.723174061275625 1.34686913854128
-1 1.24302369217541 1.54639738153175
1 -1.26710044310306 1.65431349002260
1 -0.149352504051864 0.244424837899506
1 -0.225788378342033 -1.22011835207327
-1 1.14253772967703 1.51186056079833
1 0.134518232003635 0.81192021461239
-1 0.634082232022497 1.57922176079166
-1 1.76607337105582 1.10403713762798
-1 0.273079269076798 0.315991109964658
-1 0.717107852810736 2.04729991376173
1 -0.329622822075946 -0.0674625078383003
-1 2.16273173421617 1.34195437079814
-1 1.90215788751208 0.0661709395379697
1 -0.284542972323742 1.10284155955119
-1 1.36459606096477 0.210802137503495
-1 2.56753734698407 1.11465571963756
-1 -0.427670984671578 1.88467708088185
-1 1.13590187478516 -0.228114147665597
1 1.15597178261499 0.554031202506465
-1 1.18493293175962 2.96889042185373
1 0.0881630280757096 1.48212148488970
-1 1.10920067398249 1.26166759259685
1 1.42017661803973 -2.37764563409889
1 0.824532031071428 -1.14756160064370
1 1.41586641721173 -0.528090191409907
-1 1.86316426121349 0.514125890506519
-1 1.90631032912562 0.254941143506846
1 -0.654156888141798 -0.790511238427826
-1 3.10354380628705 2.92396215536512
-1 1.55017153639667 2.07932660780573
1 -0.725602096442318 1.56280947611624
-1 1.66023506820710 1.42023401120974
1 -0.634206649821883 0.342879503558711
-1 0.729581129238129 1.90786678984295
-1 1.04258859234169 0.941367168397769
-1 2.71107077829346 2.6967153851751
1 0.987182234587043 -1.02616262785332
1 1.67504265348443 -0.482157938462539
1 -0.491860070023635 -0.908413410590428
1 -0.492829721772774 1.98989142804785
1 -0.76527383840748 1.11199965842897
1 0.328430977983791 -0.156887166400329
1 -1.70173036508858 0.882653305139256
-1 0.507487457698647 4.29138493047191
1 -0.406411115022845 -0.918206559630491
1 1.43777006390849 -0.360213666420521
1 1.23014071248379 0.86861354087434
-1 0.751566317549313 0.985431240107057
-1 1.39986793950683 1.67577655055267
-1 0.920485773961923 1.89254720311484
1 -1.46551348511948 -0.4790752296379
-1 1.70891694128680 0.679444143133826
-1 1.12094124313983 0.982925119072073
1 -0.218746833917900 0.53989284456811
1 1.32033131318886 -0.0786551361702916
-1 1.79659016667374 0.984141713671999
-1 0.674840387929857 0.0947844738478079
-1 3.83863652099377 3.77569985782185
1 3.01421759677783 0.189829473945934
1 -1.00057063390782 -0.931497141127079
1 -1.31947992162484 0.00294583616793651
-1 2.48034876577182 0.050504510856535
1 0.143400074409082 -1.68940406481413
-1 2.66391316049831 2.34057184525972
1 -1.87663337970474 -0.140300178573692
1 1.30079352952111 -1.64421408434652
-1 1.90711056931150 1.03850084466097
-1 1.98749567593185 2.01989197929043
-1 2.23796654819673 2.09473386317950
-1 1.19222433832787 0.094923303817122
-1 1.37840018395376 -0.148046156410166
-1 1.04400056186836 1.40981815091190
-1 2.39929878156609 0.711511736844385
1 0.43847088355205 -1.07490263378571
-1 -0.469704994405301 1.91031049112945
1 -1.00592731846601 -0.276404090498291
1 1.68877909430133 -2.01790060944552
1 1.13587159985205 -2.57964608987846
-1 1.02987404280829 1.44875040715258
-1 0.919843269721085 0.637603841448675
1 -1.91386339327402 0.685169241253832
1 -0.404133524864816 0.0200848612858857
-1 2.50891670361226 1.46376461588091
1 0.416312593975367 1.04715362184281
1 0.537595582783563 -2.63342121332546
-1 1.68932748317496 1.96019821791668
1 -0.778242779935698 0.782792945499596
1 0.000885298941867277 0.0419256948371667
-1 -0.95049830601089 3.31402205266844
-1 -0.00660788677006119 2.68964958465737
