1 -1.15699222818211 1.42440034694392 0.0164604988129168 2.92714532120981 1.08271071377038
1 0.733818915208755 -2.01576391779025 -1.36530057349361 -0.015561469524808 0.0937265571011529
-1 0.84002646099329 0.776929378666828 -0.632710546488757 -0.69624878982647 0.543785255248387
1 -0.538519818672369 1.13464994906307 0.402686505628622 0.152996113449124 -0.694432417747283
1 -0.990513928300628 -0.986746528656766 -1.21069351720015 -0.346292009160031 0.707850649387024
1 -1.65187118222882 -0.670725111498276 -1.34042459159406 0.134561162085462 -1.61039730438171
-1 0.97054402235713 1.40831630663899 2.99076575374642 0.488625648596852 2.02379476887747
1 -0.5694148205231 0.187601319910885 0.329458215779311 0.00175068418875227 -0.488901696777865
-1 0.641438347003627 1.37025586130142 0.297869049040656 1.57275345611420 -0.818728089660503
-1 1.38827845748975 0.353373800341921 2.58344268864138 -2.34090116598751 0.797264355005883
-1 2.39294722793637 0.218974193750250 -0.0183539040712682 -1.33034647112212 2.3650089796639
-1 1.00932893978335 1.50703328909942 0.468687935532895 0.866078666407326 -0.425924810484320
1 -0.476528625103465 1.02443253042191 -0.293921928288077 0.556307047993359 0.103835775102930
-1 1.33211187398215 1.42536654231763 0.92089123747872 2.90040981899497 0.323652949115717
1 0.197596673207026 0.60436758163322 0.847173709557903 -0.963524163428158 -0.939932850569853
-1 1.15739100899207 0.97020615542622 0.5541799566241 -0.398166215149473 1.13812426899948
-1 -0.836952359629478 0.378648677142606 0.670967163784647 -0.776309970925811 1.28576115324570
1 0.0692856920551894 -0.895736515302253 0.797597766283036 2.08707390873801 1.33986209346293
1 -0.89496593046987 -1.50038701845528 -1.53532271843328 0.969970178214129 -1.76880027038406
1 -2.44644073150751 0.817911852981994 0.200911976686307 1.16830283396965 1.52505700993552
-1 0.397548245634089 -1.14151042649289 1.14827170547296 2.04649840267630 -0.0329755451135223
1 0.0616109804002033 1.01009638363152 -0.777721279328006 1.70707075393122 1.45652247021481
1 -0.581993482824842 -0.734248788410819 -0.595304818155154 1.02111675676417 -0.707721138302332
1 0.136542877794016 2.52684063735797 -0.109431980715652 -1.26645773372171 0.464366868367631
1 0.254742187233218 -1.44702557300474 -0.24509662552445 1.46794539694124 2.00295384599194
-1 0.668749198019928 -0.139534868119847 0.617304950303353 1.10846989989938 1.42053570463655
1 0.413104394779174 0.795891115719414 -0.08080182751811 -2.06577587349655 -0.720302670709563
1 -0.112991489898938 1.83959211123892 -0.677655161348493 -0.083718599865857 0.780708055232615
1 0.798910173782592 -2.26123822566660 -0.181411331034134 0.497564983544576 1.16703348575332
-1 1.94638135180115 1.60811634392799 1.15513896023017 1.22859840248962 1.05465234821405
-1 1.62083735157348 -0.158321794975379 -0.5913160491114 0.66917435777849 2.01566162399008
1 -0.0383662214078021 -0.678563178338461 -1.22891470555521 0.724621992856943 0.521121834308355
-1 0.585209375193586 1.21471559051156 0.118094795197017 0.80768353446803 0.742435717117915
-1 2.84796676353648 2.00454084514985 2.52791327729886 0.701271567994009 0.477197706776267
-1 2.27493383266279 0.55528456186095 0.239054542967612 0.466502050327791 0.747867272798198
1 -1.08733003245914 -1.08213732307339 -0.626409663981298 -0.835968109174334 0.0647691069175702
-1 -0.133954932133956 1.41576437727854 1.2172117131825 0.610346456601707 0.854040233574948
-1 -1.33194854760146 -0.718286438921556 1.6308722559937 0.94237343674544 2.26456634759664
1 -0.170208610397117 0.909614049899838 -0.128306102487527 1.27341507855225 1.38786482544587
1 2.62652572603262 -3.31672509947305 0.319344341395638 0.904898895609616 1.13806566127144
-1 0.653262304807197 -0.492193222963640 1.39556836682203 1.27013235496551 0.249152222503209
1 0.715275700818903 -0.333735244373440 -1.24619848483165 0.410929608514612 0.264747012765058
-1 0.971881302336876 0.648987745804565 1.18855634883805 0.0599237582549152 0.971802334650843
1 0.77913506350091 -0.627156240836282 -0.706848539923394 0.839794032550649 0.308002137107813
-1 1.17065747511882 1.05781682146790 2.65109225973814 -0.496253277125418 -0.169743026979943
-1 0.261229035637622 1.98193602735933 1.96771201174915 1.23369195443938 0.224942630610363
-1 -0.544994794609534 2.77289767598145 -0.47961761476283 2.26171853899316 -0.242100204150478
1 -1.21735150867209 0.852614857809744 0.731486070677275 0.969043179030456 0.00828918932048539
1 -1.40308609299839 2.50874273792178 0.0338937282915262 0.176729356163819 -0.252659095393434
-1 1.51471150289241 1.94867393154262 0.570342104797159 0.676568201941337 1.31485315813475
-1 1.12814593644318 2.00209771951726 0.79343159200229 -0.432052678649731 0.322237041800372
1 -0.308809323091349 0.83653317767429 -0.349750301051326 -2.27677352453532 -0.072481416936049
-1 0.589100918993298 1.10489262850442 1.11412503416658 0.365047742282614 0.97590561900332
-1 1.10343760197772 1.78485140959953 0.662649800979852 0.499469039383287 2.26132383694517
-1 -0.224839852805378 0.091934438463758 2.54717115985068 0.466650074144976 0.364844494777432
-1 2.18440569167342 0.622200352108733 -0.881986643189406 -0.88201608276618 1.01066324341106
-1 1.47630129832615 2.43778530699041 0.868130150256936 -0.322122223062818 1.39907282346224
-1 0.778153561356882 1.51987062307520 0.127375465850531 -0.390241491454998 1.33319899247891
-1 0.132940593494303 2.04255403493488 1.26092314467296 2.33144971922093 -0.737739485789919
1 1.68037081183002 -0.519726128295951 -1.83939276328747 1.31604570008575 0.17660819663763
1 -0.269799290674162 0.128654657856198 -1.01122877488919 -0.779808812774714 -0.657776417422653
1 -0.142222949846381 1.29525647116212 -1.88597248687391 0.0340403248437685 0.118837554731463
1 -0.548366311329644 0.724966677436303 0.180356494914506 1.35247617396958 0.0143698263944478
1 0.678848330356715 -1.31156573618002 0.644658017115303 0.92509834474058 -0.153901874137964
1 0.903439476872233 -0.195015172531177 -0.638803976170324 2.19513102421013 2.55850932371089
1 1.80562772578149 0.758745351954868 -0.0442797813456889 -0.357304078620685 0.940626475300437
-1 0.743268334516688 -1.30388792337927 2.03377169034398 3.08863766022898 1.20261984979102
1 0.837415459750911 0.871634326696073 0.668263041662032 -0.879986908425977 1.03900521648088
-1 0.856837509495333 0.263743689656371 1.13195891326476 0.936532788395207 1.05743545680278
1 -0.403745800685723 0.328001622833491 -0.686466994632183 -1.51037791614455 -0.544938351132724
-1 0.601825517796097 0.000811176422534254 0.795384698839677 0.67272014991674 -0.124851302100968
1 0.194906638517629 0.772989665720357 0.610619401409338 0.0422986637338245 0.265809235685007
-1 0.931192310587366 1.56293551973016 0.261985708820746 1.6390718394576 1.16265764731659
1 -0.228458373550297 0.965151976840797 0.861175419724214 -0.340175641987089 0.0349499202591688
1 -0.40582754937428 -0.598072662978161 -0.225175269420329 -0.439931609540729 0.70805598630286
-1 0.78224536954036 1.70283019682288 -0.020287742710117 2.91510838983636 1.23249321154287
-1 2.84343200179541 0.506049418280089 1.26977831374278 1.18497768296174 1.12975042694545
-1 0.107551546342111 -0.00500795729464010 -0.00741252859180352 2.38384016220797 1.22314691740480
1 -0.240771824420168 0.2510314985941 -0.0736306978363618 0.875743750716492 -1.30159981432648
-1 3.24255809662425 0.508881821028357 0.302880489823801 0.424656372745607 2.32899854470488
-1 2.24292967560398 0.144495134386941 0.479237618579885 0.456009301832286 0.661527167748653
-1 -0.139503631733693 0.110984402036749 1.13164014555143 0.98647035343263 1.27798194399363
1 1.01594426481817 1.90242356022194 0.821734069503364 -0.0696227398599356 0.0489153195572146
-1 -0.694686990432599 0.501892549878517 0.206957237552726 -0.31169278157967 1.66673324703181
1 0.368512234401586 -1.20262510893218 -0.39686727810119 -0.789386508954817 0.236957107970623
1 0.938090904738103 -1.55922189504827 -0.296779463827353 -0.344810056749625 0.580247928484176
-1 0.692218733009068 0.502081068256011 1.56785974518237 1.94693629984058 1.00906699123390
-1 -0.571157794259804 0.222776449708067 -1.32412879250695 1.4963305558348 0.199458002340814
-1 1.2665545515317 0.563401829133848 1.2164772456127 1.36564951509257 0.240032408188157
1 0.00616610233783308 -1.02695719576213 0.113555044966628 0.792358518518753 0.274610713911163
-1 1.48683546991770 0.495972918533307 0.316587502774864 1.32618572999084 2.26112332830089
-1 2.18176770712339 2.38314996876503 1.42953890066505 1.43301213147681 2.59484927930713
1 0.125830654665573 -0.327182427990832 -2.21393910617745 -0.624745324519792 0.294632260394299
-1 1.09358371214487 -0.781740856080983 0.556240833415827 1.14662328436226 0.737019585671473
-1 0.283426421637100 1.52154936247861 0.432501319921186 0.571427539186541 1.37710721395510
1 2.52160072496987 0.876035134919672 -1.17919379058840 -1.54802519032848 -0.492670651338763
-1 0.909146622384784 0.0990523794261468 0.55100618938993 0.274802370060101 0.510438468034559
1 2.60467972764719 0.169592929440365 -1.46908721230332 1.17049143983785 0.256580050226555
1 -1.21469264750269 -0.644850129075275 -0.301824515710614 0.313079365679761 -0.461834154017849
-1 -0.54284877489888 0.236068824409887 2.03769602038497 2.05631150282637 0.112428481472854
-1 2.39672539150106 1.50826629195778 3.71806569331597 1.43336647138705 2.13704784326144
1 -0.388440107782347 0.379027281899269 -3.26135169178728 0.990689216170964 -1.33710994916242
-1 0.454522660229127 -0.169748538790195 3.55612771797789 0.643509640739129 1.38743832455334
-1 2.48002558385858 -0.379771788109392 0.460220849121549 0.085792384173363 -0.353523886243969
-1 1.06640538887030 0.606985397048833 0.540309331897888 1.98262736382847 0.302506893878345
-1 1.24145590179619 -0.0758484238507096 0.197648623896773 -0.0513592206650142 2.13055494683499
1 -0.971474116651968 -1.29059952686699 -0.709826852347241 -0.391987542149209 -0.218498409658934
1 -1.72136233757844 1.15671715284107 -0.740835150579251 -1.24613948658522 1.21169739669937
-1 1.76401861044428 2.24560435041014 0.262227248572552 -0.349426769122784 -0.47400067005351
1 0.946860585984949 0.528149924388745 0.543291645206217 0.446113383711474 -0.76891713157077
-1 2.39789345747062 1.94329632350641 0.619751369706506 0.863457031284887 1.53363851299129
-1 0.316373453157173 0.779898549807526 1.14558343653594 0.045958686660735 0.112123526906910
-1 -0.689534137186523 0.991456360850602 1.60182361691286 2.06110210447610 1.29861876803384
-1 1.00446355367389 0.415640334049198 -0.268978539231369 0.908534975063692 0.361490976791443
1 0.620243954438539 0.522004677559698 -0.0212694238701697 -0.914863386535567 -0.129679743654723
-1 0.115605021589877 -0.225762753729663 -1.09743943907627 1.50241616150027 0.44689381857728
1 -0.994860237897634 -1.21171111298805 1.19265374636833 -0.77890986991083 -1.2870839038937
-1 -0.153407465511307 0.572636321008772 0.515328146365349 1.17232263020533 0.812830591849791
-1 2.01023662571046 0.836039961045875 2.17778469261975 -0.850933246095233 -0.120690163000044
1 0.233521057417860 0.202328680018622 -0.129398471135847 1.12319127103531 -0.170664749850011
1 -1.27488415328403 2.11742525425025 0.184750909253754 -1.59651472637690 -0.621612939415455
1 -0.489136403688864 -1.29808017215765 -0.0268732575360312 -0.402265111806475 -1.88403625875869
1 1.42250739400892 1.96162382872018 -1.4084237647819 2.87463496198511 -0.448619824749261
1 -1.63144592813506 -0.0631822334044384 -0.146950092561997 -0.736458569865117 -0.244136005562331
-1 -0.41093017304958 -1.03690847211365 1.01342092582255 0.612372979904676 2.02771844459524
1 1.60213989638019 -0.979726632760305 0.208297823409332 0.55994324617046 -0.409831472906852
-1 0.272356479296863 0.89426658432302 0.974861431995613 0.379554316551287 0.613999592483618
1 -0.529866556378926 0.316419328170504 0.208275126173801 0.30609312129664 0.130652741652192
1 -0.257955703731337 0.225508976105012 1.46786917066832 0.0717946987066314 -0.182855193282541
1 -1.21161882095674 -1.24155339989676 -0.280709522423060 1.85314529698436 0.111461855422251
1 0.929500255025322 1.05193593998247 -0.728436194417262 0.496382801958271 2.66851525138515
-1 0.242202134248206 0.0956672987428868 2.38361019104394 0.55399558037841 1.13337046519632
1 0.95977934384236 1.17144413615139 -0.173716945586482 1.53991691483787 0.741130081808979
1 0.212002789082079 -0.81754608572193 0.209394485484963 -0.0519244891629888 -2.10434310334179
-1 1.08182234195876 0.0598920128823968 0.215398889248088 1.48158013711262 -0.611877781398916
1 -1.47943071494864 0.99730759094959 -0.0356812059046201 0.149931104855968 0.253244362976845
1 0.842925287416333 0.647008950216885 -0.685281140828777 -0.856455647447756 0.552438573351189
-1 -0.533175697305078 1.31129038696830 0.666130494839961 0.152459614718962 0.218656141103417
1 0.680582553511355 -0.07328984401093 -0.860120876855273 2.04415425380218 0.811477673273127
1 0.116016039740951 0.55458857583617 -0.522096634143007 0.872149564417432 1.35279038715757
1 1.52185994375501 -0.708148315823089 -0.0605976542323745 1.46824385866212 0.110314712833108
1 -0.274277615829491 -1.19496373127617 -0.161798208879294 -0.12533454457609 0.480752595658315
-1 1.33523776282184 2.27013613181411 -0.411387585624976 1.13837156861957 1.58506609250709
-1 -1.41430718552802 2.04859991892462 -0.107312649889277 0.658267592189532 1.34841096238194
-1 -0.631523692843168 0.203466631927096 2.03313748562599 1.11425187784846 1.99238773554044
-1 -0.211847415516277 -0.184943609543384 3.24848436330472 -0.135857394631468 0.244357374117147
1 -0.0768487297483546 1.55152177429798 -0.411790631978099 -0.787918881410822 1.67935155945521
1 0.499337571263884 -1.19056464461306 -0.67716750512718 -0.0742604807633202 1.55690079607230
-1 0.671555370666187 0.825848134939227 2.52962407684941 2.64776265447077 1.45266833354138
-1 1.24291184008212 1.54510598264692 0.457326771527698 0.358845644835577 -0.144750856833826
1 0.455230326684509 0.697141617604442 -1.33995391993352 -0.403240604100567 -0.00649810912074127
-1 3.2462947148067 -0.24905095868527 0.904927196742402 1.36904634883207 0.0566151276048209
1 -1.57909451775717 -0.905688792716408 1.74181819549007 0.0873477594330718 -1.03930630819540
1 0.0904235843681346 -0.82262760033319 0.360115100389358 -0.244484772605144 -0.523917013672852
1 0.389547145814719 -1.27285781415642 -0.103333898994834 0.00584503743631417 -0.738415100647367
1 -1.74660774150586 0.384510771049367 -0.302719004305699 0.51344405519117 0.103956447227210
-1 -0.113423363454278 -0.247876892973967 -0.00661020584900784 0.120920175105407 -0.879895130981322
1 -0.73494670563445 1.38006446059787 -0.313416792677602 -1.25270031738006 2.15893535216797
-1 1.83223468638246 2.07242353721563 0.944120403881626 0.919398253942052 0.677304430392015
-1 -0.214373802628946 0.394157487257873 1.87105443235455 1.43357447834316 0.777960157725047
-1 0.633227999409097 0.958623841537737 0.548102134646293 1.60805918121469 0.380001001118464
-1 1.45473528133976 2.41399652646804 0.648046345822051 1.36816286864318 0.734690758485559
-1 0.333972089248004 -0.248181920373178 0.307272148372835 1.92316202418336 -0.0878420257893728
1 -0.820083020497817 0.514856136855019 -0.756683307843149 -0.277611649696017 1.18085600757286
1 1.04990400443401 0.914578922957324 0.844539072798636 0.279412168217399 -0.343011936234821
1 1.53345000287741 -0.165998392101195 0.229018820493264 0.879993516288681 -1.14239315251666
-1 0.392983644139702 1.35427992165079 1.689495953515 0.0842090801206489 1.49320766768879
-1 0.0724067745256585 -0.670930150286221 1.53065610055162 1.98691050524765 1.51848926578757
1 -1.46662621063201 0.441200908463049 0.611900556127569 1.88990176092643 -2.07411542794345
1 0.175061586812826 -2.18240845636207 1.64857683089066 1.03546029156199 0.161170413077394
1 -0.146527705313319 0.430551535052072 0.0749274497202906 0.484036657623345 -0.142301952823999
1 -0.414234129624580 -1.15267830320066 -1.47624685228148 -0.722838233123934 -0.489542772659596
1 2.21546793363424 0.139860377717934 -0.176099471597413 -0.38865211654825 -1.19865373098695
-1 0.194976356089887 1.48909560903619 0.310254046133077 0.806291120589029 -0.57818019460845
1 -0.372210945069057 1.15189598207047 0.877657532710672 0.75050097425924 -0.232747901249591
-1 1.15507945488330 2.43812906861934 3.16905906357918 1.19549970728481 0.210109717599203
1 -0.0566440521111076 -0.7805753404844 1.13751842014210 1.14546184331732 0.813655857900666
-1 1.02457207309912 1.62069516611108 0.60706975465118 1.89822144995956 1.35283604524194
1 -1.07395682316137 -0.139345965603492 0.871173106228837 -1.48948243634138 0.191556466173712
1 -2.34325473509011 1.44528562075013 -0.838917110448852 1.00221332705419 -0.218836985993294
-1 -1.15258727713796 0.799499042087424 0.995723800403536 0.600378515452785 0.86157077088644
-1 1.40028089441364 2.11139457842301 0.871052364688147 0.790702522241341 1.91664941061332
-1 1.8924843402015 -0.998829944444237 0.386307860731368 0.085060798084044 2.36422584185833
-1 0.98764335249385 1.18001120814446 1.36127773804321 1.40569337247483 0.0480263505426284
1 2.24622161241567 -0.132726669224304 0.287903663940792 -1.36259585960269 0.0200169572853755
-1 -0.283624417716275 -0.0931944478440978 -0.0625957856708987 0.159564616997370 1.86670342730155
-1 1.05868216581179 0.934291439218464 -0.412424546363765 0.922381127641732 2.42333288246582
-1 2.16204676683309 0.54600309601429 2.30215253789567 0.724645596900568 1.37137819854563
-1 1.64801388646564 0.500045317417168 0.927669024456083 0.244472239683978 1.86807104166376
-1 -0.165096171264273 1.18184730604619 2.77346644738776 0.370582406952889 1.54339742393473
1 -0.242602765248755 -1.40867689441892 0.281144647662166 -0.962331627147846 0.669689236483971
-1 0.653641205842672 0.608866511616621 1.33112958272818 -0.277518088695179 -0.807800074179646
-1 -0.126704578754237 2.20279538629443 1.82285250048346 -0.00470764109467892 0.540189827335464
-1 -0.402791874652833 1.06281094609724 0.0257162187249538 1.55180567945401 -0.215409618239848
1 -0.974788998633635 -0.371436172805686 1.65738072262773 2.60086139034203 0.336229669224356
1 -1.08971856363166 0.565649309988253 -0.691242540954936 -0.501139608420476 0.746693948060267
1 0.269241134421231 1.26831074882467 -0.411129467652748 2.19774009431988 0.272371496226799
1 1.39638139813381 -0.134058800329764 0.83443932292777 1.0512923818333 0.361368421501306
1 1.27696453304284 -2.10495890394503 1.35968542037931 0.838033810115681 -0.873597904385712
-1 1.23779042742629 1.49182725166398 1.83317829044270 0.534587254367651 -0.185570132468913
-1 -0.501243220092858 1.33632182658720 1.67363284214887 -0.299537266542731 1.42896630856001
-1 1.90148143763472 0.579892450261399 1.34003265131415 0.262689468124671 1.14293439900324
1 -1.18533338380462 -0.435504684422266 1.04493775718427 -0.555113684072205 -0.782983629451383
1 0.280647096931592 0.752948024435396 -0.00704505351215893 -0.815988479587556 0.0713160707116531
-1 1.04405622162693 -0.515937729102846 1.24957583471061 0.681164280951299 0.873885424506015
1 1.08104668728309 0.353907706816193 -0.501572905199430 1.05102858578843 -0.99512360196393
-1 -0.269835035784769 2.00621662250669 2.05860733537881 1.67795741194533 2.22092724351898
-1 -0.221220282188655 1.70899126888417 1.17029347423399 0.527636632611624 1.11184036725646
1 0.589797812789921 -0.143496329307838 0.958339733989732 0.405927093718592 1.32057349514833
-1 0.96295351537892 0.141478863028823 0.238740640578094 1.58614827290158 1.65840508019028
1 1.17107731558412 0.0605151926618088 0.187542895442535 1.13998768064867 -2.32212441103195
1 0.558271807704511 0.26580248055315 0.97852128056989 0.574888418675461 -0.625840626150023
-1 -0.143120437450954 0.906439625191465 0.105851755540865 0.0455337642836898 1.55612481403506
1 -1.07926918221758 1.45353903689766 -0.721113647134313 -0.907728382690704 1.58074276019889
-1 2.92807467349323 0.484219929165536 0.883156379604956 0.818926480599685 1.8636095422644
-1 1.31993891018457 -0.568456489525286 0.300475159116844 -0.725214995934851 -0.218343634674614
1 -0.717264578392293 0.180279896611345 0.392452853502548 0.0315638521536067 0.531877802188115
-1 0.485099705644567 1.44249580927975 0.371850653244176 0.289129857584415 -0.973389431538274
1 2.03287002722580 -1.04097936903248 0.183995380267344 -0.518702346231175 0.23975570185766
1 1.39021259820218 1.27747007248328 1.06434706151441 -0.219197388286161 -0.416099270844377
-1 -0.0172885761879169 1.36063664453914 -1.10226705674335 0.589920520673645 0.645992663908685
-1 -0.590586841129349 1.51547431094275 -0.0955798559286535 1.72430095302720 0.371557110419132
-1 1.25790903483307 0.483587530188972 0.278405802104065 1.45708590180374 0.510899603808313
1 -0.263319699526168 -0.593876875434503 -1.04589880369775 -0.0320518783502852 -0.149045754524928
1 -0.628486174739763 -2.44252418678933 0.348677223676998 0.84750508264096 0.0197671146294863
1 -1.19703572136154 -0.367774761572775 -0.0619253991776876 -1.82020174369317 -0.397207448170663
1 -1.33698234576268 -0.564216849301005 -0.266871788654143 -0.494631003531011 2.70746219797522
1 -1.10517736334835 -1.16394169549128 -0.196595109628028 0.201366605098954 0.031698503390206
-1 1.16807940416595 1.61740530922940 -0.277196420756647 -0.352057003692892 1.10420677482134
1 -0.200841640041684 -1.37966902375379 -0.295686812668715 -0.355646612711145 -0.247786834172201
1 1.01438227196098 0.294086621438516 -0.0253053287147935 -0.418648558719531 -0.754688098361741
1 -1.56126245087794 1.1789511182026 -1.10009899203262 -1.36921972172068 0.649166762558076
-1 0.408512122141594 0.591563722593355 0.481549787079847 1.29096219227202 0.128920027631698
-1 -0.413565786656757 0.595120980413108 -0.327099315505622 0.229678014619582 0.133929986083088
-1 1.16309081167248 0.64140241791844 2.80987266351359 2.32310733599383 -0.362831238360017
-1 1.51777736490366 0.799448793583387 -0.780693138130648 1.81755123892572 1.75988119597902
-1 3.31711453834035 2.39906888847003 1.11854717428125 0.582205286981228 1.12965399576921
-1 0.587043719843025 2.62792204292433 -0.437763665559021 -0.716405024993907 3.00147065807417
-1 0.031558971035491 -0.00910845716445075 0.705291690102074 1.05379085104900 0.0393123441138905
-1 3.66460153202876 2.32579800025395 2.32735786446569 1.87894927024885 -0.0826638541025089
-1 0.88618458868439 0.852391288869451 -0.0533282931954437 0.868518192833404 1.25905527561588
-1 1.14905117472813 1.52659631857475 0.524768617147807 1.82561373109199 0.309548152014649
-1 1.70444158097739 -0.249229912407953 0.838269748739215 0.944944014306116 0.936895849722032
1 0.99343911878115 -0.315189979000766 0.0275784446367009 0.638600924520688 -1.57973094723391
1 1.60597809090450 -0.696456698282412 -1.17726441421399 1.03696036867641 -0.610160386799149
1 -1.55493876152148 0.262324609244463 1.02839339856619 -0.375720239754631 0.53089096746901
-1 1.25639696822837 1.40874981818455 0.958247412571999 0.344795653045826 2.42908532503703
1 -0.578010417337685 -0.230084440568171 0.531356634813448 -0.147475858936417 -0.632097392647523
-1 1.63984508945898 -0.586764422428254 0.498823728986747 0.579306447051509 0.137297719165165
1 2.12018160618085 -0.0618148840838343 0.597028924369121 0.846569134873034 0.434356147256352
-1 3.29898858047719 1.90470796504851 0.669101277766868 -0.258052455957925 1.66400300202817
1 2.59260638008463 -0.737930257286744 0.0937301813250037 -1.14185344047956 -0.129949664513122
1 -0.431371334882310 1.45102009877429 0.316832499108598 0.485403961831654 -1.46638682978496
1 0.511737112926032 0.147568037631304 0.387744421846964 -0.94123679931474 0.161876088710237
-1 0.6252705832037 0.722654600126689 3.21144465463320 1.53162310819088 -1.12378408406798
-1 0.0642047297571667 -0.323689029238101 1.84702775073853 0.184461448678319 0.685049955790202
-1 0.130996152865646 0.705727187197122 -0.67131633725845 1.37154130757485 0.653724997861446
-1 -1.50373765928893 -0.683778754260867 1.17384403276599 2.17370424158683 1.52247619184116
-1 0.382556308389217 0.721359474218005 1.80170950750873 1.42452537393061 -0.393621427283029
-1 1.90808415465964 0.0273412836701760 1.2148358002285 2.22784052815507 1.71212475120060
-1 0.878105520746913 0.634626238308807 0.745166054293546 1.56144550903657 0.284579704127671
-1 1.79412004792110 1.18871149441683 1.91081180877712 0.866146102004398 1.71844463604617
-1 1.70668547270239 1.08171260405215 0.888827857498082 1.92430914181819 0.319402219049954
-1 1.30405063467874 0.149966639746881 2.97206026778075 1.71696621569091 1.45369015039002
1 -0.622886301005674 -0.491147978026212 0.654241068764234 0.90017867956238 -0.959490302382608
1 -0.539479339291535 -1.81118474480723 -1.18952088121091 -1.40460062642938 1.7489578738268
-1 2.39063512975965 1.36358849370633 -0.0302316650802886 -0.0117155873517542 1.64064078386542
1 0.397797829832987 -1.00812124324504 -0.391617236974029 2.52186086093485 -0.479512146418806
1 -0.00767180405404918 -1.54081873217653 -0.103305896046102 0.986031393033697 1.12550036638313
1 1.47496686841675 2.00555091173448 0.183583221080091 0.881385564337636 0.942974443835624
1 -1.42917362348330 0.423095216303183 -1.71676202852072 -0.923954060805223 0.683463421654828
-1 1.99147316056316 1.44669297215199 -0.111677129958773 0.270201286686704 1.25302853126442
1 1.67985674718549 -2.03052175217295 -0.275431019602123 -0.830229399299471 1.34670940200615
1 -1.01908418799514 1.66829391438251 -0.801840736281905 0.337369214749757 0.385150766935065
-1 1.51452267426602 0.762580642415894 -1.75930239416973 -0.230693095400551 -0.773496841803853
1 -0.505978013713194 1.54564727845956 -0.725365176568773 2.68000734187089 0.795367117162715
-1 2.07157707600967 -0.610660083721074 0.354214965480188 0.391488980664138 0.645749748254463
1 -1.8549895164892 0.68624229394316 1.29076500077373 -0.498476411146849 2.13523207068596
1 -0.0457670945293647 1.42262534035606 0.833931680049798 -1.32512750322008 0.268480351416572
-1 -0.209132411896890 0.646004159507387 1.35392688062603 2.03101957454336 0.368091438658532
-1 0.508203277937423 2.66916785844576 -0.559058391106338 1.0776303781804 2.18792917318889
-1 2.35915891114382 1.36253579659040 2.20631996004916 1.26870230404703 1.68718098368558
1 -0.520314714544858 -0.103956156166365 1.31270141394685 1.48289725809078 0.295611407490346
1 0.452590035755654 -1.45686977874293 2.56303335063296 -0.0769549710537233 1.0406769430536
1 -2.00418035459085 -0.124529544618520 0.351830601865032 -1.23718417184079 0.404248101127489
-1 1.25582719326440 0.861447199636176 -0.477074333055418 2.35410603455536 -0.134345487208335
-1 -0.29442533400959 1.33480757649688 0.796393038685095 1.23066442178462 2.62394592366524
-1 0.96185249719453 0.604731998843293 -0.47381453197251 0.769615371882604 0.310344260028003
1 0.170392626033333 -0.602473800287502 -0.765686388201818 -0.285830831069093 -0.0771963744007212
1 -1.10048511355340 -0.47185464294441 -0.86507708018105 -1.79222028422903 -0.572505746147904
-1 -0.305189341489326 0.342249678369766 2.21088902877323 2.05321399192414 1.11117026760753
1 0.252149107931483 -0.64554594008619 0.295693099806066 -0.449544042972122 1.63034641365370
1 -0.35663329731693 -0.673396920629164 -0.208135013710392 0.815800442788411 -0.396362124055682
-1 0.0424577803202419 1.07051740057313 2.10800481829022 1.80019596521878 0.92385135910321
-1 1.97456975640346 1.67215649698666 2.60351045325792 1.37301775848578 1.42372326420944
-1 0.508321994381463 0.56750635764689 0.853203192938607 0.853096006136668 2.61282987338748
-1 1.03153323347360 1.64112301165272 0.855145334429567 1.21311815398781 0.633746091092961
1 1.54865307557591 1.44379877071764 -1.36571983837902 0.670281878081924 1.98688142541312
1 -0.396429909566786 0.510443570493318 -0.92377774842112 -1.02032032541536 0.141691144866702
1 -0.872255218375756 1.42878176804696 -0.348785279435965 -0.629649240178051 -0.00324590256162289
-1 0.0962253082963982 -0.397992282554721 -0.290198432055229 1.41805095005881 -1.01000541823991
-1 1.29578844993792 3.43784768352623 1.75209754379209 0.725978414082483 0.729968551435745
-1 -0.237972205643269 1.05388186551894 2.62811699097221 2.82984465194437 1.61933729954363
-1 2.28410878858061 0.23718736746975 0.678379219562226 -0.413347009813535 0.529402833132516
1 0.217233625954447 -0.569558350013301 1.67173769913988 0.305302468307243 -0.147192512077359
-1 2.03933189621728 1.49069209465699 2.00858293428937 0.830444627514972 0.0484429623054871
1 -0.733192562476045 0.340127807702678 -0.53081119591384 -0.883026022665545 -1.12861320576452
1 -0.0895032342957742 1.65061560990116 1.76317001473802 0.355121990712126 2.7765497671934
1 -0.343259989987984 -0.980722484138985 0.31892602159927 0.937477246694366 0.142878007296613
1 -0.533911860679655 0.233941117052925 -0.111025641350408 1.21850047562051 -0.64320804600765
-1 0.724328371549483 1.14965378171601 1.78312534569968 -0.105425446652271 1.79452509751734
-1 0.6545755992581 0.91054707012189 0.357481507338801 1.29081659475294 0.408849378224783
-1 0.219869993328656 -0.0904900772733462 0.96248235531130 2.08572572136636 0.801455583115762
1 0.959919158067413 0.285741632303416 -0.796888264613035 0.146347982466277 -0.873838532725563
1 0.464134344984337 0.216972053860989 -0.368262070976803 1.69022349886166 0.193744316948226
1 -0.516916886467729 1.97960596877660 0.62711669089492 -0.162663991167356 -0.780929134810154
1 0.214163034043581 0.266110809005871 -0.552349168700663 -0.187859070265327 0.336567680042984
1 0.235415392823627 -0.430137079290153 -0.416144965731818 -0.513175628571774 -1.64243409344671
-1 0.131140679993757 0.847283501331243 0.276791360770927 0.244129930468742 2.19008743951029
-1 -0.298815254407782 0.0133428071583230 0.431943164822002 2.94626320500203 -0.506829069006129
-1 1.35651034610941 2.14149895244715 -0.80726259438175 0.100858496047291 0.613931309558375
-1 1.42072051417758 2.30004236210063 -1.19294294713138 1.13143003182763 -0.165561799969516
-1 0.291493009085581 1.32950267655447 1.55870189447938 -0.45822251791175 -0.263079663484877
1 0.457483303974132 -0.88110289871378 -0.0397416997954537 0.364680461627786 0.665851634910464
1 -1.59670445482146 0.910789876080199 0.849389373054363 -2.47378030110804 0.737514241024856
-1 0.72878933611859 0.238228230774853 1.22270760153964 1.97249452684525 -0.0602617754871438
-1 1.98832529346146 1.65157413704102 0.431709180806409 0.913140392767748 1.69679751503304
-1 0.438979558325740 1.34680262929285 0.571961625537036 2.06398882593893 2.44771859945207
-1 1.45610450173753 2.41107825502902 0.377163850168723 0.831423210555885 1.04606195624773
1 -0.186112375701145 -0.0689365840138171 -0.182725883535904 0.424957246631372 0.741102984301732
-1 2.03906651071776 0.7715488627972 -0.141989791213791 0.0385535143312746 -1.08677237970576
-1 0.6979589281128 3.16722615078635 0.704880160802236 1.36883811249059 -0.874309101950587
1 0.419815313130112 -0.288752883992093 0.794355044378427 -0.707507569432359 0.678368585416642
-1 0.358052004717885 0.66139060846518 1.15176223708739 0.149063756644962 2.45975864846849
-1 -0.156093270810323 3.35756489277422 -0.54793979856112 0.380201461780186 0.838164057953849
-1 1.80983417785287 0.45304494359246 0.328654817488845 0.961658203874304 -0.833543688859107
1 1.03271241242054 0.251876136689893 1.32497963726765 0.923354986504441 -1.71952893394454
1 -0.67932977157726 -0.104863620697669 -1.46515062240064 0.580904455941972 0.487501635047886
1 -0.37675063827645 -2.12102743568762 1.37185535282957 -0.279938741176402 -0.359102218508687
-1 -0.770831766013438 -0.164709095213105 0.93203106496757 2.31815674002197 0.0889331358080773
-1 3.02084806956219 1.88945672713102 -0.339502544260638 2.62645594098790 1.40785754019590
1 0.530648620327694 -1.18037206254589 1.16573059345545 0.187847789058519 -1.15270572380052
-1 1.19943175006181 0.427374950338314 1.24963361761284 1.54914541214913 1.41315897806216
1 -0.611301309458682 -0.448149331472149 0.0579912792508404 1.86590787211451 1.01551786401751
-1 -0.235844142190682 0.840644604069068 1.54632813361902 -0.388693272919181 1.02398855248310
1 2.81699752005818 -0.279795262107873 0.5901330280207 1.43126592546409 1.95446633409197
1 -1.27453108958494 0.787212936625287 0.03131847050156 -0.731725200155252 0.591026401867699
-1 2.00376878936896 2.44350601316783 0.152438595311218 2.61590910563940 -0.717060195091298
1 0.355276166938354 -0.886926706631343 1.60658666718131 0.0171459532712224 0.970200911639945
-1 1.05464999703916 -1.35035529107825 0.279697017110774 -0.378111044987908 -0.0373234868961212
1 -0.608219073467865 -0.316699142174188 0.799473250116597 -1.54686014605676 1.48870133319469
-1 1.00923353082994 0.126909027361373 1.60275271968160 1.80353731852397 0.505257811459811
1 -0.602253256806471 0.72872411938448 -1.39117687084878 0.876428344940746 0.108590808300137
-1 0.55968650333543 0.351440506414676 3.03425522114324 0.249006045461693 2.88194996710965
-1 -0.0610196570067462 1.71111687478759 2.99430108341473 -0.629599902717851 1.0917139488563
-1 -0.331584134954508 1.14083206533838 0.697104082336295 3.17956975986083 0.525925864025524
-1 0.859020192975853 -0.869538226129523 2.33767461886974 0.900895367747141 0.949520420837292
1 -0.143259716472090 -0.224024944068711 0.428646136288364 1.05703600938322 0.619423199856659
1 -0.429885393716261 1.25852987798885 0.75206607466808 -1.32755673744083 0.869568776877327
-1 -0.268407425642051 1.39278584696156 1.25391703688644 3.06271470806825 -0.636787709925891
1 1.11335673054344 -0.420898045019637 -0.261632697740374 0.851477115442778 0.209925451025435
-1 2.28670773599347 -0.465039721819660 1.15561658804486 1.12366234205301 0.255305418034584
1 -0.757085713296749 -1.46829004251286 1.09730647011873 -0.398549731530924 0.105012499775833
1 -0.96751091387171 1.03045130270930 0.586310617736858 -1.24014251688121 -0.117838112693007
1 -0.735796363457211 0.0400308917198357 1.86159669168363 1.38349005923171 -1.26488986466985
1 -1.69923409403700 -1.23459449495929 -1.72409393447749 1.81580550173682 0.542743921434963
1 -0.351122018322478 -1.27168972670279 0.0530451271260435 -0.524632323412504 1.14161341857796
-1 1.54540010183483 0.507616110775579 -1.77814791041609 1.71361043845036 -0.84481975426757
-1 -0.914456760588365 0.859080076027533 1.94343711402235 -0.126404917149484 -0.566411510995802
-1 -0.632291531923841 1.48314811934064 0.382873096562330 1.39757764538705 1.25264210799402
1 0.679939282323436 0.241279416372514 0.306092235202529 -0.555840907171629 1.30241719432954
1 0.187005574602287 0.635215331611805 -0.839736795796898 -0.193820722362394 -1.05265903123496
1 1.71149362555021 -0.533433014193682 0.224251570972337 0.322553797095933 -1.09808758389649
-1 1.79760377358954 0.783121205859447 1.35288441725667 2.68602121279127 0.704525437775082
-1 2.12771767897037 2.13825414431541 -0.196076900443584 1.13230365149785 1.00100508472934
1 -0.24126275552016 -1.45656582209777 -1.81173465075569 0.82432773377443 -1.11914853939796
1 -0.611198892846051 -1.04884250210242 -0.876119982006901 -1.52853617676382 -0.206000606377427
-1 1.09313980186071 1.50516448191799 0.240560028237677 3.40414221768485 1.2962787083508
1 -0.786978678483379 0.093945461711517 0.205366648660826 -0.941157372648797 0.985786470317213
1 0.234446683529174 -0.426537386482793 -1.78862359962291 -1.10146053091844 -0.538460607862433
1 0.595653780913881 -1.34002564882352 1.38244953089066 0.0550050334039467 0.57181255834631
1 -2.30762435885525 0.567858189776891 0.954608510609841 0.999837019476392 -0.693072459396483
-1 0.453488001269205 0.531122625940503 0.795820884383456 2.06404230703071 0.520615238611185
1 -0.531866974663576 0.766854759955095 -1.25938875740823 -0.453515102561547 -1.15660060889013
1 1.67277685480097 -0.907839661013434 -0.309287801506722 0.595439360860154 -0.362312057900548
1 -0.497122830018572 -0.0984470587349643 0.921058130876184 -1.71498558265683 -1.77715866132303
-1 1.44000624705606 0.717386780214773 1.93822241884398 -0.308862358531584 1.81107817354926
-1 -0.884608307714365 0.591650725039352 1.05011326797620 0.320893139677535 -0.341004372583603
1 1.45722272056724 0.0727876901867223 1.13237789468467 0.9476462152782 -2.14896893495788
1 -1.97293339657802 -0.906194182570071 -0.466635520049895 -0.389179483181841 -0.615065575867085
-1 2.03750694659853 0.534713238149948 -0.777692717886753 2.15440389736091 0.827317561282168
-1 1.93641531127957 0.270978244305947 1.58644641922132 1.55314449950205 2.22572032900929
1 -1.69549624438474 2.09662295319421 -1.58617787613746 -0.164032430272677 -1.25980673937738
1 -0.756773894298028 -1.50770723994154 0.089477940972257 -0.115886174702727 0.939021225373683
1 -0.458389621691906 -1.02750724206181 1.28307726467597 0.914758834361477 0.768798539701005
-1 2.52069770650619 1.17266534755935 1.94914148676759 0.597059396281825 2.58132101019092
1 0.372093096307966 0.691023468398682 1.12004125463753 1.22462855481737 0.682249471392433
-1 0.0636530045741808 0.405366177968277 0.452726946861432 0.514167417026936 0.85032063587401
1 0.941933464299788 0.0148747206363401 0.140084923517089 0.399546372532346 0.439259804036707
1 0.227663037505163 -1.68127592623670 0.901078408566058 0.214497096877648 0.104792328928933
-1 -0.25228187781352 0.959627989879653 0.435857212283989 -0.000874228822560053 1.40829925698343
1 1.21820140822669 0.604239460587017 -0.333828731840993 -0.652139291337082 -0.394481326548222
1 0.784751202971496 -0.320012629937665 -1.67605956672538 -1.09563740259307 0.587660165357782
-1 0.925878811329376 1.41604129422555 1.05422902390730 0.0179478227073172 1.74421050561187
-1 1.07538793628331 1.18654671114980 2.22100672268496 -0.295627093925576 1.71568325259439
-1 1.70276804235187 0.659131730212149 2.89497856439654 0.801292801256166 2.06706227936403
1 1.58602802670974 1.27629804540867 0.194036708534566 0.0743349045828902 -0.331673542419154
-1 2.8619639255948 -0.582066170897509 0.00321183738240816 0.766311589243987 0.504763043311748
1 0.120336584697054 -0.142935291639734 0.011136590215168 -0.304264499551365 1.39452122403720
-1 -0.460138565685896 0.747598495428991 -0.220464463266906 0.47288378590376 2.47840587857561
-1 0.637186918087449 -0.240284584007755 0.599028471891693 0.165158099282383 0.0479353446265078
-1 -0.154097279320686 1.92919151272214 1.35181844966644 1.19123741610166 -0.0974893292793287
1 0.480505962891228 -0.890570498285987 0.972700599898087 1.09458424225839 1.73160339858307
1 -0.836993775384999 0.636075912275901 -0.155879424178769 1.91999350957037 0.217163454211680
1 0.743791705465954 1.06589220466967 1.81890156307837 0.0745043729873268 -0.720511081880183
-1 0.248431180239198 1.33377502839729 1.95501229069501 1.04686158091080 2.38210323160901
-1 -0.0282655737314425 0.736332353070411 0.300344858201627 1.36981179053111 1.43278494653322
-1 1.27782031460528 2.09164728128285 0.796466171412102 -0.269958106307592 1.05591916226757
-1 -0.251032636771857 1.37921862550403 -0.322863588092488 -0.979041403997623 -0.892503051214997
1 0.7724855883393 -1.10548114505384 -1.21888619469551 -1.35303393040697 -1.14598338647345
1 -1.47325545891188 -0.299479708787356 -1.50712799490389 -1.57533226005204 0.339997602600046
-1 0.658261238584162 0.494719751371427 1.05217371852023 2.12558674229950 1.35471426954174
-1 1.69950151845854 0.889141792424253 0.551572807122041 1.40097158617906 1.86369926369545
1 0.447804683481019 0.351442063170733 -0.376533564936081 0.576419957357238 -1.32837358988104
1 -0.947904524304871 1.11391730142005 0.558795968901612 1.91632669730996 0.92724086596134
1 -0.206135051157583 -0.425829303274137 -0.740451324454291 1.07216538964747 -0.315304958283119
1 1.11107856319609 0.523261189776469 0.359061558895799 1.29990113992234 -0.758649094754532
1 -0.778888399111049 -0.225095405393008 0.445909120234789 2.22544311297878 0.259252363955792
1 1.96493220002094 -1.11902795132692 0.00132662593187335 1.3730649085341 -0.146113359881282
-1 0.23641728044636 -0.49133610350386 0.061973736302311 3.15502170803542 2.79792232857417
1 -1.7980351025212 -0.55194857026792 -1.22875927606386 -0.577011145121487 0.163392276236015
1 -0.160457708716465 -0.892861351960486 -0.896817303491255 -0.636156146137882 0.0957807058171175
-1 0.77759140937058 3.82783637975894 0.51476992379932 1.25753572819149 1.25483137303681
1 -0.474517727691596 0.0463368975089054 1.31407428201902 -0.314998708799419 -0.671859095456601
-1 1.01328427121313 0.383202826991762 1.96803680389255 0.143976848889076 2.24349837484435
1 -0.761267968997612 1.75081340289795 -0.637079477252205 -0.083839048710758 -0.51822059196877
1 -1.73126739657941 -0.319918543267141 -1.58808004280761 -0.855520077264596 -1.53021291275829
-1 1.20540551102394 1.74665338687653 0.409183380898158 -0.151040385276917 1.70312174933745
1 -0.07272257954951 1.65427211436367 -0.126496648110773 -1.40555049408660 2.19451534941410
1 -0.405233391340719 -1.18875957501842 0.196039376505113 -0.660496987901453 -1.73867850392245
1 0.455880536639398 0.556852528711076 -0.331501804041438 0.989145214774907 1.14564335394059
-1 -0.0421837923316756 0.608709838109566 2.44965844809008 -0.151182758540819 1.67088664965355
-1 2.15447837357498 1.43075815931113 0.0351063813197918 -0.706361638718196 0.606729851301467
-1 0.438886817036084 0.985914800337782 1.13097590572872 1.48414570187646 0.272359600666488
-1 2.36455674784887 1.17454127635906 -0.893426632743369 0.900867221033327 2.51431750429033
-1 -0.755021003258688 -0.277782643381707 1.65196309553019 -0.264937806809616 1.76524177024389
-1 0.0230722846601553 2.36416626710651 1.98378302052371 2.18568802200955 2.03556972795373
1 -0.266137548907284 -1.0156428409735 0.333188775315888 -0.800529050748072 0.876016312438455
1 0.714027347867855 1.90362530907911 0.478143049802046 -2.38432671783678 1.51525670590239
1 2.28206797497207 0.637961115611922 0.081162157637352 1.37511990520178 -1.29500592720782
-1 2.23633395517914 0.753919260233366 0.915956384737792 2.14419797625038 1.92035783386307
1 0.226850305284884 -0.136522006638026 -2.20767370292147 -1.0956303859838 0.842375741325098
1 0.123659025796113 0.828408656509809 -0.861987702568535 -1.31887497076893 0.139917447596877
-1 2.61627066836317 1.59660653856223 2.01374140452217 3.11077086683955 1.20543120632859
-1 1.87281328287687 2.19861080040926 0.614282358878166 0.814584146187689 0.0868521573380407
1 -2.29535299186802 -0.253941829056042 0.537945170226091 -0.0201647543781833 -1.20800535588786
1 0.0246476786096174 -0.0957670988515643 -0.506316522185857 -0.882223514567078 -0.210940927951631
-1 -0.534406509986317 -0.330657166416174 -0.36432213400469 2.33948475060178 1.19016721415827
1 0.429859003267083 -0.140855561895736 1.49829764637018 -0.795711192841982 -0.437819479439045
-1 -0.0349749420598193 0.422642263122050 1.70931673158764 0.458676478165693 1.14875673525517
1 0.0523595934124306 0.958280588090008 1.58407106061770 -0.240094804116880 1.48455890864571
-1 2.1366826209054 0.96073028771948 0.470045927928841 1.61309581924870 -1.26726509176772
1 -0.977092964953503 3.13419392105989 -0.546813251226635 -0.69684185633295 1.50223067857919
-1 0.385525478037442 -0.391615211318958 1.11354685260879 1.60480212838394 0.998619096765022
1 0.277381745045781 -1.13789882689463 -1.83962128898495 -1.10502454719226 -0.564897045391372
-1 2.63466311927731 -0.0444749413184273 1.52499586383817 0.667438209286525 0.147332019368159
1 0.186053599192773 0.826251673328184 0.104438851286548 -0.560979178747864 0.376735485220541
1 1.22681319989843 -1.06390947315982 0.900590049568702 -0.163141443897788 -0.80890232823226
-1 1.01593290372098 1.35665548323108 2.11229151230106 -0.259480105284231 1.78293035389005
-1 2.62065745069221 1.82778333422647 0.981960400302394 0.499054491237589 1.67405966333700
-1 1.47046734611841 -0.0656611585437966 0.662891854546766 -0.999424479183125 1.23694942467722
1 1.3918954433853 1.81457920217954 0.142226574315705 -0.0976026270471348 -0.788536166273475
-1 0.529782434331093 -0.636736519173869 -1.04781303365782 -0.223241270893433 0.394873469833767
1 0.5842400441221 -0.440681887247944 0.169224258630273 1.71741163676004 -0.547732482549353
-1 -0.0776124311624098 -0.63151957826148 -0.106571948183894 1.60837982391174 0.217498541302886
-1 0.466205849561533 -0.64340416262747 1.27346121972320 1.02256376650943 0.844000295282349
1 -0.0780489666853418 -1.60703555542953 -1.36314056543872 1.12885975148148 0.269110804163984
-1 0.445167695060924 1.67566975082203 2.25007260775998 0.535122511454384 1.40839625028504
-1 1.62748825464490 0.749069628508341 0.692019297506212 2.08018143874201 1.98100402822810
-1 0.478237626107152 1.67668987291934 1.32848610009857 -0.108781389659743 0.0657040469963941
1 -0.48246620596316 -1.46662873916684 -0.476796352451837 -0.0123957010748369 -1.27927452365194
-1 0.349685110545055 1.74915768744720 -1.81081253193105 -0.583213460661174 -0.712711795193748
1 -0.847325170838953 0.456956052781124 -0.961849893689505 -0.0858431518574566 -0.0355523657669375
1 -1.42178099587385 -0.311904477118344 -0.128694731960983 0.360537224103088 0.503806202832984
-1 0.41086128964973 0.58543979488116 1.00674035104593 1.91099940970052 0.299825769040571
1 1.25577553887297 -1.46311990538446 1.17388028390442 -1.42726436093682 -3.09964579714913
1 0.292957943060429 -0.650704027967441 2.75324893882632 1.31131897658082 -1.33078091134993
-1 -0.00723309547804596 1.73237056686573 2.10683116988571 0.826978438929226 2.42268090529891
-1 0.147173352146405 1.12313667818643 1.56577131502586 -0.694502984664486 0.894790211933677
-1 1.28790641921139 1.32918348709101 1.61408449295126 1.62442212846235 2.50083774023792
1 1.73738593070185 1.16461612900931 0.575485963030584 1.21307258403062 1.08956731454143
1 0.879444358112502 0.588431175951977 1.13811635405076 2.41507636148729 -0.258070284941448
1 -0.203366830267862 -0.452350322078705 -0.83712221975319 -0.326285750834056 0.634892697076307
-1 0.214111656915853 1.02848195813784 2.07167315832767 1.43977684969221 0.572046018560443
1 1.37170105059293 0.27479659982106 -1.12537487647646 2.44144343763377 1.27660706397683
-1 -0.602910675154372 0.0372175323614359 0.760090732434396 0.692158809942037 -0.06263039331151
-1 2.53415783142832 1.58345610847737 1.85383624619134 0.80555949105589 0.0392983785178311
1 -0.189697238805796 -1.18578299829684 0.920931428361442 1.26154003448628 -0.168470281888649
1 0.518095305985905 1.39674534016165 -0.123164187042870 1.20066970531292 0.614762948671511
1 -0.429965724485431 -0.087214466391294 1.59267769784626 -1.29567565833247 0.187044440677368
