500
5
1 1.19287762660085 0.768602610111057 -1.30512377496377 0.397844509451757 -0.32467108914499
1 -0.309970017085239 -0.0282336600991634 0.497753280240444 -0.658597149265701 -1.01858147146715
-1 1.86004367999861 -0.0932893887631315 2.25782210646375 1.15421886606992 1.85408789963695
1 1.14831036811104 0.293744197315284 0.833196393223152 -0.421189474390619 0.0897456660049376
1 -0.235561505273364 0.169077904311035 0.081668577001588 -0.27066084733982 -0.00852482096656927
-1 0.0458718759102199 1.10536785200422 -0.149913545659645 1.29900371215844 0.252908417210632
-1 1.95191926629854 -0.285010152200467 2.00729172980217 1.65771426931358 1.83045575292239
1 0.385993055217294 0.181031267874384 -0.295921832885347 0.271108789671764 1.55464590290914
-1 1.35741943424692 0.923884871449897 -0.829986990204983 0.92664007022208 1.22883112965138
1 0.898977114037657 1.07450984167097 0.0821175328803238 1.83541292512768 -0.116403153303196
1 -2.16233750412407 0.424763051305279 -0.0379000615694635 -0.902398999650536 -1.78641626273749
-1 2.24345307858612 0.679796968601391 0.405456619943602 1.10690171419413 0.098832100043944
1 0.848864575116479 -0.963228732528126 -1.46674860308065 -1.96254043306745 -0.306374366445374
-1 2.16995349495345 2.1450765640442 1.45849512885895 1.08459514081188 -0.67355779076204
-1 0.067477893148283 0.108531729332394 -1.70676188921361 0.531116449495282 0.117485541230642
1 -1.38153159070317 -1.07848074883773 1.79141394351266 0.369489062855988 -0.467471704498551
-1 0.778082561997862 0.791142365957082 0.391642752316739 0.316812568312287 -0.725983844862041
1 -0.827923428658908 -1.03979396915330 0.738322648323903 0.725794484546666 0.973422724657068
-1 0.375365238452123 0.447811220311225 1.10244496690179 0.385184616915672 0.703798299685498
-1 1.23999119615730 0.507950301057168 0.896646382295126 1.87689691110859 0.739168627608191
1 1.19777544679188 2.4727723225494 -0.542942395769804 0.565628542503621 -0.439268913381305
-1 1.81420678918053 0.790446337906844 0.319960217359661 2.16240757998299 1.59870451467532
1 0.363483845858172 0.217025292017769 -0.464357262188827 1.50410558155565 -0.367903348642207
-1 -0.25802740137513 2.14647877529194 1.47034257456567 -0.59736700293095 1.94148532019784
-1 0.885230724278265 1.11707071530705 1.93895938487849 2.48503279360810 2.19123556263541
1 -1.42685431290465 -0.274426281373314 0.0525414595058068 1.66209029280031 0.229047038823233
-1 -0.740176752152145 0.883464399959157 2.04208904341105 1.29952259403965 0.335501475779439
-1 1.21775069285279 0.892270558278243 1.47372555014579 0.917263504790875 1.52498470192404
1 -0.933974077348884 -0.317850862169377 -0.444479553568628 -0.924474033162352 1.47959015263119
1 1.75176348390669 -1.08680883788118 0.540875142429515 -0.633579943967646 0.0494221421396416
-1 -0.248490057147036 0.47642386799201 1.41869811334062 0.656832602688007 0.479628543417246
-1 1.78997243233710 1.42644138284391 0.273032489689268 1.07832105076376 0.768824454409541
1 1.04520070812349 -1.70191962915361 0.296355037017668 0.130775829331869 -0.109149774695104
1 -0.425224775750304 -1.12667226051811 -0.00057019964190633 -0.276727352147808 0.375048162077052
1 -0.0132879455238185 0.922135308773554 0.771242573700042 -1.33573867451423 0.910951867910884
-1 0.74997382822788 1.28993665488350 1.94073751578399 2.24461970389944 -1.51279932468856
-1 2.03787988309703 0.736062837244687 0.733388994036467 0.186386805451841 1.66311926207816
-1 1.24720608635961 0.803202642001015 1.42114812618392 0.124199413339874 2.24071822869174
-1 0.478738877155254 1.91752319183269 0.731585659584356 1.64116422491596 1.01534996187155
-1 -0.257527219438151 1.69888732445016 -0.652257003838768 2.71509775771692 0.528557741577791
1 0.692657312717046 0.00239596461655576 0.359709441444677 -2.42590669563251 1.13684568185384
1 -1.75614250719560 -1.7023527578424 1.33245993225665 0.526462327130957 1.36460022116554
-1 2.50516880141424 -0.0565752603913673 1.89571675914523 1.10848411831720 -1.33374608524819
-1 2.05917825855818 0.839160680704878 -0.4070919447498 1.91889030526837 1.76901838729476
1 -1.19582972694713 0.408955458680503 -1.14753757853088 -0.116879660731198 0.285936827166108
1 -0.0827769939342283 -1.61408516538791 -0.784809252809131 -0.419599394010166 0.436229464714275
-1 1.14016692073387 1.31881544618873 1.21864051901039 -0.201320334902329 0.990553043034782
1 0.591838559255577 -0.597209793677571 0.357987205898470 0.279786734844872 0.9207242576525
1 0.623626728893843 -2.83554204892254 -2.18498651594748 0.83684231131241 -0.607421307460145
1 1.06217646658706 -0.0523008021197597 1.00161116286009 -1.03894663215401 -0.151726117131933
1 0.75597695571996 -0.369797005821689 -0.738517295406793 -0.00728620052794316 -0.321008886189832
1 2.0375318398543 0.135340812513596 -0.0357733292412854 -0.412370349215960 -2.14847278708153
1 0.843168624449614 -1.19709756334577 0.891257769430102 0.359799234920943 -1.01755691245434
1 2.42110988145107 -0.0826048364159247 2.0262762861467 0.360964921805673 1.30305383472303
-1 1.45532232703985 1.16471600223202 -0.648884579180909 0.158369778633552 0.745855780850498
1 -0.0579992440557321 -1.23310852880363 1.87058503065174 -0.452965074711304 1.5460099779691
-1 3.00355342791803 0.0893597673080802 0.431071322295336 2.44115898267636 0.364816381676179
-1 -0.276002292579366 0.338662056439525 1.80281306581174 2.53550950769721 1.40401599459101
-1 0.73065875430309 0.88920512778304 0.636829112662333 1.34995750101576 0.505737317937696
-1 1.23586082388615 -0.554328571280234 -0.320775341507014 0.0797560669308965 -0.257067127773255
1 0.767959534042456 -0.426907071707989 -0.388420859366969 -0.0849731285537621 -0.65823836154694
1 0.399812652506568 -1.28779497972307 -0.459212360798864 1.09651728230881 0.128768434186500
1 -0.281818077616309 -0.693222741789755 -0.411196445429461 -1.11689017634681 -2.22866764403901
-1 1.47834723937988 0.646014082540652 0.207578458296020 0.93551835918304 -0.280472281305266
-1 0.142476341925466 1.19865016675505 1.00507197707637 -0.42950257001661 1.19633865612820
-1 1.22637474131112 0.881455112989005 1.33401922103593 0.724358089574 1.64080347838018
1 0.650723429044277 -1.30372112973416 -0.102707404165271 -0.58030236830136 -1.51309490600855
1 -1.85092236856754 0.982983954958854 0.0605745762450708 -0.697495373033351 -0.539707065258786
-1 -0.380379829916131 1.49877148325441 0.499290763679725 1.42072557277726 0.421774599060632
1 1.71336407925800 0.508053206245427 -0.648569754604453 -1.91680526287699 0.0312259625978256
-1 1.73760848651967 1.12900553751135 0.155412744413442 1.1810724245499 -0.203418327763493
-1 -0.209842569158089 1.85054559867658 1.32425627010555 0.176860847864747 -0.468687670403336
-1 2.20590499225659 -0.406868893285401 2.28086078726247 1.23769444123312 -0.631851009839332
1 -1.49075386376001 -0.202207402142483 0.934945882092244 1.07451840946987 -0.579242297016408
-1 -1.23966509464939 0.954482154105944 2.30176771809295 0.406748867124819 1.73581425480856
1 -1.04340155507676 0.339732094300802 -0.782659983212943 0.0597201331689445 -0.125356933327332
1 0.976780764269959 -0.0160601461625198 -0.733164917253872 -0.372258138529699 -0.501695086568187
1 0.045451038326094 0.44589895731646 0.476392382564591 1.11819098031011 -0.446006615425037
1 -0.763643713338763 1.52048922081484 0.271562744585175 2.82055497407014 0.58358861271948
-1 1.66915164967604 1.28696985793978 -0.569353105298299 0.380806864985461 1.30778726446672
1 -0.478853273897793 -0.359641553625601 0.103396230512431 -0.928430023555869 0.767759578481624
1 -0.308930559955877 -0.901207962283409 0.810511588133764 0.829620275363137 1.07766429943958
1 0.263956215839703 -1.13778398985755 1.23284475053279 -0.414518771237792 -0.98191653347451
-1 0.947907638848 -0.0654457703621053 1.6985323028063 -1.52271257588607 2.46235051386581
1 -0.910700216926672 -0.407717881115466 -0.71267994517106 -1.92361910994394 0.936274206121818
-1 0.723550488326609 2.06984034413547 0.139961116750324 -0.0639968548481059 0.701556865763435
-1 1.13020341963801 3.28492597061553 0.848210246646238 1.18059482831000 2.07674408418310
1 -2.08587561403936 1.33373136174511 2.99145782733473 -0.741087992477576 -0.658938689992729
-1 -0.387621971650872 0.85382933484583 1.01402037551597 0.809956821269358 0.331936883025407
1 0.860346051406035 0.302321956005534 2.12386450663960 0.944876643964569 0.093135836958975
-1 0.74660355463656 3.12172320988999 -0.125914023079711 2.61268856526576 -0.310999053319701
-1 0.427096120700455 0.766304912263788 1.85487545542919 0.038815505434439 0.372148147522417
1 -0.949648605981513 0.119854900480941 1.39816455679812 1.87114533252817 0.718791317363059
-1 1.5541571920951 0.0866217238288818 1.14051195062551 -0.574351424466457 0.943088020037057
-1 0.306298772343699 0.591538640008178 2.01423039096225 1.18958606354107 2.05103632754011
-1 0.769595478259711 1.42117462803110 1.24616308174748 0.655722396622359 0.659007160804888
-1 0.383857553994899 0.911464741706915 0.317711284578263 1.29473619141755 -0.177397651513245
1 0.940200900374421 -1.79226539648930 0.0141920054727056 0.419705859790599 1.71261463221412
-1 0.979653075706529 0.527865248599439 -0.47967199248002 0.431240121865344 0.995553588168688
1 -2.02155918914148 0.626264062271695 -0.882768610280332 -0.875007440535622 1.89387436060740
1 0.103994974495521 -0.252387449702862 0.0165900013903006 -1.72607108196206 -0.679263324870763
-1 -0.0311460329245902 0.502883955566957 1.73816212467064 1.53308236205860 -1.60241564244726
1 -0.498191547526194 -0.227121840716857 -1.32281236463099 -0.163713765542986 0.138994150462115
-1 1.92110901794000 0.857038358746924 2.34247059084605 1.10931576707305 1.75953825420377
1 0.684790961786317 2.15003557172924 0.129649053974128 0.471489157774989 -0.330630587535465
-1 2.11965831409392 2.62572726360685 0.416561972818754 -0.0611521113573903 1.20512017317521
1 0.513731349181834 -0.324762645191148 -1.32992723847943 -0.9920367883337 -0.142428090186037
-1 2.00885043708243 2.15480664648498 1.50472898624287 2.23387011109774 -0.043358645822655
1 0.949473791175643 0.0101909152372138 0.335482869080794 0.0611340669248319 0.891554045085786
-1 2.24604136472605 0.254551732150676 0.0961520707227774 1.67541808399781 1.83964142147231
1 -0.181461934501925 0.94978944195133 -0.763398188138923 -0.151796292419008 0.82424349917498
-1 1.59512022875470 -0.202236676311853 0.52435115314478 0.0569517053766337 1.09339460645814
1 0.527369722179698 -0.976743361819091 0.793081725517756 0.162278453228277 0.827538090418497
1 0.204824345780679 0.484459338009612 -0.224186861436175 -0.0173104586332196 -1.00219387533241
1 1.71962297664674 -0.562391378345776 -0.858907963908346 -1.26892527359502 1.26602427288907
-1 -0.515380190232417 -0.978932899908452 1.37223301734438 1.02506971836946 1.50298758201886
1 1.46856212356398 1.39671188179245 0.807152490487246 -0.0976586058502814 -0.0211285721464801
-1 0.114828424688426 1.34223079742267 2.25032414778639 0.995079113095769 0.516289365874135
-1 -0.315738106787312 -0.357657089874062 1.25005252297502 -0.458816907950151 0.329167323679726
-1 1.19113423850083 1.46565142548178 1.00147659326043 1.85323482377355 -0.0773935327768547
1 -0.0690350650573787 -0.195926688449489 1.97155288117056 0.219507998189991 -0.504881635325146
-1 2.44478279343507 0.67845718597117 0.306067812952915 -0.0178306101262905 1.81862839703272
1 1.24370505065369 -1.26857563138577 -0.761890666182896 1.29250215028732 0.0954613234769338
-1 0.292239075677754 1.07095064725467 1.67608880730594 -1.93550954055041 1.37314742975159
1 -1.28016602854092 -1.12193726851331 -0.365964724341202 1.29198881119498 1.72225906979069
1 0.200413765207672 0.378156616721636 0.435321373344448 0.219594396422052 -0.69434563810168
1 -1.19426887288447 -0.416376041533654 -2.77383837047213 1.64772257566632 -0.614869635052491
1 -0.567724385108075 2.21401421590999 0.409417444368543 -1.34744918394919 -0.182894564433983
1 0.778637190523589 0.0843423193285706 -1.05337893548405 0.295579231858941 -0.497494393223949
-1 -0.239122866315475 1.10340891360937 1.18531515258156 -0.182255653245907 2.80818208246035
1 -0.952489667574547 -0.352833789768969 -1.56076978550171 -0.35758196218806 0.501550431614481
1 -1.26732761375738 0.35088505100353 -0.705391943138652 0.513893117117945 1.00192548112898
1 1.31382201580221 -1.15346275685336 -0.0489492364102242 -0.483022132895515 0.317054056534689
-1 0.716814801087817 1.95702324123071 0.496734298871856 1.83394995006479 0.525326036540197
-1 1.04914865861499 -0.172853478856094 1.19650783011175 -0.303518866495804 0.678461728357315
-1 2.49708622517296 -0.402327011920968 0.836258208345069 1.21763131894238 1.59675071763947
1 1.38515204704199 -0.064167612096094 -0.362810758005161 1.17246473249110 1.20942140086528
1 0.371773512943993 -0.484081947029788 -1.36160595263848 0.378254806597096 0.50449714905149
1 -0.501945433650818 0.749387999517141 1.19671512445767 -0.787898511585932 1.31177718315406
-1 0.424853358705523 2.07654303023732 -0.00725877716119616 -1.05763418969036 0.481973283651383
1 1.61594276790933 0.190637514472006 -0.696829075285269 -1.54741549344366 0.128779104464650
1 -0.00294972407647962 0.462206791559157 0.202439523855239 -1.26178974995301 -0.357841317259317
-1 0.730646967276495 1.41132574036930 0.231497775815236 1.72238671256442 0.310453177129595
1 -2.14223131415128 1.86800022695024 -0.451296570641639 -0.740588631017209 1.19974079230737
-1 -0.283926346506899 0.134953169053708 -0.617239090273284 1.11134224699499 0.417139978405607
1 0.185424732325444 1.73389712700236 -0.249340001307775 -0.440777251146542 0.131532654674565
-1 3.37576043291046 0.315471315345764 1.94845259348584 3.40935362624944 -0.0131414894546805
1 -0.0852054048228618 0.0207960001990563 -0.778725952098522 0.649436567063932 0.0151857383016397
1 -0.253487092339944 0.610502771825266 0.277560234749018 -0.509584912205116 0.531556338253975
1 -0.217617752071573 -0.302350339257755 -0.173313205240186 0.403642000166484 0.58095339100983
-1 1.46055787328056 0.904283950091902 1.27264200052035 1.56715783391987 0.273760987238555
-1 1.83377783098576 0.255944352347529 1.66139173660143 2.15941850958347 1.75708676553398
1 0.0888075927900722 -0.515038139333944 0.101588071756920 -0.417725079460256 -2.08688573014106
-1 2.00107594204994 1.07512255414698 0.75656859497825 0.52455607941012 0.702350485436784
-1 1.58934416786108 0.522478029480106 3.75488163780866 0.67702548538059 1.61995847110902
-1 1.70894998007125 -0.319417475361255 1.66076239140659 2.92250899535112 -0.372050149457401
-1 0.201268246653757 -0.973312283941585 3.56000944702119 1.06362606835829 0.51237094595185
-1 1.5091296562761 -0.0882632973206371 0.119082620947775 2.3782015509696 -0.552444258177067
-1 -0.56887669811076 0.0610412040892433 1.38993565873980 2.58922029487372 0.534880958989
1 1.06507736714214 0.00768986110237812 -1.05613385605766 -0.991914419636945 -0.893610072376386
-1 1.68244484431325 1.974482364989 0.405021718199945 0.430724083231971 0.508756571875938
1 -1.28921967541253 -1.67346084805801 0.565983426801073 0.455857403030104 0.95039547798454
-1 1.89220436517333 1.06081599861573 -0.450682573594348 2.37456909155122 -1.06804624763150
1 0.739774715356585 3.01449814395295 0.34761228869859 0.357739901535874 0.47376442250087
-1 2.23859495799718 1.26187691665207 0.502528937849296 1.94388749114512 -0.51540862441948
1 1.72254934836997 -0.867503801581233 -3.04453980937448 0.098938060447605 -0.123027005441845
1 -0.340759563615044 -1.16094309560397 -1.23209636370095 -1.48870901994623 1.90284762515239
1 -0.373603961972505 0.0806946754030526 0.127332751132984 -1.24315613901290 0.854367963947556
-1 0.977542512940698 1.14642544431352 2.56185685689804 1.96017894620408 -0.0613599437386526
1 0.406485849743043 2.00930287542270 0.00581313972221902 2.506735756929 -1.04160591543368
1 -1.76382134576625 0.311062529105920 -0.573306162473425 0.152953417922633 0.918370770785144
-1 0.745563512822086 0.868320507551267 -0.340572848761292 -0.291323411406168 0.406956845249151
-1 0.450900423576043 1.01719729505116 0.761249075773921 -0.84458572597423 0.232936423377598
1 0.0777701955622663 0.798292190250462 0.824477960581575 -0.282584357994589 -0.0633412846850795
-1 -0.548989917254705 1.39445975226858 1.62764943157097 1.25323031042619 0.80458980598911
-1 1.77252934513333 -0.165694813327053 1.56171266429184 0.00669369141790122 1.14553231140122
-1 0.549607434780283 2.63953254298746 1.05132517488379 -0.249493429915120 0.180080402241716
1 1.47758029782180 -0.879876527173526 1.12197585863252 -0.61531495958045 0.0285949556314957
1 -1.66765611931569 -1.41864101112094 -1.22527311629290 2.55542047666546 -0.127547630231069
-1 2.29274955398125 0.518228818873443 1.38811484742748 -0.37281495226581 1.43824647392346
-1 1.48672072004853 0.338007230000987 -1.06881249285440 1.93359688225239 -0.333456539892949
1 -2.15656639868445 0.166247193921450 1.28310153311788 -0.218809460093547 -0.915910996416508
1 0.183163181988889 -0.0893634226626568 -0.329758158888403 1.71812990890759 -0.567441600340736
1 0.0447192691518346 -0.385586240117685 -0.864408198943908 0.641511668144826 0.827397307835214
1 -0.680813705792172 0.810684188789186 0.319950596346227 -1.76960769457501 0.666569761614344
1 0.409618786070784 0.0111612610071194 0.320888148250587 -0.726338871883427 -0.211772667610978
1 2.51201279595744 0.0954656728602261 -1.35092618184490 1.81564118959516 0.559482362264812
1 1.31918824132777 0.696983960092962 0.703990283550108 1.86730745688819 0.773482195436187
1 -0.767846338641806 0.312028856743847 1.13023321223064 -0.0531742263178958 -0.318201755859648
1 0.972200071193846 -0.374756779390558 -0.732490467371346 0.513467602214576 -0.753158292824376
-1 1.43618484979635 1.1000611807521 1.05963004347556 2.56321062142215 1.46397581865443
-1 1.57515345918629 1.50075681302996 2.37578970925265 0.373547208750677 1.20486598778614
1 0.824317723703879 -0.499340856369341 0.241385323722313 0.288257207741352 0.0542061702948787
-1 1.09517581230990 0.279576434506142 1.40932701002697 1.56391832213789 1.27112647164961
-1 1.86132623560864 0.499290283369541 -0.0935139591433164 0.140904210033407 2.45395788522420
1 -0.84838946630383 1.53887434562448 0.670524514236668 -0.300924701904109 -1.77012345993038
1 1.38700604770395 -0.72311324641754 0.453094731218325 0.387325163318197 -2.30263526644099
-1 1.5245744062122 1.13624735337021 1.77520606835061 2.84954360857874 0.292502965103343
-1 -0.426267194976211 2.39099902989409 0.571254492128548 1.36951586495212 0.334766702056136
1 0.239927322555739 -0.673940129290195 1.53289881809553 -1.14589782195281 -0.0458805373864422
1 -1.81351985499229 1.16213293886593 0.99259707517142 -1.61715896811050 -1.26878658038313
-1 -0.0289769498641078 0.431015155356127 -0.472113186378312 -1.68384940266864 0.762807050652196
-1 1.75075746163871 0.249279067070369 2.52180667400929 0.059071530452716 0.523931558479321
1 -0.138793109053109 1.41568479908018 0.365470070360014 0.508158037440921 -0.86873422296077
1 -0.317954207014494 0.96475382168185 -1.76658089803903 -0.299338477682795 -1.01074875732202
-1 0.515834521657907 0.403585182826684 0.635044957755691 1.01296149025117 -0.203740679961348
1 -0.565940729993067 0.934649555930039 -1.09189222623747 0.632860097065316 0.241821478759178
1 0.948594368688802 -0.99634961785892 -0.726566374836672 0.86519292146478 0.879758367836155
1 0.221722743659471 -1.79621873285666 -0.411815137223649 -0.647009551860946 -0.934363330543467
-1 2.36215528306312 -1.14882529109300 0.99472531169668 1.29872437038611 1.47024390429018
-1 0.955588699108812 1.30814838950724 0.920787189702002 0.404286188319423 1.73129155745616
-1 1.58255680358762 0.516011493488663 2.03817519942763 0.0762220893241086 0.451857420055278
-1 0.97531182002141 0.74402238982616 1.46234361191860 0.330602025370951 0.127388912640296
-1 1.12694940174287 -0.540563910976726 2.04342982930181 1.52871749616349 0.429112663796658
1 1.09923584316924 0.250199613876013 -0.42722668631425 -0.764103721848592 1.28001378792018
-1 -0.267605113632682 0.0677016051213961 1.03780825868201 1.18021664582164 0.0310257071524687
-1 1.14828472526820 2.40634916384473 -2.24295627024138 1.61063567131322 1.52715658026331
1 -1.85248940922098 0.791803293833776 -0.874879229455049 -0.51671865776153 -0.89592291319124
1 -0.496108846536769 -0.840267625430738 -0.276951627870698 -0.276739522764666 1.99763544311746
-1 -0.210138290411592 1.48222379681671 0.750068538327376 0.151180078432616 0.375380882531783
-1 0.908754047232454 0.0315592408966737 1.07239089652912 0.223230431680159 -0.454151426051847
1 0.161031747915592 0.697277005484739 -0.7574568413574 0.197901880452756 -1.30735620433091
1 -0.419125038754651 0.174966205152994 -0.350021433265794 -1.25425304144365 0.691005072482615
1 1.77512816782312 1.34099005607035 2.12972447803988 -0.701310122137126 -1.41570148434320
-1 0.183620560818275 -0.396235833116233 0.893072648492359 0.745575813706576 1.18817386031576
1 2.85321604832408 -1.63816387619678 1.74879115788338 1.66325885617677 1.08499966834535
1 0.602201771206346 0.88217881008162 -1.67099007515505 0.941314874713386 0.129480918822933
1 0.747940058409961 1.61840555978928 -2.24350470042755 0.0627819783597992 -0.402731369549472
1 -2.23588962007388 2.30418751128062 0.472521283150993 0.85987053491117 0.888922791045462
-1 1.94297071748302 1.22251526727559 0.644340737343202 1.92069918040199 0.787505864295945
-1 2.27848852077912 2.21752065621125 -0.204642390079112 1.59264308363427 1.45304571930896
-1 1.28857840717254 0.790675562596482 0.895078591003081 1.48214555520797 1.56610837764826
-1 1.98375167509798 1.7439271321394 1.19003907708852 2.40338891037741 -1.09532168703157
1 -0.363877283364807 -0.69576712581603 0.149340065928587 -0.125365279360826 -0.205471636951307
-1 1.13800440794579 0.425086157550312 -0.78806908058991 0.272421609914000 1.48624372930437
-1 0.712221322686173 1.29986912812389 0.134643055816540 1.07732777489547 0.378357001971205
1 -0.267367550737952 -0.482322601924216 0.967414952059432 1.45679478356642 -0.430072759733107
1 0.515597688686151 -0.186608590655408 -0.765850921454639 0.351307659787654 -1.23528249201949
-1 1.38504675990357 0.432252895560503 2.58537055653345 0.700216064947137 -0.238094185897779
1 -1.93410120378213 1.06147992331915 -0.64598137690523 -0.885619981657618 -1.16088461185435
1 -1.64938736447210 0.21237938700941 -0.088974896992864 0.563800656464256 -0.421899343586084
-1 1.54539120210540 1.37072081631867 1.47720306044855 -0.147506995130683 1.94534657972777
1 2.19755964274604 -0.669988356573519 -1.07160749381806 -0.349766562130593 1.33094875977531
-1 0.790962964675737 0.593295343420528 1.10646473077775 2.11668768159196 0.235137332126201
1 -0.141790129892861 0.621603621395035 0.365549421176921 1.47320937930555 1.85119306799193
-1 0.406675694398014 2.43602206741997 -0.302703360864565 1.33536633840799 1.09056318252142
1 -0.145943991369995 -1.78166010036415 -0.597251589414485 -0.213255275087206 0.977163436745805
1 -0.741845077667868 0.576569404508522 -0.945527209957234 0.318341802314376 -0.991346085395521
1 -0.648395912398615 -0.72927640276916 -0.536476455541995 0.860705334921825 -0.329025025269975
-1 0.607239689142618 -0.528792811092861 2.29536554781833 0.159748972350976 0.430223365502519
-1 1.19451262690643 1.60915369517314 1.44878523369250 1.86116846526715 -0.433670654853668
1 -0.982208297727455 0.167684623717086 -0.577120678496807 -1.45396039939456 -0.48797291352054
-1 1.41198092710941 1.48752475340966 -0.686348518205642 1.08309200611163 0.207053024627499
1 1.71904334934820 0.628516443913476 -0.970335524203693 -2.12826659916408 0.810626492035184
-1 0.202294053020635 1.20356888621793 2.59914167506955 1.87897576589139 -0.824727257979662
-1 1.30772725625428 -0.156499816851143 0.627954597929394 1.94376919530730 0.928092477112616
-1 1.64981535647259 1.17666636816160 1.41832654251851 1.17630338643732 1.46126614406153
1 -1.23401485316729 1.04072352967320 -2.24433639209143 -0.561780797095236 -0.861217536882588
1 0.154909311854685 -1.34836331244511 0.646520420579397 -0.269131376982303 -0.175134764184513
1 0.736955896269961 0.0929043958976174 -1.50268196071056 -0.626144966332613 0.916582714874884
-1 0.249035131380874 -0.116820289686049 1.93240268093235 0.79555598710083 1.57173203304733
1 0.322654867957007 -0.878642351467975 -0.515073080749242 -0.786001285901542 -1.45712908892743
-1 0.919184297810506 0.357674906709967 2.23140345055166 2.09374291788387 0.978440473458616
-1 3.40409894751918 0.133128777691687 -0.139593268893703 1.52116918342781 1.55421750790809
1 -1.45290456644015 -0.53429381869555 0.874463425811379 -0.377063244869675 -0.009217512598074
1 -0.075763232852614 0.910575348723441 -1.68265410445499 0.365388592594633 -0.523978776306989
-1 0.791436767168895 1.12776246436515 0.860938099780098 -1.32736133829777 -0.00502932311821858
-1 2.11156630923981 0.949125965969358 0.413083770156753 1.43203193245275 -1.89797676371411
1 0.534707433801426 0.196231945138371 0.815349545158413 -0.383483404747604 -0.0450114212748143
-1 3.14408094266847 1.37074888963552 1.16708457438109 1.18479053685776 -0.476907585188178
-1 0.180214792617671 2.29210818615474 0.775042672745264 0.164366728613738 2.66501041590113
-1 1.02651184366454 1.58841265925214 1.43426480846535 2.23283978122136 0.996927976877707
1 0.115575824193876 1.88834970474134 0.706209347436844 -0.173824877777275 -0.274388088521858
1 -0.0550958724041947 0.894847160376267 1.18999988979274 0.221441246953865 -1.82800312412453
1 0.25643624519874 -0.00454510312539596 -0.340168878132195 0.0961206888185338 0.202625076375794
-1 0.355249179155987 -0.891500070563907 0.973425986977857 1.30714547933669 -0.346060189416913
-1 -0.591540275948066 0.467152392632528 -0.518361037857313 1.68591872235853 1.40584104345133
-1 1.49974061436489 1.31805658771027 0.980052599245593 1.93189853650867 1.54198334530546
1 0.413354519328119 0.355093564480728 -1.09271043811437 0.838148855943152 -0.529663712799863
-1 -0.740359378538668 -1.09193025869452 0.708605366931474 -0.0934157563675067 2.09112163820505
-1 1.78478669081782 2.39673099673088 1.58967616021576 0.690017822927072 0.229256494936475
1 0.800483889981638 -1.38107934876054 1.44852280738284 -0.514670106965867 -2.17654958417822
-1 1.10900470994494 0.559141661997207 0.889666321989682 3.81263944624768 -0.444475485418872
1 -0.162692520646292 -1.22297469292528 0.879028628207228 -0.491733722078653 -1.41865867086656
-1 0.447807521312867 1.13097983887697 0.339621388349731 0.647218428478859 1.15642389319521
-1 4.07559916953075 1.50065517730998 0.445722280785939 2.73149184660425 2.53569726984695
-1 -0.73568465271953 1.58550030667510 2.22786319553142 0.494664737800677 1.85234414071502
-1 2.39879380344302 1.90617758855544 -0.150604412833100 0.254778942899446 1.5959052149964
-1 1.76218653954298 2.16440535268825 0.486117757394709 1.04169845635717 3.14222092661077
1 -1.00611486182846 -0.743076503913558 -1.45040297476928 1.45308846752922 -0.842966647978582
-1 1.78241451745522 -0.125397115224705 1.15233709757918 0.759052370614599 0.0520294091498664
1 0.0615413327503351 -0.45102887115079 0.977665182691217 -0.653757429622401 0.237785170906309
-1 2.2197405724855 3.34545111106124 -0.0414479798838087 -0.188569220443402 1.27771137313767
1 0.0513075134017779 0.271188283778402 -1.72114448382772 0.264792958598353 1.08798096278479
-1 0.583042211110337 1.60507191105771 3.24229121410343 1.18311429141881 2.08083760087143
-1 -0.418641124196384 0.874276050947345 -0.113244005618695 -1.95566050947169 1.61674310298732
1 -0.227299503231804 0.0335232220687716 1.62335179110275 1.22066045165316 1.20649347844842
1 -1.53126107718519 1.70968993948343 1.20994060478288 -0.585972719955809 1.09771086672689
-1 1.58616191016822 0.380584325996187 1.13813734008785 0.332540983709729 3.59430390736513
1 -2.05482957557395 1.09450348900267 0.377731775205044 0.179559424183004 0.717826249151855
-1 0.917208679248018 0.810728734336997 0.973511518122077 0.413844292573674 1.06224625689098
1 -0.48256655542037 -0.0333430238604734 1.10868685812799 1.66058144847161 2.06778827363807
1 -1.28661502051963 -0.402943816050290 -1.17548935185415 -1.09646206388665 -0.471792870258693
-1 -0.377974213550572 0.572685731778581 1.54477269189096 0.717375245792188 2.57397529129907
1 1.31900235512595 -1.17549637594884 -0.227536996371995 -0.88335504558248 -0.149799429322301
1 -1.91014623849288 0.560757984964567 0.81253762940333 0.729364557815587 0.617457218548459
1 0.827793970642728 1.11006969270550 -0.656299812494772 -0.396856253805998 -0.570230495183337
-1 1.13732885779104 1.21512708317666 -0.514034434523705 2.92267277339557 0.611591503192581
1 2.20928655889854 -1.05323970569796 -0.281404237181636 0.0725740112806277 1.11828353205484
-1 0.986425358373525 1.47424794448843 1.29941470765739 1.43143231313232 0.278632651459825
1 -0.0295294219173913 0.166589314533079 -0.671484874684357 -2.17460318851300 -0.754672261686105
-1 0.238565331277656 1.38603275020588 -1.66388326865438 0.784166206693727 2.51353799798406
-1 0.802423412006544 0.0258041787771783 0.799738906046734 -0.0752373545438576 -0.807093686991145
1 0.497096078034071 -0.305154844653429 -1.00564021515357 0.873121899108867 -1.32555314011330
1 -1.98200580610733 1.43528107598334 0.134063840010559 1.2093713054713 0.192233686586108
1 -1.43435373400936 -1.22157166771117 -1.33378608191407 1.39564698405538 -2.08579816367668
-1 0.580417708135023 0.80017472926963 0.683336408851155 2.42653900718251 -0.213403675959947
1 1.16059318855089 -1.30046866449850 -1.49086258084053 -0.0472013254730084 0.453483597904629
1 -2.23186086009533 1.38619433607365 -0.128049784212022 -0.395179274447441 1.34073849257581
1 -1.06966414873289 -0.043376476140374 0.140562622939886 2.12148482101398 -0.907024102613431
1 0.0966871521935105 0.101720693094460 -0.450040094083627 -0.294963347276998 -0.0794866303767977
1 -0.840701998900565 -0.216107599722029 1.78357676058901 -1.36642794827717 -0.718321151679646
1 1.00292442981157 -1.81000178845466 -1.65045873323372 0.26078408307494 -0.0743391958123026
-1 1.81051276580586 0.630891124989182 -0.143111773343895 1.13089048086024 2.17656422885989
1 1.13483911622472 -2.83014127764864 1.88504132030727 -0.470741371532677 0.436395824136633
1 0.230524742192392 -0.203201626070386 -0.559127569665822 -0.521350188695663 0.441547422724547
1 0.725097411241055 0.759291700076337 0.190468229871798 1.99470118024648 -0.324176522770012
1 0.678537382541084 -0.706432232878143 2.33348793936593 -1.17862551927178 -1.56876710820388
-1 2.28980035525676 1.10725951248429 2.29620174569279 2.4858750305664 -0.496850528799608
1 0.541118506712851 0.217526737176429 0.278118868955511 -0.830722366127414 -0.607256373016126
1 -1.39894104142402 -0.361302349578795 0.114439740299718 -0.822404579753684 -0.135843043940095
1 0.239867098799016 0.529260962260692 -1.20191131315736 0.00985857928304474 1.38455031502746
1 -0.237124760076325 -0.364186835748273 -0.76566235213214 0.710723062073482 -0.154582432347585
-1 -0.0653830195509015 1.56588270400998 0.689487631910676 -1.06096644624355 1.71521465708079
-1 -0.271952280459973 1.81616378652635 0.722075922780857 0.53639935176191 1.17638843995818
1 0.374194382828062 -1.59823772923769 0.263721209911106 0.0625941974805067 -0.259644747115409
1 0.987950320214648 2.29751127209993 1.18169805836304 0.0435653274083208 1.18971867093620
1 1.31991323764905 -1.41448664096215 0.170165013488667 0.280301698454089 -1.57111415067919
-1 4.37954867844735 0.253526443493793 0.176559295411911 0.97132679666077 0.40677086647201
1 -0.243802586502463 -0.583538708535093 0.725182178129524 0.0650734811159576 -0.262495782189038
1 -0.799076972173056 -0.317529300458256 1.71615927376819 0.391507664341982 -1.26783398346985
-1 0.339693985418172 1.19554889886368 1.67632362414856 0.717438594916198 0.394020390482009
1 0.64502128641815 -0.425058629401186 0.139013109141446 0.953110337048843 1.52645470308832
1 1.78843351343759 -0.353686338537159 -1.28816344729911 -0.134966994817614 0.507664949530738
1 1.25097581426753 1.18250571623119 0.485211716540269 -0.44427091569204 -0.086920582103022
-1 1.54794294293554 0.963482035261742 -0.216501243426127 2.19835561450554 0.679113074602623
1 -0.453990759929203 1.62281584286238 0.527293800986093 0.344307084528049 -0.516679423618526
1 -0.151190872807505 0.114925805311571 1.00255478649384 0.990615204658811 0.312394627135417
1 0.906504576809786 0.242900209693850 0.566936752391632 -0.0603559020219944 1.06794027690934
-1 0.860310636559249 0.815318285533805 1.01137847926218 0.317625395114637 1.30397619800541
1 1.15002959948627 -1.21220932692191 0.507627290164585 -0.456447554702578 -0.0713461996171628
-1 2.06175763899467 1.15586772383804 0.159325616385542 1.52407104828628 -0.463538097019574
1 1.87438927041999 -0.499775455250637 0.774984252252112 -0.341797992869886 0.0710719958947736
1 -0.667055971583888 -0.244190196816717 -0.584469343878594 -1.95475426072284 -0.318329155996652
-1 0.147804159541270 -0.116747516717705 1.2513454797097 0.85432932901169 0.378888210717925
-1 2.06834449251893 -0.0759692307334454 0.913262506551642 -0.215824296452607 -0.293647366784378
1 -1.30855261567175 -0.160280192240715 -0.641318562685638 -0.0237044182428066 0.493751156639135
1 1.74046394678179 0.507770746275707 1.62323649857862 1.67654251523646 -0.939199881000628
-1 0.984241401459558 0.903570571705549 0.676697425540143 0.350807334051114 -0.0706418231725726
-1 2.36485709303664 0.82547363904815 -0.0565279272059872 0.0572809438686862 2.36440204144255
-1 1.98836154318602 2.03939011027073 -0.459078900881635 -1.24052054728604 1.85701889615187
1 0.174466276620279 1.25508955300445 -2.3733702298443 -0.315152420258604 0.177830407736766
1 0.551596975175834 0.662168899972922 0.340919996214872 0.145727823743786 1.07560930940966
1 0.950296737808611 -1.18317101927992 -0.339990777292279 -0.141670979029670 -2.33141551159485
1 -0.957229357552581 0.561475277790134 0.220774160093067 1.89779332686223 -0.301378809465987
1 0.154682043944656 1.32972345509419 -0.069651294492144 -0.562670302346197 -0.122935568988230
-1 1.54436791662137 0.426252393271423 2.03806569367903 1.08143026530301 -0.547502361216164
1 -0.747559213477893 -0.353780075276831 0.485226144580418 -1.49677712085861 -0.161868012135541
1 -0.724711357385032 2.35641773390790 0.439842575679802 -0.558367321699124 -0.200752877381631
-1 1.85442314982395 2.80391394083866 0.485515509362366 2.10811579012823 0.709632651822263
-1 0.997489608656675 0.157595011126001 1.98888920907833 1.75885336455113 -0.81040188254382
1 -1.19233991290909 -0.673629085888497 -0.400509222458506 -1.41301749894628 1.14651306482657
1 -0.55831583029752 1.03635666116109 -0.610237575034046 0.500858987847543 0.129336233215447
-1 -0.0271976372757712 -0.546531300938315 2.75471305093839 0.459349543993592 1.43481421165994
1 0.0557520097386237 -2.73577859232501 0.447715865898301 1.52984439242958 -0.101895160308866
1 -0.593291051695034 -0.458346944568579 -1.23930946010330 -0.782232306193192 0.0448309461827199
-1 1.14648130986717 1.19758721597672 -0.288208971313341 1.34782118398273 2.81435380000193
1 -1.56893470436566 -0.242041945760569 1.84198720296994 -2.67278242059616 0.154521532220722
1 0.315783491289731 -1.04319404556527 0.337696290260137 0.485598933750981 -0.818358038466112
-1 1.57300237195183 0.510155715500525 2.20942590978874 1.74444798743536 1.01430215816712
-1 2.00951943849532 -0.453838314371267 1.21977550582764 1.96588979523712 0.854638661570037
1 0.739681350841765 -0.540969673280814 -0.133858247224495 -2.17935308691181 2.9264541160007
1 0.384851894534966 -0.521775327768622 -0.579359444489275 0.145204974462506 -1.52315211709926
-1 1.43707225392337 0.848326555696686 -0.584772912493592 1.92620520389308 0.236606483626304
-1 1.30326450530744 0.325976927865129 0.974934068262944 2.05050295947279 1.09174027971488
1 0.604595333464208 -0.578607486813999 -0.378775468906041 2.09828636561342 -0.85478646755353
1 -0.398414935052833 -1.15153188137892 -0.463387802401721 -0.491398358010545 1.33878301219081
-1 1.00292539704868 -0.0291499496302877 0.142374928322857 1.53077043436069 1.90706058196864
-1 0.410872879006353 0.157615260200464 1.44915404492384 0.796437172970881 -0.642991479270376
-1 1.42166125052997 2.6115884118811 -0.259327024407610 2.04394473012155 1.17341525984326
-1 -2.02414022105863 0.795580128127739 -1.49099419679640 1.01930476094672 1.48641173270948
1 -0.790596225965978 0.373560335177306 -0.83835960458595 0.97081178106798 0.81352481866999
-1 -0.111100831366939 -1.52635785603779 0.530809258299712 -0.00742323877904683 1.33685711804451
1 -0.161877877297510 1.03494400367627 0.233038002720398 2.02760887168868 2.12998406038412
-1 1.03390320844362 -0.260256170839655 0.843471835964314 1.37674824588031 -0.780382604542475
1 0.433896957094942 -1.95152837589476 0.94176428053972 -0.65250691327453 -2.13500275353527
1 0.785140250900786 0.58906031658833 0.0699882193033566 -2.54085571123645 -1.33727460996090
1 1.29899325866887 0.729391258710435 -0.526625631471662 -0.450841711623615 1.29363452780148
1 0.161227304550199 0.619200803839501 -1.21864828149165 -0.650633524874059 0.611899578218661
-1 0.0277007547926147 0.82910182582605 0.128596700334539 0.48777735776983 1.67476368779618
-1 0.957673969859613 0.173764943414396 -0.491596788148496 2.27194116542868 2.32731082628271
1 -0.192054939376163 1.37420356698341 -0.813614124842652 0.532994764814658 0.114296144344898
1 -1.90860060584885 2.11887071914898 1.23693693362109 -1.07103079346115 -2.32865160950965
-1 2.53008629636565 2.94415534362332 0.597832229063443 1.40345799044793 0.776673772984544
-1 1.64877090500439 -0.764715569746601 0.691864810711772 1.07672962590576 0.88131787608795
-1 0.661866690501295 1.00018608244373 0.040193296114715 -0.703895351849814 2.1554757329844
-1 0.497376832183076 1.41314397875959 0.957873929138867 1.80314912992689 0.226841015404217
-1 3.04444804203116 0.543513189674186 -0.411063095406964 2.61906403876315 2.12372081563727
1 -1.07130552523526 -0.279493031445452 2.42418691128693 0.300102817172602 0.215679136244732
-1 0.840304238069879 1.46646242333955 1.49402494418953 1.63825521474536 0.763184203270903
1 0.589266077997882 -0.791702139078344 -1.35586586870978 0.769147997151655 0.185704009251264
1 -0.633211761416575 1.64481644656853 -1.83066557001308 -0.268589525111181 -0.6322823545587
1 -0.927857143883289 -0.384002742763889 0.51896689484212 1.13667835096720 0.459850450935081
1 -0.670361743659866 -1.26654457391107 -0.240280971503946 -0.787818551602924 0.299428943455058
1 0.510303769997559 0.157498150726406 1.47214107005355 0.134621189198969 -0.826634849657844
1 0.101915752827427 0.111488553394829 0.669641562772379 1.32107910281464 0.328466323881538
-1 2.7600409346973 1.43591670389158 1.9740361543439 0.209467569009365 1.57589133689094
-1 2.10011871822584 1.13215366291776 1.27584092835782 0.274670542737476 0.235271133647817
-1 0.927260375520639 1.5545738390226 0.693736654868526 1.05181161615065 1.27705542831201
1 0.093108840063658 0.702209718283933 -1.14384306460434 1.41463924534495 0.207684056657630
-1 -0.740355103412605 0.266151052151203 2.09918804383697 1.61939575844390 0.0989743938186877
1 -1.32758428372422 -0.691541559649695 2.00036775537791 -0.120424962767966 -1.14939681450803
1 -0.759885478787522 -1.52170544443398 1.48124381810532 0.0199532163549401 0.0181855626073277
1 -0.700626156186974 -0.18760701067421 0.452667568488323 -1.67541791887422 -2.65882093057192
-1 1.50923157671433 0.605330224738619 -0.904666349826375 1.12589634459098 1.55849006543364
-1 1.71416296357349 2.11091855228604 0.405762268028051 -0.347089823857888 -1.32226496281147
-1 0.298702942494274 1.16639508657598 1.78218595434899 1.15809925497227 2.18021446373486
1 -0.264464690612453 -0.0988938552739115 -0.765345616186088 1.52554889595372 0.121525418640567
-1 1.23896588016122 1.66733374550537 0.72623065815216 1.40910246429012 -0.705766407120073
1 -0.781997901577429 -0.0193971263609439 -1.49804661302875 0.841869780515447 1.08599205154909
-1 1.76098401931623 1.35688589368146 0.530855383218097 2.35997696759802 1.22600168108316
1 -0.656144957337091 -0.612414159286667 -0.00615484954374033 -1.57664910499721 0.977850898780972
-1 1.84304534453756 1.74119771699947 0.345736947067302 0.319203316967470 1.00065715085246
-1 1.42829516976658 2.12346857664718 1.12214194903142 1.12081395346151 0.463195146076136
1 -0.0662378700712521 0.384738958271878 0.743873546296553 -0.39850812755746 0.26972002292654
-1 1.99246838481754 1.43884322694731 0.624312394710006 -0.192893525036097 0.789111538177173
1 0.718751676157067 -0.791342488187198 1.40036233740616 -0.161472156601524 -0.335114719032449
-1 2.23232898578300 0.619354115707017 -0.151539309498562 1.81362709617425 0.0731803344285383
-1 0.64638273288548 3.23726355191105 4.01970013615348 1.24783834642166 0.228469230457010
-1 1.22513053622608 0.262628732652871 0.0296940966911271 1.04674392723267 1.70834550706045
1 0.283003256848791 1.41843002165336 -1.74779179293516 -1.50447967016039 0.134757152713877
-1 0.935951647433434 -1.26600654414669 0.312068276829562 1.42172115264974 -1.37387063519849
1 0.0435816388431058 -0.783218455280624 -0.7989010495571 0.43954604468349 1.24215720258714
-1 0.582273691567741 1.29873008180264 -0.442635090015539 0.968424670861147 -0.336850333411009
1 0.706534666742535 -0.510528321400178 -0.092796078669219 0.122945351092325 -0.557081031299725
-1 0.264882123005553 2.95463667751789 1.06363464420211 0.0294532768854106 2.56027981676600
-1 1.44386208033324 0.222304849117922 2.00731893935286 1.94016448206423 1.02104284697148
1 -0.317972383725812 0.605966602077676 1.05786168022088 -2.52471873194521 0.947273754913365
1 0.253350123450478 -0.471696507340985 -1.77422441254294 -0.9985751111559 0.811342704076514
1 -0.449560490006482 0.544205205262455 0.882999720334954 0.29819612668097 1.33691992809682
1 4.46904287194284 4.55840385499233 4.37993142859438 4.71609441126504 4.45848466868298
1 4.46086126327973 4.48874655482169 4.60981478565603 4.50313125757577 4.66044477748401
1 4.44139175090913 4.39977770385723 4.48781134620157 4.51059646848474 4.48817087807543
1 4.42944332734114 4.36514595603491 4.36760822209769 4.46683401890209 4.42866650276187
1 4.47332912297202 4.42013171866339 4.60167217468501 4.42197519083928 4.45748890650594
1 4.54944131662305 4.50601480493961 4.5260618444619 4.30121725728179 4.37233183991313
1 4.49086179013683 4.45253297933724 4.4694352534882 4.42385683426349 4.39228624083588
1 4.46889507559553 4.35021830745595 4.51652977124524 4.43402331848804 4.42078898336919
1 4.50028210282469 4.6292728093822 4.29934967555999 4.39459805693796 4.4507035529977
1 4.59160684336221 4.74806760863664 4.52173475470694 4.53742841002525 4.53691994103645
1 4.40591123417362 4.47769214080782 4.47131101361308 4.47463834492974 4.5241158390841
1 4.5094725750235 4.44349845053691 4.53365359114659 4.39719756774378 4.43296228249817
1 4.45084924495361 4.34819888319913 4.44957796726088 4.56642012964364 4.25950298969639
1 4.42050016516004 4.52209933130633 4.54493356063716 4.51393724111348 4.52028361998809
1 4.4404128906238 4.43929022099828 4.51738388563744 4.53562954192317 4.5672466671199
1 4.40410392825834 4.35188471702837 4.64580753553838 4.53186058719713 4.56243183054408
1 4.46143025610337 4.33576475785762 4.57699339940461 4.45727082126602 4.39786458102803
1 4.55387925625022 4.53343169017816 4.48834549320202 4.65325920339465 4.46384718567687
1 4.43617567576311 4.67493380554814 4.4618258205793 4.39623574486273 4.35442167843072
1 4.40084761057485 4.45021675007893 4.57233495056769 4.59351820240438 4.51130422692969
1 4.47018600215547 4.48690939695657 4.5255550728089 4.41423314809846 4.44399664800976
1 4.61918180025865 4.43698522111177 4.58301338626534 4.29682579191399 4.49543733225693
1 4.55676725960672 4.42456460249916 4.58745839966588 4.51920213196089 4.50634903181825
1 4.52625950028894 4.25404926148334 4.59076603148455 4.56280614564020 4.54778924425288
1 4.59277932554907 4.34687365107513 4.52784636671 4.51934085947125 4.58064739002868
1 4.49344679234446 4.66380976754966 4.52093014870976 4.53464666302048 4.42464982228197
1 4.53925079417942 4.44132945789865 4.34585922961339 4.47730287698731 4.44375300818671
1 4.53144125082812 4.46883593571426 4.44976288573868 4.50774311231297 4.31074504058247
1 4.4343664641625 4.45630790411829 4.49048209812483 4.48670607028697 4.44203743110228
1 4.35526716764855 4.3473578219004 4.38074543516947 4.39594836650154 4.37483190707235
1 4.59377562520465 4.52739966402133 4.50106460335009 4.6289440816408 4.5892308253282
1 4.67875347521391 4.56471911406536 4.56683136612015 4.43015864936199 4.49420667800215
1 4.36746422807412 4.35934783714019 4.31109144940788 4.53180109869525 4.48715112980102
1 4.65044958244067 4.45613044587475 4.52274192684609 4.38902794217465 4.55924843488409
1 4.4972842064056 4.38640266503381 4.66788420099366 4.46131213269212 4.44846304058865
1 4.54326541298073 4.36856381627778 4.52351020950241 4.56091421036907 4.67132412842607
1 4.40014999044389 4.5343017032567 4.85464828709602 4.51928364142471 4.42848509824574
1 4.41118776457476 4.52862870924858 4.54458782516422 4.44240929138521 4.41896238429551
1 4.39750512188391 4.52842258004818 4.49639110634321 4.44127370005613 4.47925417213137
1 4.61654835061188 4.51175317994564 4.54635532158667 4.41534876204666 4.56664965490027
1 4.53647434368538 4.6041784168444 4.34585403856356 4.46574199596649 4.47157197459975
1 4.59064298139155 4.45292654594408 4.50345998868375 4.3798091217806 4.41845569895696
1 4.4573785833205 4.44570329240862 4.57900672880696 4.46043528112119 4.46897377468354
1 4.40762443310931 4.56389409960403 4.58511730925434 4.6180209841618 4.40310160964109
1 4.30742363539613 4.37451839345584 4.44888029629448 4.44576440795197 4.32241462028751
1 4.48882088339019 4.48936747313132 4.42925857395856 4.51432219874017 4.41171344378689
1 4.43039303033241 4.54555034519887 4.63070589479114 4.40856495977242 4.53811870930585
1 4.46832775835692 4.42119650307932 4.40438005560586 4.55665670894411 4.33199084707658
1 4.71836202345427 4.65721372999704 4.54473911271961 4.49419875369488 4.3553993098689
1 4.42673519649509 4.36425492646594 4.41198791270725 4.45322421896073 4.51832324998884
