500
5
1 -0.348600423635359 -1.57058299034204 0.0786627609141081 0.729877074374723 -0.209139996810349
1 -0.363101700419656 0.181277096678052 -0.3078736920862 0.00262871025100648 -0.835632058287897
-1 2.59273238173792 -0.583438605862293 -0.261070025213452 1.48838606561282 2.05413209785755
-1 2.00032651438531 0.733774346956336 3.33837731936656 -0.530704865109739 1.90809075033354
-1 1.28846695844251 0.89873438265943 1.2648172066708 -0.395891642653055 -0.692319345569716
-1 1.15056522429127 -0.112662091689055 -0.663882237744837 3.04072343537335 0.299051259852486
-1 -0.0613716895603004 1.15112538835320 -1.34561955554767 2.0856397926602 -0.376058387117885
1 0.335677508016284 0.298785687172858 -0.745350422750312 -0.517582923573527 -0.83852626337559
-1 -0.46002140238227 2.17214841936334 0.74725545429062 0.332830539493241 0.754517191962113
1 -0.236233509453396 -0.165240106728970 -0.611650835271329 0.366462489391882 -0.335030138423431
1 0.745894262391646 -0.25869584349326 0.812760881347578 -0.454016959463557 0.474191798785831
1 0.430856506426946 -0.40714407689967 0.580325452970517 0.9918073222523 0.939993002510313
1 -0.319857007097288 0.802802056803823 -2.46238814968073 0.497637831511788 0.737650919150167
-1 2.53261958996656 1.17789169189141 1.28357026431428 -0.423422105506076 1.95821307254691
-1 0.914338506989963 1.35820439988090 1.44435536643549 0.741099501033268 -0.236934342785200
1 0.0905386812437205 0.717485230975941 1.52998846573417 -0.98363015700924 0.688428394740385
-1 -1.32747136875615 0.202820555747682 2.54709221295988 1.84238415760554 -0.54811710477872
-1 0.713413302854617 0.977959811875887 2.26072010530376 1.91381175804742 0.120577208333470
1 -2.63032553352540 0.573437444740684 -0.580616753507089 -0.406082987501673 1.38781419346751
1 0.537340813528293 0.0689859277144912 -0.571293271640712 -0.0780042908151092 -1.08897143163205
1 -1.53480195599534 0.0710253916692493 -0.355346577815465 -0.169970078489594 -1.09944459113945
-1 2.43094583330351 0.282561853953145 0.57350969337654 0.939622979014182 1.43161255854439
1 0.850783164055458 1.55778546291974 1.24998606645361 0.158568413480253 -0.29140804056241
1 0.838551272452956 0.346204576509333 -0.280513950970643 -0.734180610483723 -1.15739949385877
1 0.538392526571268 -0.389795549083860 0.938696328504156 2.16802910949863 0.652125363759655
1 -0.596841325022715 -0.542894562154355 0.811859225798587 -2.17463054934107 0.293852890880692
1 0.399424513899207 0.15509488792032 0.968548437741954 -0.0917891243332814 -0.556250135121684
-1 0.479005252204497 -0.325737044059101 1.96781216179406 0.705934624250552 1.09932587487078
1 -1.12363336421983 -1.57111955469746 1.9380450910475 0.846781124298271 0.709543092559332
-1 0.600558365315354 2.03247348007758 1.09925954128784 0.628002798965573 1.53860200196597
-1 1.59812701019296 1.95780844010467 0.548826652358375 -0.0940078931981364 2.69688401607542
-1 0.975946913408602 -0.756586984531641 0.775056359807585 1.60009601264411 0.654505550417953
-1 0.65572716600734 0.508181247060778 0.298991598725251 -0.443165625812341 0.598897515335776
1 -1.09673834974864 0.322827193978949 1.27651767088761 -0.750534577864089 -1.66926753236187
-1 1.64769784700300 1.70798944627371 0.450634947050943 1.80101505400299 1.97439407262389
1 1.25406066491734 0.845373994592563 -0.494887473450201 -0.33188575207986 -0.869508185218405
1 1.93352048130349 1.07852859783608 -0.105942195909599 -1.19987581253777 -1.03524427496931
-1 2.00284337076045 1.04058188903957 0.577129632654206 1.41104407250831 0.0787589205652764
-1 1.33008345534494 0.393906539661861 0.935307746708267 0.367463716864936 1.63600952069242
-1 0.86982161838278 -0.289007758111986 -1.71519791620124 2.40614121405464 0.704254106101384
-1 0.429226909718484 1.23345758106641 0.639362546139764 0.927572373351096 0.980798672520757
1 -0.414933565660311 0.659074927320455 -0.228458535175348 -2.09362189978381 0.281309374778222
-1 1.45454221304562 1.34320790524460 0.93477117936433 0.569201861842927 -0.860893095110721
1 0.231041635928366 1.43890683880274 -0.232343677156923 -1.17197194848719 0.775216615688961
-1 0.473567374832692 2.89705078329544 1.61641904137342 1.60623406391900 1.03204854072341
-1 1.28311228232133 -0.952142873797606 0.246727463718477 1.14929322011074 0.308221321946156
1 0.799602435836484 0.116779959449230 0.872045618815954 -0.151740040775384 -0.367324062371211
1 -1.07169003723326 0.812280334352743 1.40646480581808 -0.28140023902938 -0.0212928164830558
-1 -0.439188610947474 -0.308435361725611 -0.282984374408183 1.04304814497780 1.13488070874246
1 1.15858118319271 -0.198037567771671 -0.330184616172898 -1.30855350817380 1.46922423488922
-1 -2.036142130368 -0.98954325028972 1.85129828227647 1.89466590573842 0.959623280866355
-1 1.38986956115548 1.57676359341341 1.63186222896365 -1.17552482071281 1.39665010279105
-1 0.237755365199136 1.71313184236055 0.70435334437498 0.341461320579439 1.24128039168733
-1 1.23460600855794 1.07118731092752 0.834403841176135 0.803291213459313 1.27782379505015
-1 2.24827874052298 0.521446171685972 1.42626853424309 0.673200377763943 0.548300980341327
1 -1.04081949747311 0.129144685455399 -0.689737194631193 0.734140293877917 -0.398825849487141
1 2.7096323297319 -0.497014559558742 -0.432253099095236 -0.237193075304377 -0.0833140007713862
-1 1.45107178614500 1.24262201589159 -0.642451068053083 -0.0166959005642688 1.39867641680862
-1 0.872958407081833 1.87814021734037 0.599666196219554 0.319555464821448 -0.144674319810373
1 -0.315622908282484 0.790751479695414 -1.07721896198187 -1.57254749758227 -0.155634250108518
1 -0.794167917114358 2.11561065409143 -0.222265265817657 0.216415533639992 1.53165143188131
-1 0.739763209801005 1.27103944680902 0.197517288325492 3.73681474018037 0.561202731596533
1 -1.62855812435991 1.23096620802172 -0.723682814467499 0.557967721710174 -0.103569741447701
-1 2.5591095241003 0.575795526226176 0.187367700229140 -0.69583686073849 0.751846041175178
-1 -0.259584023474916 3.355211581648 2.46127783661679 -0.238430541514354 0.360966864925241
-1 1.00923433874974 0.423023971407426 1.24259992786106 -0.730852896354842 -0.117063577748477
-1 1.40197546376335 0.882190407380988 1.4095319570765 1.49819672877413 0.78317024865293
-1 -1.60327325547380 1.29481312299017 0.724130902509604 0.191632145150841 2.05387923529002
1 1.53845167077024 -0.0534055430415233 -0.586252822887674 0.0278667136974882 0.77292295992771
1 -0.358881071780574 -0.0104816167704814 0.0180429959555117 0.44652404543388 1.21860053037894
-1 1.41880608968271 1.02195232941642 -0.209796606238479 2.83305113667556 2.38148769506440
1 -1.43004466012390 0.137001767494242 -0.556658944344223 -0.390910331438554 -0.434332132731282
1 0.563914969965803 0.331489905743408 -0.324282929871545 1.07674418891880 0.73795997330198
1 1.92610179791413 0.134748930498223 1.03605036692624 -0.394060763898122 0.253624088945259
1 0.243786043667044 1.27442114596218 0.0820863892961034 -2.31837907469124 1.49331464489266
-1 1.19568248645985 0.717746279381671 0.425765551400987 1.35435467888647 2.64940518806095
-1 0.396587206600676 0.68090735577985 0.350045841956277 1.75579079894503 1.21938933289188
1 -0.829009509093082 1.50183785476925 0.423566299430687 0.920069608163836 -0.502743035170326
-1 1.14003976648253 0.73974922955857 1.16952368249868 -0.420016390814526 -1.29509271476661
1 0.162513762335624 0.417995480925385 -0.678193748148456 0.449219095674421 1.32811733130138
-1 1.95648352638652 2.06046513457509 -0.266512876090913 0.361138629626557 1.28398361824588
1 2.42296265189722 -0.497412890016095 -0.396342017172182 -1.39458557589281 -3.05036653681737
1 -0.226616065935137 -0.598080042745209 0.18281558922325 0.421230437535999 -0.533523591330224
1 0.190814098573988 0.76243685334398 -0.509820379599401 1.84826238079551 1.45215618297666
1 -0.23611471731809 0.921279572199584 -0.291898339672709 -1.25922033579079 0.681346797273793
-1 0.684183653750572 0.890362986611519 1.64882910437890 1.04081593547748 -0.0314749291848226
-1 1.70505804919305 2.41177402055368 0.203518679543369 2.40234689062799 1.04222654437016
-1 1.36309206848160 -0.0358422959681279 2.30396074851972 1.08288159513635 2.11396609230941
1 -0.407552446490893 0.63873398234258 0.457785166416204 -1.77110223151087 -0.636409166584721
-1 1.06767084126897 0.311447375664661 0.463561312399817 3.62963964710773 1.48666028670948
-1 1.2399652236988 2.3189504022173 0.770517355285251 1.35844400401288 -0.425388713413272
1 -0.378455466502570 0.965371564747124 1.27912068966072 0.392149870835634 -1.01114338197404
-1 0.481007167746983 2.51512640159648 0.843475709241468 1.85111878409911 1.25194587012345
1 1.25879897731760 0.428677706739755 -0.16495846957433 -1.03918540468740 0.854135485052772
-1 -0.0620496937885655 0.97827257123791 0.028454323162593 1.48375927177362 0.406657261510812
1 -1.39768749040540 0.634812168323452 0.559211795606312 -0.597762207691486 -0.324461764334745
-1 0.087442054499364 2.04376198953672 0.972168034128358 0.465437036557403 -0.571246069623318
1 0.977530373546908 -0.386387745496739 0.707359283855537 -0.334968644685828 1.34155276234327
-1 1.62391619452263 1.64477179996818 2.97466032686572 0.60311647696133 1.70361973121084
1 -0.964700793771686 0.0477192088257977 1.06050391669520 -0.00532436861695298 -0.0257125299389778
-1 1.30040678360470 2.04811825359333 -0.843853500105815 0.976548054584103 0.104877583421922
1 1.55487431604629 0.217907108143566 -0.134049785886504 1.12367430635695 1.12156949111745
1 -0.87561136524618 -2.69586822398353 -0.873446626881082 0.279500369175329 0.608470531954319
1 -0.582248830187523 0.00829692933047039 0.446981226055894 0.673048085757484 -0.504324247977256
1 1.40365733709708 -1.49222780130960 1.96243230233129 0.251207545864179 1.03205285189486
-1 0.57223675910502 1.71548690779322 0.284245884740486 1.20213374085116 1.51110180131903
1 1.05171816843456 -0.47354878691124 -1.70784045632619 0.513988097196186 -0.435593207098745
1 -0.643822273332566 -0.601234389069226 -0.803326111813176 -0.59710574140498 0.625412801544309
1 0.314264288759011 0.166852268745745 0.377091286978998 0.706168517899168 -0.238403150648263
-1 0.235204831169515 1.11572238119973 1.0508280653409 0.572880408848037 2.72396192216011
1 -0.453126551055377 -2.21003079639185 0.556339121574107 -1.76343779906395 0.0709950499745572
-1 0.904728393416483 0.132788666779511 3.97368809898093 0.00857652833868194 1.57750167712384
-1 1.36571556804199 2.09903106020161 1.21830380811471 0.496680482488383 0.462663748721148
1 0.819489415094926 -0.00688312546580092 0.914645812834556 0.89694202753684 -0.243029042612239
-1 2.51395135549657 0.879238103826199 1.06501534535655 -0.122106342205210 0.821487706100004
-1 -1.597913252408 1.25613744434584 1.60422830976318 0.772955879448575 1.27844904901273
1 -0.303482438360807 -0.962522535166545 -2.11824227984038 0.760684082974928 0.37381879147364
1 -0.132128377898034 -1.74622055426244 1.11533905509131 1.01367732869943 0.152890121520990
1 -0.396672891470946 -1.02577214924978 0.865875913848485 1.00368796757517 1.40944385918094
-1 1.33130380944891 0.518430498161647 0.00417317128085526 0.148808821842852 1.21213929007433
-1 2.01036164466728 1.52614083672385 -0.0235944953340489 2.73670719131487 0.0364903046601299
-1 1.68823113482028 1.31431564513033 -0.334763482759221 2.59811109638311 -0.242459249670895
1 1.07164360666489 -0.946752982529458 1.28178072892722 -1.86155037510144 -2.41338227433929
1 2.06332217545579 0.634213363364442 0.356502590319461 -0.718234620473901 0.325834659645782
-1 -0.869141017485531 1.98632129190668 1.22147722226625 1.03058457869752 1.37063407306567
1 0.523740443242289 0.483137710246923 -0.191325190889302 -1.01334972620602 0.158588525041810
-1 0.724571651706309 2.12095395458033 0.609852554611818 -0.363120958503852 -0.608715055617208
-1 -0.166502279584449 1.91426483766104 0.502589026867083 1.31387616256101 0.157401944185667
1 1.56993038769162 -0.34333803459553 -0.436194977814016 -0.103806176729977 0.336394824575095
1 -1.91148789642469 -0.777739076824338 0.184405424123388 0.455752173803379 -1.91520001428263
-1 1.16499985569749 1.03222546989768 -0.137927997650479 0.865869990298043 1.04644416333626
-1 0.1080624206283 0.516449626204112 1.7110350236309 0.316883555763392 1.99573320624699
-1 -0.363431164399753 0.511398778602466 0.349759390078935 1.12785508764671 -0.315668070854676
1 -0.812230260937725 1.03724052912873 -0.657721282659418 -0.11089206137644 0.572948937615509
-1 1.66779472506312 0.202049324188784 1.14504684511480 -0.783560770219716 1.21852740887209
1 1.47614336704459 0.299512370813863 2.42103301541125 -0.986880769879611 -0.93120244395854
-1 1.52487292459650 1.36014151106773 1.42879244443020 1.62791840230217 1.12326015533015
1 0.727881054896237 1.22336985171099 0.76573120230959 1.58411466393274 -0.712900211434883
1 0.562660294702191 -0.188610197821607 -1.54852774576695 0.167209640770985 -0.867652592683058
-1 0.252142628495236 2.72650479866461 -0.843191496499745 1.36637979817436 -1.46676115848765
1 -1.41173936544793 0.148013396009945 -1.86958825428258 -0.293639478690086 -0.739303635790184
-1 1.60366111794232 0.892672245156275 0.864083462773369 -1.06096695832270 2.94389564311704
1 -0.0581035324523951 0.566469081965281 -1.19547698790412 0.205678026613763 -1.13157207122293
1 0.66160643008188 0.182620075056875 -0.391118598612252 0.723032004027483 -0.301904332956763
-1 -1.65963568137914 0.88540520737904 -1.60499723858411 2.25889058338911 0.513089468786703
-1 2.38348201978422 -0.0622727415198254 1.27342015012153 0.88157497830715 1.60184991157047
-1 1.23424460225672 0.770339360485987 1.69232141859284 3.63516502400702 0.545639217570532
1 -1.31106535320969 1.28579764271035 0.749348465033745 1.52325076857613 -1.00613031015901
1 -0.609543835195071 -1.55833583911621 0.0607297831519386 1.05285095155289 0.233950525387038
-1 1.16946614163926 0.94169978806750 1.60002955975303 1.29507777747683 2.12981049125221
1 -0.0726972709623371 2.80018348494150 0.541607776574406 0.467138598858663 0.321160529147762
1 0.43658106316971 1.31716347258558 -0.26406838532652 -0.174411064713556 -0.998416040742322
1 -0.27061502122148 1.03742928862513 0.367253500552882 1.54464826051399 -0.384693312039448
1 -0.85493212782828 0.535878312186311 -1.04297533985260 0.472093583747797 -0.519870606732248
-1 0.159565274469252 1.67783281006724 0.849961586409534 1.19555949728130 -0.447145577649162
-1 1.15546242112843 0.771204237256374 -0.705777469908876 2.15076107547031 -0.274064888954008
-1 1.13941709643552 1.30438348485351 1.57250289015024 1.67910092520651 2.08563285270776
-1 0.272572075800792 1.16702134693867 1.18511905670397 1.92780103378339 2.01249953995704
1 -0.643495115153201 -0.547921590424657 0.353115073726869 2.0779908276786 0.934307398519322
1 -1.10166896346732 -1.45070815064791 -1.51104765917767 0.697576196275705 0.724795349492211
1 -1.25118651442011 1.21067642770847 0.6972911491848 0.0900943741395722 0.549442545780532
1 -1.20832718537612 -1.31583698124581 -0.144917335914342 -1.30857924173611 -0.386087578931538
1 1.49813804246123 0.428066753828631 2.42062172493402 -0.128945248904543 0.523874878332849
-1 2.27657697756680 0.334361379492291 1.39082431087533 1.45971776171826 1.63640841580877
-1 0.0562793522876779 2.48178074863862 0.199786768875317 1.51166141641518 1.26745868676759
1 1.18382756658193 0.515584240959803 -0.220088877894844 0.268099385741216 -0.81198069927569
1 0.344873040777765 -0.576539571520205 0.316775183217729 -1.4044158904376 -0.648069929258617
-1 1.08161740844875 -1.17946630521475 -0.107411891191006 1.38971762026193 0.673396486231464
-1 1.73323827136722 1.12850826095226 1.07409671382712 0.971053878849866 1.26125306154590
1 -0.728496169744041 -1.1113435205406 0.297454636187747 -0.613222401230069 0.405168523949374
-1 -0.5549522208591 -0.113708649269871 -0.361607310470004 1.82799624696639 1.63199775045925
-1 0.716728427847421 1.27683942510922 -0.873466524133118 0.977979501433434 0.611672331199862
1 0.589429188431778 0.799849698671151 1.70160828275246 0.486599332844229 0.95816514118158
1 -1.55705941438847 -0.561581192465753 0.0118625262087103 1.18410798379585 0.113353048492940
-1 0.274545647101796 -1.52383533708081 2.03654176383531 1.08226085813803 1.92168165890085
-1 1.30050728375668 -0.20452525133691 -0.00344731344133986 1.53657020696853 1.80788946349576
-1 0.449528198443776 0.197719584709327 1.70590722200227 1.49281234676155 1.45843135138017
1 0.972720933921413 0.878898469882147 0.860147618677079 0.183464100351604 0.157177764688893
-1 3.25561204553965 1.25821185996373 1.69829175380864 2.52749074487247 2.10093334630416
-1 -1.18789702934478 0.0755092786547165 1.41269459987442 0.97181034471967 1.48865272301635
1 0.738629566688688 0.646265750157798 0.243797343322741 -2.35167865176377 -2.12943609788671
-1 0.117775919469377 1.80980466651658 1.39837068766676 -0.00121048557540127 1.03870480586676
1 -0.296800910707383 0.565185501689520 -1.09113522261595 0.857971070781761 0.581930089439105
-1 0.503174128017917 0.607584810307509 -0.813374358172765 0.613617886179547 -1.44869209236715
-1 0.944180064088101 0.219206998148672 0.281246025729881 -0.542508251719796 -0.0561352484181596
1 -0.399321259403774 -0.172525960011939 1.03074893722556 0.191560486639048 -0.296423393766846
1 -0.999016594328196 -0.732195290824462 -0.115765869594917 -1.23940049556100 1.08507921816763
-1 1.36291561405215 0.586731742295004 0.599179174176482 2.18199059015639 1.26183219594052
1 1.68146897300912 -1.09835550644835 0.822882867563454 -1.40903620359531 1.62214124903246
1 2.13057574419854 -0.436111021510965 -0.0544606361369396 -0.885098933109716 2.04663766183153
1 1.25242250173731 0.906814672882993 -1.00437451542771 -0.0452560892545591 -0.70908059505169
1 0.00252372826840248 0.0629699997713351 1.69276517929590 0.0108247844655439 -0.775715994729555
-1 1.15978704473143 1.86920051564483 0.279978714497699 1.79370721090460 0.916479834211478
1 1.75453447481399 -2.07322969699729 -1.31900575088409 2.47625977055838 1.42646310579017
-1 0.382508169089885 0.576923176992116 1.01670201567579 0.855397526785014 2.45557241801604
-1 -0.155492858004854 1.1726750520452 0.860771452939606 1.19175870240800 1.14961933316385
-1 1.96313838047730 0.205189304246776 2.40967707888367 1.41981227569889 1.87406286642308
-1 1.13742602710098 0.476527169115394 0.381877095089833 0.368463259546464 0.31753448735398
1 -0.0888286134598459 0.559606796961351 -1.13705166879465 0.793684828838602 -0.167283103290062
1 -0.269705483420092 1.1367986449038 -1.15867007323596 -1.08036505302581 -3.09909308605825
-1 0.394108332808906 0.667921141619597 1.0382646478654 0.720508061456065 0.347591837838415
1 -0.642751010879553 0.0751193766569139 -1.20744370017042 -1.33817371769100 -0.30479252840077
1 0.350340974796422 0.619589274493622 1.33566918809557 0.970329918447361 1.08246029518558
1 -1.69602782187161 -0.619301374516951 0.542989570523345 1.09324565861436 -0.588609879107061
-1 3.60052222321351 0.714682825170222 1.64319988521164 0.0265202070120200 1.16083941121837
1 -0.748188636785239 -0.86552112751944 -1.02938411403890 0.728497216584548 -0.787914329589644
-1 1.76928723506246 -0.149167746333675 2.34389676676239 1.39615468008786 1.53274634667043
-1 1.76530208379351 0.231640288924533 1.04473683073705 2.87818192091265 -0.88563546060036
1 0.649603683049457 0.161963797256198 -1.34899293830294 -0.34893938382928 -0.200531076768520
1 -1.42742688292347 -1.44667831180059 1.58824791644046 -0.297568837712434 0.0559199032714539
1 0.743446780008949 -0.586014315140401 -0.384544415405434 -0.575874572865576 1.05166648692551
1 0.226958330129446 -0.361712996063151 0.174876023135132 -0.405046982662684 0.505949566336931
-1 1.65236150008205 1.13331663498310 -0.24937285211749 0.705293241734436 0.355572202095268
1 -1.12764712494907 2.11307322993056 -0.763074972792831 1.22072611399553 0.774311910483243
-1 1.45426435337588 2.43467216967593 -0.232241597335540 -0.1931611905452 0.0676821485294373
1 1.09888209625714 2.5391811027943 -0.592846800373631 0.52003100359737 -0.584512541758281
-1 2.43514473142424 1.24317148742283 0.0244941066128322 0.867646761818631 1.29337773254859
-1 1.13119649975528 1.78747114490995 1.42714929190287 1.06066533684351 1.14047824762752
1 -0.28919532852978 0.322298732953438 -0.847697774330943 -0.630331429224307 0.680900110744018
-1 -0.0208934921428162 0.119437666766765 -0.484358726438355 0.200915233971156 1.02343640807235
-1 2.19514826878659 0.708433069913403 2.75263698354924 0.56680518298375 1.81450300992785
1 1.02275124611368 -0.0961159087556841 -0.203094506018551 0.426247828069623 -0.537971364906892
1 -0.230009961594454 0.721549100770512 -1.95992859036700 0.140741103924776 -0.148662058816546
-1 -0.772234280535849 2.73240143134512 0.628154783959228 0.93810377559804 1.52621447946559
-1 0.659302516451757 2.13646913507216 -0.68936649581835 1.27125163380184 1.14558118114602
1 0.256345183860224 0.244069677340035 -0.0965612846853248 -0.214303420759978 0.622610849574757
1 0.0884266290813876 -0.739249128158761 -0.786730221992354 -0.387670165362199 -0.387102258129772
-1 0.373769335783097 1.59501868177045 0.769817823355077 1.71772176142567 1.89422541162819
1 -1.50963107853621 -0.343790221879948 -0.730853636947895 1.73746997849023 0.176997476899106
1 -0.627079143515152 -0.908620627526465 -1.25993777999916 -0.43687411213508 0.888817335815202
-1 2.44714933268004 1.37255025120968 0.807857525553168 1.49936384856971 0.745834112853132
1 0.965277307395642 -0.307053128557368 0.149430996777208 -0.086482618381775 -1.25513400887503
1 -0.323432351712613 0.705078629051522 -0.51325695171956 -0.391899687479725 -1.04687491552440
1 0.789766477991217 -1.89457026607585 0.360799503969209 -0.180410508030727 -1.14995732295668
1 -0.742280194100298 -2.10678428289030 -0.227061616373384 -1.43356189706077 1.88387401062512
-1 2.86379505032429 1.24046751256461 -0.102324195998206 2.0239221205726 2.60200478326277
1 1.26286946485151 0.289763129861383 0.577109382848053 -1.73365455768004 -0.950416897597622
1 0.746480877468007 0.429618334378116 -0.531421405978253 0.615034566233381 1.11574572526923
-1 1.01975806936481 2.64322105417555 0.580393271982245 2.13583056886834 1.14964504448106
1 0.228729008016513 1.55396468591239 0.61198564426159 1.24561599369599 -0.690071140010419
1 -0.567860390361939 1.56686344872505 -0.354373658320431 0.50199843882505 1.71472823773482
1 0.732464070810889 -0.407186712542978 -0.8047259668616 0.649866456759163 -1.30457768728970
1 0.477987269878077 0.780278097519514 -0.0770280591079696 -1.67961673260319 0.250899487986138
1 -1.76467329469122 -0.691878795281327 1.54074909463278 -0.332641889978369 0.189284886209437
-1 -0.0696737002366985 1.07668571251148 1.07881598361648 0.98137893696862 2.30819977620895
-1 0.202378033674485 0.107154279125263 -0.0357212102333108 -0.116504622047820 1.58132971093549
1 0.429375955336544 0.115442580245071 1.35787762389089 0.423314016517842 0.39319585964096
-1 1.84023868808275 0.936452750378333 0.116266609291450 2.04168274895063 1.27960046857045
-1 1.18734881420393 0.81257791001071 2.20257548558663 0.0614399901967103 1.5170432425421
1 -0.0328811617961213 -2.3145280208318 -1.04459505688057 -0.243879847762103 -0.307167738537525
1 0.894362269678719 0.739843777988679 0.397014970159999 -0.429044609615254 1.33146556363119
-1 1.11715629496730 0.9455068481907 1.52880382405025 2.48652126435970 0.944628130592229
1 -1.28483864796109 -0.778121751437374 -0.241708193196938 0.589055051722606 -0.608011526005088
1 1.61818995427152 0.508908957106078 -0.741760555769048 0.244761423237659 -0.0179381314556773
-1 1.34856269053524 -0.266961649688238 -0.677878578208696 -0.359139873089283 1.4820828342275
1 -0.464216729182114 0.669067946987884 -0.673189326947506 -0.818841428476837 -0.0394396147196767
-1 -0.154086685952529 0.77504795734854 1.38376283189743 -0.598282705984613 0.152052218026339
1 1.73958997006098 0.392201935439473 0.291588650226755 -0.682342747781049 1.53263080095871
1 -0.0388854317160752 -0.169944344254934 -0.253935631900814 -0.741671239630321 1.95560866549572
-1 0.859880740047625 2.96367139989726 0.283188501660016 0.762197320319755 -0.421058153600148
1 1.15062976517468 0.397341263081496 -0.511973142606260 -1.58997675760508 0.201668150208355
1 -1.58013703648592 -0.522950787463164 0.298297579689747 -0.175060971988872 0.907116941808584
1 -1.04916230047804 -0.938410353738512 0.139820889772750 -0.263537292161077 1.12216283158810
1 1.83965467274482 0.56075985721563 -0.961549230045267 0.0632576516951146 -0.118870998703459
-1 -1.61918618455037 0.26664400460839 -0.412913705425754 0.356669571749136 -0.362796386989561
-1 1.45043583988484 0.78221150675751 0.282895582366647 0.587610610831678 -0.848542079611355
-1 1.71019072647767 -0.407482470723821 -1.51445402905343 -0.177508346253428 1.65759298503187
1 -0.926765555019071 0.177481056463728 -1.30581740733991 -0.0300517400231120 0.598270191988912
-1 0.222706555039607 2.77885652486625 -0.220692204364524 -0.272224511646623 -0.538323427382865
1 -0.0596415263811162 -0.675856392736299 0.667798657623651 0.799866481714272 -0.578633938731739
-1 1.63465441794743 1.96810721407994 2.22331169749705 -1.62920399171675 1.64587069405714
-1 1.56769320331542 1.8106107750786 1.28084564876046 0.885231271797885 0.955509333970713
-1 3.01936053897078 1.4714040931616 1.16180761117245 -1.44420761154858 1.3210441047746
1 -2.98324460321682 -1.64129233320658 0.365411834076213 -1.17939341540977 -1.17993363839268
-1 2.04876723490954 1.08663872631736 3.58108414805475 0.566457680610499 0.490209910648246
1 -0.96729540205398 0.38078295339308 -0.400596407213076 1.77332336438836 1.63195405183801
-1 1.78228997040977 0.145406326377754 1.23344970929559 1.74114070657793 -0.317720176160375
1 0.50539999518773 -1.35417454688799 0.106581101729898 0.851169890619976 -0.158777564439409
1 -0.7100758243404 -0.381548313862842 1.21982028994646 0.207324655640474 0.591423344930245
-1 1.62742565453025 0.251376648302320 2.46836529678915 3.25541446679571 0.886360237210503
1 0.175448566267334 0.0963649382555243 0.229556066490290 1.84114550646193 -0.704171209200501
-1 0.533853068646413 -0.543739888379647 1.13015729085282 2.24882606901297 -0.0429837818424155
1 2.24855310412436 -1.43599262396816 0.931178660553255 0.294209119059469 -0.0319151570577353
1 0.461154541699323 0.184738991766928 0.316291147633236 -0.297469529450091 -0.150243412008455
-1 1.04110329345908 1.34171352023234 0.0096229207509858 0.0626393923608723 1.25185110929161
1 -0.606752405667789 -0.735699128820318 -1.06806376620424 -0.113139539376811 0.832768492669218
-1 4.16074797137367 1.48357541199336 -0.135107932427064 0.75653438887563 -0.134703994675408
-1 2.30598429681034 1.35129335941646 1.81922407612522 0.978199617133176 1.17871880072542
-1 0.546512334790584 1.16411969030582 2.01000470132187 1.48222497664153 1.41115870549913
1 0.0970280682449537 0.88204458164568 -0.617521012732993 -1.17631747223409 0.500761994098786
-1 -0.412331611970178 0.120992809383145 0.960650608554993 1.30725189091555 1.86671073688033
-1 0.356959809752267 1.69095413361956 0.161708805052345 1.78761160422983 0.774333714476373
1 -1.05787071541782 -1.30769591116012 -0.726638514430277 -1.59738126153438 0.274927973750784
1 -0.835540740251081 1.00468815469299 -0.222059942876705 1.10209834644420 0.859507207564153
1 0.493870682348492 0.820545219279085 1.37084502938294 -0.120868734320230 -0.408732711102463
1 1.11084571891296 0.29946926460309 -1.21166723744822 0.0107002480889754 0.136767911149950
1 0.645461268583566 0.755505578455701 0.653787212014593 -0.435584983083831 0.694226863155913
1 -1.58923541012841 1.62824075359147 -0.214807717612771 -0.887118430956293 -0.707987976489866
-1 0.267712322891050 1.5871580214508 -0.208874458767393 -0.789823636410058 2.02888169469115
1 0.725367687130642 -0.251076216834670 -0.681193249902464 -1.15844485329438 1.40691638585424
-1 0.465810252446438 0.744952540307156 0.285260885763369 1.08530740729139 0.121695053075896
-1 -0.220467856754070 1.81763793529427 -0.45297933159361 -0.335972242668714 1.15821253890108
-1 1.27127469594358 1.84893801200357 0.459334754550835 -1.75270461630580 -0.139853835430246
-1 0.529076194645584 0.713007033545964 0.991280222509742 0.889287873217467 1.94930613582711
1 0.988916561773944 -0.720588007249686 0.0700557479359872 -0.306081304150486 0.653112041342767
-1 -1.15835631203789 0.586862208449271 -0.846025904158902 1.26575199345662 2.67689368724785
1 -0.602602414933747 1.49452281646996 -0.398639422439671 -0.0282415996779633 0.640806493023134
1 -0.199847739744223 -1.38369755235135 -0.579696125721756 -0.808177101403214 -0.0596829697301052
1 1.10635838556149 -1.92397903716313 -0.065833615091757 -0.361611947610495 -0.856671349212926
-1 1.32078872714928 0.463545194704892 -1.46924387781297 1.31322342637994 2.34419505620645
1 0.326587407243153 0.229051544364177 -1.05087142192984 0.134064704091086 -0.490938126410832
-1 0.355862163684273 0.926461771378732 1.41554489788162 1.60794278214360 1.21327745082707
1 0.0763678279029431 0.0662777081952712 -0.465688197035929 -0.0194970994378634 0.455163726555314
1 -0.593781237036714 1.13850333064823 1.08165665980965 1.23852787428249 0.349453859655434
1 0.506327256144211 -0.54329012237777 0.713227847855913 -0.808549069578696 0.419078881044857
-1 1.23830630751476 2.18597421186868 1.38289027767812 1.01580268826703 0.783245251620538
1 0.0700022366992778 -0.35416989475578 1.06431758641346 -2.13148326073225 -0.00263859964012570
-1 -0.336433026197803 -0.595853419842189 -1.05701787396402 1.39558986302957 0.231208028289550
1 0.531654240139069 -0.547132961999082 -0.87950199196972 -0.672566823885166 0.287040372853948
-1 3.01215139775184 2.23403730202208 0.924112564194102 3.20027576917811 1.69883344290289
-1 0.838141807002959 1.64564460021143 1.06724603418273 0.722490587565653 -0.74718323007759
-1 1.0221219393411 3.05952294963865 -0.72054169640671 1.38327608688056 1.27497119790513
1 0.54032746496628 -1.57891531017033 0.183363982841077 0.688613043773291 0.204436212842610
1 -1.09931772418608 0.231741543796064 -1.54835543229517 1.36447844443392 -0.789507879164265
-1 0.680804709290489 0.637524050536794 0.384654666987255 0.564270026467021 1.80149253528873
1 0.349071955318012 0.284901328259884 1.41102097051221 0.955494896567278 0.158593795789378
-1 2.26053588067290 0.70807030345141 -0.882125586399628 1.64879355164789 -0.265179161145836
-1 -0.141431761043152 0.284727127170474 0.475058764345272 1.45699906858402 0.274329934093229
1 -0.847420376211528 1.775336630649 0.294282044696635 0.123157009605023 0.314619213687279
1 0.242861523533195 -2.540167317372 1.14908206340567 -0.528381512500345 0.161889290958828
-1 -1.86333203429360 0.963914205534755 0.914395768811808 0.474261233042316 -0.580706825582625
-1 1.52507106745734 0.681625190411885 1.668627924997 0.697433151315027 0.0126067201086407
-1 -0.988377767117072 2.12690276115074 0.520888798851714 2.04064257573778 1.17830957367966
1 -1.19376241780286 0.270072709993630 -2.70970414463447 -1.37332352445932 0.782755165077747
1 1.75194179772267 1.66167338571623 -0.136269919289873 -0.467328916890989 0.521134017106167
1 2.05933282135253 0.653857217939443 1.04283928932652 -0.777407552663058 -1.51449879103529
1 -0.592761731587903 0.792533106663408 -0.742396632294146 1.38992642742748 -0.429161081508183
-1 2.21165781498423 -0.145216430911006 2.15354195182681 1.22193400869114 -0.424867646684594
1 0.0829333201907885 -0.31639712007215 1.30240451151966 -0.0728031487956763 2.38175023923406
-1 2.38596023120917 0.280353598827036 2.04944657608816 -0.432515098885655 -0.0777699851315743
-1 0.602483064589131 0.995684119339565 2.27263708087576 2.22091030773679 1.06524793803656
-1 0.184698263238392 1.17351970147915 1.66827755042269 0.71855005629639 0.829590169534669
1 2.73485471038986 0.0641188814215248 1.5408621158514 -1.52098391066015 2.35294407351671
1 -1.16589081287238 -0.311066980999542 1.81777723080406 0.216050300059619 1.63575452891832
1 0.0907440897373638 -0.438093749784587 0.380104225409022 -0.413635578670518 -0.314557832299887
-1 0.600738310519060 2.24547244674605 0.295087953485991 0.839076101822475 -1.01378918360388
-1 0.400038700117092 2.28133367941422 1.39623195016152 0.303697680969479 0.926892999940882
1 2.53942131762533 -0.613110761078375 -0.0175552981614476 0.229176504679189 -0.0731247458626393
1 -0.0416072366630279 -2.18988066057745 -0.962121344802111 1.70659591054782 -0.70951575207189
1 0.643757446985704 -0.456484777780679 0.531169841989169 0.287347672650434 0.0947120843619405
1 -0.99925787857027 -1.60848583265530 -0.421356776223759 -0.95194481938362 -1.4874230064461
1 -0.964533885127471 -0.728271400028487 -1.69099702495813 0.465731442398327 1.49719282277690
-1 1.31771165152969 1.17506729536580 1.1756599823389 2.03291845334810 1.59823498264646
-1 1.42280544539847 1.37073097864490 1.66825959587530 1.99912020213523 1.85210679455980
-1 0.854703199940422 0.721349816196246 0.294068149011828 2.08348998888037 1.49834491124658
-1 -1.89550816239981 0.215483190262998 1.42280298227626 0.528002937831406 0.0801486736683367
-1 0.420699033098074 1.44847009822625 0.567436756379435 0.540073915143244 1.20171278441311
-1 -0.401569439117234 -0.858532823951497 1.21884859988279 -0.548710638637554 1.80850348261741
1 0.909437177000813 -0.0709856325453632 0.481639408288769 0.642066582516038 1.33303042272954
1 -0.357068453705311 -0.706255467789899 0.849258654416808 -0.0393847944412691 -1.03208104313349
-1 0.597919856729738 1.53685398548433 -1.10661826277368 -0.425110710591535 2.09721648659728
1 1.55274534370587 -0.812456024727655 0.705639219628361 0.602120766771658 -0.501842211380876
1 -1.31789383960158 1.99930037797279 -0.186731455418252 0.125170320593894 0.222893943408786
1 -1.66326382550585 0.519718442779933 -1.64823499143508 0.600325050386784 -0.99477111449979
1 0.996429497995396 0.968162766681678 -0.427125933396584 0.327228742549292 -0.795219654404752
1 -0.58437714725182 0.0805865095938123 -0.89122143188377 0.0383125851556832 -0.236163900013242
-1 -0.809761285099062 2.48052802531554 2.25157945462397 2.01763583734678 2.17528867096309
1 -2.72598347584259 1.07990705407143 1.16587410563029 -1.27329170767190 -0.0838181786497947
-1 1.49361075591022 -0.682729009828348 -0.414371944509698 1.33817252858192 0.862034907583129
-1 -0.0622387377871879 2.51898458131957 0.142610314511719 0.157881055217420 1.21051617214033
-1 1.97343150595482 1.88273932981178 -0.132666087024552 1.964581446036 2.72351319851366
1 -0.676106444058701 0.303519090166258 0.545005822952579 1.50787785621209 1.09319400227323
-1 -0.310807801122994 0.0124170687941049 0.427911600459666 1.31118108568503 0.424774350162754
1 0.644074572384584 0.199610594063977 0.854301712547133 -0.129681958110743 -0.153736561220259
1 0.650775559961033 -1.02374881710054 0.339594354742788 0.506835420560633 -1.02772317721712
-1 0.370375987623501 1.02975095474988 0.566334005321989 -0.547019220449135 2.52703328002704
-1 -0.670103563589319 1.8434706330825 2.15267173659373 0.252289934211886 1.80191830579800
1 0.537629966568482 -0.464258479255997 -0.561043895088998 0.338773882497934 1.68895303526433
1 -0.452997941298242 -0.760112643059069 0.501881558077852 -0.474829847816115 -1.20634412407895
1 -0.0205597446215259 0.210385303688704 -1.53015095345185 2.75148014008784 -0.0011821891815823
1 0.25464643590909 0.775333561636585 0.706333048219595 0.114513482891067 -0.122831156642519
-1 0.852420711501054 1.78546308499813 2.52876216916416 1.54319885489201 1.50914990998589
1 -0.854430246404789 -1.07579812304530 0.276831463293174 1.19429957836115 -0.141705962255400
-1 2.24237850110046 1.85117480258117 2.20666674008193 1.83761546525766 -0.274167121026936
-1 1.14217547637394 -0.595682448796545 1.30014169426230 2.40289878351538 1.35937434477257
1 -0.0252597260636721 -0.277555514256807 0.0159302702853304 0.647624240703253 -0.685994421524132
-1 1.06908674045602 -0.411141872963170 1.03681077355809 0.172403625615251 -0.870015841928066
-1 0.646064991601727 0.310725526662287 0.549926834601678 1.37022184508500 1.77208883219120
1 1.29522712985290 2.08663148560681 1.76432278780575 0.206921749205791 0.465822455082319
1 -1.19818205899457 -0.798543327649094 -0.498130380927277 -0.366527785291582 0.411773472824842
1 1.68698599352622 1.66899495402277 -1.11064383903011 0.144154359240659 0.683701312736974
-1 1.15828667104228 0.291371164686542 -0.454887891646323 0.689280029106437 0.631806120957963
1 0.405729081471449 1.09526175713311 0.0220050772108993 1.09751600928743 -2.02442432642329
-1 1.55878679228082 1.20811208167389 1.63112233981206 1.66166917347693 -1.20177742087127
-1 0.464634889566244 1.65672570802286 0.624526314309549 0.273646622005575 1.88428886502087
1 0.100484858174401 -1.03896609822267 1.70816414268655 1.63878196944637 -0.234333112999444
-1 2.43226204368149 0.484558725888982 -0.229262819780558 1.57205056044622 -0.0816164027173185
1 -0.206490107332772 1.46837081563661 0.0302770070139629 2.06647170348164 -0.395673557694481
-1 0.625922510244216 0.181218945482436 -0.632301053106979 1.90595479394403 1.124232086541
1 0.284441724854914 -3.37118168635673 -2.63400237176901 -0.742713820676529 -1.20140647608487
1 0.829741591567655 -1.20814697305843 -0.865771140653603 -0.503162977220924 -0.498021114516928
1 1.46198767947796 -0.183047918723614 -0.998357882600475 1.39180959892102 1.83545897127623
1 1.62623078099459 1.89885657840625 -0.883199697271176 -1.63105400864233 -0.426030555557944
-1 1.31883236030188 1.62853955217688 2.48576319428412 3.63785760082767 1.19195941253764
-1 0.176831714672839 -0.585728167362594 0.93742941955456 1.08163880092356 0.886307591188227
-1 1.40939624632514 1.05488483334562 1.19119235046613 0.268001587364829 0.581264023055657
1 -0.955736709377994 0.0922220902267885 -0.0768280921291782 0.0839582922099654 -1.11445707308221
-1 1.18675251404697 1.59638172254205 0.656959244611627 0.929315261782385 0.65040607260805
1 -1.23842664933139 -0.00162241830129939 0.53961440577465 -1.19536826182905 0.114470486126601
-1 1.39528855763331 0.894019013046427 1.06240610071524 -0.242794829502757 1.05538096920855
1 -1.38114072744263 1.89271759685882 1.15780934544025 -0.557406562501402 -0.972739636917397
1 -1.23281388088912 0.331961156466339 -0.369113627546442 -2.49900923266975 0.582149135171117
-1 2.62403742139615 1.02102719020703 1.19662318133866 1.72316639681068 0.342742058341699
-1 1.32355009748212 2.08153957574829 -0.0516613933989137 -2.14823534199479 0.628565321790433
1 2.15403983659031 -0.962210944792073 -1.85624800809525 0.601870280723958 1.72600814006464
1 -0.0512223207213795 0.152563482048883 0.654062372367968 1.09666778815539 -0.74810767265767
-1 1.24756882243691 1.15482938019956 0.100090067714932 0.8604650158126 1.12995511113043
-1 2.80899435396731 -0.102586394104189 2.36696501324558 2.61569917028867 -0.11253961300605
-1 0.701863566842159 1.30200939275072 1.26351407651590 1.32880981037159 -0.510942156103355
-1 0.483238908723457 0.69623859659253 0.297513830095519 0.609302289997647 3.33360132145442
-1 2.06466835460157 1.38300545649574 0.770536868670524 1.89704707321503 0.764033977584998
1 0.108835650215689 0.70139073532439 -0.0171548182296587 -0.402249921154156 -1.38615802424258
1 0.73155436644203 2.11517033701747 -1.89792434252324 -0.0378405634080924 1.29418878294074
1 -0.0939964399943438 0.327842370739611 0.496719576831587 -0.400885195193496 -0.72226252019948
1 -0.337768405746843 1.07161169516495 0.91103135642081 -0.711658839634687 -0.620730577661715
1 -0.205416400356743 -0.625940949512405 -0.467271486255863 -0.117135075581934 -0.768404037713777
1 1.13979225010867 0.687455254149829 0.510673361399199 0.0220609182546802 1.42449210852322
-1 1.04667787830867 -0.107556759747167 0.381333741650822 1.38242644399650 0.0907196610236835
1 -1.07466434235495 0.694200853442331 -2.00046809918508 0.149099221610210 0.32558739718702
1 1.42991976841769 -1.25746008847452 -0.197128887874567 -1.25462420314607 1.46195145570437
1 -0.904654257271785 -0.193528419174055 0.947225276668987 -0.985629843353315 0.546835541268968
-1 1.04338675122150 0.371976754907537 1.0785963923874 -0.0227637054805278 2.43708998657521
1 0.56881965349061 0.0842744705882086 1.98155675109065 -0.450194557643892 0.397581253414392
-1 -0.244770506487486 0.671501111546827 1.58482560164447 2.99409877963479 0.665227264385557
-1 -0.115578707321812 0.706958876941775 0.556258835168677 1.03166751404053 2.79830168546764
1 -0.756552161739347 -1.50089448577733 -0.445984517625414 -0.423844119370145 -0.441765129895481
-1 1.18397312133002 0.666046545557697 1.27653907891546 0.753492924985274 1.24407584403457
-1 0.628323925719714 -0.111954957008156 1.03313879619016 0.642315022777753 0.666040567432208
1 -0.227560197387581 -0.214126634510220 0.670566879495416 1.19264881760508 1.93753285054402
-1 0.583721829532362 1.70928275128325 -0.115495421561367 0.667484832356291 1.52475780507774
1 -0.310428153146257 0.268107800641988 -0.0543012382417827 0.809226919605092 -0.563034590772214
-1 0.637773118774397 0.9086913610874 2.13347890477356 1.33414097100335 1.77887147475663
1 -2.23016249543672 0.908979598975505 0.457100472422267 1.18254505224209 -2.4519091306361
-1 1.63093988216931 1.16273076276263 -0.122088812718164 0.569286143612607 0.410189326650494
1 -0.0934023557496058 -0.996143532972287 -0.0993094821749725 -0.353077878229768 -1.1074012345316
-1 -0.19502669672927 1.73100031701166 2.38881611374155 1.49016661854611 0.191553832788947
-1 0.559013876545059 1.02763847989223 -0.669513452507197 1.00408138121861 1.09698731724350
-1 0.110922312303378 2.60389918779986 -0.261679596072566 -0.959514286755102 2.27855437254417
-1 -0.357688924154741 0.828840138423278 -0.123524712043343 3.06626922058242 1.32159354186493
1 -0.0338174897185585 1.79148769362601 2.03724449945362 0.956020809417179 -1.65559588316206
1 -1.29265006804916 8.96784717373937 -7.89893245963357 20.2330268713465 -0.124657202637065
1 -15.5470158248445 -12.7843276890752 -3.4984663487974 1.10887908261140 -4.70487045213121
1 -6.80544800737716 -10.0191673721214 -12.2896925775772 3.91800819311621 -3.59174446648433
1 -13.6333194151710 -0.29957263273118 -2.16094877589410 -3.95280238048206 -6.37794853381391
1 -6.50199188145834 -1.87405916110561 -12.5352735665484 -6.997492200921 -0.55787806369938
1 5.17855012690157 12.4061137044869 -1.7581250165531 6.77186587852652 8.09498635205813
1 8.04322724987237 -7.12297449621753 4.35323063691522 -0.867711022285196 5.09469918527317
1 2.43872638424603 -0.294212571156498 1.34406717755332 -6.49689885086684 11.2404261641077
1 9.22102300573549 12.9170657048935 2.61021462203186 -13.6121905796589 9.18578885649938
1 8.74109927340992 8.40207387282085 -7.57136471004503 -3.46728392407666 0.531037175652634
1 6.44459652909689 3.86049768065396 -1.03744864784321 10.5533839260927 -24.7602055433013
1 11.4881689010777 -8.80850947146757 5.53728424698181 11.3336564373901 -9.86512528957376
1 -11.7373506604965 12.1075941240328 16.1037159383991 17.3843253299773 -4.02539726003553
1 -3.00761615493282 10.1959179405126 -9.7397597791420 -8.89286917459935 -0.0304320708872808
1 -7.6465114455709 8.14238771695587 -0.334087485478336 13.2385698580702 8.54118780318382
1 2.91708169040462 17.0557937811628 -2.52099028952657 10.9459369632652 0.878343237698718
1 -8.37784735708617 13.2291154297085 -8.18085302312897 -17.3949680543574 -3.29350323191822
1 17.6337032113666 -4.89335078862987 -10.3029324404212 -5.63488107781695 17.9153048307771
1 -24.8165396377162 1.39523219010992 5.29402096528727 15.930836069998 -4.8911009904827
1 -6.80708222354633 -8.021189069704 -2.47732703685674 -7.86111532877303 -7.45092791847929
1 -9.49578023420794 -10.2298636835342 0.587837923719866 12.3818109152665 8.16875292236413
1 5.96916557443723 8.75183120509324 5.53801414451822 -26.9509216915363 8.86455045517275
1 -17.0943320023516 -3.09384496608554 -2.59197274323362 -4.58792612945729 -5.06206286316206
1 4.29873700337138 -8.87356904725111 12.0982626783060 0.749006489953631 -5.92221997572084
1 -8.50716678098473 -3.06030538765372 -10.1557633677093 6.57496039640323 0.261774898080779
-1 -4.88049124389362 4.20485100263685 14.9797652589473 2.64857323762365 3.56217038665561
-1 -18.3840731313669 -1.04438774399538 20.6160527961893 2.04113627164365 3.34509831366938
-1 16.9315321868605 -7.27419276369252 -4.65657974319608 21.4986958898649 7.01630609433415
-1 -0.205302011716624 -5.63953469081745 -10.3074010574086 8.307554452591 10.0284541376535
-1 -3.21310406199753 -2.46076884132732 -7.09429920940606 -13.3646329591627 5.03690906123509
-1 -13.1000969129247 2.35323264899741 -2.85067555356823 4.53311898964268 -8.14940952453252
-1 21.1968058765011 -15.9732557549348 -5.35905537007573 -8.9655978577201 -18.9569569388318
-1 12.9306912815487 16.9375999948938 -14.3657977012016 25.9802079227329 3.31177127958666
-1 25.0117175326233 9.61877401567016 5.71001993355883 6.65905340829729 -4.71064114787259
-1 6.15826392945177 22.6268434061742 -21.6400860458994 -9.4911962361664 -23.0452605042713
-1 10.4495565307450 -21.2653955447646 -9.22949271711315 -4.93627001795405 -11.1191886047575
-1 -15.3367254199592 8.80041289458593 -11.7149136664230 1.21696971887511 5.93680851554347
-1 1.53854533112586 10.6817148818563 -7.73583207678117 -0.217582502886961 -8.95676816890917
-1 6.12027219962264 21.7535245954191 -6.3808860102118 7.76297449466177 6.56075639777446
-1 4.83451014149888 -0.909114781520727 -9.85226354392758 -10.5257650161106 11.8428829638925
-1 4.77518368901581 -3.30244175142377 2.9728894055788 4.37323468232662 30.5767338603704
-1 6.24437318275232 -10.2271850684887 3.93805216421536 -7.84670308616418 -0.243636325194586
-1 1.99414025264157 -7.97583574249313 -2.64745582647999 3.62310210187783 10.1741183702350
-1 -1.45021770683787 2.58978223169315 20.1033909980881 12.4979354451723 3.14121419706258
-1 -4.79245614007006 4.77120467623572 15.2485036337689 -7.54515892190061 -16.4604053347239
-1 13.3198178511987 -3.36931128300328 5.34248180292058 6.01197358483324 5.32045011226543
-1 12.1269938547087 5.38495214603715 -4.88917789428567 -5.95837978535732 -4.74822524424096
-1 1.22461272699726 -9.59767149833277 0.78820750292564 -1.47115128480017 -6.22329437353642
-1 15.1565749983032 -15.4050104488209 -11.2180284911830 -6.0940051572292 -1.52087584943665
-1 1.05169151424795 7.19932166684313 10.3527041220456 -6.39026238168145 -10.0677435083342
