500
2
-1 0.772590967885854 1.91635949704494
1 1.0450224707301 -1.45949585591301
-1 1.80098529789932 1.39737655756097
1 -1.31180345181336 -0.787123514506999
-1 1.08347333215538 1.29847575469480
-1 2.43712815994175 2.75115028974093
1 0.303351873199574 -2.04428556681430
-1 2.66777459276036 1.67652869702423
1 0.551937887841889 0.723276450210434
-1 0.813399440417512 1.55289675288595
-1 0.8838109551867 2.02571189959595
-1 2.21105813587622 -0.113352306178032
-1 2.26974186828032 1.76624863915040
-1 0.671590718368734 2.49683382957150
-1 2.51142594213045 0.481493609074777
1 1.06250406982448 0.862334299986642
-1 1.38821947759555 0.0487985114956477
1 -0.607222531544445 0.211837003528106
-1 0.129089473346464 0.36443808822127
-1 4.44600272168913 1.40150571395991
-1 0.59876193084539 1.95462106583907
1 -1.56439549731941 0.533243830677885
1 -2.03400873126788 -0.147861111392755
1 -0.47821658807976 1.14138548049112
-1 0.936817576075094 2.38970813840835
1 0.16268883640119 -1.09195453796117
-1 1.83604893775699 1.16884387206045
1 0.490735095896725 0.0920686633008995
-1 1.24002415577867 1.46148647849976
-1 2.65616251596343 1.81544994889482
1 0.0934353014639318 -0.422277573424138
1 -0.244465456272790 -0.329016842181886
1 -0.266054936806885 -0.447353735143304
1 -0.356510446960734 -1.47662950867645
1 0.891937988165876 -0.770987328004762
-1 1.61995509206782 0.403171933350159
1 -1.00704549253005 0.540331930492968
1 -1.23722760469827 0.405650272614700
-1 0.624433137633115 1.12719770555123
1 -0.629836372781029 -0.0470696955331622
-1 1.38078361920902 -0.0197602092256972
1 0.127631399877270 0.217270338597578
-1 2.11142889164993 1.24319573549151
1 0.990344305521677 -0.721938422071542
-1 -1.65225268906740 0.159061687426073
1 1.18144144845495 -0.73250661559019
1 1.67588007291646 -0.731964232200139
-1 1.24415129149424 0.592021521357942
1 -1.18613927787255 -1.16117773174949
1 -0.572515229663141 -0.502812983492209
1 -0.435150274560399 -0.0877875583202077
1 0.434831311031431 0.662875035772947
1 -0.0770366050669661 0.717503304284868
1 0.376865927943549 1.16872115442579
-1 0.180019234396101 2.29243435480605
1 -1.12257438322453 0.590573258557333
-1 1.06111746252885 1.38161838621929
-1 1.59042647435594 2.21245163936703
1 -0.0290339717482986 -0.161650972664138
1 0.173641455161315 1.22183178617651
-1 0.877383509236784 2.14294350512013
1 1.52149466612675 -0.453033934895772
1 -0.29895802327279 -0.837629341839217
1 0.137154552046254 -1.09341003434217
-1 2.61287052842208 0.220649917483673
1 -0.088425702534182 -0.181839437801962
1 -2.09770283455929 1.02833870332532
-1 1.43119431176329 0.647144208019536
1 -1.01608788704473 -0.776153569871675
-1 -0.792763762423749 3.1081473280168
1 0.185375380106755 0.0767162221872022
1 -0.384615640528333 -0.909481436628763
1 -0.679252356146968 -0.103631857853683
-1 1.72891850460994 -0.275145944159425
-1 1.79324524528288 2.29413419416079
1 -1.37885856967925 1.48007894733
1 1.18211115143563 1.36215257154636
1 0.392862196314231 1.00989191728314
1 -2.30537722972785 0.58852210849555
-1 2.91684138150363 1.52505970593484
-1 -0.339290510016245 0.798066289237635
-1 0.0824894259034079 2.59361517729476
-1 0.935630158805605 1.85146212205813
-1 1.54063088695542 1.33300569462623
1 -1.12280094130620 0.315769638122292
1 0.639679080915283 -0.601231393498088
1 1.08072321860094 0.626047921355232
1 -0.55809141179868 -0.0579230634803488
1 0.765197550030168 -0.902485405400073
1 0.625487417405182 0.221304817153922
-1 1.09309362893244 1.92940179239677
1 -0.796661578297663 2.34747197490762
1 0.595780938633906 1.43842321794856
-1 -1.26767845672111 0.66698100606302
-1 1.42193075524188 0.248875344607151
1 -1.59041029956113 -0.348150962377749
-1 2.53789846313490 2.18657957936563
-1 1.04030670891480 1.14194647362304
-1 0.159463883271374 2.30801427781884
1 0.65490191316192 -0.282230817022816
1 -0.281305465625502 -1.36071695862594
-1 -0.0679379900488775 2.34859181142396
-1 0.210788288569578 1.67221711476670
-1 1.47118734521965 1.95965795175174
-1 2.05766636680190 1.98015232057936
-1 1.23703380041291 0.506262658523297
-1 1.71148595765067 0.206167539411994
-1 0.0773474107961654 0.388589021286214
-1 1.46433666787834 2.86604489906033
1 -0.183954144384383 0.088396983224318
1 -1.05014537797844 -0.515276879208582
1 -0.414463966385455 -0.737718577706673
-1 1.68641161679242 -0.240878808540979
1 0.0198190793912734 -1.04194787856833
1 -2.07620934670325 1.07914858855693
-1 1.97315466433589 0.449092083997126
1 0.964009419063632 0.0478379134332868
1 1.43878473078537 0.607988954533625
1 0.593309929778301 -1.12507462439329
-1 1.97479810793332 2.72236248473137
1 0.0485317910509475 -1.21668226009976
1 -1.80675857874175 0.66687359573598
-1 1.27313702992873 2.31483187245495
1 -0.370706723401618 -1.48139910999948
1 -1.27213020473962 0.0649322958386054
-1 1.88693531155346 1.34541990756207
1 0.232181012696205 -0.61529353116931
1 0.347503659949703 2.24601787570639
1 -0.403910884604965 0.536699086073814
1 -1.48733270030043 -1.79641209786590
-1 0.669828730789532 0.677286536020313
1 1.49071134273602 1.03582160598025
-1 -0.340753073123033 1.50614994627010
1 -0.418712906464282 -0.730657235870532
-1 1.22800329491718 1.88631394273184
-1 0.399776023638319 3.22977520210831
-1 2.19678086863457 1.36152112998441
1 0.935869256175522 0.721166917942414
1 0.451348620267419 0.185663141301733
-1 -0.0209782504794562 1.60300882791937
1 -0.411458227246249 -1.38071190942724
1 1.48518212028583 -0.0705032348586888
-1 0.743611252297251 3.97611788744699
-1 0.784596143106329 -0.0314867903591669
-1 -0.443627715234036 0.743987266317414
-1 0.617524859683957 0.392158334066915
1 -1.37066949569104 -0.514774752419223
-1 2.31697271702777 -0.832979421781871
1 0.817965514923512 2.14744550647721
-1 2.38433257983689 0.94909473908329
-1 0.095110611591363 0.586423466214452
-1 1.43580828063449 0.91822358281922
-1 0.287881158413736 1.98943708524366
1 -0.759389404502224 0.821139437073383
1 0.133538769457644 0.352782181215605
1 0.357968273004195 0.00127857417922588
-1 -0.276584565011364 -0.0203602647236443
-1 1.30735601636330 0.605501638278142
1 -0.113828151430661 -0.112804281355692
-1 0.908142765737684 2.13300826583550
-1 2.30064159860652 2.33539317502166
-1 1.75669009654572 0.687903349531573
-1 1.32966974995157 1.80865787255361
1 1.36354176784087 -0.734624486122183
-1 0.987481122772029 0.754769548351905
-1 1.39067154297661 2.52594481203897
1 2.35683859182767 -0.637287252750995
1 1.79048696842844 -0.097313735674148
1 0.646115137973815 -1.70214216616938
-1 2.82160668348426 2.69805792950015
1 -0.613037749909749 2.11417902094391
1 -1.12701426792116 -0.18463460051846
-1 1.11082611253013 1.52802606632919
1 -1.44111945525525 1.28426187899216
-1 1.90844447946978 2.26768622965514
1 1.28759842311997 -1.20408681254756
-1 -0.073309602823805 1.27444203959487
1 1.43434708343963 -0.385028441180853
1 1.16482716968327 0.342901772294445
1 0.437505782920547 0.0998487980210497
-1 0.92472911643252 2.36125323656453
1 2.773779206585 -0.98622022743644
1 -0.150393235875907 -0.331783821699088
-1 1.75758751170427 1.10363794818341
-1 2.75309593682332 0.612325781512139
1 -1.16378019892577 -1.91460070024368
1 1.02526326447562 -0.145209502144596
-1 1.06405203694571 -0.00449306075950484
1 1.30411912887750 -0.847758352323242
1 -0.996595822919076 -0.887204294383246
-1 2.7724927448825 1.32558304222129
1 -0.327059377553561 1.40897968895891
1 0.379696217034719 1.15447505095729
1 -1.11590215155671 1.58351155573614
-1 0.994281620188339 0.455633842603025
1 -1.08022184078196 0.378781722654176
-1 1.48398582489672 1.69251022019716
-1 0.446728127086222 2.97561967867523
-1 2.47963260637081 2.43975482366986
-1 1.07170930684999 0.613660987210344
1 -1.06284500389500 1.02549370431380
1 0.775221316665597 -0.910022658106618
-1 0.393646652570447 1.77103481224118
1 0.252023765660785 0.357038277288914
-1 0.366847102816211 1.57222090475902
1 -0.732135481904472 1.52204640560052
1 -1.20234930491120 0.437575215379607
1 -0.238708986835042 -2.65421066873016
1 0.941773591732542 1.23168742927982
1 -1.07682094982480 2.04914101533821
1 0.539100319644308 -0.995880545287904
1 -0.973310689385596 1.43998180005249
-1 1.02898438207729 -0.280362319031694
-1 1.09224124520335 0.440002357557447
1 0.347741586527201 -0.485979887378062
-1 0.848933706162986 1.85088575955781
-1 2.07325579967482 -0.311968065643745
-1 1.89883104522211 1.18151928738233
1 -0.173646628613935 0.459105230883438
1 0.932763216373291 -1.12171821160798
-1 2.11817127135378 1.8429146975605
-1 1.53656270567355 1.01999013543684
-1 1.09904333283238 1.61412074248932
-1 3.70033891534125 2.43776875492859
-1 1.22365972893305 1.64654119691965
1 -1.29509628994672 0.230873820732541
1 0.479614737903988 1.10964549859150
-1 0.403836373039668 1.31525164116107
1 0.76560580603369 -1.25575584705857
-1 0.625445555232483 1.87726982147041
1 0.243659836464849 0.131473620695031
1 0.134545525791702 -1.3728384254245
1 0.33994531333564 0.504563833094681
-1 1.56095206818760 1.7490700629752
1 -0.411196086661401 -1.46359969887792
-1 1.99748975544446 1.70645546754416
-1 3.13300264907288 -0.0230623674282877
1 0.582212934879609 -1.42119577274926
-1 2.00028007087050 1.34729363955496
1 -0.695456070198857 0.730825884278015
-1 2.40333612988305 2.14580905750887
-1 1.41274292986696 1.46179555249274
1 -0.402199616833781 -1.23742306156792
-1 2.18240940504657 2.02879671870885
-1 1.34522280605811 2.58553548549076
1 -0.602840928390558 1.23974157815010
-1 1.06077196013456 1.47821858896824
1 1.85033889112087 0.792501817686327
1 1.61647274091494 -0.906503390519796
-1 2.77438656843374 2.501820533505
1 -0.83804657281466 1.77036548012316
1 1.19266128404629 -0.579604294377627
1 1.92329922946175 1.82659819376048
1 0.299018511964282 0.510577767134971
1 1.43585286374209 0.44353006681837
1 -0.073121662697879 0.62817605082175
1 -0.772187393670679 0.00536787150448758
-1 1.18430846287224 2.64118924303809
1 -1.48110869086416 1.34200463221112
-1 2.59031248517674 1.60217820436828
-1 1.07027574333709 1.83723867455544
1 -0.357347204614635 -0.943131063854756
-1 0.431508696108175 2.03540508350144
-1 1.24447469616058 -0.260032190566972
1 1.41884746800211 -0.849695617502661
1 0.0618653782183049 0.329715644240018
-1 1.90677827784676 1.08462869718624
-1 2.03671025044235 2.16873784651270
1 -1.41592365969156 0.342151948952035
1 1.74490949249896 -0.899136711522447
1 -1.65274993897879 -1.80816017303889
-1 0.853846768783102 0.906133866818803
1 -0.382040155733842 -0.954154280176122
1 1.09442353380692 1.65500006950606
-1 1.30377464824702 2.08100794132192
1 0.793057362949032 -0.136711305950807
-1 0.505237046782395 2.77158953462903
1 0.713806611074275 0.628239339397877
1 -1.75943644750824 0.309560572571074
-1 2.54142825477346 0.638287003341076
1 0.721242874716384 -0.171902918572519
-1 3.06493414942553 3.4212675890105
-1 2.90861475757867 0.514513929771818
1 -2.03754963331010 1.93695943424085
-1 1.40465387369014 1.88598282603336
1 -0.225845754543098 -1.04427244764546
-1 -0.424553994247242 2.35281425422291
1 0.729809752756464 -0.638002959602928
1 -0.154475021908761 0.644018284308727
1 0.984711934605754 -0.292034346825587
1 1.03855442775211 0.0312091604468111
-1 1.25626866165324 1.71139306941946
-1 -0.157372963463121 0.89191720002984
1 0.643327387330906 0.642986299801805
-1 2.10885436954608 0.057063268332658
-1 0.92901062144902 2.17546740533963
1 1.29000284410569 -0.78108879001368
-1 2.68622590571628 -0.0241657602796932
-1 1.77385047887641 0.704388508121651
-1 2.21711198111669 1.12575421634548
1 1.19159965622839 1.15170973861323
-1 2.20721919427410 2.07760716970573
1 0.428672640457199 -1.06756713679156
1 2.02607916919360 0.627658249169512
-1 1.65633000367838 0.490519377863864
1 0.411088635910643 -0.770507222544076
1 0.210541877554244 -0.0642284323094507
-1 1.99129134571511 2.77644746403238
1 -1.34930870165853 1.33202229776742
1 2.10396415586559 0.564822779514589
-1 1.89408816103071 2.36177880638797
-1 1.99822709817943 1.49440086238780
1 0.964363829174251 -1.60088779971364
-1 0.784417943553457 1.03352707834743
-1 0.968316474578843 2.26439443190434
1 -1.09150457099947 -0.0165121558191822
1 -1.07720792237735 -0.926788192253692
-1 2.53928416852654 0.3742340555811
1 -1.69736095418944 1.42784938696173
1 -0.173276497309458 -0.963180150485075
1 0.458409701715113 1.64780669480397
-1 1.53801612034292 1.49373616533322
1 1.82430930810479 -0.483935204075337
1 -0.402485653364289 -0.268277679000504
1 0.108096870873457 -1.62267660709419
-1 1.69341943250521 2.47795861800133
-1 0.838036100941956 0.588464887521261
-1 2.12749088796336 1.32641913213415
1 -0.436121127601961 0.891357980805728
1 -0.854849677451135 1.10032398548325
1 -0.246064651266359 0.176528221780581
1 0.70985974472189 0.614774482031904
1 2.60236996782893 0.974647915237356
-1 1.37575837698451 3.22409603168194
-1 1.12390457941708 1.01633894806615
1 0.720641881517338 1.01396301474423
1 0.381302296981659 -0.556895121495228
1 0.128812919360836 -1.74041848828426
1 0.0112560782464565 0.388536029846356
-1 0.256283294393433 0.297784763984890
-1 1.70663935390940 0.354901629407133
-1 1.86702253177235 0.89813093616595
1 -1.45871750615044 -0.724822706523833
1 -0.651891893750323 -0.17385210213675
1 0.583780818722231 1.20680285874966
1 0.254674430051962 -0.529441673475411
-1 0.18149244489701 2.15837885054273
-1 -1.05117258812109 -0.0368950799312149
1 0.269820452209022 -0.28920966043662
-1 1.52607839290143 0.468484726273325
1 0.850965351949304 0.507247670514949
1 0.612950258049517 0.611533931070353
-1 -1.10246342339563 1.24414260038210
-1 1.36634525480077 2.29210004302966
-1 -0.265093405538613 0.346948805330432
-1 1.54028170947092 2.10833750942566
1 0.0860335846366331 -0.197448428465684
-1 0.831206160794116 2.6834902747292
-1 1.54663842175369 4.51248918944327
-1 1.39305901547990 2.22383665443192
-1 0.496806571141083 0.449272448562269
-1 1.87227030186459 2.73387924434728
1 -0.296616665149982 0.37202723217677
-1 0.64354387690061 1.11864251224844
1 -2.18244712605692 0.443353338331762
-1 2.264843381731 1.61769971017352
-1 1.79571813105046 -0.714886574742096
-1 2.46033459831794 0.141522231757626
1 -0.591370384206027 0.748821265007256
1 -0.714939085584651 -1.06649018158272
1 0.707987384742634 1.00524175969760
1 0.529007092973473 -2.34715034736963
-1 2.64538782792029 1.41333066617174
-1 0.560966849946925 -0.367458210215514
1 -1.72110001772896 0.543475191011473
1 -2.05794441997922 0.420345613373995
-1 0.877872495964642 1.75303118112748
-1 0.708567577554233 1.44586431313236
-1 2.05288747633748 0.749099141342229
-1 1.38633279902910 1.17232624166303
1 1.13046780762859 -1.52139071400157
1 0.221687427223194 0.314620784941560
-1 1.55719561110018 1.47497837832864
1 0.918661635226902 -0.853540609542829
1 -0.849187981338737 -1.68446841662202
1 -1.86206525155708 0.65868322547557
1 -0.588883678484107 -0.432605111225984
-1 0.749809507640473 1.36229167012454
1 0.827529130713714 1.36390814808218
-1 0.90963698330989 1.52448874636899
1 0.701947999066567 -0.185783921422707
-1 1.86774502992981 1.32609374957752
-1 2.30960534564037 2.33607394254167
1 1.01160952262264 -0.240813462781353
-1 2.39504828391714 -0.0983607228557282
-1 1.35767771494101 0.562215067052883
-1 1.97912040473759 2.84536636618178
1 -0.333253459110955 0.198419307403463
1 1.30391442317011 -0.234465419062831
-1 1.25866126797179 1.05814959845684
1 -0.0386558932594347 1.63319856860696
1 1.86317078962999 0.355373099884451
1 0.765085792417757 0.445950597683399
1 0.455274085030475 1.65756826535301
1 0.111241371463501 -1.16153066332803
-1 2.25721489256074 2.46112021001556
1 0.994669010400225 -0.76277941714515
1 0.470180110045421 1.94678877784017
-1 -0.858302577623576 2.346669293832
1 0.655201980370605 -0.49259855436191
1 -0.815387619757997 -0.331550091328332
-1 1.24237527710825 1.33466220167977
1 0.71657018035169 -0.745550912188678
-1 1.46348517997027 0.892802707429379
1 1.23418716815023 0.139538285872814
-1 1.67921450653658 1.10842850884001
1 -0.715853739330905 -1.70525003689878
1 0.468852012290997 -0.343701438002754
1 0.540720825351396 0.42503827077945
-1 -0.541939978255404 1.88619941065561
-1 2.54001397306151 1.34482265098462
-1 1.86806713242487 0.594125263558634
1 1.76460711438676 -0.292079316186976
-1 0.996605656190158 0.998913609516398
-1 0.367894233234222 1.83822243660981
-1 2.18952151222864 -0.340623223569502
-1 1.761760550827 1.68256807682685
1 0.239088778946933 1.02745378302241
1 1.25105079727137 0.211098881369963
1 0.164900489912975 -1.59105764772464
1 -0.161932649536349 -1.37753387955845
-1 0.900354712623905 1.71115729835807
1 -0.800763174134385 0.24137836835384
-1 0.733571097742686 0.834107346227031
-1 0.613142916080133 3.48880196124724
-1 0.0198248374767060 2.08076657366418
1 1.79193408290988 -0.0146495696444437
1 -0.308735331156298 0.515763269465033
1 -0.983335884188911 -2.34459075826837
1 0.593141418979856 -1.93199258701598
-1 0.181960204739653 0.677010097809824
-1 1.6660841149339 1.81944428312177
-1 1.86096858770128 1.93900576036039
1 -0.471452356828394 -0.502591997378232
-1 -0.577393133149381 3.01327756263315
-1 0.844472485291966 3.68947574104087
-1 3.04904962102146 2.78418177008673
-1 0.815600637816709 1.54474229128057
1 -1.78946951077961 0.113631792399221
1 0.281810411131768 1.26883896142119
1 0.429758731779236 -15.4285489729604
1 23.2470695539943 9.47532135740881
1 3.15906400783301 -10.1931692594259
1 4.65380493247567 17.2950539630199
1 7.93236410077813 -11.6506320094018
1 -4.71012287621944 -12.914466247591
1 -5.61189275555924 8.11715281393969
1 15.2444348582318 -3.72673528818775
1 0.187095291082083 -2.05652487608669
1 -14.1623921990573 1.66175193428257
1 -4.62237281819787 -0.231155444920082
1 15.6136295594451 9.01303049372395
1 6.08525020200383 -8.02157116433882
1 -2.94879172970858 -8.5294479365208
1 17.8794118098459 -0.572138519825944
1 -0.704191482152996 -15.1401935844260
1 3.52893449484215 -1.45418409652556
1 6.26719635255589 6.43934449527398
1 16.1031079527631 2.45370153200595
1 -7.41258374695416 8.41992938873147
1 -7.17142571901167 -9.04032122827577
1 26.9934916373529 13.9530623036051
1 1.68717190816980 -1.10654645072927
1 -1.49561624700433 -1.77409320723412
1 14.7269568160520 3.96850316080051
-1 -5.84258513935155 27.2347058184818
-1 24.0453937417706 -4.82497042966322
-1 10.0020601583529 9.08389567650003
-1 6.63505411342432 17.3292776695638
-1 -9.910456874767 -3.05795310190592
-1 -0.367853666179049 15.9422092753113
-1 15.8524541487936 -3.27294443898297
-1 -1.35898290635276 14.1094518439057
-1 1.77404959836406 1.94637481179084
-1 -1.64594148942798 -0.761287733860114
-1 17.7985873366966 -32.5757446096746
-1 3.54895933861532 -14.8398013248324
-1 6.67230761401225 5.07262829295637
-1 1.35271860633588 -21.4373260075649
-1 -1.35440644276937 0.633436805078639
-1 -5.6958123628411 3.60759528628163
-1 -17.0434355922312 5.20193360526227
-1 -7.34483197485 -11.7926013664308
-1 8.67065194028216 10.2758763517299
-1 -7.39457183938305 2.98294276101738
-1 0.589363150952514 -4.72354795240455
-1 5.57195187280423 10.8752199413362
-1 1.66234106009509 1.83463550023562
-1 -0.422340105300101 -0.245181673547456
-1 13.3255515110397 -10.1666364463394
