500
10
-1 -1.16672575581397 0.218907477744155 2.52872516999496 2.4877752554872 0.345584596499634 -1.00153845509986 -0.0853189089336368 0.493014957813107 -0.179963735762461 2.00027423720622
1 0.602899386136115 0.173245634198638 -0.344140782587004 0.976648343641988 0.630973223373431 0.321518891376759 0.811754447802608 -0.421443032064729 1.68926415439919 -0.393717789921466
-1 0.755359157392977 0.094650269418343 2.32052386230839 -0.560628662228262 -0.417260711904978 1.63225437678852 1.71730590443127 1.72431631062735 -1.38188366513342 -1.38168392783674
-1 1.96608565035457 0.128774472785803 -0.101635625811298 0.227565889088114 -0.403412532500416 0.00296582478998630 0.978760727171479 0.60256558623006 1.00116153662049 -1.15750425407016
-1 -0.0474773935918871 0.0732639795474493 -0.171803509150604 1.30828746976443 0.104941280792080 1.20686037930700 -0.0278078532636538 0.75526642930036 0.354177175877015 0.201008943340366
-1 0.683087536185583 0.852389350841494 1.92847987238927 -0.991370527599103 0.258207169724313 -1.20421779608185 0.183823807558388 -0.598220351319561 -0.721312294724516 -0.995204443250369
-1 0.423108853144423 0.972061715541038 -0.108701058282798 -0.0313407834469723 -0.787585967163656 0.520728014136703 0.973578756988055 1.26935058145851 2.82449135882089 0.94813719023369
-1 1.3720473669909 0.320099756831279 2.04899437355053 1.93011194002800 -0.454665255692806 0.536474449595098 1.35452404392454 1.27697887342086 1.02576882314918 0.347858061503551
-1 1.16636407147398 0.86598488810889 1.21868033382102 -0.340949234476847 2.88319053226048 2.5616659306301 -0.841517300558042 -0.441116508217212 -0.188407337802212 -0.0344304107014414
1 0.0737605686429212 -1.24716224504672 -0.46476760684315 -0.748690315324352 -0.175844034935396 0.234648798544662 1.26991675059158 -0.764281139276855 1.15008279955059 0.290485715768003
-1 -0.0736076493323108 1.27204851095916 0.485377437920368 0.572300469770893 2.1236592764231 0.936096951449225 1.63698530170997 0.5906132258668 0.765462957474834 0.566199483737611
-1 2.28254836288960 1.21649058242277 -0.15890124282056 0.567876929175383 1.18852276576464 3.09841270029628 2.6574566100261 0.929339923224652 -1.43434322181050 2.62021337788480
-1 1.54506704083549 -0.175984855406634 0.19234142966481 -0.359438360890579 0.411659137665763 1.8471362863638 1.05072147909038 -0.717443401544826 -0.275004653057266 -0.433797457873279
-1 0.782635750905893 0.0993326763298092 0.163653123363157 0.615392149811267 0.116232772152733 2.33705934133808 1.17797114319586 -0.156203737917511 0.114722488308770 0.0494013488173229
1 -1.02736817096937 0.644911543323069 0.0918703593860695 0.0214122126196930 -0.255840781294799 1.90101092203755 -0.573166082822992 2.33559261947270 0.0919070264786417 -0.808527502627551
1 1.56992637065975 0.578122927579141 -1.30260839214475 0.355002639844871 -0.140619001697581 0.257951872091317 0.387455427803590 -0.416672421904904 -0.333486759102383 1.25518585541919
-1 2.24192905920413 -1.06535105357603 -0.0432657689904469 0.216156584744213 0.418774059449494 -0.0487595545726994 -0.071406355178745 0.519048331209863 1.06032604553724 0.608963358522713
1 -0.108323933211359 -1.12137694691095 -0.692172430884018 0.374750718593190 -0.366288123386062 -1.10477584934259 0.0626494505631054 0.0142803385796233 1.11720579594269 -0.124019353053415
-1 -0.0402565934591993 -0.282183349032721 2.64174115869759 1.01097815642014 0.72355361651792 -0.697290761930032 -0.406681898551669 2.00739341168228 -1.25781817946746 -0.378902490432402
-1 -0.335907750225358 -0.731139752856457 1.1924764454763 2.46779796585148 0.350386850926294 1.69548412071935 1.68038829385217 1.37045869519498 0.116321726251786 -0.316726933213491
-1 1.67935106919626 0.18491532367157 0.79137416536701 1.13423618418041 1.49150951593473 0.230012960514772 0.140608960356120 1.40381935888380 0.333966877304283 0.227733858275537
1 -0.155846465117776 -0.770657083801327 -0.810233033649123 -2.29815258502382 0.114202469019314 -1.47337458374687 0.168974993260685 -0.128513061641773 2.00318472642198 -0.290938025777745
1 -0.576134023161542 0.39384305803179 1.11748110031795 0.316788062116100 0.512233689202386 -0.298579954021442 1.19954568011256 1.6239208209334 -0.0522504258851031 -0.853108309864072
-1 -0.754059270533731 1.8710591504777 0.163582550766995 0.615840848434998 0.642116956229402 -0.176580721142476 0.877917394729878 2.67983627627173 1.45747212696871 1.48386857216104
1 0.871528623308482 1.18488277781739 -0.324455021820633 0.071292277798004 -0.525028583532825 0.276262805620634 -0.31771275792712 -1.31836893113375 -2.63311822940633 0.826552852800067
1 1.80987732855202 -0.093382763811791 -0.111245734424832 0.917202767372842 -1.04651702990232 -1.06041256085253 1.02758834532064 -0.700445987112998 -1.61729747124935 1.48801482479865
-1 0.367440422589673 0.172150739261439 0.623692452932471 -0.361994823220721 -0.343870163912467 -0.664019034435811 -1.6938202864206 0.594600679838115 2.17282904485895 0.905862393116056
-1 -0.657940943747299 0.836042291263917 1.89586249542818 0.44471194543997 -0.229634309983974 1.50296349854352 1.22323467487207 0.520964350506516 0.927082482320722 -1.42945910150403
1 -0.804929884705648 1.22382598641569 -0.781368180639248 0.204594575720801 1.58661883870697 -0.770857320566143 1.00907672387527 2.12504139114673 1.10593315443452 0.144802249420512
-1 1.02501975750340 2.28812618133367 0.757794869798141 2.35748613659156 0.0876139828650087 -0.211026845539473 0.57530901443625 0.292952225415098 1.37075593534809 0.970425456453323
-1 -0.141568590821114 0.316554424373163 0.865069638756951 0.590461196125857 0.490657360968142 0.477016734954778 0.511284030324395 2.18662781285929 2.12254033150377 1.54148042777803
-1 1.11990257815917 -0.525043297884505 1.17151630884882 -0.33616453058623 -0.169193637403450 1.18252089574198 0.791043489186603 -0.612841836018007 1.76443518396351 -0.629417096532832
-1 2.81340730257914 0.793113387464822 0.776864677851495 -1.26549590099116 1.33173452446664 0.0178755737115793 1.4071097204742 1.97758517964265 1.10477027848998 1.73012994690432
-1 3.51979869693088 1.70370828495322 1.36801352487916 -1.27200158479540 0.669202809630151 1.15343178867655 1.14842894167118 0.610289987209436 0.535228360838419 0.434113854594698
-1 1.32214062238138 0.867803356314045 2.7121912128564 -0.216667546442178 1.67495364438955 -1.41221765783384 1.01395091760713 2.07189326722215 1.61035904587101 -0.171345433283274
-1 -1.85026516836448 0.193206542498735 0.361470672567967 0.956723920587472 0.496093018741187 1.00179658090181 2.06942267528424 2.11351902939565 0.233482614039999 -1.21872983679022
1 -0.391173024173261 1.66765999624167 -0.301705444785147 0.0664852363786209 1.27993723301046 0.877570576739842 -1.84424317464541 -0.299787610538122 -1.03997253256486 -1.12078972721809
-1 0.0682499521601073 0.494207244572079 -0.342487527048733 0.129175237703358 0.65158050753689 -0.354114797653237 0.336983230926834 -0.248281279049165 -0.84162415235121 -0.807772597479366
-1 0.414964808118050 -0.664835617356796 1.65513032441873 0.368905307285786 0.191777025703718 -0.921495401854373 1.56666986110337 -0.42146492411324 0.607163466067906 0.714146228201751
-1 -1.36633184033873 4.03667825067602 0.312931225493125 1.01564418388550 0.896477699378522 0.0997534398220924 1.52774714242767 0.650793953944193 -0.0458650255969751 -1.08853822038748
1 -0.450910438837596 -1.08705119338979 -0.0683239648523975 -0.53106779863 0.818410315354478 -0.38713303275977 1.15990335379721 -0.209272077933394 -0.129350930757300 -0.00235809019355995
1 2.19474439853537 0.102348646548089 -0.439837811230894 1.38828130514909 0.305739689763988 -0.198288298078220 -0.757246043509224 0.777767981977345 -0.20552777596518 1.79905829581109
-1 -0.224913024993508 0.565931088868141 1.05996847406073 0.885210886053206 -0.533637360756169 1.36915082206840 -0.650462252313795 -0.378291370058874 -0.256852981649168 1.35641482412003
-1 0.109243087903366 2.67682745786621 -0.0342401954895731 0.39120017687846 0.471245003053179 0.604155927318093 0.511615621282556 1.03980457555866 0.0286660592289918 0.346204119242544
-1 0.463230224097388 -0.230680082302684 -0.806884128832013 1.23663806020629 2.35496500066041 0.650168681157565 -0.325387656794912 2.46163156700584 1.43972024770112 1.51885135184761
1 1.85748321682187 0.0379405827754954 -0.793937322587904 -0.621928904170739 -1.06357131357673 -0.106109643293616 -1.50781807692360 -0.00707826180714131 -0.733269801110463 0.137718372902399
-1 -1.43230547204676 0.770145631127018 0.0660065039362873 1.03597377728444 0.129708944293078 0.423008716983503 -0.390996657593385 -0.332292466309274 -0.344525272586292 1.37359765935237
1 1.14290760797967 0.875694802066718 0.620387137662313 -0.515682403485636 0.527954015419766 -1.38674004039791 -1.28271188437489 -1.30407446483123 -0.0784178193429541 -0.60311268940694
1 -1.02558445488827 -0.373844364016734 0.520996228402702 0.0133136805350181 1.32282711508224 -1.16055156134491 0.897494403429066 -2.25825815759081 0.392685043838469 0.605883586726079
-1 1.47173417439014 1.79688402976257 0.921733860657415 -0.434092824738329 2.68327373678251 -1.40505710506558 -0.764195381294719 -0.269634980407472 -0.158254686072725 1.64300000578218
1 1.31850239848219 -0.138993200046457 -0.340618063699097 -0.304095304773638 -0.135643386395076 -0.0994796004496125 0.70893179908648 1.34158340730174 -1.921941774843 0.105426070385849
-1 -0.437616784332865 -0.0406180792215833 0.691965408786427 0.73459717597473 -1.65263373155175 1.14616355789991 1.00620231524132 -0.189453886566762 0.792916786219645 -0.103460430108334
1 -0.741619540093936 -0.372330611781376 -2.01372555278877 -0.189626660589216 0.425167061358486 0.768128622063947 -0.354501931992385 -0.0422808594257102 0.552023244750346 2.42547236414706
1 -2.6540928607017 1.42617461920232 1.91625734655057 0.571349129181373 0.0309106540292527 1.32534019889481 0.839675161110741 0.80110504604626 0.590985585859255 -1.06826903454515
1 0.879287840798366 -0.670788293981133 0.726391303509162 0.985896943417468 -0.83327357192213 1.37911913773578 -0.289933065300998 1.09829579951013 0.00117542945325165 0.999076009929529
-1 0.665820356957544 -0.756484158522584 1.68396169626957 1.56926043804593 0.68819400433781 2.09584296892723 0.632066255572428 1.10673615592834 1.40453836506331 1.32770986511644
-1 2.81735516370528 0.771843608745323 0.0116290402571542 1.92558316205981 0.717146854789637 2.35165425633735 0.134106796916061 -0.136330917213272 1.45426982954043 0.860228967024265
-1 0.662574963648098 0.808418998592493 0.91255525748644 0.608850821076484 0.219121537332106 0.080198329978745 0.919379998244036 -0.716646072173551 -0.709282887747517 1.75991578767708
-1 -0.758777253900115 1.1005630792776 -0.159730578817024 1.53872569024268 -0.392905851606782 0.749974772373437 0.0189017418748574 1.04425316574503 -1.65775867776337 0.769072810400006
1 -0.654400606351356 0.789370976959292 0.124777404653952 -0.561166686372367 1.48007674148253 0.707991454619974 -2.24406373206345 0.705430496485063 -0.0666785764317135 -0.652983454982191
1 1.97269787591224 1.77261628125438 -0.458154010172353 1.34042830624420 0.979146477007529 1.8987459381599 -0.796128753660424 -0.209481945586846 -1.01507689837345 0.447493859687414
-1 1.58905651183356 -0.779444905988272 2.07114786649949 2.40174936401225 -0.867968843143133 0.456606915888003 1.04970849010412 0.554313006857227 2.49497279220564 0.336650962541658
-1 -0.70032073604137 0.818664985107276 0.947260468902332 -0.0219221332704712 0.76896903160552 2.20113812346127 2.73430754432510 0.145684585849808 1.52249382268495 0.07304227752889
1 0.595525112888118 0.0249865790832505 -3.21852663038974 0.712317130346466 -0.158012668906723 0.0973226529338976 -0.0938593177616445 -0.373776187040681 0.340208672355746 -0.257212512472708
1 -0.226986383093650 0.636439007913394 -1.25178876964758 -0.937358656972696 -1.24093473607198 -0.157321712779175 0.155345868123531 0.290480805846139 0.106212477442577 -0.177735428490949
1 0.873167834516319 -0.217657264052184 0.810349152836412 -0.196782070686652 0.748989618793293 -0.358439914774027 0.966737587237733 -0.958531087439904 -1.31885329034437 0.870084585720194
1 0.529979780782918 -1.14045309490646 -1.75564633186001 0.152326375618339 1.28971992621951 -0.952442995697994 0.552748684676735 -0.0293817393621067 0.116044939354039 -0.186176420773540
-1 -0.762400364780415 2.62844207892347 -0.480817682148856 2.03925019480897 1.00758089668495 0.236600888960627 0.557664409866377 1.39893357977711 -0.663157200854889 -0.514182335742674
1 -0.205725591362872 -0.958135333154746 -0.191105640729849 1.39167543853231 -1.03617586553024 1.00563771593780 0.299469138313033 -0.463366560919499 -1.23690052818237 -0.923767695752993
-1 -0.071915697517413 1.1829356884329 0.582176349202445 -1.05776403489047 -0.307243999252899 0.605826121145209 1.68916263150601 0.482417652940197 -0.687498924548058 1.49045844579453
1 0.328191652936696 0.371382266242389 1.31448604433642 -0.176472927414258 0.571206582102814 -0.96826421127088 -0.358945862000897 1.26901937304298 -0.63145652999178 1.27308369203678
-1 1.26279346106959 0.884878983710893 -0.877175565234575 1.38900645153049 0.493030025768728 -0.312393835948091 0.166137131207879 1.06952747975308 0.34807515298242 1.06378098967844
-1 3.17778364521568 0.89281215057944 0.864310772650547 2.26487831033029 0.554018636217246 0.613394961749407 2.71241548016227 1.70620562870852 0.748297949635708 -0.0436536492896031
1 -0.416688304378665 0.563855732709726 0.292379762701305 0.0859316447573432 0.89029060654252 0.410745780555167 0.442824209678412 0.71009067301653 2.21782755555915 -0.207363438712026
-1 -0.0669210786300762 1.22948016179539 0.987544768598495 0.907978355369023 0.505093138482514 2.10637765871061 -0.307687684088237 2.23718341064934 -0.676397172758745 0.310119477796271
1 0.489269437586004 -0.722963594557526 0.571619413324095 0.618906872403444 1.52778524233463 1.43052612621829 -0.540529761713322 -1.28704853334615 -1.61494599185819 1.12152641953954
-1 1.57602724993732 0.706784189301824 0.871297441645185 1.71793978260612 0.56301564156189 1.34738011339333 0.392076112862059 0.376947955385719 0.277185098544626 -0.919845899376162
-1 0.913477740735055 2.50572402231200 1.38811056644345 0.398788417802641 -1.4693907155863 0.796008745238413 -0.360731087116549 0.169029449626046 0.407391411960087 1.24717538646160
1 -0.394293741280141 0.0145623541299836 0.868074639761759 -0.587019586875784 2.51582122548392 2.72730882513486 -1.05723452820696 -1.70863662086824 0.816717522779066 -0.202622560651725
-1 0.764327580482687 -0.165956242329061 1.47084697190912 1.70618141758899 0.608457853976227 1.51078182889876 1.00141881290815 -0.81728866194625 0.47298614336276 0.91390457466937
-1 0.736486640832397 0.191986268865217 0.0678226742668167 0.7547273223266 1.51841504814873 0.788435964915812 -0.340090702587471 2.28271364553163 1.30110384275045 -0.326274320442383
-1 -0.519647896965888 -0.0856207459260968 0.396678752368177 0.304518276031445 1.14574312834325 -0.967134186120161 0.868358708199521 2.38477675238393 0.740255541974967 0.920194993925326
1 1.09972138259558 -0.0398452668624829 0.140091357233326 1.19064698463421 0.387123559624735 0.574118390146481 -1.27062519256284 2.5795363279136 0.938364230044685 -0.791018220745829
1 -1.17465261276780 0.591123474333602 -0.95091885401508 -2.31085066284590 -1.33499684017268 0.900028155846368 -0.29645574971911 0.144466741176318 -1.28432229872903 0.279019776877818
-1 0.0472624968656326 1.46527776635345 0.42778880944959 -0.295947228352883 0.665587936087007 0.751200825900323 2.43487466355414 -1.54034761090624 0.831139772034161 -0.576368537453125
1 1.89936641446960 -1.11360254502203 -1.08955354255784 1.32774161798808 -0.431006070799378 1.16519034225592 -0.46043361976855 -0.301203381345254 -0.486577096875946 -0.0418015797813101
-1 0.849481044698263 1.79807478946475 -0.41064582908745 0.876351098360176 -1.14428779343111 0.110643426930845 0.8741852694955 2.09892951366969 0.968229291389817 0.941163170954595
-1 2.12292470242496 2.87672217413598 0.844813269605344 1.36896698545758 -0.0268425686005990 1.76919376837732 1.50516375406154 -0.129572377673794 2.11417551916141 0.0110868816129331
-1 0.26939407186062 2.04994690010952 0.515150850117428 1.13536187543926 -0.0446478053742659 1.35613239668768 1.23089010513486 -0.760232945316366 0.738545846924574 2.98741915503179
-1 1.08886989610181 2.30738501499091 1.11383743025374 -1.12010461823619 -0.382090447991446 0.00875228916247694 -0.351439594986051 0.330381712643707 2.83356501590661 0.278667959368039
-1 0.305074596268895 -0.902170065831547 0.329849659525929 -0.462912680529202 -0.362635191250049 2.52977598730861 3.00921519339089 0.387603445735842 1.73804112364326 0.96694094984288
-1 1.21835549770248 -0.465122862436015 0.331902135655369 1.96814662550925 1.21369127344546 0.605959487507152 0.460860615979768 -0.170621925005737 1.44630749708022 1.05581214810446
1 0.0451296117696035 -0.562998142124674 -1.16223042781493 -1.36187065179714 0.103302423340226 -0.623573569209902 0.738047024007925 0.511151165404642 0.237041217892404 -0.68459595933018
1 0.00178732975245173 -0.0932683798346023 -1.62704549608158 -1.24861111004237 0.977645902122778 -0.0551791742642464 0.414831918410137 0.444614284819624 -0.242630868623830 -1.69042518277647
-1 1.28680938234841 2.24338739640754 1.29317805196826 -0.22251233052638 0.620558629026881 0.791617418521883 3.02445142852676 1.61734003572424 -0.539148001145679 -0.609468222739197
1 -0.616697877726299 -0.623567875549336 0.387036528282762 -0.154831964018249 0.143315408694549 1.03538591031892 1.09654871920934 1.00630663834295 -0.867766529961033 0.0834383885520112
-1 -0.585006675765866 -0.197169511990304 -0.353451110847137 1.39973676099971 -0.100212360563244 0.403107161985908 0.679402878565511 1.23372425247535 1.42118656680308 -1.1448791491511
-1 2.21485285584162 0.860532956202216 1.98696122765428 2.12076483381745 1.00868327235369 1.61109567351918 0.598391385856572 0.317818919071917 0.548544809154549 -0.411436228581124
1 0.261400989910686 1.21856718018918 -0.945408538082086 2.22242821248753 0.8473846660675 0.0313724649396070 1.39376965764295 0.271778632723265 -1.35718641886498 -1.09402714578892
1 -0.262763450194218 -0.432034495376694 0.158137987136494 1.32192568867887 1.12318139014299 -0.0412887703322903 -3.07843927638692 1.45778286637124 1.10383294792137 0.155334623746764
-1 2.20065154376114 1.05158092891580 0.354972137063234 0.90180407513302 2.29838024583318 -0.0213341612303439 1.03407000251888 -0.571347112874181 -0.703567684271794 1.63024873457160
1 -1.18786070055524 0.945323815367103 0.543563640156418 0.376445344470986 0.238258600909898 0.846962214997172 -0.510163927480513 -0.0490742277577501 0.81283166826709 0.506585110874433
1 0.478756409860332 -1.75857275141466 0.961830286956448 -0.331513279391441 0.162805252560779 0.5065461841128 -0.317136048859686 -0.570493137034809 0.202419455092669 -0.145647838419311
-1 0.623062134721742 1.23007972544065 -1.15435961506146 2.82128641371292 0.368736399888796 1.08102226912129 0.660712078092685 -0.517296172288249 -0.283512106650566 1.66637805508602
-1 0.5738542829882 2.84809360825997 1.10079561519878 0.263801489942874 0.955419906049503 2.26452456862384 0.942920780125222 -0.0404797757216954 0.874336225745365 2.40301186742983
1 0.0854764485365806 -1.29373204197327 -0.832433424287372 0.070623044566841 0.431732787570459 -0.977993568720842 0.87337703826608 -0.631514131179348 -0.373918878827417 1.59713021460311
1 -0.688454749406514 0.811538679829686 0.721615842208112 -2.29428364596668 -0.91904274566473 0.0253760645024107 0.750436021398626 0.616204416320424 -0.70750357574281 1.4041046485743
-1 0.199382318399024 0.981631185827876 0.403462925479906 1.63717114701046 1.79886994576714 -0.342689624878678 -0.142664658674307 0.36259658705923 0.908519979969048 1.93028588004690
-1 -0.482815212456875 0.296055927846164 -0.286944262934055 2.31489391372962 1.59180943130947 0.937249380174229 1.07747293560333 0.566164240790375 0.53053857204599 0.51329861603934
1 0.0765478561198872 -1.22130245173804 -1.52874511192762 -0.171910262047320 2.36836471582864 -0.189610401767322 -1.10928211259818 1.02278887163476 -0.279579597566023 -0.260308281797176
-1 2.10632701005018 0.837333371849228 -0.479631433195839 0.933241150469194 0.766481050182222 -0.646896272441248 0.83080405406007 1.41277075975480 1.43838892155959 0.172610009817748
-1 1.23044013855172 -0.987338268090045 1.46563960766901 1.02250615649241 1.54569085811623 0.242472832190294 1.09196157188664 0.709262741070434 -0.635179294468629 0.301376176604461
1 -0.82829849546965 -0.477978414258081 0.886683689939162 -1.46470138039232 0.549926897221277 -0.0387387584372558 0.330519310199692 0.0758474461898985 0.706113044640825 0.546083569797549
-1 1.39428406097257 2.05445596589947 0.252871272089709 0.0798418308362325 2.3125193535491 1.35716397768902 1.7010460145411 -0.460389125570353 0.324307669732906 0.511695681635489
1 2.39740949460430 0.623842175930953 0.571608770331801 0.85517613548049 -0.455586802754565 -0.0140258457306641 0.729182800569901 -0.521103771143428 0.165602992773556 -0.240350250037991
-1 1.11345639808002 0.410924293891134 1.52928997637418 -0.669461987692666 1.77313822003524 1.66132314816553 -1.25241012704715 1.90365569351241 -0.879870143777372 -0.233422411157508
1 0.0904276259844948 0.869146863128018 0.637785230181402 2.84325673178265 -0.859379155178977 -0.30031281709995 1.43959678592294 0.0604122331423376 0.732714025049706 -1.0188745484972
1 1.55425482013593 -0.237666782861387 0.00813109756173447 -0.55559494288281 -1.28995840573177 -0.934664879455446 0.598355259593615 -0.539764654860869 -0.574541599471781 0.188773133146889
-1 0.00599797194783691 -0.386625204593444 1.14927507908276 0.401257451980432 1.02826400691331 0.0550715212638857 0.565061337386098 -0.241295897897483 1.99135794402189 0.613104506035184
1 1.64756285871183 -0.213947386426506 0.278348965093369 -0.752700176368095 -0.0143637111265467 -1.22355767982554 1.50378802189605 0.836738819211416 -1.18045832566490 0.0139550461317626
1 0.166582663897535 0.426946625542004 1.64923411231828 -0.0954566730763948 -2.72514178421367 -0.519150949254223 -1.35287164859060 -0.0376541869773739 1.25930856373459 0.278689699289707
1 -0.225692400755196 -1.08791513594783 -1.18336995078396 -0.055752163421592 -0.33399342219996 0.396011029359645 0.57879315777034 0.604385002411767 -0.181357505483513 -0.77613139030915
-1 2.57301047999607 -0.0575041154608299 0.417567371300117 0.851362675575057 0.501056575026865 -0.669458568235739 -0.677823018014041 0.075137011381786 1.54586586395169 -0.922219397013783
-1 2.51873449366983 -0.698429978238029 1.06553228090994 1.78349753427602 0.472763076579542 0.749516360020571 -1.02822094949567 1.02619030594272 1.19291100283092 -0.107906436808962
-1 1.46773975235757 2.2367730340534 0.227947957891941 1.4993146842099 -1.02073840791353 1.33529306208335 0.895199119963735 1.32103667363345 -1.60745947258892 0.146349892453270
-1 1.88883912692646 1.37162373096655 -1.79101044304886 1.49824232413362 -0.419411847175824 -1.55430332823233 0.649259293126683 1.13294697809906 0.579608020862474 -0.652551262313183
1 0.271096483187581 -0.475034186688023 -0.445441474736524 -0.99993221547141 0.684566930201837 0.543245526668948 -0.434299017144478 0.631885520370363 0.904032080752881 -2.46736589701040
1 0.83478415636759 -3.58676542352691 1.02922530791240 0.425868952903219 -0.247867603217273 0.850315330679446 0.102261108969257 -0.49175271529667 -0.538763200151896 0.468044522907715
1 0.0333787964356355 -0.0298964382229772 -0.217593050728468 0.284570814759589 -1.80533051977643 -1.47419142426870 0.224287569548341 0.190724101001219 0.204420269047770 -0.345617511529722
1 -0.712771934413643 -0.861367467459083 -0.0618246947422825 -1.22216044562299 -0.812675655824516 1.15978048448409 -1.36114549903750 1.04804103691826 0.431589503810326 -0.65607645424865
-1 -1.04321990354661 0.764277852178745 0.482437154961534 0.833333792221774 0.877515161323952 0.765953660808613 0.80534130731553 -0.606839893010437 -0.457517479053505 2.25757775535381
-1 0.432968099646617 1.20857318700088 0.58670483202275 0.715769287221113 0.85898589677 -0.0242095181148519 -0.156816282600303 0.360127363973167 1.97746208351278 0.21030870088528
1 -2.10054195403007 1.77008883974900 2.35983564085975 -0.110656715060179 0.236488275517117 0.171411339739176 1.04877860534116 -1.28734514886306 1.08068571088507 1.10978366676624
-1 -0.298421923107476 0.488635137519527 1.59947532665517 -1.87831186983274 -0.133803264967894 1.32171925640119 0.870426043066558 0.644124349170459 0.246496577671704 -0.265048325892976
-1 0.294307260823366 0.349918153467246 1.20748369004695 1.83654972700576 2.16970064521205 1.69792307875941 -1.2884849063807 -0.347119092494557 1.05178077987432 0.069684941333987
-1 -0.292343831338632 -0.33176752543405 0.783548155637285 0.851194868568698 0.582046634184803 -0.384566729715777 1.70716467516067 1.34160995594128 -0.255751723686520 -1.25046223311539
-1 1.46003641300862 1.1892825260863 0.0827024447993417 -0.0276907993200299 1.66387948122829 -0.0146062040002600 0.327623588827578 0.712589468243565 0.293751295408261 -0.206458429003468
1 0.678459386465802 -0.185239115518163 1.72812176624320 -1.14991853213198 0.852014664362998 1.09227063962349 0.610739913160999 -0.860417634568661 0.115371523277517 -1.64332802800908
-1 2.05818402239701 1.33415205028374 0.828408923272749 1.86992270398522 -0.36679998912362 2.19864910701907 1.32789223802856 1.49482485138283 0.910220972159056 0.0271182007009663
1 -0.360638731261979 -1.24292807566520 -0.0699227199992516 -1.43975605688858 2.09069372600761 1.06144341544286 -0.429245475185928 0.638792391509797 -0.7177770590404 -0.44469822884056
-1 0.909242104356688 1.03385879162905 0.0123319984882783 3.64133687077971 0.166204543670612 2.50682034172098 -1.12568414532477 0.479373033692644 -1.43902940024171 0.732197109671957
-1 1.40046000978548 0.707690588173275 1.73905321334628 0.485978643423095 -0.437549584420562 -0.653703726752244 -0.94449755435804 1.9903800394461 1.43403475800267 -0.470780417786828
1 -0.374505838136167 -0.179880443946206 0.321123874515267 1.53391812302433 2.23335635688355 -0.495180537980833 0.943429371239097 0.676939144573406 0.0799294808741453 0.710830743302232
1 -1.97324224307095 1.01253106128632 -1.68137141978891 0.545728348411483 -0.308525612100378 -0.330723244777694 -0.227995047302617 -1.73932772627447 0.214823919239839 1.04805703525402
-1 0.230824220851811 -0.0138802755867198 1.70559262538922 -0.0598121360687942 2.10711521980955 0.0682294323724999 1.08089666276427 0.833598475839606 0.849447543891064 0.732392694771671
1 -0.276528969172623 0.85850895864181 0.5475547213381 -0.0601593351235888 -1.23491459783649 1.20267075611163 -1.32269025811865 0.682697617029644 -0.143602616297470 0.674757614985497
1 -1.78836558555828 -1.21912972466289 -0.162561145862389 0.615726619700107 -1.67331804825032 -1.35204887550198 0.372063302122486 0.946825262650598 0.676681197741154 -0.4871120663804
-1 0.310452293633382 -0.00504314345552248 -0.523864393474037 1.63839083787084 0.984875368957007 -0.341189103149953 1.04055374377803 3.02981619125402 1.25589768852229 0.123098683665809
1 1.95598176445243 0.201531479487341 0.617752585325183 -1.85265154668112 -0.232633688107445 0.746179067608103 0.912250745497944 -0.597037258938708 -1.23364818458713 -0.497005345056521
-1 0.627320300030656 1.58957371385619 -0.363260055662999 -0.507010188494967 1.27811612111084 2.2657956551549 2.40804370614824 1.1257889622424 0.823835009325803 2.33002923465673
-1 -2.40507268527632 1.02192866041111 -0.461628678279261 0.60298741504243 -0.309503783602644 1.43280634194534 -0.168419919427304 1.37613617979503 1.40755891266786 0.915243423041007
-1 0.160648714464507 -0.0630767414452877 -0.633931377223353 0.0638115195791913 0.176426214969896 2.40103112392545 -0.275459375646714 2.46318992062116 0.295125896445216 -1.70742729259549
1 0.426190151779439 -0.201857384205154 -0.69769996345503 1.9397640269192 1.5919396532245 -0.301989839447608 0.609590908698384 -1.84256452931297 1.08254762983610 1.01673968901811
-1 0.407693781173707 0.511477352633449 1.95954297146949 2.05456754076883 0.135272782439995 0.0635690192677428 0.755213379198042 1.23418044480644 -0.955752233777716 0.280501324280615
-1 -0.161397121941834 -0.832983761693925 2.93565115252205 -0.71381709872019 0.80524830270669 -2.67637324048165 2.27427101154346 -0.876571304531123 0.952028692170403 -0.502246227811994
1 0.741959100910695 -1.03634853242246 -1.53390168121814 -0.242839894510778 -0.879956607950192 0.127900243657246 0.636417023535427 1.86365591590568 -0.943042905876587 0.181214278508464
-1 0.522349066459585 1.96004019856870 0.0317741147353505 2.82000701030358 0.103651825787424 1.08940071314033 1.85649511156512 -0.487113319871371 1.29430680383423 0.257906364194858
-1 0.567172777482688 0.588430912868291 0.124828454175969 0.618050658671137 -1.98786440301290 -0.543139417270191 -0.281790801347696 1.65647243911968 -0.272553372907465 0.73172604480069
1 -1.31920494095488 -0.286912945986327 2.11412319209875 -0.431420218844762 -1.53178374523997 0.247963781233696 -0.523726446112623 -0.0608150656217391 -0.153499535649224 -0.53367434842475
-1 -0.395479368403079 1.5171438988018 -0.957422088263659 0.072035754268956 -0.729016173527408 0.98648489242451 1.27395518164011 -1.71909812912633 -1.60849766418743 1.64831607504987
-1 1.50043577761571 0.152487884808865 -0.460751532414568 -0.0773647401248078 0.147341580307365 1.6368576958551 0.419305257335914 -0.284829730867279 0.978679802805993 -0.065720183595719
1 0.225667184161242 0.301808657466555 -0.833268985103342 -0.0192817082912365 -1.25567294060448 0.00183669266651044 0.63622854864067 -0.466256373735296 0.691457149589845 -0.394369226404685
-1 0.80701776875557 0.528844631784223 1.47320324003837 1.13265544539491 1.05701650486588 -0.427203573184962 2.16170345785703 0.905975724301596 1.97356607979189 3.16717865450983
1 0.573806342031386 -0.238251282354345 -2.80079788109480 0.343660039130307 -1.92268778145628 0.729185816177295 -2.35156477450080 0.666533772466585 0.443574812901168 1.20999222152217
1 0.161006670138495 0.168534579635899 -1.37354264523395 0.414100803405337 0.576105277196177 0.020112565342625 -1.81973229335176 -1.28940259541052 -0.399131426212069 -1.20612207105720
-1 0.375590135481863 0.871396054255321 0.432505283215464 2.39995155402855 -0.643206492432331 2.39131221770246 1.29866549165257 1.21932246396965 1.20979757302795 2.8224423712871
-1 -0.760653410287022 -0.00615375859350353 0.719504276496659 1.62448159276406 0.849305898638382 0.702887449014614 -1.37391959914885 -1.41620578559318 -0.0334453663619041 -1.09046913021997
1 -0.71087582522701 0.178338320141706 -1.74511967191625 -0.390955166093884 -0.60112713003678 1.42780653843695 -1.15856003614502 0.0383563170139006 1.94751393441340 -0.83384011888716
-1 -1.89514087350497 -0.226669309192888 0.469770444315275 0.660947466726008 0.950041277999846 1.20203583523844 -0.683757279656271 -1.79342553445900 -0.579151484207008 -1.42661806977236
1 1.54586277801621 -0.217857355819687 -0.00721917983714789 -0.491524267023529 1.01191986050101 -0.43665298015075 0.337211092161244 1.07144533677220 0.110793508583565 0.390764631226035
1 0.875670055432244 -0.340054365748204 0.0432148196035248 0.662240037321619 -0.164329002567312 0.723935002701084 -0.130343950066651 -1.00477575362921 1.17269060273489 -0.973805078745446
1 0.74362702780392 -0.37222363935728 1.02170582861472 0.953630171375666 -0.0496149126252821 -0.164077947825354 1.29862123250774 -1.09342969970951 -1.68911039424648 -1.45627886618605
1 -3.11290923046918 0.640089380580474 -0.437965299930793 -0.676476562276547 0.0490923957708476 -0.329263916380631 0.393802167300017 -0.162688265861225 -0.737825069089485 0.310470663016910
-1 -0.115990704264661 1.01047143119143 2.08642650274443 0.616592681445431 1.61160747415908 -0.349562882807232 -0.214702609129262 1.42260051706006 1.99106508466814 -0.367341297601484
-1 1.10360130632228 -0.844293690292451 0.576036745368084 -2.32790926259399 1.91027121611307 0.396766908905041 1.50321538241911 -0.332282562345091 -0.369712924286564 1.82256997429088
-1 -0.0635985597742406 0.875066551471811 1.75380170725232 0.0611267055926512 0.39923300714137 1.81482490787874 1.23503290029958 1.28687862059432 -0.664064097249012 1.74437918891941
1 -0.139880910995035 1.81286279348946 -0.270357077176124 -0.305656243740387 0.666410226380619 -0.369785545706695 0.0735012711529674 0.391865784946988 -0.279721367283468 0.186807672097345
-1 0.0736292969290566 -1.27218023996307 -0.623756273681177 0.927712490482613 -0.763946058135336 1.93489121064064 1.00848612463566 -0.227546685156336 -0.535787082762374 -0.380751794308016
-1 1.52906986582609 1.46516749044238 -0.392684895086262 0.611783342264181 -0.534709601432401 0.289926342336336 0.0912569235108962 1.30049311091084 0.193120311226472 0.0349079742950206
-1 0.908968594740758 0.787835574801293 0.928624498522753 0.798085154615234 1.92005221477628 0.949490549488036 0.690710875004252 0.138825580051151 -0.219427172298050 -0.0521641410906302
1 -0.348876039128333 -1.84017819290875 -1.71319169632721 -1.06354563464332 0.387787893846711 -0.298761659168269 -0.223384521815986 -1.05240806705823 1.98826894196622 0.486073256360128
1 0.729083583832838 -0.175911803407835 -0.871925476689666 1.9038842613492 0.774423139181241 0.88043028299781 1.55686395028674 -0.834318382866374 -1.57502242945497 0.293403548033848
-1 0.247055403814796 -0.406486067576422 -0.222130649358508 0.580098442941408 0.762373079929863 0.598616658878194 0.939528954702507 0.0948591721926754 1.71600473280580 -0.0124112128994931
1 0.125710061094412 -0.554762648942868 0.670987159198454 -0.258062678675490 -0.361474919079714 1.68619721731995 0.511362898758747 -0.867418531819856 0.859174935555602 -0.328190613479186
-1 1.10900071367281 -1.03864830539215 -0.0191311813607042 -0.839056663843627 -0.989534095500498 0.348175175441919 -0.455252622539067 0.829018150619884 1.97181498746973 0.92936233884505
-1 -0.139115420828110 0.81505049589768 -0.394139578791642 0.238582192253335 0.763934304305832 0.534077199770588 1.66203999573134 1.38867391057172 1.22204998691127 0.897914353917838
-1 1.09990882134055 1.15254190953939 0.536206068824269 0.0911778265925902 2.89159604854171 0.404947404248295 1.12016899135053 1.93724482665071 1.55432911447644 0.87405681386086
-1 0.76901999670806 0.515843720636125 -0.529860397235604 -0.205551152050210 1.60021445384286 -0.400146478670988 0.0226366772178043 -0.333329385540024 -0.0784366892045792 0.544939187593711
-1 1.42125406689647 -0.0894827651836232 2.57870729728254 1.08435453674320 1.27841469250181 -0.474693825674582 0.301926791006736 1.77590181912400 0.447531046295298 1.08877340428544
1 -0.693048211746208 -0.341721621158912 0.245173882987297 1.05396819271204 -0.724096762536019 1.16507270939137 -1.17087278959083 -0.828777556640064 1.56448378950081 0.415273239817441
-1 -0.431418043212638 1.73421959207512 0.159620268532955 0.271083929388975 -0.234533604265253 0.545332790488108 0.126852009192696 -0.150142324323162 1.87096862675528 1.53292934174038
-1 0.917819674149687 1.5848862733641 -0.892040977120753 0.769154126522698 2.21591721454674 -0.856624412211954 1.21823013945091 1.28821725747534 -0.461158044410613 0.775606858953871
-1 -0.515738566909013 0.388974637549494 2.24296983047247 2.54182597002923 0.259332148858512 -0.813432859366395 -0.0997592751746555 1.65961986598208 0.273562019006083 1.22180719588894
-1 0.757442094573009 2.87705578399329 0.581635039512773 0.288190645835782 -0.079185442006644 0.346078302733126 -0.952506662041998 -0.523881410350684 0.227496499534048 1.31260953288595
-1 -0.981159484608125 0.348799575786687 2.46112401036764 -1.66904445274728 -0.511890361819144 -1.23181778775251 0.989785693294687 0.869397298401087 0.088188462007763 1.65910258376128
1 -0.449755465827265 -0.72841772636763 -0.697995652476634 -0.343099321768894 -1.01360315189950 0.371896001609915 -0.287979006843621 -0.61321183532368 0.816116241435162 -0.333135121715503
1 -1.49525035257513 -1.47483161725205 -0.964879752231308 1.82290324023033 0.53643647165091 0.521267729026296 -1.15958015517057 -0.343101013721587 -1.62244521248549 0.349907007009838
-1 -0.0956414404939296 -0.118943777339353 -0.0641055416349635 -0.90055066197656 0.116241121374705 0.995935822659687 -0.225374255138272 0.840617539947715 -0.547319561896884 0.367870795372305
1 1.54036569646142 1.84905952541492 2.63164233120126 0.743633813130481 -0.996622073304477 1.08828509654424 -0.42588230407414 1.65221405018143 0.652412494017351 -0.0591002547167719
1 -0.901735506303137 2.02458365517532 -2.42226632951719 0.249720361314873 1.15155706926527 1.50701454369416 -2.11593648340399 -1.97190442546919 1.43835801555602 -0.81154868800494
1 -1.55497276105481 1.33215977705939 0.656616870835134 0.94225248717413 -0.412551980117556 0.0637166046711487 0.699141669493252 0.00721366303413304 0.778533980741753 -0.230192964590583
1 -0.697822695280613 1.32375635553692 -0.494601053902464 -0.7021274661082 1.00287794117158 0.36503678550063 1.20436382105228 1.04600419362600 -0.5542057976965 -0.0602929775748095
1 -0.268067397634991 -0.186783727421644 0.0515437683873592 -0.204156161389976 -0.736546295830753 1.16528893418109 -0.158173425395629 1.18124640672342 1.24111214161372 -0.484851413006161
-1 1.62163855168942 1.68885853379148 -0.219293088169940 0.698441055817527 0.907792857924008 0.734953861904055 -0.402731101709673 0.431545076244397 -0.0278390111717836 -0.721236409719468
1 -0.808090355579226 0.81335044653709 -0.513536435205511 1.11769338775359 1.79594832324407 -3.71144622471427 0.294937859673678 1.24037543032244 -1.49048247741188 -1.97471958932134
-1 2.26142786754863 -0.315415832667177 0.40448349757246 0.0701669881377404 0.542611489577777 1.44054057964510 1.66748114204317 1.46776765996391 2.34566387627256 0.845998304671563
1 1.51790473840192 1.40405048118570 -1.67619387089713 -0.672697957219838 1.78155614352197 0.766595458379602 0.0428654517071363 0.00181346778992944 1.38532078977628 0.413723377301328
1 -0.162653990683791 -1.47862990929688 0.636081346831444 1.23888023129516 -0.0569171235940148 1.80497528383825 -1.58903570135797 -0.698289618173312 -0.454927277634395 -1.61885440705379
-1 -0.401350661291375 0.475889607970104 0.526656819152109 1.17483150490391 2.01285026323627 -0.0344409404609313 0.223482465552700 1.52648767110490 0.147085427673932 -1.28625248759210
-1 -0.489715545528404 0.292202702283667 2.49109022921891 1.95641194786657 1.51084919340969 1.57572212599182 -0.0376562073350640 1.09987117857517 0.522597205175366 0.504739742668858
-1 0.479657786841613 1.07434403973428 1.72380337203108 -0.227124259481388 -0.240751414973831 -0.564200730405022 0.00547828036482867 2.76060703369005 0.147672192830012 1.58041018646164
1 1.98689983892319 0.306216238443769 0.569794405548445 -1.87645758532787 -0.282983085356011 -0.675446495284925 0.02619400705516 -0.93668928249277 1.10170886250356 1.01728188370379
-1 -0.881748955279165 0.393753629243413 0.608250427846035 2.10695620605706 1.49330092467031 0.179545306201741 -0.101768202079429 2.16192380811357 0.705649010398841 -0.227059868050707
1 1.79026847508464 0.213318496818017 2.18332819768089 -0.000739846981003444 -1.43391755786587 1.07408445685047 0.222348340559854 -1.17122994189802 -0.769690454081297 -0.69369211285533
-1 0.519003979318005 3.01493971699096 0.126555402079742 0.966814757292866 -1.65661179398624 0.312978705616062 -1.48867764109098 1.26890598520179 0.159407548609023 0.369744915085037
-1 0.0848771153623192 0.926512788333724 1.17533055386124 1.37912460385056 0.842444656367384 0.329698537525499 -1.33529302269980 -0.239168808037895 1.78146046834998 1.24161638868256
1 1.36192748504845 1.01441612342787 0.778841073629908 -0.631099644593166 -0.385663663915043 0.849274842915826 -0.030702198259412 -1.34086982043255 -0.0902305643313779 0.230777824126763
1 0.146729901664948 0.82318532508632 -0.136681248845004 -0.911036942478444 1.19858185858058 1.37644399814698 0.85123603291146 -0.644776632928213 0.0698322542567596 -1.21523817813847
1 -0.201928371446998 2.15544804484059 -1.64633961430888 -0.175643672065828 0.559138544174589 1.34378401858927 0.235839247748643 1.18405427525428 1.86847686183243 -3.01542583689898
1 0.253343107732654 0.642321310167038 -0.234403619819770 -0.407596370779972 -0.305931543305882 -0.761629071595682 0.279106090456571 -0.108422954359707 -1.04526845821302 -0.361266221456115
1 0.557248775313258 -1.42432272653689 -0.227653458231993 -0.0680318664228153 -1.66216254238878 -0.590005716166445 -1.60701841874849 -0.67593328547665 -0.764616096596237 -0.0220196125978718
1 -0.37242995139322 -0.778657552845274 -0.841798123634618 0.536715911439375 -0.769173561140025 -0.0442856630921817 -0.658474566772587 0.576062318287188 0.892388270199242 -1.23192145966054
-1 2.26170253203441 1.36305811917625 0.711698730644204 -1.57258731777972 0.958306696129917 -0.0283094414860821 0.244730492087571 2.10801291944898 2.46497799237224 1.16774190398193
1 0.68323481389099 -2.27435666961436 0.284344139656529 -1.32776065949494 -0.153282988191283 2.47891163060931 0.815168033193118 1.01625698138865 1.09013187298198 0.599314559699537
-1 1.66517288918119 -0.323302541647453 0.878544415543061 -1.92465277191459 0.452679834851306 1.43503502662120 0.848346469720406 1.67740047443407 1.70292631605680 -1.06195577152269
1 0.558267370982004 -1.99444969077281 -0.722586486645844 -1.23787223094558 -1.52839140094346 -0.248850555558657 2.48511623854041 0.67854720379155 -0.696214482947688 -0.61484982666792
-1 -0.484940329727619 -0.41286213039816 0.148631660587186 1.24634892996077 0.221617506147169 1.06246153578720 -0.532879949949926 1.38580684581684 0.853418783171098 0.238163200667499
1 0.330698227188037 -0.075142296118063 -0.145566133252469 -0.518307225004890 0.180238422896598 -0.822032206685097 0.51547069894941 -0.873845001258234 1.07066923247594 -0.171222054422073
-1 0.73785493380441 0.558821198590237 0.332916117459033 -1.49906743621525 -0.207450094511094 1.06024644695763 -2.29300825581348 0.152464938215726 1.29298631358735 -0.637640312252113
1 1.33322451067055 -1.60232610577825 -0.317616045460516 1.18287325224289 0.820617362384231 1.81390994336006 0.747089049509079 -1.83528714438360 -0.459305598768992 -0.00565309527520073
-1 -1.45266163118725 1.21111023025795 0.0942175581729823 0.615190673675329 -0.97027815298897 -0.649769613105032 -1.06348250265412 -0.996892535179022 2.68719924443493 0.626262152358569
-1 -0.339454359106339 -0.295077985175055 -1.00939668433117 0.598902897722288 0.9344010396421 0.464834078864874 1.12353192993793 1.72353588261629 -0.307280261483568 2.78149340835239
-1 0.558965945602951 -1.24521352138687 -0.373882813866595 0.77971854813974 -0.251158775882928 -0.226050528192866 1.50011653777532 -0.55194682328243 1.42648005695659 2.11280730954980
-1 -1.6448553582293 3.55759787180280 1.48454244963828 0.555203613609926 1.50344144054735 -0.517680354502296 -0.00139412932510719 -0.353959480399062 -0.1968130598417 2.25854162688022
-1 1.34540088548092 0.0616718720022769 -0.0742674186263145 0.583590965879624 0.271980841715908 -0.95800721775240 0.329262774590677 0.523630204185088 -0.0709294537891281 0.67549154313693
1 0.541480702086592 -0.163962396672431 -1.16500761097248 -1.11904718505768 -0.296665913843445 0.416653348198040 1.02901004604538 -0.438317034883729 -1.16751149017714 -1.38058379594580
1 0.0952960088364909 0.515925306200922 1.25145274715096 -0.482792838474815 1.79819674631555 -0.192110505348664 -0.527471922472721 -0.544319598525223 -0.0614061143478485 -2.11930706263953
-1 0.880182078200826 1.44907752993485 1.45818490709198 2.21987205585988 1.82631444079513 1.18233791470983 -0.648346519468484 0.95282312739316 1.43685868670868 -1.16047322140368
1 -0.447914500733686 0.358173365420879 0.461033862512222 -0.996308708413565 -1.01890246979506 0.171687360255391 0.100089701279043 -0.365964729453526 -0.434167107531147 -0.515125306257853
1 0.0645326673278855 -0.195825203837641 0.391488553141106 0.054028842718253 1.12797333837041 -1.08270990867790 0.312607134939636 -0.0836511672120726 0.613929783203467 -0.58528304187519
1 0.510485793311505 1.50092007709813 1.40711267085023 -0.43100676409355 -0.728284441581192 0.510219439635592 1.82864905607493 -0.598691371362159 0.384139838244292 -0.98649572146815
-1 0.537926482822375 1.17499145663466 3.47252115470771 1.39621622452623 0.908954711694976 -0.437156526546828 2.6209794699994 -0.502062023113202 0.0592675806606437 -0.209994501847958
-1 1.52321441352799 1.41539003117586 -0.173733378229153 1.50593271389379 1.13193210213408 3.02140128936339 1.44509476607683 -0.639887176841064 -0.650289683007304 0.461304502412758
1 2.22547124473051 -1.01476565526253 -0.306184171677433 0.456862554820313 1.60947298753489 1.66411960944332 0.85273562203336 0.166526098549213 -0.673152751159958 0.508801330149906
1 -1.22960326105274 -1.18119177416911 2.25562597890293 -0.185977900822014 -0.686142259242196 1.13543205763469 0.478751605575501 0.0107908800135281 0.723231259445405 0.81354275497212
-1 -1.46318202936147 2.17281274764834 -0.322055059935738 -0.347246499248373 1.77955339759874 -0.677984060013575 0.882046163042711 -0.0434476893221579 0.338239960745321 -0.113816034164423
-1 -0.163164100854248 0.131318545992961 -0.92211613994009 0.607982228832624 -1.58511572176752 2.84684833121452 0.197037698521776 1.17397728901411 0.820319419579171 1.51515035539104
-1 1.68125698505672 0.176333269496150 3.39931020052931 1.16362863077512 -0.718556427555362 -0.666076822416003 2.23058784984137 1.11582590503033 0.27980651339761 0.85076783849789
-1 0.202261888813783 -1.50555482480118 -0.603123451594821 0.360066106499946 1.34734135507300 0.781074184588216 0.67322777595292 0.142969988128292 -0.347479619828850 0.315238895625901
-1 0.0124825080661493 0.065982597094902 0.323666866053502 1.28027475104558 0.638175711669068 0.673716917041487 -0.81224733572852 0.309840534543551 -0.302376154949913 1.55849156085604
1 1.13245501311658 0.490010173067891 -0.931801787482637 0.0470297625493874 -0.390306860592686 -1.08662877901043 1.02611976274529 -0.126471890914328 0.695215321744127 0.105430213421217
1 -1.79866131460671 -1.10596894197942 -1.19647484835658 -0.196551368586211 -0.549409374547906 -0.920345893875365 -1.58193944436928 -0.580983305086706 0.139475880457316 -0.821819567197433
1 -0.503121346385292 -1.04528791792001 -1.10809349694628 0.061566894251563 -2.16245577523052 -0.76128056900643 1.09213785104150 0.0691080950251518 -0.0421509626009511 -0.592221782229705
-1 0.724585454475821 1.67504782404107 0.83481568588148 0.175145288541927 0.739385407603293 0.132386128704456 1.03228143274999 0.912957993024748 1.09356530860835 -0.680912956047658
1 0.604820179125178 0.660822277906965 -1.82912371823762 0.000334186045824326 -0.745564461804204 -1.84148058933503 -2.02383249410170 0.692741336049457 0.777788721750141 0.332425491108412
-1 1.83230566870498 0.569891859664446 1.53668917678447 0.162144055110230 -0.153575291566999 -1.74525420397858 0.502141827540192 1.05132838756213 0.480768522076421 1.4992939745551
-1 -0.255895606605318 1.90798380141723 0.41021839346685 1.25779255115937 0.796123867604941 0.234288309368445 -0.00218125516683676 0.076601220197652 0.907500892809203 1.41692566008902
1 1.17439223006508 0.597331188182366 -3.29590849762772 -0.0350529153278797 1.02245285690117 0.890269545471894 0.199897092794972 -0.234139194564404 -1.54061982744231 -0.721060572332656
1 0.0232483895494824 2.43832525351885 0.112260393958319 0.546307112156028 -0.220169970533207 0.784934174047867 0.0974176847381908 0.116075108265691 0.108414763695735 -0.107710221227559
-1 0.539179408313588 -0.403901475927947 1.29234806599318 3.37719080406949 0.245110370221319 -1.29807812059192 1.30262106879977 0.85349060718435 0.411019464193552 0.170039582707058
1 0.0248403549403853 -0.955778112407556 0.342407006558301 -0.82191899337283 1.60278378624610 -0.591642481078068 0.225458861449305 0.87889315028428 0.075686238852643 -0.0979659875184422
-1 -0.89788952826007 -0.90061942462966 0.604291575688756 1.09818612235862 0.414894395137654 1.13612925433336 1.11031335213224 -0.101560048114831 0.872106163002057 -0.212880804455546
-1 1.47302476892003 0.0656190910623146 1.14315924203066 0.801314259751414 0.130982485335248 0.252146136880233 -0.772806849522267 1.56312120713696 2.14301710026947 0.821019838410554
1 -1.35585438441488 -0.855221040831887 -0.329389190274102 0.040016823404813 0.138452403162676 0.999351286258331 -0.864087239828487 2.02035455155949 0.416841631345821 -0.73356430802781
-1 1.1065504050312 0.58381532776417 -0.0256734524597342 -1.35123326006323 2.04591296487961 1.59510826010602 0.834945634288276 1.98349898397937 0.048585637949872 1.45931925249033
-1 -0.272997394588685 -0.401662819433161 -0.341230071325888 1.22773427988830 1.15990090989296 -0.149782531733341 -0.00833579514526384 1.00822034760641 0.872473881459409 0.90054112940624
1 -0.265891688506225 -0.770427306466622 0.528761151833839 -0.148203452187730 -0.841046018624302 -0.110929801269215 -1.50380966981028 0.713334677445534 -1.48376511206062 0.349643363269052
1 -0.271505397383711 0.545120062379813 0.095442939924684 0.998738877977508 -1.07987273355969 0.60722697250107 -0.240315916371847 -1.30044027934966 -0.0965065840924457 0.243951602831364
1 -0.798648429414195 1.39944010150196 0.334328854655598 -0.488505775994922 -0.548621114918374 0.0203624909114585 1.11657165671382 0.0388543674423707 -0.663100532146963 0.792939110227612
-1 0.712217640011181 -0.537489458466271 2.57904414198984 1.78705083931021 -1.21900511869973 -0.903725114364549 0.144024008077999 1.26175092351008 0.554458368018649 0.742824516613608
1 -0.638720130673583 0.670422183175839 -1.26884296120415 1.52620254596402 1.59852438263104 -1.37688366087825 -0.878871589185806 0.307098029855041 -1.07561503586374 1.14318053074260
1 -1.67962598509187 0.176101474136259 1.35365081932106 -0.309935293702743 0.934371612922861 0.636487109273451 -0.735802764766503 0.883853390607595 -0.106399564078697 0.446738417038764
1 0.660557437733574 0.611487185597115 -0.187307170741538 0.276069637286695 0.979571275453879 -1.08832038877709 0.819060491011364 0.682065628413733 -1.10829159038959 0.441652007489599
1 0.502888820307933 0.439021645208364 -0.410102111227986 -1.07992864909056 -0.105510040840263 1.22519674823024 -1.40195784986924 1.02122073860719 0.442730728509467 -0.951407510073029
-1 0.803770793222302 1.22115848038621 1.90409461225646 0.607790787591168 0.493656647442424 0.0339957767830388 0.559562013989362 0.584424181845962 -1.11883703426814 -0.64066079092175
1 0.110703709534647 -0.00231292518276884 0.961964787950136 -1.30998495040708 0.195903917617775 -0.473035056382213 -0.153102747296965 0.479598813733332 0.0253339684201161 -0.23862409900680
-1 1.13379727913570 0.259851340439051 0.394063263388889 -1.1703429919546 1.94523674298086 -0.270044355205128 0.72011747608194 -0.81423788959792 0.177907775764600 -0.299874328632433
1 1.90276964452861 -1.60290806344748 -0.264019754448404 0.924475516034968 -0.566783251687351 -0.849399262326631 -0.599678598384421 0.43499238119843 -0.691044777737887 0.909028391739616
1 -0.0404849030350982 1.48704818532332 1.02922513939021 0.0320680645807291 2.86600242166086 1.33446635257162 -1.27612875885275 -0.756426745529428 0.431079620813854 -1.04911041013959
1 1.43293876011236 0.161022780578867 -0.283132641737276 -0.805514659089361 -0.836776422264456 1.06270432129791 0.221594281342091 -1.30680660741808 -2.81268186833576 0.210997864050278
1 1.35848101166193 0.777277027296079 -0.501161042034242 -0.385037736899312 0.656850295735409 -1.53256837851011 -0.0624150885918761 0.0247344975697936 -1.12433263743072 -0.216934413247304
1 -1.57540730949398 -1.07919593157946 -0.822969462535144 -2.02085154468047 -0.0856627756758891 -1.58189692958535 1.11598677046797 -2.11214574577799 -1.91984109182125 -1.5980614498484
1 -0.143649814256801 -0.938877389540616 -0.281571739890411 -1.55780077805826 -0.00210280042309661 -0.580952343732872 -0.60823302186824 -0.601099333041693 -0.0985059656146248 1.10110866782403
1 0.238175959537859 -0.869372265819932 -0.360618042258512 -0.274956891723833 0.218590612220841 1.73722938097372 0.510399667508154 0.52992297595205 -1.49125087078272 -0.332083096189985
-1 -0.999766278887285 1.60571680182716 1.74717913355585 2.39810284158712 0.0494355796098777 0.125284366442706 0.973303875758956 1.61264694393689 0.512943363432904 2.09235384251373
-1 -0.392566269416764 0.708388306119904 0.307377994677387 -0.538840465344071 1.78391589296399 -0.300422591596454 -2.04383740313842 -0.791196677749867 -0.00809711481691988 1.37460538728204
-1 0.524772573553244 1.61740597665186 0.856655149281312 -0.0775662399614067 2.39602124288456 -0.477801293328372 1.44371444570742 0.0704328871959096 1.35403371824491 1.42318448043416
-1 1.74637869744675 1.30332760546760 -0.490798542185545 2.01730146016919 1.14230935862264 -1.07839007632429 0.467657439056695 0.0117673526934207 1.49217290123268 1.67397947237085
-1 1.50043461297658 -0.704420803316027 1.55429660608355 1.51093730008973 0.158405659261287 1.8137504347607 2.78163379181299 0.737508950122317 -0.594375311080627 0.62572121382129
1 -0.684438294823215 -0.545953687130171 0.51703645964077 1.14126532169057 -1.73543850817692 -0.75372867368426 -1.12300558030792 -0.508935199813403 -0.463475541550773 0.692469326905886
1 -0.53262382254065 0.446135985088188 -0.150069012084316 -0.308975836505658 -0.132476111110623 -1.76662338369304 -0.759704914857057 0.820269849790368 -0.770987319041352 0.544546954723982
1 0.869347650235735 -0.741174512808592 1.11339054896122 0.753627415086259 1.25767842219296 0.934566003191098 -0.932434988311655 -0.461780366708577 -0.183096657329899 -0.627894358808857
1 1.47271433657327 -0.793021567512589 -0.284648089792321 2.16311760310072 1.19739568159760 1.20069008918314 0.0786617021122085 -0.975783802948328 -0.219448119659829 0.220981426344621
1 0.407279911054721 1.56405030929623 0.990144990691126 -1.85681373441882 0.976471566523186 -3.0626042231225 1.10142796985595 0.699455827309082 0.861089159382571 -0.860501968554766
-1 -0.058699585752142 0.0691884136610541 0.265902179897792 2.40646222580605 0.271849710164711 -0.653746234983266 0.760584491860038 -0.285611676810919 1.59104738428429 0.677663656738629
-1 -0.98422776261158 -0.891298798013262 1.35795209533046 1.15633620818473 -0.361163505027883 1.00071830516827 1.99388185298609 -2.48019449658565 0.826608241137356 0.0871372856895499
-1 0.987173888404633 0.496307612267487 -0.300458566573854 1.25742329445923 1.9611197329326 2.56224179337434 0.909184973193988 0.637068024329438 0.548880633600781 1.11109908411267
1 -1.12832832972586 1.68942563266218 -0.215203042688252 0.922360005586006 -1.27280148204647 -0.845047220928554 -0.735931677453438 -1.02950262766425 0.378387250258522 0.735680027831513
1 0.556058479774185 0.207178989899731 -0.574107649109907 -2.51023873226866 0.923906483394243 0.228632597196197 1.23050032938699 -0.103178073671137 -0.173202389241786 -0.0802111130284142
1 -0.926559281050307 0.107147930124965 -2.25329175475551 -1.41032028009763 -0.237265058286436 0.572133182345056 -2.21590304424168 -0.864171975043927 -0.73610139825957 0.137408556268217
1 1.57013628095389 0.982106259568198 0.664519537835222 -0.09640076181846 0.148943389972604 -0.612635306533596 -0.766155819961086 0.0374156310305382 -1.21745700760981 0.0123987659559683
1 0.7278645528109 0.703538277300502 -1.12948485445261 -1.1374931891584 -1.03175810777346 0.204677441209825 -1.53364034498037 1.01416826995527 0.387736653519744 -0.268641203291768
-1 -0.0622263268532611 0.0731016991306579 0.299330180198253 0.550736495218717 -0.509235703051639 1.41520770456680 1.77148175870242 0.926254559220004 0.613409691525963 -0.442986560729758
-1 -0.0655683147801257 -0.732706316008983 0.906275169022278 1.16409618752913 3.57516678823953 1.13100317463083 -0.167025206961364 -0.214542782730264 -0.745255109994033 0.475003782362055
1 -1.49520876348272 -1.94001946348216 -1.76191376771483 -0.187744902202932 1.67222669991022 -0.623717059040857 2.06365312524391 -0.533645589505596 -0.0628282743047775 0.418195823635162
-1 -0.103875314681746 1.27285896719016 0.174032274351819 -1.5968398638465 0.385546439411446 0.901799423443031 0.26282831479921 0.485914130701091 -0.0847468490619188 -0.565063292507563
1 -0.286428691970985 -0.581666479815409 -0.118084584281504 1.56826298907170 -0.0708493182903168 0.594058631884743 0.210569433243266 -0.470123352690386 1.38110160239374 -0.0277145819526255
-1 -0.0605372231844915 -0.574644449057018 -0.844630108866969 1.6699173346972 -0.405201967998652 0.198116071414634 1.39541567549088 -1.87832505968138 0.0569961436557205 -0.0807535645539021
-1 2.34188906122761 1.08555016734982 -0.119608406725444 1.53915663214942 -0.118449616923724 1.44797474748894 0.493354327920435 1.81177287378765 1.37042516699379 0.774629828341185
-1 1.01954076178151 0.154705416536977 1.07907686761382 0.305648023494690 1.46589014039180 2.07455729175979 -0.200102059702675 0.835168378780032 0.855930267930048 0.839480578978911
-1 1.51485899516818 -1.32937763064892 -0.282194309004551 1.78974324009311 0.629445027734387 -1.27576647441846 0.547432573146045 3.05807780945682 1.18164996498480 0.0814321841502883
-1 0.376421812222032 1.37613523985847 0.313041467042706 0.89496224014472 2.04675669534491 0.358446907791624 1.7861227549421 1.09173236760643 0.960383734000873 -0.0861759299429218
-1 1.28250001485625 2.28125765974859 0.329354905617458 1.00883877895822 0.0153394274448050 0.377557347420889 0.805599162953442 -0.45303545401749 0.257394045348391 -0.618209908905344
-1 2.16440903856046 0.178749083573738 2.53711352860872 0.97316842543914 0.630967835870407 -1.48203336123493 0.522107840650963 -0.321747841454621 2.06459352973799 -0.0756352844979715
1 1.47920679532908 -0.274101890703184 0.713129974817736 1.12222149423765 -0.122704684512356 0.892229274534356 0.712812780265239 -0.0585991752780294 0.144581994129806 1.00094967924491
-1 0.270629563883125 1.57904575548075 1.75253178638988 -0.0250897385329718 1.27600186431695 -0.20960255963561 0.698193580909894 -0.213659020076548 1.07294324435178 0.517451205976072
1 -1.14860772858520 0.00306327646789045 0.519551174523612 0.0435374078280595 -0.214306036586458 0.632136031830433 -0.959498064069485 -0.422026461227888 -0.335647682512606 -0.575659532538926
-1 0.36853126144017 1.02562865330242 1.68279547722607 1.05432359084382 0.547757722092511 1.11806763939827 2.15179193469059 0.467734442673896 1.93785416278849 0.79668081676022
1 -0.668554828423007 1.11965254566547 0.574719960688908 2.10647119034761 0.129165271247820 0.800717352763519 -0.204094776922163 0.729021532262377 0.00530144703247942 -2.47459035658564
-1 -0.0513932191432485 0.0612759496042774 0.172916331192049 -0.236493601433364 1.82532388703404 0.716908492632538 0.84189055703501 0.458986543666984 0.0195287879508435 -0.351306787432443
1 0.106671360185518 0.254461349573677 -1.46536817656940 1.19420902380109 1.51403269701741 0.845609415358362 1.59811075381859 -1.07747471375600 0.360888136533955 0.251531777997808
1 -3.36666337648819 0.447964316500099 -0.559916047284318 -1.18776362779479 -0.666372386398837 -0.776559740157166 -2.39697886544158 -0.701057464486156 1.5763917867372 -1.60464347908140
-1 0.566184160588559 2.11090942039456 -1.02092280906235 1.34996199350838 1.82770234524714 1.14581590379349 1.22615388750366 0.809878325498792 0.344680364511201 -1.04539987166975
1 -0.78005583055822 -1.69365436376641 -0.0641269524042608 1.15406663996387 0.118985441107424 -1.60709903802053 -0.397489423417064 0.903725205657228 1.29528806410868 0.127102200274376
1 0.181102134627484 1.21727843784156 -1.53908267416832 -0.993280058409198 0.932156931315841 -1.98970339069130 -1.45354880059677 -0.122982734459553 0.75418153057359 -0.827457716679769
1 1.84966604582004 -0.0787642444899593 -0.700300258738483 1.04937588380668 -0.121507724379914 1.08675674531801 0.343246134413213 -0.748510873631955 2.04486393173403 0.0770141491345793
-1 -1.33992899316481 -0.696044563666926 0.706807570275378 0.340905321449439 2.47507510572833 1.35192330307578 -0.315794345953147 0.815293383337706 0.562608136296926 1.34976488658716
1 -0.741978386987846 0.0831464101614062 1.18324797784631 0.311286280955109 -0.456335568348639 1.23122055374342 0.308152370062667 0.763016712982979 0.21674311187114 0.424046787449504
1 0.166111501638364 2.27582758876648 -0.72162445993539 0.0252439252383583 -0.0412077614595694 -0.777457701057049 -0.87932244172995 -0.470324729870681 0.428502655757678 0.516686037569816
1 1.19617185255323 0.874119495909056 -1.54304411036926 0.482455638125683 -0.201364111834083 -1.16197447785889 -0.363182875471293 0.575468925145725 0.535066141895601 -0.105203073271884
1 1.43933953855281 -0.490108882618019 1.16003133555285 -0.0892647576991582 0.00233988417860609 1.01403875497336 0.142410398284122 0.404189009874485 1.22815144951269 1.12608138794264
-1 1.35614383805776 -1.43760280782640 0.934235973865979 1.99538754701283 0.98527292006871 0.29494416900236 1.41315034162552 -0.0596810561214799 0.964800884657515 -0.292245376807736
1 0.0909752842876325 -0.910841792400033 0.773957503514479 0.312787922971602 1.40754343906699 0.473431757995981 1.17848996554018 0.168697442642837 0.762461212610579 -1.11535689647223
-1 1.18810412875759 2.01909022694929 1.79729892197528 0.75528853513327 1.28177451342474 3.02873302607006 1.66064283674708 2.1553260965668 -1.30339977136320 -0.00864744220796831
1 -0.330384171221596 0.42295470340723 -1.32454226204347 -2.20935155937712 0.338049056502377 0.802593094083193 -0.614375899221873 0.413647115854078 0.229919322481495 1.58055302936023
1 0.546032310399935 -0.518890629957431 -0.373831355029985 -0.836788871661096 0.563690845970522 -1.15415984416733 -1.34868808621484 1.99943580550381 0.316131841430524 0.880528939630422
-1 1.09901393760666 1.24300886618801 0.234418622231594 0.358758406085156 0.0170266805021290 1.41897515142449 0.275718816216298 0.836502772395705 0.0261039301941642 -0.623089262853701
-1 0.0164026533595375 0.090101143654979 1.14401610209607 -1.48873159454111 1.6742859479113 0.275072625835625 1.87091479362727 1.81556841145521 1.40308499855223 1.51284685904535
1 1.15102743807262 0.946533155697561 0.385091975587594 1.91200999962963 0.364188484778287 2.34318855084432 -2.20192265875923 0.515842199935142 0.92638326471174 0.310727744363312
1 1.68239833676929 -0.719022368070202 0.276673213930295 0.0289186930899046 0.581078259414371 -0.215851408598314 0.0977386157719203 0.120723197110358 -0.524850870477661 2.07807893887746
1 0.137814542049754 1.82118961955512 1.59220783277537 -2.03385692479107 0.551566387250971 -2.26229698391487 -1.61750278586582 1.35443345975790 0.0974159312883665 0.358018058769651
-1 -0.455150755977265 -0.484767497707268 -0.364045009275674 1.77888981805387 2.3033823198821 1.38832466318741 0.112462339672919 1.44763272805304 0.400672316011034 0.566391979895038
1 -0.270643650817802 0.96961447590537 0.69718388663024 -0.311343478132623 -0.112423308473797 0.152993170812999 0.735993158354949 1.38449739866005 0.848673572495045 -0.424941367893048
1 0.107357760222306 0.519613620236356 -1.04414419844111 -1.13688041213559 -0.728340395704202 -0.353139903935563 0.690298076538805 0.628996540666305 -1.03945014026049 -0.441698053526675
1 -1.81238434040293 -0.0524711193792703 -0.351929748791059 -0.334013817817196 -1.34190287650590 -0.211843870628277 0.706263803309633 3.12048387822408 -0.360921591682625 -1.16499678408589
-1 0.00579938691909909 -0.270599564838922 1.16402355411856 0.62891716512556 3.18971199806123 -0.337010377681217 1.16205563446858 1.63076391288279 1.27623737706236 1.31534278613154
1 1.61367820359261 -0.713501485673835 0.386192610238836 0.150160480258767 -0.416129103276658 0.424943181881116 -1.64213939717733 -2.25348355015221 -0.206008944173844 1.1065691609045
-1 -1.54265878125183 1.25814388485731 1.55272575364824 0.529411331145377 -0.809530742353016 -0.741287785637811 -0.45639938578444 1.57843692493279 0.0699166137441652 0.216323985455471
-1 0.780014705961124 1.80859522408241 0.26583945770435 1.33622179690820 -0.00136696957834836 0.663080269533465 1.18758266182152 -0.194671079628359 0.398322596298395 1.40499553184574
-1 2.73171134771179 -1.75242613703319 -0.303420684088077 1.81319313765798 1.18064369989342 0.366397756030362 0.781189383279805 1.60944706174275 1.96215381487852 0.333042664482371
-1 0.886072794619092 2.62083412685181 -1.16720031092878 1.19455883913829 -0.247792311715720 2.42147203493405 -0.272593825934113 2.09244701262962 0.914898808034126 2.02312341788107
1 -0.0603952210107345 -0.599056136927901 0.710781915810975 -0.306751796175592 -1.45924336949959 -0.868316215587036 0.162408852192335 0.0534677426276637 0.360267453339379 -0.694750554847297
1 0.888172796198525 0.420935248548015 0.654365787357674 1.64087351420217 -0.787156301837766 -1.26220136902215 -0.302054013142125 -0.190465668108571 0.753263675048932 1.14726167804570
-1 0.0544998952545043 2.10599720807527 1.71123134083001 1.11213050266262 -0.393824524313341 0.142178756760713 1.40622330153598 0.95698184067704 0.296724922603658 1.70276835016187
1 0.281026911892014 -0.248094155689495 0.83761639312757 -1.22462171960615 0.130605525800330 -0.39522432106016 2.24649692346169 -1.00998646732575 0.0497775210337465 0.779878138460581
1 1.01104348473284 -0.280700635783553 0.00721354027458711 0.139957860962774 0.561536547340444 -1.52224067362776 0.123326591298069 0.468129690895204 0.0375648780955358 0.983835789341835
1 0.251455410173936 -0.0404751289439132 -1.94094133140442 -0.297730752821701 -0.805840225756626 -1.06958485694214 -1.23412418100254 0.529296345740169 1.10894400915158 -1.48780244014175
-1 0.825273470496754 0.157845437107619 1.20036788774623 -0.310421589513890 1.16937283967234 0.912339831209674 0.363615383669929 1.88172031019078 -0.474930628859963 -0.576329185254786
-1 1.36978948945941 1.10694559742640 -0.302358609517516 0.791338303100046 0.775916212562759 -0.716429155743124 0.594091132469486 -2.02890392898805 2.51990084499860 1.64091276551755
-1 1.06673262806787 -0.783119738272637 -0.96681637001308 1.64269122477217 1.63110427121289 0.555404670566418 0.414982556501750 0.974380432314472 1.88150006877708 -0.536630864412435
-1 -0.252624963888995 1.15719776572111 -0.94706244394251 0.872916359390894 0.22658238243633 1.23850340097935 -1.27012669522665 1.12307160337328 0.408182438040201 1.52174350580562
-1 0.427586574548477 0.707641555954449 0.97507105824675 1.48006924272325 0.959468503027282 0.784449611062266 0.305948020842356 -0.458971336052987 1.21684604946121 -1.30822504842260
1 3.39060967241854 -0.112750485697876 0.790570235509669 0.269347744393898 -1.05770597915995 1.37421734373190 -0.506955791702093 -0.345205143857833 -0.455163538174340 -0.189720010147942
1 -0.308133379729865 1.31994769983782 -1.06993700349209 -0.216219706119449 -0.661039977922559 -0.436010775452197 0.960820031750864 1.07937651820175 -1.03896957528679 1.36811538359684
1 -0.143851324783849 -1.07994791446837 0.741931411903133 2.38900684459633 -0.635977256320591 -1.10955712962305 0.835870325971577 -0.785849358526932 1.87507562525905 0.274004094056441
1 -0.896174510804741 -1.82893903189145 0.634238384772487 -0.0210584638230349 0.0741051697672525 0.416764295959062 1.52466522263029 1.53157164076934 -0.0633168303368469 -0.744165032510793
1 -0.310754227318419 0.528768738449486 -0.217116569477535 -0.800661528348925 -1.02585781203615 -0.559235535571502 -0.419771064590353 0.392253277301298 -0.613129616063525 -1.15038276503707
1 -1.69546173673517 0.832097501851938 -0.694479201671772 1.25651975158069 -2.55766470389066 0.54704727731414 -0.215497522936461 0.616023151978326 0.679783574024578 -1.31113773481041
1 2.52325968897286 -1.30685193283913 -0.255327830452227 -1.15024315820483 2.23429562833905 -0.311429026604068 -0.235885457777881 -0.85704152219039 0.248734950415161 0.0527713578152339
1 0.416680102761926 0.300652083461475 2.22090180006293 2.01372677880561 0.171911053474157 0.206276781256123 -0.601091829881074 -0.420082254198734 -0.400638320983763 1.32300327754685
1 0.0769210436781955 -0.00636940754902872 0.0632328794131559 1.68249228630049 0.157538369156941 -0.354354161091494 0.350885624400149 -1.67753484360596 -1.23700299420727 -0.689376082038877
1 -0.397391477579522 -0.395311790568541 -0.249176469385628 0.412503889680401 0.457145677786499 0.652628418498555 -0.365568979475202 -0.578925100374518 0.516299046051255 1.29576515143892
1 -0.68231050193305 0.984257128641453 0.589532993494517 2.47996898041050 -0.115574149395933 2.1516541192446 -0.750569982003075 -0.0266746481038851 -1.53248070139435 0.760600825999759
-1 0.903332398093256 0.660965140641372 2.31488540175698 0.474904709530036 1.73079945565992 1.24571591790172 1.14773183878208 1.96436780794062 1.90839498526872 0.412774120749187
1 0.552207590242924 1.51691039855517 -0.0119416668857552 -0.360894566667568 -0.762852824848999 0.482519070213927 -1.29369843704785 0.483074973723708 -1.29710563252430 -2.23097563462503
1 1.11652194399464 -0.294371132365578 1.19281637144579 0.292271193337034 1.55150850725904 0.691521484581633 -0.290129930382579 1.96375393522088 -0.518479840309721 -0.332571889657953
-1 0.390092767357668 1.46383621715851 2.08457614253440 0.547344855170723 1.33074307264294 -0.960791126882084 2.66207328334573 0.222887985681397 2.69629979638278 1.77867021581289
-1 -1.38203504219573 -0.56865228523546 2.14008728751072 1.76421681735921 0.517101412179199 -0.806144234371124 -0.529736529510755 1.31251188531845 1.41084265750414 0.0491840342042903
1 -1.41469494272551 -0.0547684242650984 -1.06995409027996 1.74133832993849 -0.219571603108686 1.99326341916361 0.90799042668792 -1.71191245983099 -0.985695579884718 -0.164070478244557
1 -0.8026460092163 2.02179851059097 0.385284710644024 -0.212363314734898 -0.691936108280267 1.00980994492698 2.3770342338278 0.29012869785939 0.536838397539134 0.184241278060443
-1 0.446777173613760 1.76795185177832 0.274036571507207 0.518323010998074 1.79766734642627 1.17282936493095 0.631246474701902 1.76193517230139 0.644891339282002 0.782231088352767
1 -0.103057408729795 -1.26473050323129 0.343056751188656 -0.596149398407377 -1.49748275115985 1.67904112895591 0.357861301738367 0.710579288224073 -1.13366408657329 -1.31704575490845
-1 -0.825298471741964 0.694631434161619 0.0118239977985013 -0.0340325274214889 -1.18719082987056 0.539050888055753 0.446111749798396 -0.0328888445513964 1.45648439199334 0.87462536690114
1 0.677860103801325 0.685564618997041 1.00552277924453 -0.0758064832750937 1.12911793284772 0.0872446096860932 -0.584838453635567 -0.651997154404043 0.249916129731667 -1.14674845120988
1 1.19947256437259 0.846477896397788 0.187454478067446 1.78264563340656 -0.117681221145837 -1.69246498814118 -2.25033689589777 -0.503074953601409 1.08608248178339 0.759725605436421
-1 1.02809027377297 -0.251143158441757 -0.201603807022109 2.72032062562672 0.828342895713094 0.171148769070851 -0.162769279369379 -0.716456387946614 0.627685091482114 1.16691300270324
-1 1.32957614279938 2.11914573435735 -0.0268465653608099 0.0233773493116155 0.240250146097131 -0.760830047504857 0.176222402055025 2.06461132643085 0.349537111930223 0.0975780501854987
1 -0.806128061079597 -0.557002532821824 0.815449713340581 -0.685979744611934 1.53657713537606 -1.43975842724333 -1.54024239465351 -1.18312322694659 -0.3238923936897 2.75003936532061
-1 3.06383084782087 1.24917695843716 0.239539379646087 0.60371290968048 0.294304296188645 2.18240045205107 0.551687089586739 1.30644997987319 0.669605447825325 -0.371938193042399
1 0.0158825744332775 0.20543012494758 0.0506968959597397 0.325784703937665 -0.00737233284606581 0.88809922857376 1.77148696958269 0.091439346780504 1.00272573366745 0.765576385686386
-1 -0.148722825034426 1.47120417830421 -1.11948579243998 1.72153428546774 0.904622714727029 1.94258011928466 0.0411614572208032 2.82779706721236 -0.639121547946824 1.42702175937531
-1 0.0651202602608634 1.65852631440192 -1.10157768843267 0.97946036297645 2.2134315378624 1.75118898341985 -0.0118384609808384 0.771150298724679 0.487996378142966 1.48984067473496
1 0.720389902032709 -0.282072443455549 0.885811354851369 -0.961759885826072 2.13447834793036 1.21252746972042 -1.57825930353784 -0.111989184342611 1.63894930317917 -0.334541663727294
1 -0.187440361305033 0.482072289567547 -0.41685670425287 1.17291627245042 -0.199900039998810 0.0265505590467311 0.776175554697509 0.261177877543244 0.430080347582863 0.654731715223125
-1 1.02498085743724 0.798700707049024 0.612998436630873 0.788320358582043 0.0202741742290694 -0.509884903584064 -0.231081178249882 1.37089860305462 0.826204143803924 1.47312024989895
1 1.53232736052419 -0.558419190529233 1.38178491961165 -1.29243133430223 0.329239566526926 1.81630415270729 -1.01876898049290 0.0934968272158557 0.705181251311654 0.0372881988005663
-1 -0.124240781480457 1.38744282098794 0.0903620913942396 1.76796726639081 0.177881279848598 1.00692121057189 -0.619069375248625 0.810864382559285 -0.234408236755292 0.453987267498848
-1 1.9268517391887 0.774096661582431 1.68198427720242 1.16269187300380 1.27378542823665 0.763553438633436 0.464075634308325 -1.65847731134170 0.75470606558573 2.12942555062633
1 0.198708519863584 0.400326757157442 0.909647441894744 -0.753155596387803 0.26125075352844 -0.357449600978296 -0.489611068160816 -0.444708830055837 1.02091110683787 0.489310917162165
-1 -0.627601992993688 0.115672212004770 -0.206049769087735 0.396553090090037 2.02386933952144 2.81051193095909 -0.522622884903218 1.54047937560486 0.0366672065933397 -0.0675565590553523
1 -1.18116347053741 -0.332686620986140 1.31054194394277 -1.21481482703324 0.729833983400049 -1.06395672235428 0.554826371065802 0.480943605218542 0.643651938201401 0.649943149495924
-1 0.265410010200016 -0.755218800830365 -1.14447850750911 -0.690060555022258 1.23408603908443 -0.439814343965094 0.273644055590211 3.02384358860140 1.37111636810156 0.315808752601816
-1 2.00045787096004 2.22027318121486 1.05788583071106 0.181686870810921 -1.72544045784001 1.13756790410714 0.70960019599988 0.970526405729402 0.111069121989543 -0.980089086580513
1 -0.164959185651396 0.670579360185618 -1.21055957749495 1.53840172984756 2.01509809301791 -0.433024922140147 2.6726059087201 -0.718272176972989 1.05902690038528 0.538390534782777
1 0.432332145263039 0.427345298101207 -1.04778352079995 -0.612244677671196 -0.425466703968041 1.32526131701341 -1.05149121618591 -1.35344221451788 1.65168087514448 -0.964403431681733
1 0.25441943555626 1.21325263377237 1.21371440781580 0.0481714568979394 -0.88360934214626 2.38578090484932 -0.00605263109558869 0.139926449906944 -0.647886143639237 0.460180201865334
1 -0.882128549665507 -0.856763648799007 -0.000999153434072936 -0.237691513516577 -1.86669437353157 1.09195534667623 0.693809172917621 -0.512658651988429 0.472209011301117 -2.50259275244706
1 -0.657058095411155 0.0958608435840099 -0.727313454534882 -0.0482615232035414 0.00218815283804106 1.31698435192659 -2.30305653401465 0.143293190046555 1.10986707402203 1.47348761230228
1 -2.24893720044523 0.111644262856707 0.0654226398084016 0.0521423822737069 -0.274336257940781 -0.0815278824761295 -1.82398808666017 -0.948269850020424 -1.07051850982535 -1.62503277043449
-1 -0.0604724216722647 0.606564114922971 0.836564945520719 -0.648478134861718 0.66302603794096 1.26527871920075 -0.856162300552329 0.455866009719008 -0.858778646733218 -0.140424678822993
-1 1.01006314475194 0.494182857174147 2.00070097974172 -0.0497586402405026 0.492453320799018 1.03313863989281 0.261732480853032 2.05565588399324 0.733533394884717 1.07896962847595
1 1.78692404439748 -0.57430877293947 0.0472884737777812 1.03230356853873 -0.584766517403357 -1.26227198254797 -1.47042035725007 -0.565928669666956 -0.361386427976162 1.8854734517213
1 -2.9228708471089 0.28475755403159 -0.5530338270638 -0.405965937931968 -1.44717444579897 -1.63698038477259 0.321548782478585 -0.574665119569534 -0.106080604873769 0.70620649798519
-1 0.913339553286747 1.31925746804399 0.328391137383552 -0.914488186011713 1.50119992496781 -0.502984085825072 -0.489502436304898 2.65518331149581 -0.944201873379157 1.48359750654335
-1 0.828543822317192 1.18218067934977 1.67187852144548 -0.170319011182873 1.31782846583845 1.21120935343115 0.110797317111870 -0.917800073230786 1.72424136382705 -0.653071273567699
1 -1.69318166702166 0.94898270472258 -0.976547336174415 -1.00910409178888 -0.383696559359949 -1.05042419517274 -0.74876597102843 0.370299438699633 -0.426984523191693 -0.099938608915141
-1 0.831678004836364 -0.232644188407232 -0.511175854792357 0.213298079611506 1.38360907887199 1.66156291863082 1.78660132472617 -0.32116148505746 1.00028427486111 1.83576686141552
1 1.682838958149 1.07581887804405 0.996729806505228 0.777442169477285 -0.081031310132267 -0.91594934174873 -0.294864821545726 1.21341734920297 -1.61798235148518 0.276240911134682
1 -1.02755547526349 -0.245676310848033 1.83787639019305 -0.621507402458221 0.145210755306607 -1.52347875821036 -1.66778570224257 1.06129788761927 -0.889011514895587 -0.0908951948035707
-1 1.03444096964512 0.357550687892915 1.10563764030931 -0.172067384310359 0.89333050458071 0.866923009287272 2.56333619052221 0.247049276792085 0.132545486793153 -0.46794601943029
-1 1.51682123483083 1.72484337289307 -0.090067170735481 1.93798180991883 1.28239096429279 -0.0300214657241930 0.542121630947846 0.756595328377066 2.0100980257462 -0.486278722853092
-1 0.740327869514431 1.18028607249718 0.180707525255076 1.67538623147654 -0.335229397367758 0.597851780916841 0.463039432827413 1.99549331344775 0.394201580069557 -0.237561945876168
-1 0.991901941584158 0.131535581004330 -0.128134105013581 1.97117339435938 -0.281091897338999 0.0904631471742224 -0.435734852435084 0.994055791320914 -0.688271249732985 1.67668753369344
-1 0.537929372855431 0.165058015947675 1.34318082235743 0.630221936604446 0.0984876646952099 -0.151708266016409 1.24745585608615 0.192434522416710 0.86309993551196 0.712645755118314
1 -2.02641725122412 0.392446798141589 -0.91871889057473 -0.297768848624333 -1.36843180956382 0.545372163855605 1.78936289453166 0.489627573889829 -2.13132041235853 -1.67884718659996
1 1.31967052318118 -0.251939698588086 -1.57644756920529 0.0405516175281631 0.789167555358192 2.35221440407867 0.131857463448710 1.90424356301651 -0.86822355056912 -0.887306370266121
1 0.549600188777446 -0.918526112808603 1.17871357294181 1.09202447758629 -0.163288664080335 -0.973990881846346 0.106175871825049 -1.54642905893389 -0.247590875926163 0.962062870552671
1 -0.898808378054639 0.427092735588433 0.00763449493802765 -0.115576347303470 -0.666796374149845 0.468570417944285 0.0353046752606817 -0.301617752248932 0.299789801834422 -1.13791879548130
-1 -0.931787380172373 -0.58584420767266 -0.053168443243252 -0.619106617416307 1.67962777677672 1.35538623408483 0.590093710290081 1.19762148599502 -0.219415110338692 0.96145496522719
1 -0.744940504014928 -0.127085596830081 -0.0883565611682363 0.120424797706801 0.595006800439501 -0.392053212796131 1.09169318413085 0.363609076288168 -0.0160926042223743 0.245454665525095
1 0.158457044518015 -1.23858620099561 -0.199549084875534 -0.6865277393899 -1.36748526059976 0.760375232002999 -0.467418207755025 0.150249357572995 -1.30546546387105 0.748539584529733
1 -0.832396710394021 -2.15024298148526 1.20349372359127 1.04050273152183 0.315679760629787 -0.948542942174453 -0.168616941735074 -0.126015803061593 -0.82150629817768 0.516619327415946
1 -0.907871518439223 -0.135249439140047 -0.513644288177651 -0.363424697799233 0.305468817904034 -0.995175293727632 1.75109610090381 -0.00238681341690937 2.28997953993153 -0.00731411763309793
-1 0.725887749243315 0.7141425708931 1.86511008508652 -0.642780701814271 0.487314946478527 0.206745586207556 0.217311241934763 -1.49038852979037 0.193641215874224 0.836947146198098
1 2.15024312125802 -0.215987572352201 0.499856629454456 0.51447938571873 1.63324104461507 1.19412807486275 2.25755829887896 -2.00111057840118 0.441050676681769 -0.752553373620637
1 -0.715276534722242 -0.518867379505086 -0.800914064558858 -3.29856342367738 -1.43934084102576 0.318075917365276 1.01263785427688 -0.190875720550153 3.11952818713645 -1.33655704911532
1 0.874504033008063 -0.696821649834042 0.927658308678014 0.816490709034032 -1.60694028054823 0.972407847539214 -0.836014013385044 -0.372471141578872 1.07182725263867 -0.891580983641916
1 1.24376367512944 -0.41031082757319 -1.29798591057977 0.529023154572319 -0.588767515421579 0.161362141320638 -1.88348312591354 0.520215475428543 2.73692977208837 0.086915306327484
1 0.52161256666152 -1.38417871043349 0.324097884050856 0.91324817728164 0.978277464794198 -0.0359094243176458 0.717049996242773 -2.14893347257589 -0.597483533366891 -0.717174512179716
-1 0.163041954366857 -0.485334860715993 0.635256584856477 1.09974165393283 1.0252639771122 0.177242531277693 2.0609270393215 -1.02527773246255 0.732355111384704 -0.146417208395552
-1 0.552737895111372 1.32677233688321 1.49042770042119 -0.0119728102117100 0.249875863327555 -0.752308378577672 0.303775874368809 0.139649349661845 2.28328818172034 1.20844013692674
1 -1.69186818877521 0.202848390746967 0.975987842916872 0.315525443078029 0.804435639743522 -0.797510053821381 -1.71858551473934 -0.0510267665791278 -0.858214292647483 -0.526188025269359
1 -0.5780011475163 -2.12839958698268 -0.309040497550139 0.356695790710344 0.226474964101660 0.110731952108015 0.871932780604957 -0.241824274347214 -0.256666905952246 -0.237243370059492
-1 0.153172171411785 -0.457798379655430 0.794892673427435 1.20797647483660 -0.202374043079046 1.64762195754108 1.51831663516728 -0.870599983102427 2.60488117123972 0.151388646198199
1 0.690470261499109 0.300303778320765 0.685920014540182 -1.58354010331718 -0.238882369507793 -0.622857641344442 1.23468704248898 0.425843499018319 -0.176653075272346 0.332525697432498
1 0.232265593878528 -1.80391372528235 -0.606152887988512 -0.651359816530706 -0.520652844667301 0.355631851671404 0.911882571925414 -0.236401202108303 -0.0561141797111539 0.0811129686080838
1 1.65283647334275 0.155427088381368 0.602720604045715 -0.872985322596764 -0.0537381261078198 -0.892878881690277 -0.52942406134958 -0.39627257213634 -0.119026843476250 1.48715411891509
-1 -0.644685989832202 0.315159547910716 -0.373038426004324 -0.0510073159884558 0.192291278108480 -0.710759811172332 0.236757155839126 -0.118217502897485 -0.407467038162663 1.87368378419122
1 0.41621397802145 0.187274751115993 -0.851748413669679 -1.13275177112741 1.83166588396932 0.863829155088635 0.0676976897071806 -1.84800985925299 1.63799074221648 -0.684816086828004
1 0.525012964299685 0.0943626939011427 -0.412021457420828 -0.902584592942234 0.861868745343288 1.5782186170583 -1.39182718854102 0.237639476744324 1.00647903843353 0.0476986482946402
1 3.29247104650739 3.00145765733145 3.09196019786534 3.10585432514457 3.04516644796359 3.07864623930004 3.20941581017264 3.15691723855649 3.13344165409029 3.24075629477828
1 3.19046239318334 3.15500315967798 3.28723564091046 3.25286694482724 3.28568496119053 3.20881010722015 3.15218499855455 3.15297927683595 3.11638403254279 3.25367440346253
1 3.28369797620056 3.09960919522514 3.22645540294005 3.22769964052340 3.37507005395470 3.06120396897189 3.17263150115306 3.19130025593904 3.22925951179952 3.10029303550981
1 3.21954804000977 3.21170520833376 3.17327984223218 3.17340391522689 3.324397494761 3.11999979722035 3.24306174187921 3.17808401574539 3.13884436154622 3.29650027484679
1 3.30811528241895 3.26775655202268 3.28731637025779 3.00875372073184 3.10544622863511 3.18418160144811 3.31830818328737 3.22623177983486 3.06566036608767 3.13597808468583
1 3.32775235116677 3.17332035615596 3.1763755912654 3.36016211909466 3.10670406902967 3.12827978897471 3.20118328746795 3.15014346271562 2.97267480680558 2.9670997378084
1 3.21238854687058 3.11306869764954 3.11979364083668 3.32478001275153 3.16727780675824 3.18397288059264 2.99355948200126 3.08757280356946 3.27241948524068 3.1712247719724
1 3.30282258115071 3.33822318609023 3.08350299580368 3.18651357861688 3.30269941995510 3.06268132661998 3.08409742397309 2.9997449946005 3.06433130303191 3.16147085305404
1 3.25446835369036 3.10790626283181 3.22027290965353 3.21896478484989 3.23419617311271 3.33386317102109 3.13465249622326 3.04207053916843 2.87417233231043 3.16113871572669
1 3.133377924539 3.14745262967764 3.21752202751879 3.12897499120641 3.04278824158863 3.18137812403678 3.02307558414585 3.24842267049154 3.1046493530954 3.00950668131388
1 2.94418546731929 3.0731785731089 3.08940212297562 3.12614326908108 3.00433004580617 3.16437472507715 3.04306570640872 3.10009275088451 3.13198763737571 3.22221123968012
1 2.99793656698534 3.11642622451927 3.21405975974705 3.12846207908374 3.28407807154574 2.98354542838036 3.19393095580376 3.21682521208149 3.19668251400819 3.16802557615685
1 3.13629148741294 3.21598853569 3.21823017665017 3.12094271607295 3.15686317544519 3.18705742423834 3.14885666433535 3.05338296327844 3.18369322926908 3.16068330967266
1 3.06655018223519 3.13147381978655 3.19516166976696 3.23006241451688 3.20671819784879 3.10847760970101 3.20813461860324 3.28602758859562 3.20003361259821 3.26241126661453
1 2.84099295840160 3.07464155142265 3.15391726764083 3.05840989202685 3.23554817211769 3.16896044865616 3.15912780711633 3.15867191983606 3.04458791899198 3.33679422634551
1 3.0719043360522 3.06353271522113 3.23216688396469 3.1191236153026 3.19731672981178 3.19116393382223 3.20479325026352 3.11021799293009 3.1421628073115 3.14492567601325
1 3.22619311069938 3.00688364800189 3.19607962873937 3.00835989044723 3.14534550181552 3.15116982570446 3.25765570974841 3.01196128552920 3.15548945792801 3.3468299603035
1 3.09716921722951 3.17614175414004 3.05843226744516 3.24846213094121 3.09748459792261 3.15449447817813 3.27827633440256 3.20259825161363 3.24122920854257 2.97409444437868
1 3.16366623850618 3.16725281570881 3.15111700054754 3.12509596791578 3.24648130285764 3.1699821852098 3.18571618527783 3.08789759657531 3.07548566282618 3.23011389200246
1 3.40954614109947 3.02883874397836 3.16448420484737 2.99840707954624 3.13043381312442 3.08438461584154 3.21593610997122 3.16295969220097 3.19043754040788 3.07640133496209
1 3.37408555227866 2.9792009168406 3.27713393735362 3.14387093411171 3.0682638054426 3.17440013837933 3.17155515079985 3.12690581744634 3.31565804025238 3.13973338262322
1 3.00143628873616 3.02151179464068 3.19332714694047 3.31762960405856 3.02607445144293 3.1348205755421 3.20460246124013 3.28110167549114 3.12299077520460 3.25376776646107
1 3.26036983944009 3.2002529408167 3.13310337111643 3.04644804160092 3.26036023947151 3.07043666838465 3.00671512013555 3.21471417751356 3.17452064204647 3.13595216280745
1 3.08089840397932 2.97917165325454 3.22905162943222 3.14492918124062 3.26248573554947 3.11287174671916 3.14263706579033 3.20603344253093 3.02564382623459 3.13881258077455
1 3.08393174841174 3.32540137167869 3.10533417263243 3.15414817160907 3.21828543921521 3.05916076170475 3.24207279437894 3.15011829644407 3.00666079705952 3.41591084333296
1 3.08690873391143 3.11117847276909 3.18833049084826 3.20508258412313 3.11855327385826 3.04025944838508 3.41022059213116 3.03667660757403 3.22055566113588 3.13018640023973
1 3.29855665321909 3.02313917598226 3.06605943082442 3.09891183468268 3.1637515558782 3.07732188503261 3.14975442380898 3.01937847674843 3.26073764959827 3.07131525832852
1 3.11529499325822 3.22762800834578 3.25617887401234 3.01079559654867 3.24587044957052 3.34707075483589 3.17735453211328 3.16271812624958 3.23161543596734 3.27018585203633
1 2.99216890113463 3.08546720927586 3.3130287139897 3.18490621433552 3.12217287819136 3.27724728716885 3.2171809826981 3.16178511808192 3.14703240414675 3.00111294764866
1 3.07138450146858 3.11260932582673 2.97493118922738 3.07121525265825 3.17676056836863 2.89780150058198 3.03149726582131 3.21698598773849 3.05588204664123 3.29060909220341
1 3.30373347570629 3.24907825515 3.08283350004504 3.13447718726515 3.26124503699724 3.19063749997922 3.31079993121229 3.27737034829913 3.12479042471047 3.14396648158401
1 3.09237962252542 3.26278762153902 3.11467058892993 3.10946036196020 3.11615448839204 3.22988936367329 3.24923288265116 3.28020878226579 3.23854094049174 3.24692911522601
1 3.28980991308723 3.24358354962643 3.27446045535669 3.26737880180869 3.19603984484718 3.22112487907602 3.15747095659745 3.27496573926873 3.07275794904066 3.2207852656195
1 3.15367957638249 3.0487411136566 3.20154444002245 3.13059765510423 3.17769567381053 3.12568311413599 3.03643351354225 3.13613802526802 3.22243204580196 3.18877485185271
1 3.21751073924149 3.11268169462051 3.28852883314512 3.12920032512064 3.10453873933592 3.23027134831648 3.20456367926646 3.08786825428838 3.29943647911123 3.08185227552644
1 3.14190130443791 3.27418314692756 3.13749108454306 3.19596017723411 3.20840565118343 3.15883240382784 3.2215170686217 3.01378067388187 3.20485008875101 3.14878624174771
1 3.15268233976205 3.04450460616091 3.1420092109224 3.09583922314983 3.4477563381495 3.20818825291024 3.13834792837661 3.27548228590578 3.32699418188922 3.07640598637141
1 3.13428820205674 3.17381608909769 3.19772009685572 3.16557793901879 3.05801058184300 3.194452576732 3.07670444433796 3.18658556179942 3.10266554593969 3.22897343090362
1 3.14556806044180 3.03353275659083 3.15921615059527 3.2508737942215 3.19969286815212 3.19337859139748 3.1645692567018 3.26507953457863 3.15558599919380 3.27421203212151
1 3.28398773369541 3.14592088506151 3.33818167184841 3.24078877648784 3.08530289354294 3.25309768789781 3.30989555006648 3.32844055563102 2.90391126672002 3.17284058630394
1 3.22269583217718 3.29823433493677 3.13395747217544 3.33110225128757 3.13161112229077 3.20189519015626 3.32945173673059 3.17991517898776 3.32637284143176 3.12511984767399
1 3.11981319615022 3.1148570703642 3.10060061531097 3.03763694109384 3.14502995699843 3.17509342153658 3.26245882456155 3.07028117934568 3.24203121114318 3.24604837460127
1 3.15887640425618 3.23164080070527 3.1934000943469 3.18415035501409 3.37850549431956 3.11587933734691 3.08444881471705 3.24713203145725 3.21486467102312 3.29421819652018
1 3.13895225495983 3.26894268714444 3.27928707498342 3.18739403832066 3.29114584560077 3.2914904545762 3.22789596695196 3.19515530139875 3.27336185475704 3.20898617898470
1 3.2560861471405 3.1772487748501 2.99019298453353 3.18117757986853 3.04449229903929 3.32007781805516 2.94005402855560 3.16183790144445 3.13874989041999 3.25323141164234
1 3.19340918738853 3.05116076365584 3.29866910660626 3.06827986380623 3.04528950798409 3.07967744688775 3.1026575645116 3.28746071501633 3.30138013164207 3.15234873983427
1 3.22705795876256 3.42591373434883 3.29724617480357 3.21164966981344 3.15954719501112 3.16485414135242 3.14018521605812 3.09315157642108 3.09256424088353 3.33882521801729
1 3.15215500359255 3.13532260943821 3.15618227569102 3.05052959506896 3.14302136728667 3.02783162954241 3.18582832366224 3.24001833010179 3.12015059108716 3.27866800361915
1 3.23250619605639 3.13360085831017 3.24852969353023 2.96183934622065 3.14902227469556 3.17488039772668 3.31361178770710 3.05527657403565 3.24091833793221 3.16320211206588
1 3.07818348398108 3.37789198445505 2.99999526723799 3.02137415991269 3.09708551002624 3.10697811848047 3.15600654949705 3.1873888897639 3.08594361937038 3.1885544095293
