500
5
1 -0.0319730277368743 -0.238217536638952 1.62675035602135 -0.527849174689365 -0.552366015269026
-1 1.46676605146328 1.6053052969446 2.26763857745987 0.820992611472536 1.22250509361052
-1 -0.274944857963108 1.35095282193519 0.36077656503031 1.36955019115673 2.81649906103365
1 0.0647730506303213 0.638877994432025 2.51736369685761 0.54155945169197 -1.91323295517107
-1 0.816102813937955 -0.305381434051256 0.878400955893464 0.88160943378567 1.84804310322928
-1 1.49281547069320 1.16275973231379 0.943563570105775 0.919171393224413 -0.671583424433886
-1 0.762169550791556 -1.28219480782270 2.91227008635118 1.35558339181784 -0.65994655085177
-1 1.02023999190821 1.54443251090706 0.410617437048191 1.85438255099432 1.39333127911146
1 -0.984695567587614 0.784403676725345 -0.622492743199873 0.329011044411206 -0.022090346186813
1 -0.433617777598921 -1.47754965627009 0.818145217832642 -0.90916969187057 -1.08643228223212
-1 1.68137194227089 1.90800681512151 0.900167581826838 0.39610358039689 0.608160201095738
-1 -0.408086704688005 1.91377915635185 0.291342682133071 -0.673973420767533 1.9571480077278
-1 0.801848753763278 1.99617551511693 -0.556433223220903 1.08219083044847 0.758534651122115
1 0.735555584127523 1.29689983431832 -0.271712939891113 -1.59053484827474 -0.755093002692387
-1 1.44929034970452 -0.618068694929759 0.571638129867148 1.13368892491668 0.472313021731949
1 -0.789389168771297 2.39682076733394 -1.03586973240147 -1.86017323520291 -1.18002052006487
-1 -0.0900365206046272 1.63680352416679 0.272797115123122 2.18329210158365 -0.0343985637847664
-1 2.56573002541009 1.5769184778102 0.446461407069911 0.406112593021416 0.473868165589146
-1 0.950555504891238 -1.03002516003332 -0.94399962586883 1.25062164167327 0.353523970492773
1 0.349751997923177 1.62889091953386 -1.60999317134104 -0.365461376215056 -0.472031914523905
1 -0.52140727977429 -2.45213652054653 2.25047270683265 -0.281177806278971 -1.42561102162466
-1 0.352742565836003 2.72481580464676 1.53712486100549 1.97531963853922 -0.968245476685395
-1 1.36631739941858 0.817406111163175 0.840560815651245 2.27382878516287 1.62188133729783
-1 -0.246341709948901 -0.648021317304201 -0.324737675298979 0.495308344000375 0.422275221704286
1 1.27646411968155 2.02274576167007 -0.279814089631822 -0.1896042481596 -0.106057184623951
1 -0.908233921038828 0.364738610751988 -1.04657420559931 -0.173346796111607 -0.419338903045557
-1 0.631458950263962 1.59949115734021 1.84445027262572 2.85840311289422 3.03150290545349
-1 1.40684536792693 1.87519886890539 1.75265460725686 -0.265303468816203 1.24377888865988
1 0.669155470466636 0.311311484125703 -0.507762180612363 -0.821365213643499 -0.955760482316953
-1 1.31227302206351 -0.0424541273881898 -0.655025402996826 -0.460661728049063 1.81820015793484
1 0.972861783380229 -0.64137478793924 -0.767765441979505 -0.247605776359617 -0.334125735703245
-1 0.718156357590941 0.662813564086595 -0.588259311524776 0.790585750841817 0.306103785218220
-1 -1.89659860164666 0.876214084153651 1.55911021346419 0.929351836164748 2.47441451208809
-1 1.53116218722722 0.131421402256365 -0.673375748979939 2.81454617806402 -0.110792047114572
1 0.0533271746564713 0.824658366244538 -0.934919668929175 0.0822271388913427 -1.53162296971116
1 0.317289540899906 -0.359352735397607 -0.633208134379183 0.564053323409557 0.922944626635903
1 0.685891609167412 0.189145250621185 2.58375130999439 0.447724195600728 0.480182884333486
1 1.35563539405413 0.972807463264853 2.81889893351088 -1.32332869703157 -0.502310302397636
-1 1.12122495293461 1.20830989872532 -0.615568925085495 0.404698344436304 2.38010722866602
1 -0.229781782100649 -0.440869965816248 0.685669984610992 -1.28793730921186 -1.71796781245950
1 -1.19110166154031 0.279475350436739 -1.59415461962992 -0.754494230473294 -0.061322752577252
1 -1.23025502144199 -0.96125180454466 0.493288887563608 -1.14536442333825 0.577253291928304
-1 0.750426911495219 0.960891571309874 0.116413215219125 0.582999967085659 0.930530022300451
-1 0.250288586619265 1.31061068655105 0.264745817389562 1.07339115530794 1.83893922516977
1 0.646383270297798 -0.347875739586469 -0.369792792496021 1.74735875605062 -1.35660263514017
1 -0.62019067445836 1.10329899866077 -0.176291097084879 1.3676201228774 -1.93407147787458
1 -1.65904888960527 -0.664543653372014 -1.18145749725453 -0.267045342507650 0.0549558116346124
-1 0.854163903761268 3.69104069848903 -0.706631958363108 0.149777048054395 1.73895588322033
1 0.575768545977686 -0.294033098293432 -1.54250417207912 -0.201472086222086 0.299281674628059
-1 1.22255977886903 1.94907144290022 1.16989774901376 1.92822672190969 1.10721729454148
1 -0.282565416886696 0.700342002804754 -0.724805420176265 -0.502692885972813 0.611123708966505
-1 0.126297598776554 0.0509991584223257 1.51687925127572 2.95861674593834 0.416480821666321
1 -0.656199140197856 -1.19645161091305 0.400632552983142 -2.15064602273537 0.526640624773853
-1 2.23555038554234 1.31440492975936 0.696575452704613 0.514747095369195 0.381676516228198
-1 1.20866894246527 -0.704590180144533 0.739912063939726 1.55815216872112 0.686585539426192
1 -2.35011473932164 -0.7838972137728 -0.792507080857878 -0.267388722731214 -0.456838583471261
-1 2.06463285029149 1.39457645995743 0.00481805227695287 -1.51451170271053 2.18673736247437
1 -0.500476765795284 0.961621169795124 -2.39788711129935 1.52810883491593 -0.526746627168163
1 -1.57632833914514 -1.12577276065886 -0.141330272405429 -1.20991223734728 1.52797385122442
-1 1.69380306883274 2.05871318796966 0.0893898495294914 2.36721532108312 0.99357858505829
-1 1.35611993088538 1.7123425704726 -0.0141132852859076 0.725025375976715 1.15387632191685
-1 1.31643261218918 -0.581366080138783 0.098693510321462 0.164119108297122 0.856671189955256
-1 1.9407573665264 1.14460261226153 -0.399894424519356 0.858678747867958 -0.318745091029349
1 0.871334398442849 0.800811470267434 -0.0968031471747052 0.355391743681058 -0.840922027621619
-1 0.294190429592685 0.315371656914518 -0.807225782007988 -0.364741866278392 -0.441963335724973
1 0.206052650700107 1.09342310487481 -1.84223534783171 0.223635605373575 -0.359466010736849
-1 2.5061165029014 0.481822118026872 1.20501108527441 0.546885407735004 0.643586900226386
1 -0.675380111353092 0.197274867419024 0.183778071479554 -0.0737635871636316 0.241839409189353
-1 1.83182166360487 2.50142932318465 1.98114638018076 1.82423794710720 2.78428543166874
-1 0.191361425001170 0.369897684666912 0.797290002909892 -0.598408293367538 2.13141885068210
1 0.517735849728292 -1.95021015789651 -0.0329242119132531 -0.257954661364099 0.105932994192592
-1 3.06916325564371 -1.06880441836746 -0.111827689487982 1.91712579800004 -1.18503063132529
-1 1.23080002812816 0.863755732543248 0.738848002527102 -0.99521454719907 1.24897813494845
-1 1.34278370932749 1.43428378506177 0.321662330629708 1.07680299375560 2.10778280100762
1 0.343380255849488 -1.06442246708794 -3.10487782580147 1.19059525218736 -1.05438363874559
1 0.203839067716686 -0.508303244914889 1.14751950715687 -0.418730126792945 -0.943862162227873
-1 2.09894832099326 3.01107346290926 0.00849450767436466 2.00951846064675 0.34519077246932
1 0.400064004386614 -0.507164619450423 -0.233487209506339 -0.198277115335445 -0.943944375804119
1 -0.122382731185452 0.240711141068394 -0.508980415914963 0.819627104135597 -0.789317191692778
-1 -0.100061603533809 0.956452206360217 2.00341219125118 0.63532027269516 -0.133684135483450
1 -0.134312840135317 0.311560106196822 0.511089063669749 -0.393672320748232 -0.100777259685511
1 1.97344292210111 0.0632733926153596 0.688668267556239 -2.60100122281633 2.62914575524123
-1 -0.206192366489392 1.10012336306374 -0.420395583516451 1.08828114285939 0.402632042432513
-1 0.35315701007593 0.253292814737733 1.96137652691647 2.12279224189823 2.24824220471595
-1 0.734899457642178 0.00825078802748525 3.06840217787141 1.41051832338356 2.58761291838285
1 -0.210405130951214 1.32501650469834 -1.43940833346560 0.758580041430445 -0.425475845364185
-1 -0.198072685472204 1.66938695464636 0.134807913695351 0.0607981569635517 -0.174511201950222
-1 2.36881867018388 2.02495954219227 1.06000598774926 1.80496519673804 0.397290139066604
-1 1.30756621310700 1.14839304497805 1.40938814118656 2.54218682915042 1.93702408813791
-1 1.82090163067155 1.43102624106670 1.49191544635286 0.516454433003178 1.12074642662190
1 1.27118687854121 -0.101794543092947 -1.25659498728318 -0.113824687846544 0.80107824322608
1 0.0363046988887164 -1.72018776161718 -0.375560177843789 -0.213560135296907 0.788215899798116
1 0.180328507166005 1.30749023944466 -0.405788682521310 -0.731789164934002 -0.797661743513685
-1 -0.450651838914563 0.477271390564813 1.18243869304668 1.57902490050639 1.11658968674116
1 -0.596900286293886 0.123484147284757 2.02818135730598 0.804399339972476 -0.094617892226105
1 1.85314925872609 1.24912379867741 0.889154485675042 -0.326174740573467 1.37999567557789
1 -0.286619853399882 -0.903410433046449 -0.490171639800517 -0.678920362726025 0.175228617623078
1 0.807073037381136 1.48286810809096 -0.316021499279854 -0.0496342180560498 -1.26815616272748
1 0.547109001409364 1.42681086427775 1.21268556885443 0.246428038903542 -0.783323107599495
1 0.0470995251831974 0.516984912589181 1.83353078156886 0.455373163858981 0.101529859918791
-1 2.43244414685506 0.519080228237025 0.963053436424664 1.59878000276311 1.22398729375957
-1 0.297268996781812 0.912226673373686 -0.811878426913812 -0.23682629817004 1.12735708502923
1 0.710379285077631 1.26748331763873 0.281958550469493 -0.00315020814688760 0.0651498444899797
-1 0.82987007934996 -0.274607811605232 1.53550233906647 0.469933993000464 1.23862285482221
-1 2.08595280266980 2.34307556718984 1.25228547478122 0.149494456161269 1.16787223625099
1 0.0461765101239688 -0.905706178156433 0.296094412014936 -0.238320719943708 0.343464278213892
1 1.21862424854361 1.37679537647807 0.214869921955986 0.322371537976935 0.916108372224123
1 0.6043253484795 -0.713199197629775 -1.21532776579278 -0.90559375054854 2.02977742920770
1 0.88798618758173 -0.514630063012098 0.848779008751295 -0.906482035969265 1.76175095500347
1 1.94992629569205 1.01097432794844 -0.857230373165792 1.74374877790482 -0.232876640009598
1 -0.228875133824506 0.225680104677859 -0.382146459040286 -0.218716989535544 -1.32137876739006
1 -1.20305143259567 0.0690088176580111 0.684823053326759 1.52642568810341 -0.890548586058708
1 0.449164915538475 -0.958373302449847 -0.291712846224758 -1.60760679251088 -1.57384780026805
-1 1.58527323380334 0.828581159419619 1.49257928454636 0.916609286859975 0.878371711087262
-1 0.121898694482592 -0.00419481964405122 0.540255280487069 1.83528344883614 -0.899994759251723
1 0.639325608710355 -0.936773742041546 -0.500780753394541 -0.858741119339014 -0.0784087662943684
1 0.939877773139294 -0.524841911532017 1.04434902333272 0.544278965600283 1.54102667617183
-1 0.364240040150638 0.75633164237868 0.6677509389704 -0.901329421089742 -0.252547310990979
-1 -0.138671108268538 2.64864456844084 0.179058586914107 0.166105583565455 2.92624299369121
-1 0.190991417284458 0.864311809588641 2.01659817748662 1.22229467376219 1.22192651490413
-1 1.51146661320709 1.30594758007418 0.698565481931577 0.654491272203675 -1.13416776690532
-1 2.38971905216771 1.82276875722846 1.30009193310561 2.51193946341931 1.03658991994339
-1 2.66544053869113 0.455793825801725 -0.54498038591547 1.37107002701129 2.18582935511594
-1 1.08024565967054 0.466502162753833 0.531437894764311 0.464098889280111 -1.38875495920314
1 0.121207628781739 -0.560166931288973 0.219423707160242 -0.0707503470004664 0.694865370237222
1 -0.385578512163038 0.425937811952034 0.186900939598406 1.28361871211012 -0.194497450426596
1 1.11176349715261 -0.181758059381905 -0.316125968879248 -0.313432922373212 -0.447620912647135
-1 -0.630419321232993 2.65013628676002 1.31315804503623 1.55967164562172 1.89905373458882
-1 2.41170085732018 1.66167308936125 1.21624877444099 0.906444318086584 1.16718587893058
-1 1.51625785792200 0.786521936685524 3.29214764739853 1.50277230136629 -1.00496422647872
-1 0.735835095338364 0.532637330951317 2.03687604469280 0.491419395152754 2.25499299969853
-1 0.777942459279778 2.55244168767352 2.13244053529115 2.50877562405365 0.78805853213949
-1 1.40784875430088 -0.122847687853344 2.19810547193204 -0.187280571723903 2.31151750304194
1 -0.102920890959181 -1.35424915432954 -0.184949803431534 1.00408241519200 0.500725079073362
-1 1.29578282179180 1.61236293530148 1.47364436234214 0.68921312636341 0.189733919925140
1 0.607459053711008 0.907024100150458 -0.941863373761153 -0.411302996972012 1.40314625962761
1 0.30392138490953 0.882019213228277 0.490942640461507 0.744577147676094 -1.75857100199868
-1 0.153414698487132 1.22601901133815 0.474631247767598 2.39955916841916 -2.23141604016619
1 -0.680976087216268 0.560313815914338 0.788855453082602 -0.685429179242289 -0.180531068010012
1 -0.456201145425989 -0.294369728925065 1.28300754055518 1.62008509604282 2.41305309798618
1 -1.20381728268491 1.1754624037753 1.40768503334426 -0.541083601813272 -0.538561357812138
-1 0.0274841242759971 1.94843637815318 1.06524773228393 0.629979458575696 0.496282499856897
1 -0.828198783564122 -2.40248202202093 -0.370001011428035 0.628935398815126 -0.295706299026266
1 -0.0330333952990488 -1.13147039517173 -1.30611046270057 0.0815042922542884 0.489038763616852
-1 -0.227329628225904 1.32733819573855 0.266788302742333 1.18532265578437 0.405819740445788
-1 -1.45558550527458 0.612556204602267 1.23897872768967 -0.0112670843064142 1.81226439131504
1 -0.574599565575873 1.04980642207826 -0.0886902604629003 1.19645674252705 0.82863640445767
-1 1.32543355028033 1.12091549484965 0.931133839211058 1.91208686309077 0.557606214625175
1 -0.505272787809656 1.26847869833688 0.148108344376805 0.250781813508713 0.716134858833793
-1 -0.970258963704763 2.31885977211089 0.163285636784253 1.40763764678653 1.20879976184699
-1 1.46902653827813 0.0921577223578643 3.01503826959338 2.20671889846763 1.3270837776926
-1 1.84079753834812 0.495531854890964 0.467658712931183 0.376853998035064 -0.671008482343257
1 -0.423438282999199 0.66083091862202 -0.594360779864636 1.51435440350150 0.115437864004643
-1 1.30775075154179 1.87519343446292 1.75385084074587 2.04392840637387 2.11091920162064
1 0.161321205088900 0.0250746992947444 -1.13632655556882 0.731768739608029 -1.84467708165183
1 0.166019195539818 1.25463073239200 0.606608168322845 -0.364515654815262 0.557550712484222
-1 0.00357472596783848 -0.0920635468390223 2.18967076249935 0.392145541100052 1.11145213873312
1 -0.284533336045938 -0.00992905143445126 1.03715766378261 -0.289323687561466 2.47172527897187
-1 1.90399696106734 -0.784147409653974 -1.35818868506190 1.02170203613232 0.186840709846296
-1 1.05492141275067 0.221874880402869 2.28517345943795 -0.0231245461896897 2.01350274970272
1 -0.703134501487115 0.104734655352910 0.0615181200008124 -0.466355110456909 -1.89725988205954
-1 -0.358733283395769 1.29662916416127 0.93321850768126 1.69933284454016 1.74631472056510
-1 0.939469357683584 2.0721429288142 1.29289725649089 0.215356896284073 -0.48691062833187
1 -0.218399624137963 -0.873051895117245 -1.27075976160778 1.71307110479723 -2.21948098850295
-1 0.138629178326711 -0.261547546429462 1.80174500884029 -0.075424182603253 0.83441140117192
1 -0.933119914443516 -0.400175249084144 0.881311843204378 2.22448545884816 0.668845325223575
-1 0.268867098690607 0.0452497285401595 2.38251473745202 -0.208931678233604 1.52365658464033
1 -0.480657163945951 0.196690644620192 0.516276209508493 -2.21718526879664 -1.65346813907397
1 -0.447173650836376 -0.982506093897833 -0.271633817373587 -0.885616396666772 0.0626232743740917
1 1.09848288697898 2.05106207532763 -0.634735124063004 1.88414932839661 1.00852144500004
-1 2.74339975579168 -0.0181728642637191 -0.0170144772892312 0.351958502801835 0.275997021978637
-1 0.410736219933904 0.456476188668552 1.95987036906747 2.13977070017424 -0.537422921079842
1 -1.05509329726777 0.435088021937074 -0.354957771492894 1.10537578807266 1.42271438928838
-1 0.128322763080749 3.03491533751483 0.620969479023416 2.47271084398688 1.05188134473263
-1 2.54576138432733 -0.0529816465976958 -0.0197105826901099 -0.875555154247466 0.105713558590263
1 -1.01706938483669 1.27113922024671 0.0825297003829434 0.161858835461070 3.5078676709494
1 1.25996479709584 1.71229490378593 -0.935292409609743 -0.353305700260797 1.06443245385147
-1 1.37107117441012 0.245057087185029 1.11756134664683 0.53125783750001 -0.0311578455380298
-1 1.59829467180104 0.0914750411020261 2.18067954205025 1.37615956485972 1.13956604234444
1 -2.00558092568599 0.300482034593438 0.622134515408903 0.479491499298921 0.179257057325449
-1 1.90883750641810 0.753740534959707 1.33159984963543 -0.384741166292829 2.71703142561668
1 2.65942661919332 0.97979740609511 1.71230519640504 0.236752793367052 -1.11165381027898
1 -0.60660405862554 1.45281453845177 0.791876223380276 1.35604999428665 0.137951047652988
1 0.097082517916333 1.24361953413187 1.45610562862433 2.19884548985472 -0.73947121181325
-1 2.07608226565973 0.892612616502648 1.00982281511900 0.440353010867676 1.30407306659411
-1 2.62587994208029 0.257135266834032 0.687402675099787 0.970757798468385 0.490912392180019
1 -0.198041843001008 -0.00867859472161912 0.103408607307255 1.08510468146017 0.404121660458178
-1 0.122992951954111 0.714940638276818 0.707591380220784 1.52046472083438 0.154771759683456
-1 0.765061308134483 2.02195304579169 2.90416107560808 -1.68056385633284 -0.570548552863255
1 0.374361891138469 -0.27708188543087 -0.609381718010171 -0.545412371192813 -0.881358881828264
1 -0.244016450833059 -0.51760864245109 -1.31001596287758 -0.568367123354048 0.758030600068463
-1 1.78065974045329 0.413174253868314 -1.61793093451082 -0.328293984165145 -1.64722933098954
1 -0.282154189132622 -0.448146967708899 -0.822054412384944 0.147402035900817 1.26098581183681
1 1.07765846496779 -1.98191859531106 -0.351321148433470 0.793333418807953 0.992812888263679
1 -1.37064550155442 1.20013303502835 1.08445489526307 -0.646404097049136 -0.930357685121532
1 0.553015760577207 -0.578390391017058 -0.26545777310759 -1.89223778702328 -0.899480638014811
1 -0.389325637475366 -1.12373336799333 -1.28097083118434 2.09594636230603 0.58302974937691
-1 0.545583048036 -1.03463766403297 0.478519044760586 -0.0669890580841203 -0.656298032049807
1 2.19610921907412 -0.656886972148602 -1.03553699051586 -0.199764720997788 -2.09720714173925
-1 -0.238235803214618 1.68937025549761 0.274518393736200 3.11213413280287 1.53175208553905
-1 1.26409128690173 2.15357579936724 0.235651988133477 0.280439553683934 -0.798145018639479
-1 0.238629471025243 2.76734967251894 0.773544287653328 -0.178694782254584 1.41642518985527
-1 -0.0732091658972012 -1.28161472562289 -0.899648561470901 -0.565812129156507 -0.267592818027116
1 -0.812012150633749 1.02434381795697 -0.883522322962866 -0.864113329200642 1.23395302674870
1 0.790816345163488 0.122518076296756 -0.934546664305466 0.73744543687677 -2.35727806102185
1 -0.214720144076732 0.55126197079482 -0.111182113334757 -1.03836918738258 -0.972799416938574
-1 1.18663010380488 1.58698865209876 1.65178359169282 1.69890369118555 2.06100827027592
-1 0.204287414110034 1.41016985085421 1.00161113604997 0.760298975785328 2.65478352442973
-1 0.762051641709122 -0.171627201678687 1.19656802993618 0.633668788910924 -0.188142373887536
-1 1.37103528457635 0.423900354410265 -0.506997804666272 0.698863949446696 -0.638691987697252
1 0.140528413318928 0.698614118020144 -1.01841627938596 -0.109439516745551 0.257060647056223
-1 2.62750464528988 0.664120181674076 1.56905029978236 0.349820668467249 1.00461263962966
-1 -0.356398925152495 1.56438272834395 0.686380506059445 0.89835412119575 2.91813862531091
1 2.21543819500758 -0.756521254765271 -0.92716954108243 -0.117752007375471 -1.42426686697246
1 1.23332715712188 -0.594515574117203 -1.25115646047071 -0.0898577856809231 -1.59066254408026
1 -1.27851651541951 -0.220417338573201 -0.867277703944816 -1.26010351488542 0.383995329745654
-1 1.48277515616306 1.75675551457983 -0.175488719165948 -0.305147742190551 0.255884992007519
1 0.0367099205037419 1.63151165865954 -0.507121379291303 0.552056811427553 0.921615692065072
-1 -0.622367749326639 1.30894062869550 1.21605492190469 3.48626041078846 0.559997863794595
1 -0.530258030702213 -0.57073266523779 0.955107144014623 0.738453583517333 0.0768769116876133
1 0.60850759224469 -1.59365008860435 0.209770916725311 0.102605599513758 -0.214005138662910
-1 2.35662732862057 0.69188128959572 2.26610407575738 0.979187457125845 0.585722933566477
-1 1.08676651673857 2.20178330501534 1.89405710645791 1.94945995385682 1.53977027440159
-1 1.25856271057305 -1.1964478139727 0.644164869489181 1.84430568496001 1.73356065134846
1 0.0860116698460488 2.30337609306479 0.598336016751554 0.139296970391814 -1.81394271377469
1 0.339745130728538 2.37879454087728 0.292496621261255 1.77905650405807 -0.920754981507029
-1 0.195411521785382 0.885178220709606 0.716119110861606 -0.0957230362948195 1.95556070557407
-1 -0.11808195224918 0.653423918194466 -0.063441265590831 -0.0140868037176326 0.144105219401130
-1 1.44431339999889 0.516079510359108 1.99287388599698 2.09774000354688 2.50428718575237
-1 2.67859543208269 0.337571865671842 -0.68704339327991 1.87615273425623 0.410934821318375
1 1.21695742629351 -0.73365760080231 0.581973268000887 -1.20609934405264 1.65216108509488
1 0.639733201333253 -1.66164794086201 2.61631699100842 1.30089922960461 -1.17278657542796
-1 -1.23795763832463 1.89370348541444 0.261460675560568 2.15349570879639 0.325982679857008
1 0.727693447516671 -0.163582001292016 0.534551638732204 0.916116521720532 0.0566175939598522
1 -0.271524470047234 0.521032784757094 1.46429577825178 -0.348518134775650 -0.216658752865246
-1 2.07398048998194 2.40679428761083 0.192883647219117 0.696956638913123 -0.481322062631423
-1 0.718235350517053 2.38788111306668 0.768865334507874 1.77388734790745 1.15487288962613
1 -0.198013429704469 -0.583989693182209 0.278145744272248 -1.68796598113717 0.0084053294692144
-1 0.0860654855851876 1.32001454589594 0.77592067626215 0.330050776426163 4.04068466277165
-1 2.4030585861686 -0.177553228525039 1.71684017049241 0.0095108856932028 -0.0506022250005048
1 -0.99695193282105 -0.819951251216883 1.47638272625958 0.817559653370969 0.58357704224385
-1 0.488931174697421 0.621360726789067 1.57475253129364 3.39293441263876 -0.640089817293289
1 -1.27413572082432 0.449027374444033 -1.26381648645295 0.0840190814285428 0.115840103673778
-1 -0.0186561893497081 0.89886709894119 1.61107392177778 0.255556720505829 1.24691882245964
-1 -0.0573671690389558 2.47000689493309 0.910087516799805 0.917237809603092 -0.183024492892418
-1 1.04373610787843 -0.0760490506360563 0.943419702762722 0.383666173850783 -0.0456376234535324
1 -0.465166639777055 -1.38413808901258 0.449937955023197 -0.182446316061683 0.958080664014038
1 -1.92715266127493 0.696570966720174 1.40967237143546 -1.40133954662970 -0.382593204726805
-1 1.7155149145641 1.37774555644704 1.90178407746799 -0.852613736360023 1.10135026377873
-1 0.831958072550349 -0.776933492168689 2.55163398431733 0.313059954524182 0.405679059304895
-1 2.91327944383164 1.12902916091115 1.35160727845953 1.08309619388475 1.94973840907695
-1 1.07800579648105 2.3045627895886 1.17018461440518 1.29867867151064 4.12836782049303
-1 0.718255312920006 -0.0431035371100842 -0.261692502196404 -0.469205446233416 2.80787334378275
1 -0.079537792202055 1.09823556515965 2.20227715944648 0.121469315405744 -0.384294741500568
-1 0.649006110314342 0.262224542308628 2.35927173576141 0.578749681174998 2.65256229740372
1 -0.0633865211401302 0.960533534253383 0.755990207225264 1.7521023348271 -1.70979216575551
1 0.47325019327164 -0.247258846096168 0.640329704513428 -1.37688321301108 -1.03754100771905
-1 0.078199021008063 -0.468391139850966 2.70325310741569 0.98383952211258 1.69031820884191
1 -0.515875689079317 -0.191612338108840 0.144787384629275 -0.192667446648387 0.415995097604956
-1 1.09314298656254 0.940163387217986 1.95352991778113 1.45353567601675 -0.0989304485015992
1 -0.781803592644456 0.316232908944187 1.05550760083153 0.95876209943233 -0.271694591986802
-1 1.65239526768958 -2.19053642037175 1.51102000794830 0.667986143244025 -0.09978056486944
-1 -0.649089102656886 0.061445056677894 1.51178450053314 0.871464005558614 1.2515681519849
1 2.06059113009111 -0.372957427392221 -0.0449335063128603 -1.54064018415463 -0.685741900855185
-1 -0.801057409823767 -0.261250409767607 -0.292967694656295 0.360565487491453 -0.238309149142693
1 -1.80771765576946 0.252062189987420 0.354577280224157 1.30357863824852 0.289083243898834
1 1.02411470841334 -0.555322612975743 1.07241502872663 0.801098556250852 -0.587694344986273
-1 0.482666341770029 -0.318835752227047 0.873899439413663 2.10931281766362 0.31890743244806
-1 0.796500388069543 -1.17798023599673 -0.541221298944336 0.636338956322774 1.38299620410149
1 -0.713521228714565 -0.296209010487783 0.703788296924957 -1.41824146969892 0.302415950558455
-1 0.413501057835963 1.05947011634461 -0.155696567333942 0.566128265767418 1.31583824475657
-1 -0.0314520528909905 1.26708030189009 0.617750540824274 0.0292190217155077 2.20540938171531
-1 1.22242716712202 1.70711349313336 0.0978069434384657 0.414500289085989 -1.18228106797003
1 0.264581600846497 -0.321162257602114 0.115180545605194 0.0960262080170496 0.84022590377976
-1 1.03214122325100 3.13593647656928 0.357050526875091 0.722561205892099 2.19349084716815
1 1.57642021168939 1.08641471721775 1.22332927711490 0.481008893076973 -0.336868952094118
-1 -0.209262830189762 0.229853181419115 0.935330983242557 -0.308106250917652 0.922117778949546
1 -0.410554065711072 -0.712020823237666 -0.480294861387672 1.58767054468168 0.4908598137796
1 -2.18781034519837 -0.540344053533188 -0.374736128190460 2.03073824317929 0.0476265966001418
-1 1.26312213162285 -0.259900086042155 0.263690929600228 3.06601718105259 1.18743198853017
-1 0.806165711590577 -0.472449003887133 1.60471950062313 1.93375452492384 -0.207040353559038
-1 2.46418679307997 0.635321692155588 -0.462649345969861 0.280683892661665 1.64230360146861
-1 0.947081762404514 1.37365660308845 2.32105366046817 0.807923497555058 0.517325357420994
1 0.290048143483219 0.395081042892526 1.70196642692244 1.32701134939480 1.09793381166096
1 0.972345239967534 0.853063960523109 -2.71450687144516 0.467715904806946 2.63154878322405
-1 -0.84409020951322 -0.345917984991245 1.47204841882750 -0.024207249210779 0.838852669033678
-1 0.692840544970357 0.102368585828899 1.92933868595683 -0.264573076271638 2.92328209954817
-1 -0.358514832531411 1.26725401641691 0.22883492816092 0.382840510196633 -0.249845686672419
-1 -0.47786534288188 0.0597208926374692 1.47973031602812 -0.298440935645540 1.54478596311918
-1 2.51674578396146 0.444991770726923 0.645166204230993 -0.64564210210669 1.88638955145281
-1 2.33861587917148 1.32432392639184 2.94895249441318 2.66765002103085 0.468061031270841
1 1.03551536337700 -3.21930372384042 0.801638823225247 -0.558144662077703 1.18174196815574
1 2.88277583821537 -1.25302307184420 1.06045159669532 0.761959382748988 -0.297688195732134
1 -0.765657244260058 0.329493651827376 -0.200009593377352 1.31896416261812 0.0893995802075244
1 -0.523634113638909 0.212657197921478 -0.618216278408646 -0.0774163192756496 -0.885778319157037
-1 1.43792387347368 1.58173945992075 0.356534337096777 1.12891370265083 0.362597906240728
1 0.642175307021089 -1.47967453673757 0.603446017855889 0.538646894247253 -1.34796406429946
-1 -0.227516891448229 0.101831369361240 -1.42265218468391 2.87183850375542 0.766233461030261
-1 1.42046097221540 -0.179828248350839 1.33191612543137 1.44422896357134 1.73755840077579
-1 1.74605270683287 0.918925274312925 -0.0480188405634308 0.157223259722968 1.11309648403528
-1 1.88947225528451 3.16124991763716 0.930722889729719 0.631167984375973 1.79512615896374
-1 2.51606722230882 -0.546017469363489 1.64685337351106 2.06591058996175 -0.336084286718176
-1 0.424813645367496 -0.8020759395124 1.63991014437422 0.26041367328863 0.706181126231223
1 -0.366807370983482 -0.505331281139762 1.77701263139245 0.540411410449404 -0.0223606174127039
-1 0.421575501095517 -0.0171174088634470 1.70029498881982 0.73303683240097 0.140446857828065
-1 0.737815352987716 0.755318153613042 -1.24658195928293 0.610632644022125 -0.0548667135104659
-1 1.22187305887573 -0.774942391135057 -0.121099777809724 -0.947393504077563 2.21863900576752
-1 0.44788859533658 2.26697898794749 -0.48374925719982 0.70113818371162 0.459007913845935
1 0.393602393722269 0.832331106588083 -1.17440435372814 0.702889682003288 -0.0961076682874115
1 -1.99304618769598 -0.857132493952164 -1.04378216643030 -0.753297217483347 -0.863623266271712
-1 -0.963752969982767 1.73753756459866 -0.364793764744091 0.8819423787082 -0.216027586027539
1 -0.755315199141945 -0.107402902392381 0.0979793170182104 0.253331068732541 -0.446452233867768
-1 1.65564967882526 -0.846974809037502 0.340868093831579 0.197338353423488 3.40342699891148
-1 0.861231057284795 0.878145166214297 2.57220703185206 0.297689070073274 0.727073301212718
1 -0.617770306134258 0.837983006995048 -1.57429403890578 -0.491340506099895 0.0652280289526836
1 -0.580507463184398 0.197483719191764 0.525470237584942 0.234533502585989 -0.472672435349725
-1 2.55281511196634 0.0177803499623278 1.42313343159333 0.241206051238127 0.85540292788828
-1 0.467897809941949 1.75686580596498 -1.02720238977635 2.00363930844107 -0.421742550267147
-1 1.46052127790771 1.27698445711849 -0.826074924993308 0.256428210583596 1.89681010009260
1 1.02336915464877 0.146256202022559 0.085100761713349 -0.458298225125646 -0.762912841931994
-1 1.16919310422968 0.125000125697043 1.25161953664160 3.03929850472843 1.15265336207444
1 0.0380008354840746 -1.94233454860005 -1.98760135918121 1.08442523066244 1.19808678068710
-1 0.838015305533393 -0.292758882396174 3.32941282348066 -0.571721322024262 1.42963031101366
1 -1.34963807077614 0.759032257692144 -0.123623181597527 -0.133517198134088 -0.227850456727115
1 0.445019656850273 1.90831691351046 1.08296427715950 1.08357079631846 0.256579051059686
1 0.928844380073409 0.490719333444922 -0.91188509451696 0.718654208322071 -0.533099815832256
1 0.0612981865797485 -0.130836736080956 -0.617468699296738 -0.110352705097897 0.372061033468365
-1 -0.664925516112911 1.69092067031903 0.883839771936682 -0.286108899911120 0.519468705241189
1 -2.28905254046813 -0.0120225567020244 0.0724317940259424 0.302621824770333 -0.658686095152761
-1 0.570205378329154 0.622875608127811 -0.77876953947041 2.78051634043538 1.17639855757881
1 -3.29837175806554 -0.55084550340317 -1.62705324076025 -0.12271749328711 0.392916437178745
-1 -0.0588850857694772 0.229496652082454 2.55166092848254 0.425766665230221 2.09625276312664
1 -0.373215321433197 1.11241554673284 0.405659969866102 -1.01916870879226 -0.418967141405815
1 1.37603510141607 -0.359937400436946 -0.806454819803954 0.629061335521972 0.0726604517738447
-1 0.346627267615228 1.87185772195711 -0.520757322361676 -0.443799668182997 -0.942604627710204
1 -0.265653814421788 1.16292487314863 -1.21330936705679 -0.574446624124386 -0.587640927068291
-1 1.25564355258012 1.06851007217672 2.43987387251971 3.27115790751390 -0.00425857311926714
1 -1.18290649235778 -0.227054528344648 0.285006863139781 -0.114550722247548 -0.669389634211572
-1 1.42644701287846 1.00638132641098 1.15135512578194 1.19966602491263 0.498054829929508
-1 0.619363284594219 0.919080700541284 0.634264660722124 0.719228515070645 2.92951979850266
1 1.47578702903638 0.454326882381029 -0.168972511824219 -0.211449733489096 1.03965560599156
1 -2.23852776661206 1.18021554402359 -1.32052311569159 0.846667366080396 -0.290372095711143
1 0.94491089080195 -0.680217729447496 -0.491877069922851 1.67359204813851 0.684220867204404
-1 1.56558774797288 1.97002386615667 1.66098572755425 1.31930019983925 2.46840397491733
-1 1.58008939663408 0.967743522335425 3.07104119718532 2.31741345438734 1.22993389622151
-1 -1.00775947639172 1.76990569023327 1.15039281123329 1.38563516062596 1.65815393637473
-1 1.93424446896018 0.901062223381199 1.06663721562792 0.997544632584607 0.236599048974338
1 0.14097272801538 0.327622906634861 -0.733060958423661 -0.93471177089028 -0.689265852081319
-1 -0.293755479984097 1.9879960632551 -0.534946331078931 3.20906088203334 -0.185925362627195
1 -2.37890771858824 -0.0394201526328019 -1.65211365387020 -1.37517544045724 -1.01062871461305
1 0.347657128366888 -0.446081274179855 0.922533254046529 -0.527425063845106 0.508445686569768
-1 2.0287961378936 0.796245047891846 2.50678310803099 1.1759534931799 1.23128422115316
1 0.342577293779158 -2.53418676364424 1.35892664893079 0.503645286085445 0.41887901758239
-1 0.870745425012019 1.33878722385609 1.42011664392322 0.470496561087673 0.305322217131088
1 0.333056440092323 0.985111605629106 -1.87636518893932 0.0541831970429625 -0.343030918855889
1 0.0236466687253437 0.878666644845918 -0.841897925754872 0.257154294405353 -0.89926226004805
-1 0.724189442614271 0.915789997259885 1.11750445047257 1.00293435318003 -0.643728494226609
-1 2.18226459516408 1.85543859508908 0.802697243553124 1.85559644283182 -1.20149814768603
1 -1.28863700935540 -0.929919018718486 -2.08690899948962 -0.703586284225218 0.286697600024466
1 -0.395133343230789 0.271664384065784 0.123612939329972 -0.976365654429749 -0.940287837824944
-1 1.54326266800889 1.16131347755381 1.38431961477638 0.602719282001287 1.34459589939581
-1 0.190765198354147 1.08182706587264 0.380080985755599 0.774625806605455 -0.35837997380479
-1 1.4432157494288 0.267148722518407 0.154524984518319 1.20406424928694 0.955602182956636
-1 0.507766602961397 2.23593985349313 1.82357666111208 1.89399155651176 -0.635595024012864
1 1.97294270374795 0.879777274891081 3.22363018738876 -0.541804270323352 -1.25558250033056
-1 0.0493508011630402 -0.396761287639799 0.938772144093389 0.591082333986102 1.94117479451115
1 -0.00338952199413788 -0.480342611944594 -0.547971342511692 -0.956465774477929 -1.72788835646794
1 0.0141769864260371 -1.82089511732054 -0.8243504765181 -0.131313206127714 -0.427295091609089
1 -2.5722141755532 1.33435808407681 -0.621824625578037 0.738410765432868 -0.56154775501642
1 -0.396180557264272 0.448485608210734 -1.21530016960456 -1.83146039745473 -0.0795581099256219
1 -1.04064220203543 -1.74112735158442 -2.00456333200535 0.142034263052435 -0.609345455553486
1 -1.52719637562071 1.85217783275256 -0.359038254328789 1.01975430442859 1.16627269671752
-1 0.929148714942683 -0.296166726760680 1.23374273870754 0.797635705837225 0.650686165145909
1 1.36233615799999 -0.0977951400971565 -0.687500828826651 -0.0853969259083088 -1.31254119375394
-1 -0.548465274768364 2.13991178311931 0.20612203489403 -0.291101871527251 0.208761711738595
1 0.586387801790403 -0.63464410364244 -0.0931163453115194 -0.564963581798184 -0.076530287123922
1 -0.858577859083459 0.688511433045452 -0.00361459863544208 0.86336065754862 -0.677766936960716
1 -0.470008685431289 0.568861753846596 -0.374531704186105 -0.188625302129871 -0.102042308951554
-1 1.10940898195696 -0.613105405236734 -0.535125757387281 1.24445658263500 0.559660025522565
1 -2.51648488489084 -0.118329176293205 -1.43255733742050 1.48944360182241 0.00538302674080013
1 0.096912259960419 1.59165269985027 0.119280944085435 -0.149927406090980 0.76357301205085
-1 0.541755317422522 -0.517439698769605 -1.37792639269382 2.31248531484256 0.527762863956051
-1 0.755240144941047 0.956220959507868 0.366513929116113 1.64453825327244 -0.398408140130867
-1 0.341658942050337 0.720648067788868 -0.175194443834720 -0.593368076452747 1.7045835528713
-1 1.54733534289450 0.192242354629167 2.88015678919961 -0.475866796610871 1.34442548098740
1 -1.90679319017714 0.550687627159483 0.338371473441489 -0.706579636786453 0.609566931049443
1 0.655478584091998 -0.202041835706336 0.134662362032785 -0.689459046431212 0.720199923775444
1 -0.0396351820161468 -0.530780474130465 -0.0335599271749943 -0.313020539037548 0.369485283253213
-1 0.911478116576402 0.0140515790076754 -1.13610423552656 1.06851849475458 -0.544855508999918
1 -1.66047146356779 -0.278481794121466 1.14793784323957 -0.603609447730126 1.9165043781004
-1 0.151597859797457 1.27930276597676 -1.66941237576162 0.758360466458614 1.02806718011649
1 -0.959639976434494 0.470849695071347 0.338732985359449 1.86642565353961 2.06298474534523
1 -0.598059926209751 0.339170168403948 -1.74339515646648 1.25234654846315 0.692413726260157
1 0.306626926891104 -1.32370362916322 -1.34554350469017 -0.183366626528932 0.883325748526623
1 1.41315021782664 0.737100720083848 1.34075990731975 -0.169872336410251 0.313909193958874
-1 0.172414744490449 1.07338216298970 0.142749240953282 1.27079958425147 1.00268217935514
1 -0.869994341832666 -0.348573276901184 0.475139921731328 -0.682459451447181 -0.425130984357013
1 -1.23814746311751 -1.03983810626764 2.03860594541542 -0.0339664858808859 -2.10515302898186
-1 0.686877737371271 0.462511555204828 1.8198160737266 -0.471026322955698 0.951321945562676
1 -0.928633314981055 -0.655804761352615 -0.329706918811286 1.19657470106754 -0.641414336074549
-1 1.51686235836718 0.28072024793654 0.768949379396444 -0.459639748867143 2.64424688483542
-1 1.03122389984517 1.80252843917047 1.86396696769947 1.01003701089897 1.46228122657880
1 1.50348764809562 0.707626284770473 -0.628176716162182 2.07651388244439 -2.34368101440347
1 0.148409255460843 0.094066198146349 -1.54879188465775 1.06497577396831 -1.58306945577778
-1 -0.230284853407476 -0.43685536542907 -1.51343321301396 -0.512961126520589 1.58088330090170
-1 0.90094442086099 1.50637142831957 1.12420091039428 0.371500541233006 0.29512601309271
-1 2.22044667688445 1.23248023938712 0.49353506710538 0.308563207925828 2.67843988252732
-1 -0.199961441208017 -0.772342703666355 1.8962611812381 0.115223344131288 -0.0558910660885229
-1 -0.455391190228571 2.18213724041137 0.314698684771183 -0.190438203600128 -1.36950479133606
-1 0.19695729624989 1.92556279397069 -0.229456585672639 -1.33691673493193 0.694517124361062
-1 -1.33084277599899 1.35789847335083 0.379835339344388 0.811610308176306 1.64710143808378
1 0.294514816029311 -0.63813118272186 0.085463065250461 1.18289547038051 -1.31652767128489
-1 -0.401141697740365 -0.784616366677448 0.0892086193546339 -1.33815729048400 1.23762728060673
-1 1.59042653824213 0.429516818891285 -0.709853519545888 0.991065728050827 -0.302467326894549
1 1.70455916361833 -2.46631869735885 0.338267473490973 1.15773868566598 0.900030065923525
1 2.26234459506002 -1.88843345196587 -0.612503254462085 1.37663425108218 1.07373789002567
1 1.230870704685 1.40117569335693 -0.237000680686351 -1.36003298015524 0.765180941957516
-1 2.11720837023358 1.07124129239412 0.159962435402236 0.0359612320447674 1.93226959076051
-1 1.14773510283195 1.86650328461957 1.80858672879546 0.480752941648713 3.03918189310396
-1 -0.356509518662981 0.800517174488163 -0.391459367519098 1.69309402368645 0.790862373100159
-1 -0.567279353599417 2.01871196318895 0.208569305349729 -0.722687081813491 -1.14353090266261
-1 -0.483456398650863 1.25873875894177 1.42564911540069 1.22201414155948 -1.33721062714942
1 0.752769568047017 -0.673767896504332 1.12079230209436 0.500679151019984 -0.657407469132185
1 -1.79241251767314 -0.929967769504743 -1.067615889501 -2.92665119726697 0.0934663525568068
1 -1.10148184119170 -0.87368450470205 -0.355789909998663 1.82619625201402 -1.45994251016169
1 -1.00153826443242 -1.26384618852539 -0.941981427312238 0.64140517510963 -0.311382872231866
-1 0.0396640639769891 1.94120863888696 0.259417132738386 1.14725495372390 3.13577565260569
-1 0.751328189807683 0.720931438823052 0.953367788719871 -0.215023116191594 1.99643851548282
-1 1.0768507785285 1.78277614428231 0.361267728476796 2.45428563471391 2.34070177805451
-1 1.97384105900369 1.41065980608924 0.633848147127144 1.70669556848188 1.73826914440739
-1 0.727640743205766 0.262786611046891 -0.548583347252752 2.09343081025496 1.61354267745346
-1 -0.320832407570468 0.279700408769443 0.272910716096029 2.56664536087604 0.236080071965809
1 -2.14940888783031 -0.82565733221542 0.880300545294821 -0.964416552426186 -0.984520201608336
-1 1.35719834589069 0.376720724071356 0.700365631607713 -0.875180723572268 1.80287919514843
-1 2.16178703545527 -0.502931106461882 0.581993015481893 0.703062012404951 -0.422243477634482
-1 2.11296647459758 2.90851026200852 0.49932696931866 1.55731137734165 2.07857889048892
1 1.64901301874986 1.73604233991827 -1.08828587343451 -0.627207786966295 -0.845411490388337
-1 -0.651720091597053 0.120019433945069 1.48590333684959 1.89898220436348 1.49746747521499
1 1.11820346449392 0.100186997650154 1.68617484760835 0.522624959650745 -0.60584141881131
1 -0.480336442404526 -0.643498406910373 -2.36656704933850 -1.25786956067014 3.44590636348117
1 1.21846881942617 0.698260208301307 0.702693472803622 0.157697445625274 0.50093546148405
1 -0.474115602303662 -0.016945872450011 0.119918612405833 0.694757184481301 0.238481262299615
1 0.101596766269583 1.72542331264999 -1.10761310548703 -0.74857525397148 0.546589999075157
1 0.562209189822847 -0.71537675564605 0.679547068422659 -0.551581134082582 -1.64442236775223
-1 0.115098474898094 0.780072752369886 -0.182828335869684 0.0104604558546491 -0.098325050402049
-1 -1.33229827501240 2.72521655664313 0.126530507277303 -0.0353849929490041 0.0816121737561202
1 -0.333434254297236 0.0634450315368511 -0.312179489353052 -0.0490793394227398 0.904420291524567
-1 1.7428922171766 1.04811119198875 -0.368127441084891 3.18776264614831 0.709597289314652
1 -0.827741607856818 -1.10582299604212 -0.840273365410826 1.10013095151317 -1.43797749383527
-1 1.04187581983318 -2.37140675452937 0.0789096901311652 0.920334102773449 -0.173953096502827
1 4.72973082551896 4.44777674557002 4.44826399304208 4.56549790097055 4.46441838047581
1 4.38837998250034 4.43902483844926 4.28498780784085 4.64277436761234 4.49177064088738
1 4.60808116514336 4.44799037678341 4.43024658931747 4.45445717375941 4.49793641644164
1 4.46181238054647 4.37201619251275 4.44966607084752 4.39825125500997 4.35697604158108
1 4.41843701992342 4.46310219240214 4.69620655233498 4.55885075437059 4.46418948522022
1 4.45394295353592 4.59343724677595 4.45611445912077 4.22056411990406 4.56638791372254
1 4.58684351540812 4.35395010337621 4.49416337054399 4.45394374253774 4.56623272146103
1 4.36000502529894 4.42328850825698 4.46426172861402 4.44594170690751 4.46633155873736
1 4.59420704327577 4.43588837242982 4.36800010182694 4.66112851662476 4.52003888033369
1 4.49945538321107 4.41738856986165 4.41951132432068 4.50261072565311 4.4721063859898
1 4.3226877532128 4.54361552679594 4.5176218291571 4.57542135032492 4.603387085741
1 4.65974924157129 4.44341670341059 4.43382138622269 4.57175447511516 4.43047144249328
1 4.42247762916315 4.40108216698498 4.37955084036049 4.72763288868743 4.46589624510358
1 4.55412827320159 4.54564191815494 4.42849796369470 4.64115537626335 4.56371649651346
1 4.44260722822258 4.31868371665139 4.43726811760306 4.61545831968015 4.46732083943585
1 4.4567518560862 4.58848855103443 4.33800015271083 4.59380727813443 4.76629026035978
1 4.46942494203236 4.55557006012866 4.43953348505693 4.65342600503264 4.47267462027285
1 4.4506976787025 4.40528965386323 4.59793795351335 4.57476258826077 4.67014470293204
1 4.50127558869079 4.6396465675414 4.37759400308589 4.71344184797407 4.40912084085127
1 4.50335003303564 4.56951995599516 4.38757342336264 4.58358426142579 4.49392786328187
1 4.33650389411082 4.44445422985249 4.40056972724539 4.60016046573914 4.54509926550799
1 4.70837465386281 4.42514736603494 4.48179313627752 4.40388884142727 4.4393128626657
1 4.39866789726296 4.56469382388939 4.5668041460374 4.40188338135042 4.36027025432468
1 4.64739775075406 4.60701513300624 4.55227222690685 4.38274748447792 4.55059209385637
1 4.52967474350663 4.46977802880753 4.41603660979283 4.51632804483637 4.46379282383413
1 4.53552987121195 4.45424627328416 4.57719158579884 4.42317431397739 4.63640390085042
1 4.48093438850921 4.49308964981897 4.44960328198004 4.41268055936617 4.45252248116430
1 4.44432513381525 4.39283941835909 4.35389152332365 4.50891358204471 4.51939669909922
1 4.5244104327359 4.35014594645562 4.53973742243262 4.40464216818173 4.35113661598956
1 4.33723374836918 4.41632646440765 4.29020807196916 4.48166692500298 4.55546994564643
1 4.4798161190207 4.51101461833302 4.38118250231672 4.46148218990812 4.43202303546831
1 4.44380634886971 4.52419671783612 4.4807254554878 4.44472085878036 4.49145197637829
1 4.50112167885561 4.64077318492207 4.49393019488299 4.44491516221468 4.48563513109596
1 4.42235243490378 4.64954140953446 4.45813989312726 4.37416495500016 4.53944862983563
1 4.46804179582032 4.44731179549866 4.30872013291912 4.43893983698244 4.58221860577545
1 4.20482930394068 4.72032049523358 4.48106198706049 4.49904958407683 4.50194585976131
1 4.48686415646426 4.38900020804994 4.46621236123198 4.4336411493918 4.37937565775438
1 4.51951445466681 4.49033046940895 4.57793737876371 4.5872840833748 4.65849607990287
1 4.4518168241565 4.52017954958667 4.45307023599697 4.46805574175423 4.38295166898678
1 4.48864579463549 4.45983414833552 4.58315251366433 4.47003393680223 4.56490719633637
1 4.24246495761177 4.58651430106765 4.42858318899615 4.3702685816118 4.36189634740084
1 4.39623470786096 4.64179617851316 4.53190689097334 4.44859985175157 4.30383240620648
1 4.32879786106313 4.61899158937843 4.46276699356343 4.24911451026699 4.30800067997326
1 4.38186496597157 4.69477092695663 4.66121710218812 4.44379441870191 4.556258213748
1 4.60239402977433 4.38010291373542 4.37990243666133 4.33677365866292 4.550551316309
1 4.40494059351211 4.26612287743324 4.30247311281888 4.23296365846509 4.56105780843045
1 4.41105041654131 4.50807674766136 4.44536760338057 4.45582735505080 4.45542773393892
1 4.49960015213347 4.4462315666152 4.51382016187065 4.66952081395076 4.50507044019936
1 4.47737180972893 4.50513699280615 4.47939656318811 4.46656093399831 4.39853173297429
1 4.45791120651925 4.39277339033669 4.33807307089578 4.48266908304128 4.51342319978244
