500
10
1 0.969504627917032 0.0196850070867056 0.138893377254524 0.837718550573369 1.72354802477909 0.954470556948234 -0.105816436579101 -0.113392517165971 1.07062785212953 -1.68803839102047
1 -0.757371681820929 0.321019079301351 -2.01954253000430 -1.02991424451369 0.407628693784302 -0.302548976692132 -1.30704243029972 0.807164348449206 -0.99927766699751 0.596240652030173
1 0.887804420460135 0.688974307682111 -0.596197458093550 -1.53244177083240 -0.966437537963219 -3.14914123666112 -0.77582539564809 1.47493564604400 -1.30360642971680 -1.12816096953772
-1 -0.772199126141759 1.44149501284532 0.970672637555217 0.165659612541595 2.24531944233424 2.18314264085767 1.46554116374599 0.340234548226224 -0.928194524380448 0.335395118994069
1 1.12623439653878 0.441826939446078 0.762969451809138 -0.501246650342806 1.10411737388082 -0.288028878270701 0.894100205691985 0.33708189239054 -0.299323773842133 -1.39669271842697
1 -0.158766819170294 -0.542888874292905 -1.49101833435589 0.812743716353835 -1.16456941887222 0.0131022284239303 -1.73275326200912 0.100153389412866 -0.257633793660605 -0.467697457534508
-1 0.509347158608312 -0.94637916268307 -1.00785490785731 2.10714935402233 0.632914695099313 1.37358225162509 0.847878835394684 0.634894650378277 -0.122114228444297 0.742203213137352
-1 1.2800646888019 1.32880179835797 1.03911088427243 1.21487749646008 -0.913146585950888 0.225831968714530 1.17237952694446 -0.374207183423446 -0.192192373401079 1.0801817122367
1 -2.2622839558394 0.520738261875059 -0.395331611892478 -0.906837781659143 0.917339568833146 0.606994690015881 -0.249039219577905 -0.0766623889878822 -1.13054488372894 1.01856751855263
1 -0.570402722809273 -0.767980316293391 -0.940340554717535 0.37314701522901 -0.266017871218813 0.181960303160278 -0.871417309076194 -0.376003635220090 -1.77277073837247 1.54460123752224
-1 0.0185777953484906 -0.827125646769843 0.0663248180100211 -1.91773087188172 -0.115885993824874 2.17157593786376 0.143650483326269 -0.393293864152112 0.532459574389431 0.301788441608835
-1 -0.224791048407179 1.85346223996273 0.913361121391312 1.66928697344571 1.08764448186990 0.71886212678992 0.269478899436671 0.27649130603274 -0.0942950484746533 0.481349299222753
1 -0.257096173710620 0.481398150661192 0.876440603107156 -0.764241088432174 0.825772082392224 0.821867847332435 -0.650484130815413 -1.25304873637185 -0.271891099095868 2.40285705732839
-1 -0.361824760570997 0.263822014538396 2.39671024447152 0.500358432966066 0.0104464369231080 1.37681030291496 0.943205436561195 0.483311927942995 0.4485165900229 1.10564527491889
-1 1.63893512156770 1.01065996873393 2.37723631852775 1.67273000460424 1.42325798287364 1.56170071281379 1.49797563212816 -0.165657846220612 -0.699486448102034 2.52008045427323
1 2.60546354503068 1.17399892174647 -0.509676399397827 -0.277130919701644 -0.860610872619219 -1.11344158835720 1.16810835447269 0.184722062667676 0.102404071511298 0.648059599084916
-1 -0.602813637796522 0.0847131630666602 0.272945292350814 0.549166658153489 0.335142563672971 -0.233573744083176 -1.28618228112768 0.538374089090681 2.12592261961857 0.238585248054964
-1 0.895036636567472 1.52241742549647 0.323528287804669 -0.508336545264784 0.189318355124871 2.55361558370276 0.0615747862952108 1.59038159412029 0.683142346223672 0.516358846928527
1 -2.13420942959107 -0.753925200972675 1.49762199030018 -0.36971620254684 1.4707917889717 1.15568888118461 -0.134789992717704 -1.58873820131092 -0.422980764226388 0.603453016909204
1 1.50637805425708 -0.291537208641785 -0.0260474907079651 -2.46355800322354 -1.44171577741350 1.10597107966214 0.548885088920102 -0.346261737452150 -0.308631419484539 1.28833026163399
-1 1.15294068470520 0.466969208519515 0.0702781081410745 0.922599656273148 -0.146939814491262 1.0842536817922 2.92121880816673 -0.559740953976957 1.22889806750137 0.109940923565172
-1 0.322925162728651 0.681364088485424 -1.25783695387132 -0.155254226055486 1.65989854874274 3.31046630994935 -0.410219536274142 1.53780844503187 -1.76391581399457 0.614784850418168
-1 -0.370948020937853 1.18311464857853 1.29219722640807 -0.691948776021818 0.430498454584242 1.59372595634539 -1.49207201790088 0.63092022029099 1.0950689941468 0.980338715771127
1 -0.896967445833887 0.78532090902601 -1.59378122843619 1.35179035430204 0.200109284845446 -0.646076053232854 -0.203453140416722 -1.98832318490563 -1.06788774575258 0.506916739440757
-1 -1.62659071155341 -0.617849103385094 -0.615387804986072 0.395856558627459 1.14234328874064 0.0382217452171176 0.085693650504942 -1.37349092765656 -0.204452570779836 1.29276121692928
1 0.271626908993872 -0.358847347544307 0.42273831418708 -0.200018055085785 -0.820339390357903 -1.53304931998354 0.113558070171966 1.05121169330837 -0.347937298510802 -1.4991086318632
-1 2.55758394194072 0.134188749950017 0.931396426281574 0.373619343592365 -0.315219426707426 -0.190366897862128 0.333014001197094 0.518312981791805 0.51580350908452 0.706490969504586
-1 0.551729890443614 0.0142376168477962 0.0292381699254353 1.76774857670818 1.24643314188766 -1.37753299575147 0.302682700457402 0.712268315435362 0.740124344720694 2.15561486019142
1 2.90095923101772 2.16277437503119 0.0834637283519719 -1.14555778320775 -0.572476330511695 -0.83503288340237 0.0570130540145139 -0.711524081404414 -1.54555109939796 -2.06057649987073
-1 1.39246509107663 -0.0575105797962846 0.438003523680261 0.0906699707635711 1.73529330315795 1.32654610665796 0.462024371982747 -0.760893808115115 0.328380131098013 1.08170516977275
1 -0.403891654819315 -0.747668443472644 -0.445928316088584 0.0520269992444974 -0.146444254989894 -0.28131025842782 0.698450869472592 -0.703325237120402 0.92043213365906 -0.5908507772324
-1 0.961998100816011 0.781161798123744 2.1389590625064 0.00940449039004032 1.21053267576339 0.202918770709242 0.445796255942745 1.67973305070494 -1.72663513163888 1.30171347753924
1 -0.900133197232575 1.06703882144579 -0.321262368515304 0.322569456974906 -0.434991349661049 -0.438717582165034 -1.64421582950106 1.01131510156394 -0.593335571818373 1.36260385047591
-1 2.23358750732674 0.74721082411207 1.04238044675639 1.58313875874955 1.22574548557797 -1.56653593491855 0.47291493313947 0.356622286194752 1.38129326844627 1.03328706787899
1 -0.594811527289243 -1.24156215096223 -0.634431454765613 0.240553323370275 -0.00664789725261905 1.18633791638579 1.48445776324491 -0.892818120533115 1.06155860140454 0.166304846965164
-1 0.341333107646539 -0.902908027279611 1.0930645807105 0.906502665072989 1.15091388304394 0.605381847954235 -0.628791212910015 -0.944352526412848 0.502362516554049 -0.04354924818991
-1 1.49077215081607 -0.975239247590614 -2.6407100886877 1.23527196839388 -1.23428033062268 0.334035545948686 0.444814066354963 2.10135133564941 1.76474453261109 -0.434752732274337
1 0.275375550385277 -0.912145245644063 -0.0115956040345437 -0.86423482805585 0.473743869512248 2.33965751916725 1.379937954943 0.594273150223982 0.522319472024854 1.25436387049273
1 0.786254836483602 0.0183665161959837 -1.35332152633748 0.389759748893921 0.923203620154778 -0.686411269532953 -0.688178292247968 0.227133007520700 0.740106233434846 0.817135750195531
-1 0.313562866105123 0.585391308518803 1.38862679559742 1.84598777787832 -0.986212008621755 -0.344503725280924 0.764829381292254 1.08587188807554 1.71845510366965 -0.202230717252847
1 1.20563474961227 -1.13016030541681 0.681918330202773 -1.69950000770981 0.538463665523149 0.104952216613182 1.64557267674509 -1.27384597169795 0.741615199912786 3.21610740901959
1 0.282250567548566 -0.123962074414868 0.205820732562693 -0.413435913353972 -1.18944426190353 0.404997026558717 0.612741949795195 -0.97917062572855 -0.277000675878887 0.600943026086575
-1 2.11813376729853 0.605029523655199 0.29721175369772 0.832546112969563 1.06359015329063 3.23394622052850 0.99718735187297 2.05729913762097 -1.02279338945366 0.836954021552931
-1 0.494846553992577 -2.09369423761663 0.583557068056354 1.18310622128960 1.07645641093474 -0.748422454018158 2.19544119799884 0.565628237937417 1.22799543549298 -0.537784372077213
-1 -0.158636601232293 1.54128267940647 0.281103653688801 1.54623875347180 0.64099436638162 1.23173719342301 2.62193870942988 -0.257074028556342 -0.928958019051783 1.40040558618397
-1 2.10871853727203 0.82672640255385 1.24425437712910 -0.141982334729543 2.886908774327 1.00445986357621 -0.554145535325625 0.357971441590605 0.232386614342242 2.47900848300060
1 0.396083756863482 0.907806688404947 -0.210341656785148 0.76749366202948 0.531052185605737 1.49921687407468 -0.816932067705637 0.0641632674801179 0.547199600474139 -0.138123349504208
1 -1.39061571561042 -0.847648791665234 -0.139053019719887 -0.295535700417333 -0.727436868961951 0.305389948346082 -1.25416759048284 -2.16254323083569 1.33446602216656 0.00213903007451837
-1 1.29639001618350 0.356751550807285 1.07737641349638 0.511282862398141 0.187765570390059 -0.429938374275058 -1.23846108419047 0.698428913395602 0.373261177660964 2.61738011825793
-1 0.85924121392109 0.880773262760388 1.09700349005149 3.11694195139641 0.107496943110572 -0.269068808341592 2.59959524580328 2.02976493276110 1.5523093616521 0.00552036416456159
-1 1.82706228386822 0.219767358368413 -0.467058211452777 0.933204249407529 -0.182750915222219 0.261899587380902 -1.26106183966237 0.852423072834253 -0.562375471892947 1.28718729213719
1 0.511940533526209 -0.886299241261276 -0.751927872271963 0.317468878666721 1.12193679895958 -0.0866892750105539 0.968310109416997 -0.976027626000196 -1.38491069974863 1.99899530131924
-1 1.39490189512297 0.147673081157152 1.52742718447264 0.208857356252128 1.50412437387992 -0.386737247187954 0.388192552506629 0.679374346397115 0.170594527540541 -1.15232170079303
1 0.0728714144182064 -0.415254148494982 0.00944388631115554 0.511130268775966 -0.294164517058918 -1.12829019319275 -0.881767781922775 -0.487870570651627 0.127636416176541 -0.144615165208496
-1 0.9553796879211 -0.225405625826342 0.366228977391169 -0.380141769172384 0.587501081384073 -0.631926183418872 0.549221294666484 -0.322133078020519 1.42367500157985 0.628118470319052
1 -0.831470787155429 -0.155534367968078 0.666017776376327 -1.28285586494390 -0.42427081406625 1.18641658383634 0.980767234766442 0.604942595432564 0.14619098382035 0.660401991537744
-1 0.552411872085633 0.150134949366683 0.590314386630445 0.338779934508105 1.09450423807375 0.557869828970525 1.64966254835013 0.406101436689277 -1.30923983647658 0.477416442052856
1 1.40800092941911 0.0243644294384422 1.65740165227993 1.64157005723500 -1.82263788430388 -1.95518706321792 -0.524757524816635 -0.614435849199054 1.30293181635408 -0.0549871856050639
1 0.84540428226001 -0.83119601196229 0.366916269098885 1.66911741428973 -0.853803592196235 0.0656731509470455 0.265472989186067 -0.266434044932313 1.26749979008117 0.694963760690203
1 1.87583441117583 -0.756411333212735 -0.352137659637930 -0.0945541667772644 1.16628260862799 0.289953190847204 -0.252006459830379 0.628989024460043 -0.739407992975452 -0.329423808040815
1 0.670939491627926 -1.04372512337982 -0.0382163970597423 1.59068181346902 -0.860552245463338 0.864906080967446 -0.815706624277169 0.857723160324359 -0.561491208752358 -0.175444507333781
-1 1.04149781440613 -0.179637774897269 0.451624792782492 0.680455454438664 -1.18750422241410 2.22974743539914 1.47898150742300 0.664397074340247 0.377014218543453 0.305239717660925
-1 -1.51847897888986 2.03714877796487 2.84829953948268 -1.30295318232457 1.24252882116126 0.912140088854686 0.767205499587643 0.868719105647174 0.679438666369584 1.48123004115323
-1 0.929710903354219 1.28322378163728 1.30857941838802 1.42521467096186 1.25186684856769 2.29683694425732 1.50766146726737 1.06755784165459 -0.08610085803191 2.49028875051787
1 1.15619746711923 0.7789859718952 -0.0510643742834994 0.93557937205824 0.260777823807676 0.592071298533488 0.917422431199796 -0.73676404911783 -1.41907628949701 0.892902217284176
1 0.544019389702631 -0.0836647533241206 1.18416031273415 0.314434514000793 -0.40411772388436 -1.41063839597444 -0.995588207909571 -2.36476816511027 -1.12738152067369 -0.790437068763852
1 0.620975323547876 0.610196973210652 -2.06406161529356 -1.76946931509983 0.715557834680734 -0.552882714020217 0.856777807166642 -0.577977310189587 -1.34819946132931 0.269132625524881
-1 -0.406775859136821 1.31502465941421 -0.768665559081944 1.89940655844102 1.17401039030665 1.00689201931290 1.29344865288013 0.439335798389689 1.02626556476491 0.0710221213268031
1 -0.218533987036431 -1.22703145622370 -0.987538081756136 0.202968511238720 -1.05898707035064 -1.71965670203832 0.26727076522087 1.25408179326081 -0.382145552151083 1.19333153519873
-1 0.714456551499928 1.22111434097893 1.39216241263651 0.345379097329474 -0.544475994492864 1.04787832598413 1.06003784543636 0.527363866802467 0.791037898780422 -0.755166491081197
1 -0.32683908838484 -1.16119070030059 -0.224137537522147 0.0151976041227755 0.768345755880046 -1.43965579080195 -0.0794902760443985 -0.104496354642028 -0.0980557403882566 1.04402822796282
1 1.29797496180727 1.67671069041369 1.06824689526001 -1.21927493580872 -1.38973542463989 1.734346065771 0.120940207479639 0.156044938510833 2.22543106598558 0.87247912313154
1 0.0459735198638095 2.02456320736593 0.189975038695643 0.92731450399025 -0.368678675446548 1.55103011208960 -1.82197704645212 -0.0226572227858785 -0.653324055912562 1.67271087905104
1 -0.176722788133180 0.547619021472692 1.30562564323574 1.09992637290946 2.25068259306013 0.581423481799008 -0.811375357458433 -0.179133003413032 0.867669073470447 1.48524899305370
1 -1.64368550334898 0.959723378095953 0.383707962225927 1.25443138429574 -0.333046284418547 1.66480577878487 -0.0909297898614021 -1.70056880839333 -1.69164113850139 0.325181090360101
1 1.01198334891717 -0.62263760776369 -0.585467367720262 -0.454867261262965 1.24842879104026 -0.281395743980339 0.151447068391387 0.744364174814738 0.0740421697454541 1.19693340491701
1 0.485409911250385 -0.933320161098037 -0.27414915154782 0.0560239608191696 -1.55223654979124 0.94259515323697 0.152963304847069 0.0853053093307714 0.256094846697564 0.797190104402836
1 1.75461744699934 0.321080392909155 0.466115826582245 -0.562841498578236 2.13581765145036 -0.0213648528378578 -0.345689956447699 -0.724355382882962 -0.924883133508523 1.65178547253725
1 -0.236833728050913 1.88595366941801 -1.06885311731325 1.41131525589932 -1.12140455168043 -0.706529899064391 -0.237043911334896 0.331655068765904 -0.587547027680641 1.58343773751167
1 -0.525058285320446 -0.448399902362746 -0.0673321499792758 1.70373171391039 0.524601915306619 1.20077862478063 2.10250027809438 -0.982650148616376 1.62446658335847 -1.38821707618085
1 -0.560537209730638 -0.678844270184431 -1.03613328713597 -1.07372853832778 -0.927979961592615 0.555199414328759 0.8032422896268 0.761182215620056 0.229899166215526 1.70761103963165
-1 0.356427101285578 0.00398927657000503 -0.599244031694817 -0.862615616243805 0.421064835405377 2.66619872961402 0.0810104167784419 0.868385564541028 1.68508590194018 -0.883448656371725
-1 0.677702919726125 0.176189359455337 1.21142984026882 1.52207547288032 -1.19755274823109 1.35248705508838 -0.097171317512 0.236030544595374 -0.37959780325844 0.529899852743182
-1 1.65224084312051 1.98290000533574 -0.432953944516338 2.06895566010397 1.08282528812834 -0.082641954690009 0.796216374027995 0.566377666301853 3.52558439648401 -1.05608276742053
-1 -1.67390784555288 0.596429394138425 0.786234578165978 0.536894586636801 0.405259710102434 0.617088331941968 3.97006372614132 -1.71046646548609 -0.241518684668742 0.803269677692699
1 -1.50633102069757 0.396343914743142 0.128150760094995 0.339480677035965 0.586542911178398 2.77491605597946 0.462357934019263 -2.44466147118307 -2.08023609795613 0.836995666346726
-1 0.722568851245138 0.330948449899424 0.271274610080946 0.189204915837345 -0.502765472780327 1.51730139003291 0.901594602212555 0.070565912841548 0.154900068646802 -0.271125021137331
-1 0.955031605945963 -0.384648176188377 -0.883527082163475 -1.30670046723729 0.462761806830298 0.360506530421741 0.447371980003673 0.0917600536321485 -1.13480728125085 0.421555165511123
1 0.294389646806054 0.800384028722392 2.70726471264983 0.382104546938289 1.45383164563605 -1.27067774234305 -0.856417238635293 0.138580309718950 0.478717018451701 0.040263114207162
1 0.267972860589952 -0.474629713501479 -0.131837670536969 1.17394770079336 -0.0344537741044944 0.435189231548416 -0.3234910873321 1.07536279380344 -0.477565723152765 -0.325290716987828
-1 0.389849286658078 -1.05903037631372 0.993146598808789 1.14948602556596 1.33244307969941 -0.6456944759645 0.707823344365875 2.04994191279798 0.191678925679297 -0.558350234288039
1 -1.33443309619294 1.11620647834290 0.683528546652503 -1.13189728474495 0.344283009654254 0.172471376325058 0.633727562813923 0.99909895489966 0.249769104681437 0.273241167240771
1 1.10670491644265 1.33738091736277 0.256087382461113 0.214714812719290 -1.07749963669248 -0.465355502959604 -0.286682314390756 1.19047356309440 0.365284151891125 2.30762761762099
1 0.981895088907728 -0.306564838675606 -0.244570249841754 1.06499264613426 -0.70822649416011 0.931794931905902 -0.457916312786548 -0.277805239983876 -1.72564349165358 0.727754402084607
1 -0.931380188982829 -0.98810198896489 -0.673052264356915 1.40925687899732 -0.89421904161986 -0.186897457525997 1.14791993209631 -0.368228791523747 0.0310671715630831 0.923772637853502
-1 1.49567642122275 0.283605157804810 1.47169696444154 1.72657952446304 -0.129437367530845 1.0716213557996 1.71554276691674 1.47810910284657 0.124016313060369 1.03895450652088
1 0.0484510996470175 0.373347736548423 -1.80698074909956 -0.551482272556981 1.45303593339827 -1.07632200389935 -0.549961775776384 -1.04803520105348 1.50148030213725 -2.68745328844093
-1 -0.306004152217400 0.458360612531026 1.92734071770383 1.63188044211473 0.55099957929195 0.944689927083446 1.31429863575113 1.96630480142762 0.169511092931719 1.40903881447178
1 1.63026372464244 1.52598412689279 -1.00514617365963 1.59836874170165 -1.49291271721863 1.4587135922188 0.95520077657998 1.036727266856 0.96721356720156 0.632793330339773
-1 0.866304118847541 -0.277713910507876 1.55139556889898 0.270192459492559 0.589129485577965 0.98297610617018 0.52642278036438 0.87111763668642 -0.454282735988503 0.689940888865837
1 -1.08602934139722 -1.38706777690678 1.48361560748928 0.0774222802912012 -0.310868483836527 -1.92440729505777 0.174376947963043 0.0323663346410355 -0.638057655649036 0.255628005888774
-1 1.59443541813107 -0.75420878188591 0.984296623822572 0.638972918464173 1.73096836699139 0.813672362618305 1.67765913232721 0.556252140043225 -2.03246232237055 1.35989825835645
1 0.966545719759266 1.02379763400069 0.32804359302021 -0.689974974586723 -0.848351243774575 -0.317498015733837 -0.971634667608733 -1.24498343633600 -0.0408138232641505 -0.735558487492207
1 0.0508542886941288 0.174681853771786 0.115487797657916 -0.0969604320312 0.292708702527902 1.01475572450289 -1.34446246187415 0.3417784084125 -1.53776705143976 -1.01797741030733
-1 1.02117535561971 3.05552501572223 2.07709418351510 0.468544652542675 1.70843302036868 1.10123784276691 -0.185998211909233 1.0475513092232 -1.41127028327933 0.624926336894912
-1 2.28507484482700 0.813483836870742 0.950923376578687 1.03202875920940 1.67228143543449 0.541192996944717 1.61296451055782 0.249156954651255 -0.295005491567377 0.349553914714020
-1 2.10637540560423 0.0513528909066689 0.854421128343604 -1.12585201931486 3.43989405342671 1.63117515922309 1.30587663401475 -0.438320853928688 3.123453048887 0.379178623515479
-1 0.951033455544238 1.74912573100747 -0.722917185401116 1.87225925313012 0.961289844943965 0.171496147961688 1.38656646245596 2.49317099474784 0.00562472762941624 0.6182080957869
-1 1.56558030993148 0.666051588267112 0.0436383531862718 -0.240856936640796 1.33417327813259 0.53164749069403 1.01256777849137 1.47272800144808 1.27965977993769 0.482033429082525
1 0.454988427191688 1.11211663650527 -1.51186204134515 0.202445678108454 1.43465931387314 1.58081200308611 -0.0677919085014493 0.378322500008124 -1.12438858727339 -0.0296313491657997
1 -0.365447407135943 -1.00463776568863 0.96841590283834 0.646781483929122 0.944047903032998 1.03600834058279 -0.459811857872486 -0.168554314487156 0.280528649140928 -0.435037574832079
1 -0.606214854299903 -0.292607233911916 -0.422883131751689 2.42809726135900 -0.45341818505598 -0.414730617767634 -1.63067610279737 0.837847823096576 -0.891240310583711 0.543843635465007
1 0.0416153009358773 -2.04181062124181 0.302058329987332 0.82152136889293 0.465599525956464 0.218531302095303 0.0820089430745111 -0.990660222730526 0.0690857506489183 -0.158076114711078
-1 -0.682309295885405 0.61208475411977 1.95915641164524 -0.0088348779206614 -0.607345605172505 1.79779221005638 2.38451156914117 -0.226320921348514 -1.74888130089484 -0.566301389096852
1 -0.83063274530115 1.07802105003470 0.0742042759407799 -0.310987356982063 -0.527005911923243 0.454219891248325 -1.41578727786822 -1.24446409822201 1.4705002393141 0.367198902276757
-1 -0.0706553214124119 -0.281124910697289 -0.691599134267066 2.11975110207709 1.33097391492483 -0.73764888145716 0.842415565389991 2.29996930098520 0.45318824136886 0.95330106819838
-1 2.39485014782716 -0.572300680036696 -0.154233879452652 1.08375858088269 0.465283460047803 1.39856176685243 0.688747373573162 2.03025647774981 0.169658177739906 1.42688810468242
1 0.492672485334748 0.230015405668665 -0.464127717857919 0.321465136145445 -0.000174908357503171 -1.71924658360236 -2.15931446104638 -1.79369580008071 0.520283343306114 0.37036535095828
1 0.659465258890948 -0.403950225656411 0.195597246520918 1.43346704992838 -1.54881403367317 1.03091526475467 0.246745016647489 -0.623940538223362 0.106485122985022 0.169779796419625
1 0.467174700019276 0.445252653277493 -0.0898634227140638 -0.415525037506209 0.516211024201807 -0.868179705760308 0.0140694922884479 -0.092615002399269 2.78543130660356 -0.110417454013952
-1 1.37340895523588 0.166739875418751 0.605714057897599 -0.0185922794981753 1.12368507820059 0.742861127318215 -0.186425640066112 1.14419001123706 1.14188275065002 0.9192588162922
-1 -0.000114535823533934 3.07372464673443 0.503517442243491 0.423271861840832 -0.0951860020470697 0.672508084820998 1.42730005895872 0.445367599190953 0.579654848933288 -0.17305568780842
1 0.196955148943152 1.55311178769357 0.0830095936024137 -0.115326059552754 0.644778313237734 1.95081536698142 -1.13551648841482 -1.04009496312781 0.450373840069164 0.273629803594859
-1 0.57324339610028 2.0104894050634 0.972844068229317 0.211422713491035 -0.601352737329008 -0.263773958277449 0.817744942100422 2.49487062948344 -0.493278902577753 0.982609932039004
-1 -0.841529735171042 0.533840589334509 1.24260206868744 0.234432559185072 0.89878328048736 0.477598738699851 0.733193692223893 -2.11477319061434 1.88947654239212 -0.248471697133804
-1 0.68162166917922 -0.727721796502338 1.19515631432783 2.16229656881420 0.362466425100538 1.85978501515251 2.13588701286985 2.12277920907639 0.536865554629751 0.898548334302744
1 -0.309417671488819 -0.890213153271715 0.604478261586017 -1.90819800427457 1.51455300915818 -0.947664789801553 -0.175423210399772 -1.84163659169301 -0.403072723391639 -0.764851474260636
1 0.557603170686257 -0.300120967332194 1.16011771958729 0.308536957028920 0.277711311712387 -0.669391708720509 -0.107598029292109 0.677840578634129 0.19934632220587 -1.09760797983694
1 -0.822888821498382 1.51509846416529 0.208593193248895 0.230905387416854 1.54248104154331 0.6206628342974 0.960564058004128 1.76762205631638 -0.91790635387915 -0.309792772860204
-1 1.29361781208371 -0.207081041394867 1.49071872074881 -0.0140948009727435 2.16433161240875 0.584143294332342 1.2426535420267 0.944231472728897 0.141868643923875 2.79773181309464
1 -0.664310563073493 0.230715932217916 -0.770190196844212 -0.352263888372693 0.672283544363708 -0.120280141253382 -0.0986652822019494 -1.02097904701241 0.592290423906875 -1.28560518309273
-1 0.392870324522656 1.00857238211989 -0.342497746659619 1.13644127903293 1.53480119675199 -0.572711287317373 -1.15911798895732 0.75020183620781 -0.58443176148222 -0.122193032429981
1 -0.425999181618607 0.780355393527125 -0.762363574478692 -0.0747996895767265 -0.646630276419915 1.22009404296499 1.3281346844175 0.480475945202759 -0.279877047371555 -0.625928954157547
-1 -0.00199390781505371 1.17022514351696 -0.365763235421380 -0.499517430240926 0.654499260632011 0.0678416136237527 0.690176681633601 -0.689175954700389 1.57498093692474 -0.926961667159356
1 0.70397640957078 0.383117028782739 -1.21164937286151 -1.21088472509089 0.114067656018035 0.601229123336643 -0.361049926125664 -0.179196042862313 -0.93334307214345 -1.74253580953581
-1 0.580889500218755 1.68597169474799 0.813349851875262 -1.05260759518809 1.97806573484158 0.500757167056214 -1.69828116320123 -0.699012809716568 1.81457936651538 -0.336397041025286
-1 0.764509044514735 1.39669437384730 1.48413634365461 -0.715596860151934 1.06831200957229 -0.302693457365467 2.52688961730546 1.41885593202958 -0.307707061191972 1.27825392905355
1 -0.346857939473835 -0.764453219766458 -2.11063017951539 0.435460709829054 -2.43396037684376 -1.04451674573911 0.192512755338863 0.79783846145615 0.318412950649813 -0.672391232349574
-1 0.0845292664073373 0.161393461382714 0.129678745622139 0.522331412588475 0.734208618874098 -0.751314388151001 2.06532558156438 1.73014797592648 0.385232419619122 -0.69702331894765
1 0.681811322151832 -1.08438907541029 0.186515961578332 0.143699842720902 -0.419291510906128 -0.0225853634817587 -2.05569046574197 1.08323771812895 0.482305918161816 0.7437588604557
-1 -0.376636329685462 1.76413681935412 0.502736572876632 -0.131391014201988 1.40739117279770 3.03431621422964 2.41001308250920 0.348507170407365 -0.446362537434046 2.77186857538901
-1 1.44682161666539 0.860026957177098 1.53331849525359 0.256322801377653 1.18597510126562 0.438633826159091 1.21268315133673 1.21983414362936 1.54555103145590 0.374956468873509
-1 0.920807561161136 1.23449678188256 1.47809460808576 0.442885827502119 2.80251705299911 -0.095721731422417 1.16024572054139 -0.234243777833611 0.0463987665758272 1.63141332672981
1 -0.598118709875618 -0.955034891202932 -0.311010769540762 -0.477740141775927 -0.769561727681047 -0.0479814421529543 0.490374692362112 -0.0445169904814954 -0.247715525079286 -1.79626974646144
1 1.64843095972159 0.867788833860023 -0.416437178534526 -0.437937705276028 -1.22339284228955 -0.0734395793165504 -0.907266669244883 -0.426545628814279 0.0491196166847052 -0.674274891462017
-1 -0.687321955149836 2.04130056795589 0.252192135101014 1.77186881389503 0.663661766539027 1.21407420047351 -2.03416990854811 -0.559777878532989 0.57803963656903 0.278743735399357
-1 1.77250668427059 0.306731800876427 2.65252024340699 1.00238355526922 -0.0086548921184425 -1.18774449425447 1.44353775642493 1.06558845065543 1.13218282558762 -1.74373441287488
1 -0.0634723143985995 1.54233567972951 0.634378296260912 -0.0725197423111204 0.0473586691728021 -0.280765711697139 0.967066754678518 -0.63997810536047 2.09241261262753 0.613598763899591
1 0.979207501505913 -1.10755293945938 0.259885219989452 -1.15072770158450 -0.37349836367834 -1.73685547638257 -1.22203272225521 -1.35637211690645 -0.585025913967767 -1.37851578329554
1 1.26830571246194 0.432281804200754 0.326632760147162 -0.274250022380114 -2.50473511196059 -0.363626069924943 0.409877990617251 1.15681579570201 -0.243184071650415 0.0129314295237492
1 -1.06000301080459 -1.64478372373667 -0.761039630087519 1.16369430176665 1.42957786380291 -0.188316787592632 1.26219374392872 0.219245158834379 0.688241304905365 -0.103188974297164
1 -1.18961386194818 -0.208607013888496 0.235758176759300 -1.26130981319689 0.894538660170896 -1.89953795133694 0.610482928920749 0.560061362489398 -1.02148948334002 0.984397698759463
1 0.331503068683078 -2.73212074721348 -0.0141077603086020 -1.49810280334519 0.268088652068126 -0.612247129502857 -0.853556818262079 -1.17611932876772 -0.40094472345659 -1.03427395517386
-1 0.741075559412224 0.846364939813562 1.98264679319387 -0.382408826079026 -0.762613664159126 1.46227068335442 0.408905233994721 0.413401358057441 2.1765579019787 1.03465120784036
1 1.08315388522228 0.338725522732419 0.476092536219553 0.0125583387492933 0.055017667574371 -0.175519870037814 -0.113353431890091 -1.05122904780701 -0.154543660630094 0.0893964881945642
-1 0.197264228901101 0.0629409997659581 0.7158563495003 -1.43143111796895 0.737577878936923 1.11077674390483 1.01215626329165 1.21760491878868 0.540878594149467 0.463687233249952
1 -0.786199763264473 0.0395483814590909 0.0750194776760331 1.64125382624219 1.16942348020122 -1.44169384305526 0.80454911412773 -0.302306608918781 -0.979191431030308 0.418240060005091
1 0.873424370074229 -0.0896484377401427 1.33986972009262 -0.132405431052387 0.778985762383492 0.847399313399943 2.05403826816664 -0.983406022699687 0.810769835367244 -2.42279150629487
1 -1.29534586373187 0.485689509670611 0.150629691116357 -1.30775756526431 -0.790861470238104 -0.104949436321390 -0.433134993639109 0.292529690653712 0.697444508090927 -1.54139492715667
-1 0.447559919277534 1.35034305522831 0.955035142259357 0.77442168733577 -0.0362735290241653 0.989911276369928 -0.379528904976839 -0.288618419109861 -0.630795696228654 1.51377596642748
1 -0.436046005797299 0.66626165469825 0.975058376939924 0.0913669199486182 1.35673281180629 0.456309936285414 0.401899361004256 0.872655783320949 1.46148935987436 1.59686787577105
-1 0.655435602375178 0.306550646834988 0.633952829565869 1.06703063281226 0.279389477061442 -1.10131996840568 1.09133649901187 0.0993204451638496 -0.99512153180093 2.21720062335411
-1 0.367808537750956 1.33608250547373 -0.975898038057908 0.190116894550908 2.03274012345530 -0.751243802301503 -0.0893431044186113 2.52742132383909 -0.90363852309403 0.417172935133942
1 -1.55628584509012 1.45364955230751 -1.01008746367765 1.43749074367035 -0.882714363385318 1.08395538553275 -1.69951854082483 0.349804569037204 2.09083129646238 -1.86181133281246
-1 0.192746257073919 2.07123391771974 0.756498789710689 -0.116078417016509 0.477864044092115 0.868087982795813 0.283672894610885 -0.050015252174856 -0.356465243196416 1.80110531536521
-1 0.88722580770322 -0.573329871363323 0.881879460543407 0.752405006882388 0.611678583118022 0.101471573289273 0.436846843632261 -1.79762616456936 -1.17920911735861 0.518410779827104
-1 0.598954952158114 2.13463657925203 0.583427159117668 0.767438729331285 1.60785347320851 1.24871499768431 0.457170878295726 0.82828957569144 2.42689811569924 3.62858439007404
1 -0.513300938866191 -0.586943963708417 -0.444218753107251 -0.79037999857311 1.19711206273493 1.85337531370169 -0.0394256823720431 -1.35580848644931 -2.84436678361585 0.181011864302993
1 1.05482860463255 0.484817320536196 0.142890161745085 -0.89240715396241 0.48805544487352 1.03211151623331 0.182846944750703 0.0660287195152781 0.884402437614187 -0.0630593918933063
-1 0.851177647628586 0.509734945887525 0.422859864252517 0.610800659659257 1.69329782053852 0.935202397428139 0.763143903624385 0.40504105857015 0.110774081132323 -0.102219881813391
-1 0.782418725560624 -1.24516859780356 0.112712479337697 0.278424808943016 1.46242373177417 -1.19326516167082 -0.393102027028548 1.17698381789276 0.55869292438344 0.475504974997081
1 -0.0834185547363328 0.0576934687081339 0.607173700807641 -1.37170730171697 -1.15882417175186 -1.53374718591013 -2.00357467470218 -1.27107920338109 0.174698817593875 1.75691471371438
1 -0.931865156852834 2.56828780071665 -0.969662712604744 -0.254522333589847 0.0592361867519305 -0.0127429645022821 -0.584338250441396 1.00376777127046 0.0646750100309749 -0.192343072260994
-1 0.554731493553596 -0.144638537002197 1.29831795395136 2.04398817330622 0.464399663686966 1.95494868251515 3.17656033399787 0.411375919717442 -0.666228548792752 -0.107721244674402
-1 1.92304514685651 0.800451717431989 -0.727795579827896 0.427088598243134 -0.477019097920903 2.10434840438152 -0.258406973870499 1.87343953105591 1.64876554623293 1.79617858383204
1 1.31974785424115 -0.448572647194868 -0.370041996019297 0.265272854918078 0.858389799086195 -0.114496475437396 -1.14303412311295 -1.78200596441133 -0.246206424864935 -1.18688021342631
-1 1.1401475468723 0.141820353932387 1.37333588538882 2.06691854261191 0.281392514220293 0.0280138255193590 2.20499635727618 -0.360798546775686 0.374147431947514 0.312988782911235
1 -0.159537357838148 0.660885222828569 0.79412201485467 1.83052000666349 0.576360945399342 1.49617338011741 -1.24706681791642 0.00537980963511615 0.239098190304217 0.142340090472143
-1 0.98188449788691 1.07664602793011 -0.495233551901965 -0.116164862890775 -0.163271799878536 0.435359546445941 -0.385536602882825 1.66359742875078 -1.61404868090701 -0.834078446855808
1 -0.84981328014051 -1.01286864018897 0.960390310096186 -0.389254755093429 0.381952975461044 0.219788309257569 -0.70217928465779 0.784497088107474 -0.790591285619496 0.905754709938958
1 -0.814198552178865 0.88353454316586 1.18840005918709 -0.682121159624059 1.22629064868614 -0.444504270850576 0.074835920148682 0.0690069524474198 -1.56512810093971 0.815914576990142
1 -0.0407756016301237 2.37304846985892 0.408549564478608 0.276139086625950 -0.533595466986234 0.517920358123342 0.129238239851714 -0.428448562850018 -0.144215478683149 0.882785199493107
1 -1.38200831867832 0.749232830692303 0.181822674978896 1.35091224149624 -0.148718644365567 1.24639996596648 -0.628002085813243 -0.472536417580896 1.16459968500222 0.00175944770550885
1 -0.120299721063534 0.379829797074331 0.850107330608937 -1.25275477433522 1.67493008685754 0.768252396839259 -0.0501438267087628 -0.343347797978309 -0.90567434797319 -0.888431735499695
-1 1.39476955173989 1.01790236241460 0.413954068894322 0.642339637768206 0.89814803534449 0.980371208298699 0.0567396531522965 1.28799283560329 0.745849698462483 0.518646420384469
1 0.929571308489902 -0.290141952763393 -0.397618404148681 0.753996477105734 -0.392867328446497 0.284154363651983 0.729216501234613 1.01674262647260 0.279870822581833 0.96984415387514
1 -1.32136107468501 0.796935204134018 0.0396807144448117 0.622485836058562 0.89278069335334 -1.28601865896447 -0.2549924168374 -0.890464906387405 -1.54124831131107 0.522045114300337
1 0.705525519988608 0.356690220504389 -0.00624467785220551 0.0896113897944866 0.844849930208066 -0.688149079764786 -1.49653047621080 -0.797035379189233 -0.154599655545049 -0.805214859541577
-1 -0.174564226141108 -1.20105887354293 1.48864696755287 1.03556987632687 0.0645975142016277 0.117988955785398 0.37709271369021 0.919350608070366 -0.0165513035804157 0.71341378676316
1 1.04138431521048 -0.161703673244061 -1.80262669009863 0.863042112706542 -0.497518804891159 0.869765730078214 1.69394552256186 -0.224768335317974 0.185989446640555 0.0432305550762307
1 -0.177347297831316 0.634087575311506 0.972692224741468 -1.54718495522264 -0.0671191903453291 0.314254350766971 -1.19380295803686 0.341618904019783 0.505282010229284 -1.54986412733115
-1 1.19307244180732 0.466949437769869 -0.0716362101140756 3.64479999834561 1.61068937280898 -0.724469140393113 0.435017498392765 2.55459054692393 0.896846165075815 0.47056790664524
-1 2.64637235624203 0.457314190819605 0.693129588908163 0.849426554724125 0.287566735594452 1.14750171337432 1.08386632675007 0.0169244335246712 2.21277218604817 2.13327755819715
1 0.132267117009847 0.971703350021936 -0.75418529979948 -1.44649499750171 0.278444903608525 0.0699557466878892 -1.86395570330367 1.12003990941986 0.160847037882704 0.092425604004413
-1 0.120542512625843 0.644498364820223 0.0861491402943102 1.73061544887485 -0.147272289597765 -0.397826708562382 1.06213825276355 1.12973270140614 2.48962219191095 0.69550887286255
-1 -0.171100254676952 -0.567217129728325 1.60054163874644 1.67201421147531 -0.58326612390259 0.71082756523875 2.39768520229117 0.68477490767765 1.07369821458188 0.285989916285874
-1 -0.369953966953951 0.166697177939126 1.91611069713096 0.545163506231706 0.308040171398192 -0.428505393842237 1.04762079006074 -0.101199950822877 0.724951372469744 1.14801226225289
-1 -0.221403230117992 1.73292670835297 -0.227240039192075 0.49891326071959 0.76553642737033 1.32883146483743 0.77069785886664 1.05659909360840 1.81465159965996 -0.166180846433767
-1 1.79056061391444 1.04821387944385 0.563764198377113 0.78668929301706 2.15337421153692 0.968046818105488 -1.52864809621777 -1.16849831531378 1.27069347667066 -0.240405816968346
1 0.745881197898711 -0.117957442802402 -1.66358509614408 -0.0619268001559647 0.531614372041602 -0.659612873283582 1.45729148505736 -0.666445606738166 -0.499724731074131 1.26633779571606
1 0.292283464977706 -0.785085434259857 0.383495383418477 -0.0905819177115756 -0.0481016292809948 1.18181600732261 0.689202870144269 0.170750143233554 0.216901563366112 -0.589384799041182
-1 -0.287402496743611 0.618128980157 1.33820382782920 2.22518645865293 0.717184126325104 1.05758848577045 0.892828276635336 -0.534243060405214 1.29236926533303 -0.675027346436085
1 0.536786200635742 -0.423954618728573 1.13957899588203 -0.0528301657553341 1.56063237353367 -1.18290754054930 -0.242051119046014 0.377491616739907 0.309875027778802 0.422418918852184
-1 0.358190586377117 0.85178004659062 0.320545363403547 1.36222519885510 1.95478725551976 0.726807533039693 0.855099634071348 0.372943197145851 1.70287908895729 -0.509181860338539
1 -0.00550984997761977 1.73380265852625 -1.1387834905619 -0.637289320963546 -1.50225137889475 -0.40543122300936 -1.518027134381 1.16372108332575 -0.247893712388701 -0.613385152565243
1 1.69535593082320 -0.190617819125520 -0.676139107732347 1.3154200059926 -0.443368529007549 0.181524980586030 -0.75130215528945 -1.01056981724093 -0.776467789656868 0.273883388122588
-1 -0.544750541764459 -0.975952912970857 0.703142314742593 0.468241641882946 1.15810141018234 0.63666021967434 0.104836396268573 -0.282508756645239 -1.66331111405350 1.00910146629072
1 0.48477187812031 0.849020936860631 0.382085380682191 -0.273319363578068 1.53045450731473 0.0078969328327079 2.49006639647487 -0.373322678506472 0.364960777023431 -0.696567820233851
-1 1.04306116524551 1.13182326732707 0.189688884805123 1.61276150136901 2.25446727784785 -0.307965937100802 0.916056517332699 0.114261355204341 2.78619430879207 1.21080037516598
-1 -1.25346899837928 1.40018867966230 -0.369377061121313 -0.340689776084736 0.693247274430998 -0.681416916687651 1.96484775444681 2.40716238281740 1.69430374049655 -0.22066405238765
-1 2.03849746858474 0.669725373522281 1.84844326415435 0.796841651416089 0.225060309229119 0.873623192447762 1.14760494162368 -0.398121829562701 0.828103605259153 2.02793809393672
1 -1.77973407278162 -0.296344788197771 0.738272800964513 -0.58286361365333 -2.10480547577226 -1.30283631838159 -0.94934756753995 0.478393027388679 -1.14919912683528 -0.652633596351906
-1 1.14116455035956 0.133098939058594 0.173535354877538 0.822920941752353 1.30570813083442 3.58884439004415 0.818864247836842 -0.361974090868776 -0.233894715713059 0.533077373089321
1 1.98565403461912 -0.277768795718766 -1.47270622743359 -2.17306261520577 -0.0620971720380639 2.07178708849356 1.48658131526483 1.33001562030681 0.55759155704519 0.930051818041975
1 0.952519820724873 0.212082637824228 -1.21502994116941 0.148725147592303 -0.976651521605592 -1.31136837974985 -1.64106028896188 -1.39913876772724 1.11036788197593 -0.0395931048739963
-1 0.948283478864554 -0.911823526695595 -0.367663965574036 -0.206757959787414 0.475597340312328 1.41923111815453 -1.48471069627689 1.45688143641570 -1.40951099033108 -0.0848858986045796
-1 -0.636163897309737 0.504478638908006 -1.43587636678554 0.978777680131715 -0.857439764133263 -1.59188063966026 -0.304006928351567 0.452808857862668 -0.585380896673747 0.667717371531891
-1 3.03894181314345 -1.14976386754978 0.351131978509356 2.41891175231472 -0.594707397099511 2.13357724091209 -1.06919442409162 0.0548761552921476 1.26631049933036 -0.846112728842381
-1 1.39521742240333 2.25262871686943 0.688012835667396 0.778721844806774 -0.541119692648038 1.34385260827707 -0.154804558304768 1.44567752525788 0.353547852817481 1.72415580611533
-1 -1.68707372366421 -0.57044496059939 0.394106487360204 1.08110074966861 -0.215504326637562 1.00096232303622 0.365763993778822 -0.124670293835348 1.24606247738396 1.84999339851953
-1 -0.303526214117606 -0.62992476990729 -0.438541542330133 0.287895508870096 0.897965589122498 0.437105777285552 2.10726071985774 1.80711170771634 -1.19240065941946 1.94371212186477
1 -2.98263124445429 -1.18877893608387 1.14350869155077 -1.36364557654031 1.43664095750971 1.27367362644764 1.46376884966926 0.597168284115453 1.30346313070489 0.125885099995351
-1 0.524343983692664 1.0674741654125 1.27804518821123 0.431062072514737 1.10188942012654 -0.557393646985788 2.19865906600310 1.43024376855966 0.760788551208215 1.12666845790203
-1 -0.418875187634486 0.949111303021597 0.143842418431803 0.954443289140935 1.65697107883151 0.814969435333203 1.00344383290513 0.778932106813211 0.439783566481817 -0.0962855004438696
1 1.01173139680881 0.386562038683667 -0.822859503568994 0.733172470194414 0.945693590736525 -0.0445101941227075 0.929695393966837 -0.337641039742283 0.220002152532154 1.13502677570686
-1 0.529086915760373 2.07462402051656 0.53053676972947 0.392103274675262 0.302079300245148 -0.894608203182236 1.76995244165721 0.992672541970391 1.66420647858654 0.188386854110012
-1 0.652242351656458 0.900444717006666 1.50592542751904 0.824385530718346 0.486263417076922 1.73695790381672 -0.554948742775031 0.702820021438733 2.83070313527172 0.477368319148601
-1 1.26242745644081 0.550348238656217 0.981055196575651 0.366010949320102 0.101228253773922 0.610541177106315 -0.477864139094176 1.41735320137575 0.588674956899755 0.676228355187625
-1 0.726198096611617 0.817927230338972 -0.407411293820114 0.226869359518967 1.12274218991829 1.85159391491386 0.427895655011867 -0.510799600725108 0.0749700674155817 -0.966818833626316
1 -0.0913290999557133 0.586374402579852 -0.323338969063994 1.07154949735315 -1.43821940473236 -1.14552506666677 -0.0464971327284637 0.994457391199402 -1.53894899615460 -2.48622814633792
-1 1.03115128257541 -0.289859389595699 1.4962701921347 0.416034530766397 4.15177836795742 0.671736568479561 1.14852432601130 0.146889217328579 -1.10812024391121 1.98711274791431
-1 1.76759155397770 -0.0576806889663957 0.446741357820753 -0.379432021290946 0.0349896193242806 1.25722873933533 -1.47176455214399 1.24857007713069 0.591199664987394 0.0955532396085752
1 -0.120482499673244 0.57843939523356 0.807066875439642 -1.01924028564345 0.0950218746345784 -0.296298281036104 -0.491214246819248 -0.136121954696280 0.235048232511961 0.53460714924655
1 1.86354000826465 -0.098238729208176 0.393187072341541 0.645630169927443 -0.148017722778091 2.09663898393963 0.298195018102894 0.428804815512033 -0.76288415384478 -1.02456995601086
-1 1.13188512659829 0.0375020268665985 1.37221816076259 0.293064689608825 -1.64584912784781 0.839626218466072 1.17411974105555 -1.19348815811160 -0.241192787076749 0.372062815392283
-1 1.56707197123197 0.973995995074519 -0.347105720813037 0.568216450716564 1.80252400350478 -0.0998528061981788 0.9987776606046 2.09542997981933 1.72120679067548 0.213336294140305
1 1.22812397209341 1.38757427321741 -0.190497381799857 1.45184830580334 -0.551048988803574 -0.517975062620224 -0.111562787339082 0.700019416685486 0.409792298254442 -0.519291623878975
-1 0.45940384198208 0.110625068395149 -0.704615438430652 2.22334095736493 0.298601148500486 0.48972121429814 -0.107801632664093 0.230369500297356 -1.56534476969142 2.58759432260323
-1 0.514720223016191 -0.326048831303757 0.110280066677204 1.05998476906586 -0.153446373219933 0.708428520253809 0.518646591362534 -0.577143273471678 0.53790497182175 1.19598604456485
1 0.86781513961555 0.920924750449272 1.76797569529348 -0.640035667887059 0.675748391565883 1.06116492832607 0.187475394164875 1.28889495616444 0.208562925019250 -0.852081810071112
-1 0.657209088394306 0.177338775759639 0.000205910966666889 0.611129606302454 0.893588759208912 0.329400955556371 2.36293168311096 2.37612045544031 0.893914622408393 0.439307524338676
1 0.708098447875369 -0.348227964633279 -0.745993916203918 -1.12343486176514 -0.240828929116693 0.095686461426856 0.348039185318653 1.74971947496275 -1.00731108962469 -0.596893381338285
1 -1.28662196165565 -0.837023355981719 0.658944466025313 -0.305425803923021 -0.0773306694135757 0.583805593743298 -1.70677488154020 0.174074318202036 1.51297361481046 1.68227700304913
1 0.122019936086169 -2.64235456707236 1.77506556332155 -0.406150119398913 -0.860976574286422 0.628418303991588 -2.68028309113849 -0.84318505292773 -0.224805090278908 2.04992314038746
-1 2.19087416942674 -0.228453388646265 0.353247428390676 -0.0167101923966134 0.582632399812015 1.43114688657297 1.73640820453730 1.44050623626181 1.22737150677337 1.75657692760889
1 0.202750480253281 -0.777221408569034 0.615622125980062 1.20993366774465 -0.267177838544429 1.56466205253102 1.00447689755705 0.599112801666331 0.795249669941182 0.67392103740419
1 -1.88314725580923 -0.680035810757031 -0.506199504466615 -0.409893374041183 1.33538385158579 0.421939986156269 0.902072010572112 -1.07935781588893 1.28392782004965 -0.53100787761096
-1 0.80525112795064 -0.522772216405885 1.73587744763019 0.220871460256925 -0.082320870152137 0.228548644725202 0.773015672651211 0.68811604586713 1.08393464829650 2.06787370813478
1 1.98425649828753 0.774247362888504 1.37667249775263 2.99495313939593 0.318062006479041 -1.32140892784608 0.599557139165926 -0.134658900579450 2.16876688101568 1.24894253907205
-1 -1.07756809091151 0.981022407077037 0.479482380331927 -0.160010893611183 0.917229811706261 -0.379019226795823 2.54458682315827 0.606092432723544 1.22635821390714 0.531090326705513
1 0.165603005106652 -0.995709616358294 -0.914930757928185 -0.703806403255396 -2.83518557930515 -2.71762057642305 -0.675349703075443 0.853744729100814 -0.657222917860924 0.321848281522764
1 -1.15822799920843 -1.13381962324371 -1.38762123622681 -3.6055009807096 1.18246794228611 0.925288228889929 1.97473195123 -0.0683737676137116 0.321047239156848 -0.425812457808611
-1 -0.190920604229368 -1.14242158260143 1.84520480537821 1.70924143304176 1.35570103610961 0.595259114981736 1.20128071652005 1.24718863728900 -0.702508804459544 0.848379977934496
-1 1.9403837690654 0.192603525633123 0.205217098833456 0.607000371868333 -0.565148821379879 -0.104045266375853 0.303160119231406 1.12675963347733 1.43900556997512 0.9978949800983
-1 -1.14122943650545 -1.3879606862528 0.572855733891425 1.73324425857499 -0.500235662961395 -0.224297098313418 -0.160197024987394 1.89367817867131 -1.10793585851873 -0.52256560248805
1 -0.876480148691919 -0.139689928850009 -2.88554529224311 0.565190359631154 -1.14420481230413 -1.24293528802294 -0.820081807626109 -2.10574379825349 0.281235349287913 1.18332536769343
-1 1.94124586662971 -0.723994376261261 0.884754322540503 0.398957451092247 2.00426665054295 0.787181440694043 2.05332604835267 0.773223928804144 0.84495038752605 0.81100996576128
1 0.0397620402237924 -0.986430426541865 0.0681404469333954 0.209640521373841 0.0520444770303307 0.333580566886611 -1.0892737415357 -0.698517139055494 -0.752543581420931 0.431404066097935
-1 -0.440546153094402 0.421653085387082 -1.09016806593047 -0.477954023524075 0.0122596866086842 0.921726738802664 0.663622482703703 0.498352215710395 0.762753049827143 2.18992372213750
-1 -0.432789002720746 0.80483466176023 -0.712394810758543 0.814087180855184 0.690375534924084 1.14039553224948 0.660615153883325 0.395639057966455 -1.02161260970901 1.68383811953664
-1 0.523281844998812 0.590020877356928 1.23402394970954 2.08891291782777 -0.496980106924419 0.297154411360325 0.862064703625367 0.199634032522404 1.50497090395906 0.733888064548937
-1 0.958760010037853 0.300364153588545 0.94446773089938 2.19024545742412 1.23008809738177 -0.160323832000690 -0.541568139570123 1.92811294555345 0.72955587808224 0.412427828003617
1 0.056742727349726 -0.197565779132859 -0.110335494910922 0.0705425108493757 -0.670714905951294 -1.25196460396510 0.732008626893064 0.329782090049235 -0.118114449739268 0.520854343367549
1 2.95923536635448 1.30505257247862 -0.310319189355768 0.825114009436143 -0.969215496518662 0.663020552229843 -0.59991121207525 1.78074437622939 -1.15110718484696 -0.694767664940993
1 0.0233489653840772 1.94409536564189 0.254988431233986 -0.430461431685905 1.3658140056589 0.605565248108021 -1.04911339827626 -0.958138395107962 -0.0970577564860523 0.233236934822973
1 -1.66868605485580 -0.548028986684795 -1.62744355075844 -1.40337649482791 -2.24383600956608 -0.141766555939003 -0.946667457284447 -1.8932922100757 -1.08897388677562 0.9326022621206
-1 -0.82292715623424 0.800269467513789 2.98994582652993 1.57768833156126 1.86745320268449 0.138263764102349 -0.0177960339898791 1.23691353339028 -0.324175401052048 0.245524880716707
1 -1.11920872446443 -1.53649926853026 -2.67865331599647 -0.0543217584829224 0.963651399078879 1.17326125462522 -0.278928069379436 -2.06539689710628 0.543896719310846 0.924808056391608
1 -0.122106122683804 1.17327753237711 0.905585707508468 0.173771697753899 2.96103193084062 1.58516835008711 -1.25594234353813 -0.289808646536291 -0.194660866000876 -0.823750198568257
1 0.925533468660731 0.291496291231573 1.06627149131345 1.38196791017709 -0.535881928385337 0.584240898062604 -1.03193927767803 0.200378184358198 2.51386387037878 -0.651972521859804
-1 0.839741512314277 -0.746522146078055 1.25785456270457 0.918233619097773 0.491706903357638 -0.162459694877186 0.366292734452524 2.08025296995235 -0.529557588186276 2.26759302166895
1 0.255681228316378 0.516533534353859 0.713590490157262 -0.877376724174419 -0.305289887896977 -1.32666580781841 -0.507133093591123 -1.32429032463056 1.08978111804971 2.30276239197220
1 -0.254729227419444 0.257893320134392 0.0908382963790353 -1.06486857571575 -1.22377662105036 -0.124304955365974 0.144129399335451 0.223383694035721 -0.399357807995213 -0.948558695779325
-1 -0.70966244990914 1.64827092795838 3.15807766887142 0.367465693841591 -1.41087377479512 0.896487409036703 1.23166681790581 0.235585540949673 1.26205284291364 0.477243365839067
1 -1.95617552560260 -1.39705541359048 0.462350619117865 0.399412197324593 -0.0416118750852195 -0.211988228830963 0.910695949988834 -0.489137857221962 1.84410332437586 1.46943220819436
1 1.53653275165424 -0.903291941100615 -0.732020090080413 -0.105759336167812 -1.17868316654534 -0.232208287090968 1.11149129094870 0.0307186075534412 -0.220383473085296 -0.511835547680906
1 -0.364711336726102 0.532354098399098 1.61278038555994 0.194540264651514 0.38751627124089 1.41245450601453 1.09189956255754 -0.903752717895779 -1.36039675249957 -0.676294382227925
1 0.0742634381307895 0.613893840763918 -0.826615106857997 0.555387277383867 1.41162293548079 1.13046789749998 -0.0997314426560483 0.195424048508308 0.234579902901016 -1.82330620110674
-1 -0.249341332346489 -0.213487280095962 1.04850249698006 0.782632530617335 1.07809882495201 2.58451436395164 1.20190865063497 1.33004487298832 0.80425187521608 -0.293269052649741
-1 1.60408570490339 0.501416528291442 1.34071575576689 -0.788650673807997 1.71243732745246 0.889569232160296 1.64955502076203 0.934345130865841 1.11127416330348 2.49327553394412
1 0.213829601512694 1.29859158011933 0.493175682944899 -1.15750369495457 0.628198050231836 0.998743700608855 -1.46341633636378 -0.744978773775686 1.21371414136085 -0.215424595949187
1 1.37155388244519 -0.733577136886313 -0.288334375431153 -1.09369648944580 -0.640892583492224 1.65243752567473 0.37458063964372 -0.577241521750432 -1.11255846998834 0.50056969601365
1 -0.130418679748058 -0.139078966130118 -1.38505252729603 1.30581372715731 -0.900136954162359 -0.544338959163325 0.451340853428516 0.944861390803681 1.49779741331259 -0.188739410522977
1 0.326789456554324 -0.322218091317413 -0.585303061551994 -0.590237831680116 1.27507109886605 0.281289574213331 -1.10717155483810 0.506920582666868 0.219467990931310 -0.196678782144172
-1 -0.122022079764894 2.47732916067941 2.83979884532470 0.880300463152545 0.445034407574656 -0.331399421135655 0.785799107657053 0.145402944809559 1.03794613897561 1.93845373726772
-1 -1.47506785993570 0.800966900975374 0.919557552050418 1.14798172461486 0.81510604615914 0.592312054950984 0.405886642360238 -0.985803342519145 0.803697845458351 0.692253578611182
1 0.102659018940673 1.70156431265396 -0.958503291069703 -0.858943021405381 2.50917207297803 -0.572150700986639 -0.0187594093282465 -0.350640427931886 -0.432124271269011 -0.469753611424701
1 0.695842153006254 0.0536805494495068 0.989614886920775 -0.279152417432194 0.299793642706130 -1.86546803214065 0.545240454563576 1.01707528641343 -1.74182197579624 -0.148077492313664
-1 -0.518494758031825 0.538724786073781 0.606455292598341 0.329917499813256 0.195588140351259 1.07945285751880 0.0604608943533357 0.702156063181152 1.58076738809265 -0.322604778658244
-1 1.46483977192505 1.13387417914537 0.180221574934644 3.02376817466173 2.16826347995634 2.16771271488021 1.06826272625479 0.0296717310059944 -0.769165295358356 0.5824298838945
1 0.550038355162853 2.41081684952709 -0.425699400068072 -1.43839103887831 -0.516411406720287 0.323965590961562 -0.296426236619857 0.517776298627806 0.471131642114696 0.198247957952263
1 -0.862263594948537 1.96771665758123 0.0487378322306523 -1.77591035774953 -0.937176356040653 0.429866250002436 0.667136342822041 -0.337633787622902 0.116703153666894 -0.728073213139983
-1 0.297080656111976 0.914423803063324 1.17619504659188 0.29833414862889 -0.42747994106555 -0.0945701024513318 0.72674790859837 -1.66045082756226 1.41218778261779 2.70676568765143
-1 1.42390038072147 0.625803197036024 0.153062369081867 2.56755870777964 1.86819572442977 0.598668046697913 -0.0151902929284812 2.06447822252655 0.722725009450675 1.76956677398945
1 0.250899180722084 -0.0738246146914705 -0.569407561921416 0.178429886579753 0.248454698200778 -0.0908012233995236 -0.804797671821005 -2.28046608035402 1.69194505260291 -0.693547892208513
1 0.72595177021158 -0.705911375747646 0.293462300610711 0.630491933334432 -1.27226159940013 -0.425830465329809 1.71312452010052 0.0841236474895985 0.287479516425837 -1.92155077013796
1 0.936308266623958 1.11384969215890 0.50488282049165 0.29219418443362 -0.820461076391015 -0.626868741406956 -2.41174891911721 1.82452669450331 -3.03845518125929 1.15971982269030
1 -1.61356669388946 -0.764392646968179 -1.08303245311337 -0.82746629924371 0.207622730530760 -0.994591647951166 -1.97411148803155 -1.00297039421726 -0.922406422248858 0.153762887655048
-1 -2.56230553052707 -1.01800215702903 -0.394273362421058 0.0297193740093727 0.468338680717745 0.812040494135557 2.78062434272198 -1.09165234666216 0.468025020685733 0.929152938501042
-1 2.66342124295418 -0.192772774814465 2.85379889247159 1.81972325395880 1.58683843505481 0.958968226568573 -1.05581716041699 0.65860963370902 0.130925065416032 0.604914859870706
1 0.796945563848665 -1.65209109587392 0.36086464375827 0.240951708138728 -1.18355773343969 -0.475827656527921 2.50756451090464 -0.48003352551206 1.76347058385328 0.279076575149350
1 0.215035935154222 0.403358957840618 1.78164195931209 0.652061389078639 -1.24819183918238 0.112155865105079 -1.53136587857101 -0.954964732672265 0.180889938398925 1.58978665675334
-1 0.238643093084454 0.344586479292237 0.136634394594971 0.541584913405968 1.03646688012668 -0.0318656648815141 -0.60413140461647 2.41407940328364 1.11542539488598 -1.97958206228522
-1 1.35868039569997 0.852069369369247 1.16153557285733 0.332079912805211 0.665347931488059 -0.192679915993000 0.973359728459134 0.223715721942137 -2.36796661107664 -0.820682980980651
-1 0.0999659280840043 0.264836415465365 1.31641513439290 0.807545192969931 -0.107706836572960 -0.836950278126985 -0.738457609206264 0.790722999584065 -0.167833624220942 0.642742662208371
1 0.0723570634691472 1.04282695735445 -0.218731709161107 -1.55039533983805 1.93419981677917 -1.93716446395296 -0.660239740351224 -0.669747467788582 0.0599536950696186 1.43394764871528
1 -0.52760825050136 0.921860177907405 -0.103752582975321 -1.29740566884854 0.505670040049749 -1.80364422721533 1.89478699823408 -0.434697880088187 -0.692107571398416 1.84091402606376
1 -1.34481305112294 -0.601359077648733 -1.39973625628603 0.91473426201388 1.89160388703791 -1.68269574114981 0.0263737624243002 1.09206935502674 0.560227486296032 -0.551596995007403
1 -0.961053893940032 0.670996034884291 0.722332633793392 0.069694756698957 -0.399862261931756 0.100814997479956 -1.73950866864186 0.013412741887654 -0.757225025673448 0.820592738100718
-1 -0.626159512224735 0.369367802677489 2.84880569444289 0.848861281949901 -1.13814119906245 0.604806650781028 0.57096405863419 0.466595715215008 0.984554075884699 -0.195883425308859
1 1.06960726951338 -0.0877573258692871 0.200513560912466 0.178082761312354 0.0541686719895603 -0.424949648757868 1.10134012182819 -1.78355060048060 0.69292862059139 -0.148171718345830
-1 0.248293600578301 0.470264972350418 -0.61971045253496 -0.558768788458187 1.46172730963539 0.524475776883796 -1.40424144836998 0.87334380803691 0.594773355656611 0.436903265143045
-1 2.69865336964333 0.47842407283985 0.214344332046870 -0.958461072142225 2.32647445711394 -0.271189057695033 -0.0902912271831369 1.86622584380931 1.63675815660021 1.68059899400382
1 0.0804988083186464 1.32324961587607 -1.96563169541274 -1.25177888594123 -0.361270712824399 0.750378423004412 -0.096339336245579 -2.26060010269800 0.614994532927037 1.37113145080467
1 2.30927446939832 -0.541570568747735 0.672765517659864 0.436848799980381 -1.29630820757624 0.292236391999416 1.04277594498507 -1.18093052082398 -0.466545850545268 -1.20890863570579
-1 0.289418606204243 0.264187460840600 -1.22018724315123 0.743814233741695 0.232846610525083 0.821991891159254 -0.142375353620161 0.147268914246867 3.30867403259166 1.39648311467142
-1 1.02878639999542 0.229639571385996 -0.669609550604084 0.944963381560147 0.700445753854975 0.624733137826307 1.70572745793874 1.16182961017623 -0.514929401137588 -0.819625367411887
-1 -0.515207457404311 0.102995959987303 0.80541702459864 1.87939463990184 -0.0158207389886242 -0.177348158511017 1.69259034128072 -0.592042292631695 0.0925736293098116 0.0666699620884801
-1 -0.443344065122011 0.835497938092407 0.341687881874288 -0.269600180804677 1.13758172433270 1.86386680192851 0.464026989205583 0.0812697324200352 1.36935179555007 -0.71420843988255
1 1.28993387842061 0.517990472194781 0.3585220236302 -0.442368004247205 0.888543069031195 -0.432833925795586 -1.71830930758338 -1.90365072503279 -1.10603795141282 0.707149332320584
1 -0.145690839779362 -0.768653119711996 -0.652240694911256 0.677945749166661 -2.23040039100757 0.690654518538332 -1.93988743182652 0.13147101114745 -1.49627178886437 -0.931292333169015
-1 0.197954367137116 1.07600913551574 2.17556802030725 0.116543640319116 0.544530467405963 0.674922455172614 0.416607823962238 0.69830672511874 -0.482661419596167 2.27337535766811
1 0.185346613661218 -0.182211619362669 0.105002310567985 -0.729429094530311 0.464980224436922 0.555620610028137 -1.17994980052335 -0.525774839426899 -0.320899735350862 -1.93867212304719
1 -1.08098490205729 -1.14169306850559 -0.679448734169453 0.442734631441556 -0.46791102828938 0.32797437884052 -1.03887314648919 0.177440112479485 1.86157915195378 -0.128448204057959
-1 0.600493454826521 0.277922182707662 -0.0906985388032165 -1.44641006769545 0.52878934003629 2.07346360546715 0.965877402081921 1.0526890204829 0.547814229036381 1.46825759994121
1 -1.18629884887782 -0.517630889962886 0.238797402479381 0.958525192937225 -1.29633760349569 -1.42204041242570 1.08472980948249 1.43635697399763 -0.463171196140161 -0.82238045486389
1 -0.473385406844817 0.639334076417987 0.499488947916631 0.827735502057637 0.876252220084302 -1.81959080398959 -0.826152365244612 -0.67071788522002 -2.04303588938240 -0.370027994020584
1 0.308787582291805 -0.239027334473436 1.55931343926410 -0.273947541316694 0.161232567870016 1.57828872516286 -2.19482206983202 -1.65441465839496 0.261218170578640 0.357102114357023
-1 -0.119601328859692 0.861554220056536 1.14182804167429 2.58355882676858 0.958522189085408 1.71006049513512 -0.297686713088766 -0.42059337531204 0.37333492055626 -1.18425740598083
-1 0.387900381104518 -0.968653354847585 -0.110779890108952 2.01010794490109 0.739556094420683 1.66726490585407 1.65198383204856 0.800761619306226 -1.20586434256038 0.856217137699754
1 1.73778184107346 0.657567355053325 0.789481203050853 -0.0753648990501623 0.0151933257981109 0.387682901837304 -0.786527376194121 0.0562403469420031 -0.157821901234005 0.640437130893133
1 0.00515016481074334 1.02626642359592 -0.078964935982359 -0.108035109963695 1.79447208025746 1.53752202489204 1.43319273365614 -1.10291949608393 -0.108423775112090 0.484628604911758
1 0.556775569602974 1.94410572094835 -0.129858093375238 -0.175596637678532 0.419332328802208 -1.58736658246360 0.299171901686392 1.34580821313865 -0.592132251290282 0.470268750737855
-1 0.051201919647798 0.96285726413275 0.126382967484524 0.797283132340464 1.27915341639472 1.69182876412816 0.116885476809429 0.537296273658491 -0.457164294591904 -0.475665518462074
-1 0.218373617335691 2.17274209985920 -0.450209478193708 1.12895659813048 1.26989364224287 1.76745189725172 -0.0931437028377634 0.0526799968654844 1.35975052254547 1.02747686338036
-1 0.0844115675803357 0.911715045004037 0.0824766637122165 -0.61448888845862 -1.56016550083211 2.04869415012010 1.16210845191266 0.386804248757249 1.10216257153101 0.815351993644236
1 -0.450954190402931 0.677362270514405 0.52731362418547 -1.36088990474914 1.18148309569689 0.055988118343362 -1.94779606423046 -0.413896697176513 -1.61194236172969 -0.681234883413945
-1 2.43354170083174 0.810020192705805 0.49033048837764 -0.838598723945517 0.755737776070804 0.399465751808441 0.816939276451983 1.14014735597117 1.42898144232091 -1.71359500942503
1 -0.423695192175106 -1.13685555095215 1.58337013903033 -0.687393232349623 0.682554650781962 -0.878998781876995 -1.21602411733759 -0.912133138163553 0.897624320749128 -0.841072261001752
1 0.714545697394943 1.47201600591042 -0.491847642424824 -0.76318629118408 -0.697028714642618 0.0120452575109711 2.05522103939517 -1.18632726755484 -2.12175294234547 0.927143146179314
1 -0.195930953841513 0.00825057776966215 1.08966686456941 1.92433154392471 -0.359930317875871 -0.594799011058428 -0.586446938607896 -0.210284102043190 2.47240036632640 0.608441061353872
1 -1.56506197242221 0.0255642077539842 -2.03072550520664 -1.17143493866034 0.351507521752946 1.31867159802248 1.49444557202505 -0.118377564282113 1.21772473083092 0.693909676488543
1 0.429745566110505 -1.99694232585536 1.03297412663910 -2.47510680003406 -0.847095071673618 -0.0405980313973792 0.364799829632183 0.0408832685850517 0.416433930267677 0.0529396406574576
1 -0.24487064541496 1.16551416056374 0.659537901093938 0.721469696638164 -0.405391987975286 1.11126387451072 0.347049046625379 0.0531864246349002 -0.88687620454469 0.0557090270190827
-1 0.98418332735128 1.56372868693329 0.828604258059826 0.537132012119161 1.46934602667382 1.17201802318136 2.45775443174162 2.58819853008421 -0.130521444035439 0.500964388705476
1 -0.371565211705745 -1.52478891874347 -1.80561011692976 0.184732623787981 -0.509887331055573 0.479466559266916 -1.63492892634124 0.126446266612757 -0.801374409649887 0.453517082158022
-1 1.40834404218859 -0.243251307135558 0.0281639581690102 0.029542781837541 0.53650221775338 0.526886279721481 0.242429884479237 2.15193386121322 -0.125304899859995 0.721641049911634
-1 -0.15806652378539 -0.221581372795221 -1.83933306977768 0.92426943036094 1.69264167164265 1.23375872258876 2.4737318550864 -0.067055390974406 1.18399244953320 0.669223257026997
-1 0.383822248962462 0.506065833887655 1.76830837698749 0.146003273615598 -0.00500709217133444 -0.01264574848568 0.987575387295737 1.07861469531390 0.653113842268268 -0.180867609558694
1 -2.44878643615385 -0.415416501756237 -0.0602183738153183 0.958199612665268 0.266190384450495 -0.470109387235008 0.678794084252642 -0.297295674891783 -0.397119826990464 -1.30135664828593
-1 0.477416645955169 0.0515088292054019 0.253425113526947 -0.659029977140299 0.997770755006081 2.19772896543584 0.829575140018177 1.35238041375901 1.56923247489794 -0.120845864084477
-1 -1.01223806013912 -0.160823731117530 0.487119369689589 3.20127706790348 0.439470416710456 1.25656605217199 -1.02192078057181 1.16095716705440 0.457812459249028 -0.521514652421957
1 -2.25763301701866 0.590291108957253 -0.857449722912472 1.66618781250516 -1.74153703601439 0.549015602529834 -0.346494098211445 -0.456214110874782 0.526067861453346 0.799860834826408
-1 1.46587409342834 -0.125260622530063 -0.104147407477205 -0.192257099745583 -0.795837147060682 0.471733496009537 2.86129860432837 0.165873245749949 1.62627372236480 1.34116616571004
1 -1.43901343151230 1.45560628935415 -0.196449646564870 1.29653194753384 1.90713510909688 -0.435982963129051 -1.74787647854612 1.49345005237915 0.926238159357729 -0.0894589381741519
-1 1.25354633749809 -0.0752256081227207 1.28872513531167 3.16272033827773 0.922157624054925 0.614335765085202 -1.48386814872689 1.71685854220422 0.368936536836367 2.46217417370841
-1 0.679509285694626 1.72088756800637 0.050684211263787 1.22061810733797 -0.0517116385942473 0.973663339261318 1.49174185612394 0.650626320339118 0.190521434302852 0.146577671875897
-1 0.979275143489566 1.77457003935897 0.78225834824119 1.45765364218266 0.434022459697272 -0.84066011208531 1.02816368476476 1.45299641440299 1.51798565179019 1.43098675094969
-1 2.21688599370311 -1.07267648319547 0.684810595505217 1.12123108398334 0.056500451921446 0.711774939026958 -1.74598866131318 0.876478561889207 0.348428556541239 2.13013128516187
-1 -1.30086745458482 1.35533750918142 0.760596552592998 0.755118682258389 -1.24212744419651 -0.159212341428227 0.412241378051894 1.22818593659839 1.20571763705387 -1.36185833452897
-1 0.625266630870706 0.257294577809996 0.0385078999946825 -0.679273505926744 1.25932030825336 0.914106755997919 1.82116047781293 -1.67670586073218 1.37727060225626 1.90650698034969
-1 0.778494294231161 1.66998677346183 -0.272862865416639 1.29855943845903 3.10196665352086 0.243369192968953 0.121616018756924 -0.0430831356757244 -0.154134063354216 -0.0254474690700957
1 -0.0219506851134069 -1.67542614837744 1.61322172004389 0.939748519628388 0.214174878929690 1.86612559211054 -0.0494286362129146 -0.0418552103139507 0.428805123794590 0.168600664251704
-1 -0.120262740782524 1.7249898851843 0.359668109667679 1.83324332989083 1.46523443112676 0.134912312272183 0.201470417620785 0.869633593623547 0.0890912182594596 1.69881734393981
-1 0.0358635380651939 0.319207093570148 1.82382786025672 1.80397087631511 0.148749990711037 1.51517370765449 -0.883389665419497 -0.155118733791413 0.934018092243292 1.8101177352202
1 0.197570690467952 -0.500997169809007 0.232527967419254 -1.84956327116236 -0.896248305370792 -0.864265117985166 -0.925532669683122 -1.09617631436659 1.12120445565583 1.47962215422955
1 0.94814203946712 -0.195769676676233 -2.07163195540228 1.13414743451504 0.920022169651425 0.594917389298261 0.320622952112293 0.5918506639608 0.409683470339703 0.581636115142664
1 -0.637011155960441 1.45434224267485 -0.235900299512341 1.10202403377839 0.21572585112684 0.919439265304396 -0.717309889080742 -1.22930922939729 -0.00100469258585727 0.878973636064373
-1 0.266270540085981 0.415896283913597 -0.0253836521818946 2.09106123128079 -1.23447706918070 1.98548693428242 0.585349851777452 -0.104048652322223 0.0870427227893392 -0.173195152134925
1 1.58572423295823 -0.0813839479310431 -0.049668401549891 0.446088364522585 -0.638852484179105 0.585646220218261 -0.829655494730407 0.149535896572705 4.2339946805637 -0.80125315316834
1 1.8064233462681 1.06722759240195 0.464303728401553 0.00361930073902769 -0.279905052275995 0.666618246952125 0.501397731444223 1.37656352945894 0.46894941815165 0.791225371318668
-1 0.288979882046879 1.55907630129179 2.38803900993744 1.41782507022109 1.27596211826804 2.71645113149163 -0.0270616573703450 1.39391935729797 -0.204629336616406 0.725168602161566
1 -0.78858349111066 0.0349207119180092 1.00758762308687 -0.455674065542421 3.03089006358281 -0.80543670418361 0.970060016475866 -0.444166489115394 2.23685896798691 0.635242089217369
-1 -0.169521819905860 0.894510385234554 0.996613269879596 -0.312861733474896 0.507751816027166 1.76137059679007 -0.844258155089612 1.56591594370284 2.39857601245457 -0.109570899646144
-1 2.27420592690186 0.530050325843121 -0.174447781674577 0.89069575474425 0.300753215798074 -0.318107620675884 -0.16579823050894 0.980940781190454 -1.05374380477709 0.622258228087332
1 0.526493288111032 -0.574953869026755 0.808871629989286 -0.238346022486154 0.701639495770031 0.752383918635568 -1.35374521944658 0.384470248681557 -0.792369475573201 0.124893216238275
-1 0.289841756095246 -0.711031102606933 1.03703051684554 0.928166783216715 0.648759452868554 2.49856892309561 0.00905161098808238 -0.634110472804187 1.28288109901864 2.44702073233193
1 -1.62028954484528 -0.837389077602767 -0.605987998538924 0.796368984796544 0.570718670888609 1.00244799124688 0.501955196506157 0.567832710948378 -1.23543206173614 -0.0298255134643145
-1 -1.18121984630102 -0.291129045900604 0.467188187133143 1.16639981986371 -0.922886219102422 1.17196865467189 0.519428840799212 0.669800492988747 1.47879261337524 0.908980678278786
-1 0.783012610927694 -0.683357761011311 -0.174393109981252 -0.728095456617105 0.989184174700488 -0.521994432258721 -0.81192511400866 2.08553738407962 0.77945354659149 0.862564051909056
1 -2.06920407454236 1.64393317718264 -0.592658523652666 -0.44883380300446 -0.768405224443192 0.799004321812136 -1.32820066003855 0.261582456495301 0.103126541778391 -1.22400899969366
-1 2.80796746135014 0.42376481173182 0.43917328125555 1.75740491618713 0.242999792905358 -1.54865597514756 0.370870368459899 2.81653099208367 0.707039965190918 0.225633782871994
1 -0.236077213413142 -0.906025812107023 1.41813747318030 -0.344727259239043 -1.62859016246308 0.425702535889877 -0.844239429242552 -0.98233375451402 -0.590764490329264 -0.642020003555814
-1 0.155310315603491 0.749613794613382 1.42184313652979 1.50372270408845 2.08627769230276 -0.593258467994236 1.52846592607340 0.696933140028573 -1.95679936096597 -1.05928582764457
1 0.51801398099398 -0.280256406258677 -0.65162588398646 0.660560018295414 0.54710763310169 -0.184633380377535 0.42832122513207 0.566640416985725 -0.0863961419506995 -0.694679007159886
-1 0.601346824590101 -0.593165998348375 0.766295550649435 -0.296034626019148 1.03447320214883 -0.500327271925504 -0.212201363005376 -0.642003240373013 -0.105978370927014 0.0863083792793788
-1 -0.242917843729199 0.172027473386195 0.627060175810469 1.41402253155328 1.91347650091467 1.74202313836285 2.38276022566230 0.701881342529383 0.561961422736656 0.603893798152249
1 0.237928390308296 0.179234194897929 -0.941774051314403 -0.532371462642034 0.244299156948714 0.028360856742397 -0.489259421074366 -0.208154256218895 0.710706369706416 -0.0501351654620295
-1 0.923737850507239 -0.0638534296880954 -1.0218548189645 0.85865192675866 0.958511181330436 -0.855559703097648 1.32019204470026 -1.27813336113949 0.956817772017436 1.2185723195788
-1 -1.40151096491326 -0.00606716473784275 -0.601767640138635 -0.972928111097682 0.964171758074417 -0.0382711408606959 -0.0826774467279294 1.51243580346222 -1.02655251159106 2.04330552523590
1 0.172560290825743 1.47721324710344 -0.143565099348224 -0.547344771791745 -1.11027533188962 -0.433601843536463 0.72914688448788 -0.80767322729207 -0.132066450410111 0.836026417041704
-1 0.140891819512376 0.93818002642904 1.01019569600888 0.525126750410438 1.01456779480396 0.172220327283313 0.721022803632778 0.761260104390424 0.132697091555843 1.24428613964424
-1 1.37248229129990 0.0130465593343163 -0.0632139177252454 1.76863922587857 0.603723051292543 -0.892536370783131 2.23112895579181 0.954213389589875 0.79713142854919 -0.0656345648448108
1 0.6702670966878 1.24098920754770 -0.571960355668383 0.698193264358946 -0.288951334611812 1.01985353012076 1.24931868934231 1.05626599171963 0.432690793082944 1.00122278026431
1 -0.080167705787046 1.40020965669838 0.238695384599451 -0.263530599401591 0.713733638886165 -2.10602494972391 0.365862234711506 0.049145894307982 -0.915710121840898 -0.740487341914789
1 -0.576143163434046 -0.245382640245006 -0.72910920876789 -0.109119666738521 1.26901961389554 0.100052646041163 0.211449790985769 0.0765167134309667 -0.616764418993476 0.230107695936614
1 0.557613394531081 1.78213924908628 0.0299733509342314 0.423108571101666 0.749365791463163 2.15839551251966 -0.677600039809938 2.46839919422754 -0.348382832280603 1.31209269754862
-1 0.680666084763525 2.08620698152990 1.18834084661938 -1.19576272429474 1.84877835371716 0.918684470043975 0.543851618633623 0.193075870462477 2.80195992433535 0.45440877899179
-1 -0.827705102346891 -0.292749460641664 -1.15929547508189 0.0360916032763589 1.73814967633371 0.996043605501713 0.176807201072975 -0.450440168539905 0.482974556183921 0.652282602160312
1 0.427374736193227 1.25154516503848 -2.46751240717584 -0.47613464749546 1.58963244222123 1.06920033716856 0.679986540840077 1.26353207959139 -0.0226207140433923 0.932916723029392
1 -1.73294289248241 -1.65612198255168 -0.225064245266580 -1.66378255835507 0.317729388936068 1.02253512359736 1.10231881526965 0.971517823408312 -0.32088907140969 -0.455096242744122
-1 -1.79091547014786 1.05491993392481 2.37208306810154 -0.587387309072343 -1.34376347095603 0.128572796959443 1.22544893211754 2.16204674604393 -0.392474964693938 2.44168430975068
1 1.62677412738946 -0.172481527143512 -0.561424805717038 1.07529804217787 0.0222271556321009 -0.0115990622558253 -0.0270342415207832 0.140799691963489 -0.883554734468557 1.09498089208971
1 -0.0424413966987932 0.209355809170925 -0.136270191337855 0.833869744775106 -0.736760767589986 -0.508697901213799 0.572861787894679 0.614757925312796 -1.30382340405238 0.673987314724622
-1 1.66369553414791 1.35100132952240 1.31518907145003 0.28255822994175 0.601501326236568 2.20182771496658 -1.96641090720296 1.00903223420346 1.08153228522601 -0.137134761544425
-1 0.316339211997997 2.11101495568442 -0.277843786138093 -0.753285755570841 1.56190447321232 -0.519468659136737 -0.0617707708053685 0.862610527076946 0.630308713152408 0.0544082370655579
-1 -0.312111134515823 -2.21067444498344 1.52318940726801 1.69596252677618 2.68048852347580 0.74392276030793 1.37333953001351 -0.154983253384252 0.450378261961636 -1.52197612653573
-1 0.937090665153222 0.90390711195628 -0.0139408947738551 1.24718921318780 0.628196683210571 0.362122060426723 1.51281598170342 -0.257985302262743 -0.552353168524711 1.25808829039830
-1 0.728757577918112 1.66576097595243 0.617128433605306 1.66513444857499 1.19247825126895 -0.0231624312080049 0.688804294307567 0.526040288944235 -0.370101616031436 0.807494713988062
1 -2.8038626086235 0.581333439308173 0.198427616327058 0.444002082558538 0.134906638760194 0.730445868635454 -0.739479350095962 -1.13937500671951 0.438488407105149 0.0386930521738587
-1 0.729888197459419 -1.13923141012860 0.486466192380903 -0.56010316278437 0.260534940852799 -0.849151519906226 0.7823712546587 1.50949146356705 0.307564233353212 0.848323648009202
1 -1.02749503196548 0.0258153029278495 0.211997539598922 -0.446575963432011 0.582971413163671 -0.95479022620644 0.763552041293757 -0.209499106221398 0.949638927899998 1.35217573271542
1 -0.367379781278001 2.65617861028341 0.0154023896409771 -1.27149596806407 -0.422419185199963 -0.992853538884066 0.935788620300089 1.16949275372262 -0.45314867784843 -0.649018711158751
1 1.52030533747871 0.285644456383993 1.33023848549264 1.2553805470474 1.33731832398179 -1.37860742191980 -0.731826267488117 0.182696265915715 0.326637388686047 1.08516817452524
1 1.15215411261099 -0.548233126215612 -1.35341703756608 -1.20685043699795 -0.214182942177507 -0.636863258640177 0.303204661060728 -0.173721732557517 0.420075335184363 -0.94141607691983
1 -0.147131638185256 -0.572613635290026 -0.434142757165065 0.232445497307246 0.444515074632429 -1.77022521191407 -1.33406870012120 -0.122996869649969 -1.06260482751856 -0.127313656307528
-1 0.834657246862317 -0.458516433437966 -0.0423686079207378 1.97609577735832 0.977736600016333 0.680420801075531 0.556622244116852 1.429969886103 1.31798990036594 0.684564753778852
1 -0.861187792255515 1.09924834401762 1.06539762282933 1.17908133916273 -0.257242765964971 1.65653648924112 -2.51458805981738 -1.04372381575808 0.468357515631625 0.461083825352359
1 0.65471309750489 -0.490201203047534 2.37789097239233 0.296196176314683 -0.485468171613074 0.550591990289477 -1.38797237706329 0.127799835868827 -1.07929570185266 -0.783387234942045
-1 2.49976184565360 0.207789121596267 -1.58398279266656 0.698475115690557 1.07241789854684 1.47448377603719 -1.32892360855430 0.487066083437076 -1.46033379078003 1.18253058549830
1 -1.22437685083053 0.759847931304302 0.535900463160144 0.263516205966712 -0.897398447048484 0.0442519177291903 -1.08285899326667 -0.0508364918510276 -0.584444395357632 -0.849636238078019
1 -1.18876214087360 -0.490575928519222 -0.742856792235599 -1.92886462592713 -0.211032105692025 0.458075277170934 1.14723190776820 -1.19583487015402 0.87620409563222 1.0927720905077
-1 1.10764877926516 -0.575603806175856 -0.441356309993321 0.885095010703338 2.27672482739321 0.144772691921337 -0.502213098805937 0.82697631297852 0.386095394610753 1.04232637330846
-1 0.475830075025 1.92311432963871 0.704946518938949 0.715969643794569 -1.46338713827269 0.939161605609634 -1.82926090990036 2.08327786674149 -1.14731667069586 1.82153400391877
-1 0.41699141502503 -0.556697862911389 1.57528345179470 0.948647641047777 -1.77238281149714 0.860305384025924 1.18869845747263 -1.06371967066071 0.125311496778347 1.48572632555649
1 0.558550018956956 0.500607435818087 1.48368692049584 -0.511042402036557 -0.0196996234678891 -0.809697373944504 -1.50151465832158 1.22731834672451 0.101767424557532 0.08491859579832
-1 0.90833257389656 0.980779762878343 0.0500675398357501 -0.120733627321282 2.33464802231398 0.916126113449282 1.35264821610851 -0.924553638769557 2.54810478327463 0.52835352262506
-1 0.324224628550592 0.638010321041392 0.669726021013108 1.66010088883048 -0.447589334593907 0.431926656176319 -1.57691322737701 1.71237515511278 0.378117743510625 1.03042754779015
-1 0.550144876620339 0.424422144002001 0.293915515623399 -2.38324839855068 -0.486280160789565 1.3953092588399 2.13762751793568 2.26950335736397 -0.0876699691040635 0.653339524751243
-1 0.835320579269067 1.43625844295195 -0.186217104031138 0.981097778387148 0.781437438599766 0.505454585384173 0.146849046499860 -0.230996106870816 -0.706198503295573 1.20838505777682
-1 0.824448540176124 0.534752480966617 1.43666224727886 -0.80989789240136 0.992023652446778 0.644090837073068 1.45714434088668 0.945277223654605 1.05052679543842 -0.787302110184031
-1 1.59392650339061 1.59557396732863 1.86839267394053 2.56942458926773 0.920639522796477 0.207023782100190 -0.192869699033367 2.62088334049148 -0.433102792416048 1.15019850405419
-1 1.35753576575883 0.574019415026513 0.776067963130924 -0.79971592415767 1.51441611187022 1.53937274199198 0.881177521151214 2.19843678269647 0.356669743959631 1.03212534319054
-1 -1.33152702798977 -0.343488834216849 1.33156939539335 0.357177367757028 0.221364307976155 1.56009215027654 -0.703263423167712 -0.0102736769177677 -1.63775549696054 1.86439812523870
-1 0.734416101696937 2.93128235370688 0.189326570683587 0.255357541040649 -0.591311932325745 -0.120299890679357 -0.6144247703585 0.0637496670455555 1.01771631092439 2.10599375688113
-1 1.21773350611801 1.79390577157837 1.35528933703999 0.182372286678472 0.305408354123433 2.24159998422 1.53573898235440 0.648552388323565 0.335638057738011 1.06725100973197
1 -0.398538838383693 -0.0489475723409946 0.911822307015664 0.0707658350579477 2.00822979874582 0.917288563627215 -0.781715245985434 -1.08725571921362 0.386126870363403 -0.155383721640163
1 -0.125778899204548 -0.81138906009462 1.99600599919320 -0.920715045169594 -0.809362976882525 0.546796383865869 0.557261496041775 -1.49346928732846 -0.348833351839922 0.0950402699002265
1 0.630026661719402 1.40962248292082 -1.75434215520066 0.685141984082508 -0.92383801105687 1.09201571523116 1.12614240420174 -0.735316087147877 -0.281599550549315 -0.88738560427225
1 -0.523634525972448 -0.129994931101280 1.70886256571157 -1.67572327847115 -0.448635272985478 -2.02983175852014 2.37855535295233 -0.00333753575658558 0.425396997341465 0.914119529748876
-1 0.701697810936965 2.08142576520718 3.48596863674925 -0.292885866308911 -1.15750000032626 1.51689285273261 -0.0385785580414492 1.47991624718732 1.04222846211895 -0.0127958690884387
1 -0.613360446414563 -2.74742512758895 0.248208203943368 -2.75395970592932 -0.554946311557206 -0.087796699734153 1.43714424064487 0.816056762237855 0.746147888972844 0.302000586678523
-1 0.232767207934411 2.08717855983849 0.224246415156414 0.0885739381573819 1.48972393023036 -0.309811846841085 -0.608352032662229 0.549887915696141 2.43989490995665 -0.428342191198116
-1 1.78510408872681 0.0379052837865378 0.941644167656023 1.56078636529069 -1.06069305628969 1.56992755802813 0.148019526150952 1.39104314130439 0.0998092493676063 1.15510638742490
1 0.436174303875843 -0.708169668311853 1.14158803704816 -0.750845055324664 -0.476721173941309 -0.353827931450415 -0.617001245662002 0.494088956267009 -1.07673250214489 -0.750984260387479
-1 0.507442009836392 0.940144133754632 0.433105607227416 0.509527075793823 -0.228697730015899 1.14044246721837 -1.76928930866373 2.70178610630303 1.62319720234302 0.134182267109386
-1 0.933840653930654 0.950552488792515 1.06757656339599 1.65277644286123 -0.286245972395711 1.34464928365829 -0.57878393128563 2.19245031535453 0.825729781070382 1.39372490796774
-1 0.94031827519368 1.20105814440293 1.20539730690477 2.26209993826813 0.0667260831675563 0.511894537095404 -0.341413548786206 0.628508045978442 1.22988309196435 0.646713614028637
1 0.716252141351708 -1.40057523919349 -0.335278272670377 0.417127495893682 1.39411468763961 -0.35427446230914 0.803275096315686 0.0175636525887348 -1.36941803495556 -0.922905007655306
-1 0.761318823231563 -0.0721631467904706 -0.402324011776127 0.514681933198632 0.773105957649802 1.21519996039002 0.519605795895677 -0.544467394524079 0.192319649288155 -0.319037892586449
1 -11.8182111758320 17.8787397148375 2.76867629187091 -1.69179811579055 -5.56751676406567 23.8551560894206 8.97504049662976 10.0943214492824 12.8503174511382 -14.8435195370982
1 -3.05396926748138 11.2943788349633 9.34298977022437 4.27217645574618 -7.1944102740332 4.9414128984406 -3.79178939759278 -7.88077111655562 7.33291945971085 -24.6006168582643
1 11.3225578300390 16.7289960427363 -13.6164182263364 12.6004267847130 -13.2387806556469 1.33234107059102 -12.9558125914996 12.6764111396580 -29.4759707142952 3.52356057223431
1 -4.50240821839607 -10.1064015763961 -20.5542407808286 -13.8852215840330 -10.7609500604572 1.30136223202754 -5.90175853084457 -2.15732625075198 19.5756545973177 -0.0169115205487869
1 10.4478243024968 -3.70244826984171 8.5203654482273 -9.13746883807075 -17.8257840922693 -20.7440470944645 -9.03357353949927 11.0176791980464 15.1697503161137 -10.0814008359277
1 -6.20300815656842 -2.42725117652105 -6.48776329644352 -5.60829021375562 -4.09320632566749 7.43242061906467 4.05102259829732 -5.6989737004235 -5.88147150679497 -5.74868950594493
1 0.800880973699685 -1.84525653619158 -11.2564305069257 -3.94737382860883 -8.94200073854376 14.7966603076904 21.6324246910381 -9.35273243257857 -7.29345380095994 0.471649264245317
1 3.85555273835085 10.2298333358409 8.16957731050917 4.56645624905403 9.83078974875873 -4.86949878447988 1.23701629215096 7.37265484388771 -3.62371389300141 -0.37266314983364
1 -6.12632874348966 9.78066329957615 -8.02912896903329 12.0223176088451 8.48989592200032 9.2656422810462 -16.5659426828798 -10.3880395823952 -16.6800579655919 -10.8115625410380
1 -3.98175354513559 2.12517243004796 3.18985737694461 21.5443423818868 -10.8994087274224 -1.32750840200431 -11.4807854448637 -4.53900426879035 -4.13017643565736 -5.64910968846396
1 -1.65804315589403 0.353832820670991 -6.72864713694364 -2.01621595892631 5.30483204238411 8.57552828451445 -1.46388652175178 10.8721057596386 -13.9561571397337 -5.40302612097556
1 -7.21053041103966 7.40798310853808 18.5665388395145 -1.60607665188126 10.6877683825522 3.95481749786869 -8.13928053206536 15.8209097769619 -6.8179262627843 -9.17531927395578
1 -8.52186668940996 -5.45903970557789 -15.2569795041034 -7.59930400716576 8.27250967756863 21.3975995625427 2.87954760590199 -10.3102541747283 7.49765767186347 4.64540096250096
1 7.96951516815527 5.56695475304827 3.90763457739156 -10.6449339538381 11.2424547981531 -14.1642040252122 14.3495104455976 8.58526379065846 1.66214204738419 6.96677721124261
1 -5.25152038572958 10.4018524225165 1.73643075993148 -3.43617797562880 5.5687042577454 -13.0342202973977 -3.46036475304445 0.132935561901077 -1.53555913797462 -4.27532651102219
1 10.7972171977953 -9.56780261718962 2.4023476179996 -8.30434356800804 -16.4064520681529 7.6285126395421 2.05583525542687 2.01669344688467 -6.6590413148855 -7.37436501569519
1 0.748378374560299 11.9597268981985 1.83527594611971 -6.68908023834397 -7.38725173274514 5.76823726093191 -5.86907369625186 -28.3814184736606 2.40465229014251 -14.4678086572845
1 -0.826847440292603 -2.71652338313209 -19.9228491347380 15.5946729409337 -3.03128262196343 1.58330729791266 -6.12116799500635 18.1437118608546 -8.19446936987265 -4.2187065414953
1 16.2525044124566 1.19489719509065 -12.8411734994915 -2.85248166489149 -6.72979638470771 -6.09549184411463 -3.76687252136922 -3.84005678373821 -4.9942914511151 -2.41444587916578
1 -14.2893323540523 -13.9561123295921 6.4111279648326 6.77549359505784 7.32154583523873 -0.49399867180927 9.68142291967325 -3.88838015011131 -18.8256979590893 -20.7639915495748
1 3.3042475097256 14.081001430589 6.3862261875413 -12.9878109248318 1.46041512755599 6.56460138646812 -3.16487742542441 -13.0289072276676 4.07417381475415 -7.0929029426454
1 16.3666815062332 -6.95376164772257 0.138691363834188 9.75534286745364 -7.71043200450113 3.80731508572593 2.95731206324666 21.0369162232587 -5.88900586154231 0.403986331732008
1 -3.27221148577857 11.8457966750257 -0.711722114962759 2.20215834259687 -7.6935000888579 -9.56654585138836 -16.9923781078549 -13.5831364715695 -3.03954860152925 6.4294279573542
1 1.04230514013733 6.96226554756276 -3.00308190486906 6.50063363381375 -2.173333275722 11.8254581589827 15.1209189244211 0.77513715014995 -20.0670605892449 -0.140838491363698
1 -7.93412050785744 5.34688865944861 8.47702551608134 0.251709331857305 -3.00464679352854 13.4144524893200 5.54011671352284 -1.41294633184191 18.3354545812368 0.355385041566391
-1 -3.38830238029623 -1.13806613294350 -7.04400379180486 11.4363227587572 10.8455828031160 2.67081987673925 -6.8699787840459 4.87371270871887 3.76133861139041 -6.14119295268083
-1 -4.50027541498451 -14.4660823021577 -3.35343600566191 5.50607766690903 -11.2844543406055 18.6295419580073 2.24240605328501 -12.3335590006425 12.8373155933861 1.00105002944624
-1 16.4895793605149 -3.76769249271960 -0.948728003361465 0.459923139610864 -1.44657237879561 9.46862407633378 4.35979426543003 1.34421519890057 -5.65559201890926 -6.63301282287927
-1 -13.8820715953357 0.5183923451738 -3.70122439131329 -18.4480201399052 1.02060665729803 -10.1270651710145 17.4601366943922 5.94462211260545 1.64976503606953 13.9497627360304
-1 -1.38966950503829 -3.61056420498384 6.19341270349065 7.8202475917078 9.08369799407132 22.6085243942346 14.4181891595903 -2.45500874259000 12.8405951763527 -10.0702944696616
-1 -10.4865863681052 -13.1767454383571 12.6520456386958 18.3513148995838 3.02592200806239 -21.0919701392960 -26.4827277986264 5.64592181764529 -6.91312516852294 -6.52351413362564
-1 -4.04906127881873 11.6564915130174 -19.7849980241926 -11.5570120694780 -0.830616909572189 7.1121990160033 -28.7062647787544 4.55155150353606 6.98119993178232 3.56147721255241
-1 -6.43208625936273 1.75111856392151 3.18801351939452 -2.54015432767754 -3.37032721291948 -6.77229960100946 14.0326166395532 -19.7130914556447 1.81906707444411 -3.46372287926486
-1 12.3289687261374 1.16055162933637 2.46810478122374 -14.0217587887607 4.77784897836765 14.8319992894437 -0.889512915300899 9.28484883846253 3.84408048844659 -2.46345455750607
-1 -7.5005068517368 -2.48845321079793 2.55486410392537 -9.40016136326511 4.09722908837963 -24.5619731198974 6.8173127970692 1.28120038142293 2.46047460672221 8.95720596325548
-1 3.94273811826287 22.9849739974703 10.3654488645733 -12.4721772492458 -2.09439553730518 4.00654101459347 -25.6014771683949 6.13150020630986 -0.829262631685755 1.58405468356702
-1 3.23420555639674 0.3959936939201 3.61130033298496 -8.03224972916486 8.60117614607871 -20.3014376171138 -22.0665543692804 -16.8800547284909 5.92587199809014 6.9254749078376
-1 1.66685155692181 11.8695413958034 6.18611051912489 -9.12071373507732 -3.94809854363291 -15.7491899683052 4.92870887218798 0.6385059632238 -5.94661100829565 -19.7085581454640
-1 -3.40483331143722 8.58784315899695 24.8084452511524 -3.77610133172712 -15.9157210259580 0.505301246488512 8.05618491613361 -10.3889366432905 10.5513009891262 12.1506976773956
-1 -8.76790878181248 2.20160817904048 -1.34931477910414 22.1964288567966 1.44939336634664 22.3404060165806 -6.86545186339881 11.8000763508323 -10.0968092910546 7.72862817022742
-1 12.7870235702388 -3.03851210300450 4.34656359806956 9.1652091395371 8.84600192756157 4.70304982889115 15.8297077582137 -8.2389531987943 18.0118088569739 -4.51914855809769
-1 -6.10363021296529 13.7339884168656 -12.9708659794522 -12.0917329239897 -7.0707069383357 -0.353114381890629 8.63540254361137 9.26229114165424 4.98892664958017 8.82901201977277
-1 8.82739902435521 26.3304364773114 -8.18704118847979 4.27444264302513 -5.38590833430449 9.35211128912891 20.1954659631453 0.142539926319945 -7.68170830448328 -2.08586185229065
-1 -13.4351219659854 -6.64095162093848 -2.25745616454974 -2.13252436682627 -3.38753396675746 -2.98104890677169 7.26224426904462 -10.2870048279887 2.08361930448448 5.73085829183242
-1 8.86986067907274 11.8097820380790 -1.16409616276465 -8.56073906462626 1.03162855459962 0.0656752795960175 1.98065140287579 13.5919981689712 -6.62023558561658 -7.16338641013363
-1 -5.10636590926746 -0.139592307454487 -11.1544000422023 16.3825572543768 -9.92992015215997 4.43601458105618 22.9343609971170 -1.57501813809329 10.0095528931290 -9.09409101464244
-1 -4.81784367891176 0.93504123138384 0.316052727458121 -2.80363755613022 16.6226791897043 -5.52409031529444 -2.84660427488868 -10.9000906759147 6.06841325466575 9.55390345896335
-1 -6.1388557847318 9.65208602641493 -9.40229943801792 4.37018485841577 9.04803101191182 -2.35244861194874 -12.3615362581095 5.83936509911102 -4.11743514584003 -9.49333411720545
-1 -8.9596615975827 18.9407308488242 -2.79419812354904 -7.50612797236388 -2.42919607340115 2.8164920586949 -8.29159385768683 -5.82690479652932 3.37451685988305 -0.110779478017899
-1 -18.6541273385895 -9.6953501237059 -9.21870121513825 5.64007574583238 15.5128842777313 12.5315300596898 2.12527286648795 -19.4610728955174 -4.88066375025966 -0.0541985833293603
