1 -1.20957241462226 0.256496204594245
-1 0.70599794196266 1.92908563622570
-1 1.51956525849292 1.84879626551553
-1 0.363589048675022 1.63494022053002
1 -0.481684197016729 -1.02439817102619
-1 2.56087309765749 1.82282267269843
1 0.714518494168766 0.187899067289588
1 0.692642259543367 1.11755728735754
-1 1.42187754514899 1.06834259622403
1 -0.733735910124671 1.12850596679868
1 0.0715411808533616 -0.187838998754721
1 1.97557550784971 0.95247178273709
1 -2.33861702638517 -1.79566711049897
-1 3.07454972449494 1.41721845593088
-1 1.10326628285683 0.455498704203004
-1 0.540960067522718 -0.575079850165915
-1 1.62231509182133 1.28326621773226
-1 1.00407601580008 2.98578314294084
-1 1.00034430775742 1.03055387896810
-1 0.990485658839308 1.76109508341583
1 0.0222778330357066 1.21623340215918
-1 1.30980448728426 1.01266428181491
1 0.92909442478811 -0.583031236769965
-1 2.46891735845270 0.876161598281672
1 -0.900705029787928 0.563085421542723
1 -0.406141876788296 -0.46925864395599
-1 1.80351550846404 0.771562500108504
-1 -0.234322815296193 2.59621196131218
-1 0.920143801865573 2.19162448998115
-1 1.33489570619186 0.260792872518306
-1 3.30890721108295 2.76040762588205
1 -1.75380330422999 0.827061331665697
-1 2.36335683904553 2.50161274771363
1 1.95939682042140 0.990604085750726
-1 0.86207721183992 1.94820971983494
1 0.723459571799873 -0.0234490843544194
1 -0.380616854650509 -0.395542775485286
-1 1.25887433759479 2.30004058046132
-1 0.66388020139764 2.06149352125568
-1 0.44803910582019 0.995717193398715
-1 2.61661584041625 1.00896323937711
-1 1.09993444852716 3.14872755723240
-1 1.7936378735211 -0.556316030045869
1 -0.708985945109182 0.750527472399764
-1 0.73994914959745 0.83470434518325
1 -0.567964165647378 -0.35327280994494
-1 1.54463183855615 1.24179558285182
-1 1.27533244758295 0.400581007871372
-1 1.82355184053358 1.36400899740759
-1 0.274240497718316 0.817025617905792
1 0.534304938516043 -0.316347589881802
-1 2.52763305854632 -0.871826684057102
-1 0.16738707356576 1.17320644696582
1 -0.829273673259715 2.27148028000054
-1 0.606849584325451 2.35968876057914
-1 0.933950629743584 2.00353802133436
-1 1.52160097271871 0.431634531469799
-1 1.27732202393745 -0.78576504724509
-1 -0.748315066263681 1.03381588141754
1 -0.0685966700547493 -0.239908830084792
-1 2.89110833096526 1.61264200233463
-1 0.534151180367572 1.28034684465028
-1 0.368821769658027 0.765797887229067
1 1.64910333617244 1.9653195329069
-1 0.834891571906214 0.369587764325887
1 -0.183243831950660 -0.143968152153907
-1 3.35115255751353 0.83771967234154
1 0.299754872971956 0.387651074192253
1 -0.446019969885728 0.189425427080348
1 -0.746037342121823 2.35496616610242
1 -1.52932990983151 -1.33247125111108
-1 0.982204462607656 2.76317190839498
-1 1.69321682794352 1.70454500492024
1 -0.182723955632195 -0.267834811000387
-1 2.64614361772616 1.10566138906462
-1 1.33965328920453 0.0443632607608495
1 -0.680156171560739 -0.198243571102019
-1 2.06949052807974 1.29155697494253
1 -0.0912235471562554 0.432589275641979
1 -0.185027639525932 -1.40895601889733
1 -2.27416055388658 0.326711501174537
1 -0.637204369357249 0.737846464995572
-1 1.67420004589149 1.18683089798372
1 -0.601732641497783 -2.61026239815434
1 0.182190176508371 0.289560049717978
1 0.327149940229207 0.0781838702098407
1 -1.45232108607011 0.640091084187155
-1 1.80650784789178 3.4619799015365
1 0.8887128801901 -1.43789457305093
1 0.276625686249897 -1.47900837171133
1 0.595070246939862 0.403946491767849
-1 0.795021075867418 2.80434666147621
-1 -0.186586851911076 1.89592613110458
1 -0.624314079505584 0.245219262514158
-1 2.77284024258442 1.60714609184539
1 -0.594824422826783 0.165503930725877
1 0.941168721453294 -1.46365436915727
1 -0.51539053712761 0.203452508392383
1 0.877925638491278 1.31646586181644
1 -1.0186665094883 1.45598829146307
-1 1.44121214996177 0.7237887246527
1 -1.26861597252287 -0.909677354060708
1 1.06684626080168 0.0150565950010365
1 -0.69268435408259 0.808556102879904
-1 0.191282080277919 0.164530863997721
-1 0.42081992690157 1.30542160088704
1 1.21697542575132 -0.202960492291158
1 0.130002229902899 0.0225297203127125
1 0.245246174050471 -1.06944720042057
1 1.02383515720497 -0.086241670595453
-1 0.564364490503838 0.0164169389611923
1 0.155372733399426 -0.196414220896431
1 -0.543193911560892 1.00931596557158
-1 1.70597470275524 2.59634780672361
-1 1.06705989013861 2.87741011562566
-1 1.60211952169285 2.19501190794864
1 -1.88950738399488 -0.360976360321209
1 -0.762318661326286 -1.05566175719379
1 0.719822165612081 -2.46389392834913
-1 1.53565367191896 2.04775156029625
1 -2.13738700901565 0.140771971603054
-1 1.05983185307838 2.33045606689463
-1 1.51933662469449 1.24596522086969
1 -0.118737892210103 -0.419715187146992
1 -0.845573714631724 0.0474017554444587
1 0.431119717736397 -1.15416755024448
1 1.34432798743231 1.60338976749385
-1 1.03708486824919 2.4358968204462
1 0.296546689524614 1.05125829583420
-1 1.46754082431278 0.507629926245565
-1 2.18169127778532 0.05489400695598
1 0.330993951719603 0.176453061437478
1 -0.748783930539338 -0.288757513736835
-1 1.78321394829216 1.53876970830848
-1 1.81647369827883 0.0546851767723715
-1 0.382451973727518 1.64820147453028
-1 2.73970959344911 0.451111086938165
-1 1.53013625757119 1.68465258774924
-1 2.42719393564705 0.410356334457031
-1 3.50851323074451 0.367464524309394
-1 1.12085303730404 2.58296754896649
1 -1.43323400234381 1.85136773171627
-1 0.546595000541993 0.0138162772734107
1 0.217373483760217 1.54007164502221
1 -1.22612628016385 0.127910547560785
-1 0.627920603421439 -0.279819885701178
-1 0.413914632386842 1.69909002960010
-1 1.40382544937143 3.4991603328048
-1 2.42921821368906 0.868719135391825
1 -1.50028877012636 -0.324182814336084
1 0.219024061892101 0.650493109639418
1 0.344293052763748 2.48568374926593
-1 2.38294789884465 2.70011013975833
1 0.972013125345284 -0.620959630502903
-1 2.5748231147419 3.03514127288135
1 0.371942429244652 -0.657801039423564
1 -0.263374643637945 0.232948127897143
1 0.525717205150092 0.648573416924514
1 -1.08663118749357 -0.648928072129595
-1 0.761481868166772 0.559616324552999
-1 0.0737075845119068 0.394321670495527
-1 1.34565252021041 1.43024147877743
-1 0.764550406460706 0.771607152486535
-1 2.00612146197562 3.21757421304559
1 0.477340443009944 0.516279158695762
-1 0.417255690430347 0.617150113977598
1 0.207446136531192 -0.13610462813304
1 -0.390012569859096 0.666644361685732
1 -0.243720386658686 -0.434284303537909
-1 2.53159025984315 1.87644569563838
-1 1.81452830672675 2.99626888057198
-1 0.242203279498814 2.52972352242916
1 0.0100542249198953 -0.287906201714121
-1 3.15359872826327 1.67717362474363
1 0.74557784623372 0.507397902191374
-1 0.561824589121879 1.73721427521063
-1 1.14605873664047 1.41552259744257
-1 1.61027209336791 2.95934438903399
-1 2.26543194100025 1.82381076679523
-1 3.55470398696446 2.24688654085145
-1 1.91307121616045 0.699788539736646
-1 0.681414305127118 3.09256781752582
1 -0.293332633459528 -1.12535432217567
-1 2.72500350057475 1.26357467131688
-1 3.31357874725823 0.731977039600276
-1 0.706418134733372 1.44210751645881
-1 1.33404559104970 1.00407295310773
1 -0.88087082074126 -1.19025141909903
-1 1.15831545562480 2.16501764150728
-1 1.57356350968127 0.367081635504237
-1 1.97614284289276 2.97749321223531
-1 1.74651515523025 2.21056623256021
1 -1.63582989458538 1.07079057529519
-1 1.32938395104378 2.28360085871882
1 -1.29879498615803 -0.390785300319836
-1 1.25662220253534 1.09054388452438
1 -0.748655948617693 -0.742539209023824
-1 1.77873691698134 1.80621082270701
-1 2.57693012095036 0.0386089243010503
1 -0.0193998213650410 -1.96123409465917
1 -0.170952472258286 0.87175605683908
1 -1.89940186126965 -0.739282769698743
1 -0.0808787774017365 1.03013361002741
-1 2.14954084333679 2.69287270845946
-1 2.43756798401286 1.49228582929267
-1 2.06251101748821 0.107407964803137
1 -1.26139415113094 -0.565552126935188
1 -1.08446287180219 0.599304476664968
1 -0.376570853434646 -0.355336600295474
-1 1.01631408691531 3.74802003015874
1 -0.681590449713426 1.70298560072446
-1 2.08323257276709 2.52418040297216
-1 1.11742179158442 2.36353439179601
1 1.66672856666355 0.458951651494687
-1 1.55286253208138 1.33431568082248
1 -0.989782327737332 0.177697456043195
-1 2.29133870107429 0.892317060415744
1 -0.468668922119821 0.333294223544851
-1 1.89949001505305 1.48975334653477
-1 0.92882716382966 2.0972819552767
-1 0.419177145145477 1.51711438931106
-1 1.97280750289391 -0.343660188880573
1 -0.185746854173748 -0.524061384285072
-1 1.95858642102288 0.443109418238159
1 0.0686631440089834 -1.19500670726924
1 0.157594137061765 -1.54492067963122
-1 2.23149499765896 1.64006486901555
1 0.418435786987328 0.505479273549631
1 -1.56076393171647 0.918831583660196
1 -1.42942170995367 0.827721086355873
1 -0.418883093900728 1.44268515524114
1 1.65445880804607 -1.72440117946955
1 -0.707506301693023 -0.264458605711192
-1 3.18361462728293 1.80748212151528
1 0.940487401960947 0.618357357412865
1 -0.679697959825402 0.209358278804635
1 0.604361492451062 0.113602839189125
-1 0.822691719081424 2.72244787887774
-1 1.03802512278135 -0.120545690536379
1 1.77796297550826 -0.83327498337825
1 0.640747053254292 0.403917641673468
-1 2.75128965835439 3.14467126375772
1 1.33099641207728 0.862887753256444
1 1.46773500483418 1.67830704279632
-1 0.98759550023017 0.708470372061522
-1 1.90666542205302 2.05907580139971
1 -0.0348013973696949 0.0698559199453816
1 -1.32854312985814 0.162951397007295
1 1.55125585656080 -0.0527954999965902
-1 1.53812904146330 1.48003023509046
-1 2.51115477428886 2.09844122260096
1 1.01195752580755 -0.522100089989841
1 -0.489614903266564 -1.22721845515885
1 -0.431271014951545 -0.349233495394423
-1 1.41017633067961 -0.00709033731265829
-1 1.29761012400329 1.45779360792515
-1 0.94144619645973 2.71208806292665
1 -0.205788761646276 0.631109386400518
1 1.30863777129279 -0.73323380982152
-1 2.88045838087864 0.706426959634514
1 0.298627953729047 -1.72196502840443
1 0.424259628035192 0.302707692929465
1 -0.047008158166083 0.714954639253782
1 0.869774514633624 -0.861064630922132
-1 1.53555711112351 2.25014419244998
1 -1.56437124673838 0.568500515596371
-1 0.581599748634028 2.34235418951985
-1 -0.312024118040819 0.902342835214356
1 1.21536584276253 1.84068607010431
-1 2.53734873352378 1.18331384296055
1 -0.687629935038161 -0.499443466332718
-1 2.47552915598122 2.74291564802197
1 0.654699307075101 -0.964809163592593
-1 1.28232276743854 1.55434259005311
1 0.521147938966776 -0.97922815805854
-1 2.59088642871043 1.15325915987036
-1 2.48780601618446 0.440303138211226
1 0.199909127952625 0.424097894956783
-1 2.74898860495918 2.85748669841542
1 -0.273366214573596 0.636025940324553
-1 1.93292190852906 0.578384507812862
1 1.04653779558074 1.09981366031099
1 0.927490416194814 -1.00678994233063
1 -0.499873211701209 1.40163690578652
-1 2.11631774027274 3.7771438105549
-1 1.05827967200668 0.449498316179239
1 0.297474114996168 0.186179235837506
-1 0.940155078915322 1.91845799106267
-1 1.96692266577334 1.13389059253684
1 0.333715435722269 -1.69852300379810
-1 0.8234164824372 0.426686632788252
-1 0.329977337230563 0.134995278128733
1 -0.456410083615729 0.8387214713438
1 -1.50972241001782 -0.388391416994422
1 -0.488468542443713 -0.792452463781295
-1 2.97716102064757 1.57398770045964
1 2.76614356266672 0.164686910810881
-1 1.48988624568771 1.62006131421066
1 1.44472987185415 1.03411933670242
-1 2.0068273534858 2.09927485870927
-1 2.16475640974068 0.221167972621697
1 -0.76828032443004 -0.380611288635779
1 -0.442801927159233 0.301310989117672
-1 4.12798859262918 1.06832136979863
-1 -0.180593635826232 1.39478531855957
1 -0.0794855039268369 -2.30266447457658
1 1.42141420268888 0.674715925544954
-1 1.62177113352087 1.09548745335058
-1 2.45412848336577 2.04657464182296
1 -0.00666452582449276 0.155660088100173
1 0.58593664852054 0.406014351864802
-1 1.53703291762907 2.80103662146713
1 1.25983352183387 -2.47969421086867
1 1.14835865639864 -0.657406438862518
-1 1.47576908085460 0.698352007862454
1 0.237015117350058 -0.758631477200205
1 0.147966360366673 -1.69574641029921
-1 -0.0827749472976058 0.524848897003704
1 -1.01478330084502 -1.43051593060029
1 -0.530105347149432 -0.0895796542327328
1 -0.91928129531105 0.670396001775517
1 0.747658673863499 -0.760386708278794
-1 1.90675018521957 1.13854570904607
-1 1.1323163727202 3.35810215491117
1 0.465357694516785 -1.01801560161536
1 0.577050431116791 -1.37925528826025
1 1.07942844792950 1.16796694752184
1 1.24987199822772 0.341816288811652
1 -0.885904915122292 -0.797471449293825
1 -1.26957654910653 1.43292991036477
-1 1.45397639216229 0.719572437676326
1 -1.89786313049472 0.381201317357398
1 0.735725943589802 0.422107104542801
1 1.23636518387348 0.308702970681663
-1 0.943719312331195 2.76417500164052
1 1.04503919996441 -2.17876657192954
1 -0.374331963673326 0.378001209050119
-1 -0.246198349464094 0.934997172254896
-1 1.99217303960166 1.04276874771427
-1 2.91508049128484 1.80553491491302
1 0.652942310268103 0.222170301722224
1 -0.176499983395652 -1.29934851418950
1 0.74551998567446 -0.76527834792829
1 0.925518465704017 0.978350754976193
-1 2.92768406171596 1.95589081370848
1 0.362452260263665 0.361648906263867
-1 0.635086360313588 3.64961143584089
1 0.453186502090938 0.116627657248675
-1 -0.381008529617508 1.57566576432291
-1 3.38667189414683 0.610083819942266
1 2.13524684624403 0.329125152422528
1 0.463920085959546 0.125773149291037
1 -0.561413508031362 -0.598033407438044
-1 1.74535724274786 1.27013495371616
1 -0.574773677124805 -0.655662051262198
-1 3.4325719691524 0.149809500860697
1 -0.999853413293514 0.551192113266943
-1 -0.723859692058655 1.84748679192288
1 0.0539647407868965 -0.504166235897473
-1 1.58353941427567 1.22375964664862
1 -1.65446318404402 1.71383868249283
1 -0.510843113929958 -1.53258939636362
-1 1.2575240923927 0.514599991501543
1 0.613280308123583 -0.339847030135643
1 -0.402008005334147 1.718288663742
1 -0.186551059934541 0.968548566537151
1 -1.61396808796517 0.116359089437797
-1 0.079377413739042 3.40421756746755
1 1.17431514193164 -0.756874479042513
1 1.22002761635565 -1.56704760857799
-1 2.39474902416479 1.09680747844237
1 0.331767845325706 0.749300280500068
1 0.00240654542571611 -1.49383517532493
1 0.0531613431848509 -0.524410784884575
1 -0.0524938325552654 -0.191369335038487
-1 1.54013966104571 1.20595537840148
1 -0.201900599731027 -1.60026408029711
-1 1.03930812701698 1.90037053805455
-1 1.57850154369464 -0.418721300551043
1 -1.64513940519166 0.139552788889309
-1 0.781143249615836 1.62600161845171
1 0.442724333819834 -0.086586949704635
1 -1.25904862972009 0.163236060585251
1 -2.16743703876828 0.747789117882602
-1 0.111458001472239 1.59251415294831
-1 0.697214636165079 2.62409604125166
-1 2.39253766053810 1.67602463303651
1 -2.05311784399924 0.561664682685583
-1 0.557373902872762 2.12981685934568
1 2.00268431443174 -0.00771896273050931
-1 2.88065295037555 2.72979814375337
-1 1.36665799411071 1.23324771369974
-1 2.10565033785759 1.42263284594361
1 1.05931385104382 -2.33645317641897
1 1.60262288603193 -0.223967603246519
-1 2.31425064871946 1.01165075181122
1 -0.372052416406682 0.288953432010972
1 -0.36984626230343 -0.372117522736704
1 1.46651812230888 -0.47286706735292
1 0.640845694954284 0.354522772809655
-1 2.45829736265707 1.54973928375278
-1 1.32410651245406 1.71299139626454
1 1.22455804736760 1.44802750919547
1 0.153126892019111 1.16174719129471
1 -0.036463316698566 0.122013442728584
-1 1.28011669819378 2.22676975653032
1 0.551356293935489 -1.23719231904716
1 -0.530255590407124 0.407423225425953
1 0.314884747574349 2.14576158242074
1 0.080525544223616 -0.470767526121533
-1 1.42555770751138 2.42874898297712
1 1.08180005663754 -1.25734765470116
1 0.279607929538667 0.514037592579299
-1 2.88524191987514 0.515314168332818
1 -0.904304694524662 -2.13952104960719
1 -1.12997670661299 0.0167614651798228
-1 0.319410017271361 1.69851433576908
-1 -0.106136429966607 0.074658669052033
-1 0.513644397297304 1.46148170128331
-1 2.21697234116689 1.37445113544465
-1 2.24379361779072 1.09986582433196
1 0.384473133030894 -0.383472934095584
1 0.321686326885782 0.367071229960372
1 1.95087612648847 -0.985600562165194
-1 0.364920759230271 0.889095301869423
1 0.416044856405232 1.33410126894733
1 0.667022310705458 0.168510617654733
1 0.514055188329586 -0.140293005423715
1 -0.240365322076726 -0.48191269287727
1 0.7886682051514 -1.60493876416237
-1 0.135008297046831 1.20320201924340
-1 1.99360889226157 2.53291544332695
1 -0.85328245287087 0.304952798943293
-1 -0.148818926618673 1.34339721486126
1 -0.555987670786244 1.05835351436057
-1 0.989115043131135 1.55050615542729
1 -0.305773549551256 0.956077865799892
-1 1.30193505677838 1.47101337429779
1 -0.0795092462149843 0.698355428341825
1 -0.298897410340974 1.12437535919090
-1 -0.0708823667864966 0.135533975682285
-1 0.954040992635707 1.36162270115186
1 0.849312037003816 -0.647139787945991
-1 2.99487412367654 1.37976837423592
1 -0.373354793856869 0.759934463811163
-1 1.84920527939205 1.30028283156499
1 -0.823326321858364 0.357052472688063
1 7.00417074884854e-05 -0.0748933768484406
-1 1.73688067738945 0.673724979630094
-1 -0.509058871074006 1.61560366544877
1 -0.980893643327131 0.440754813403736
1 -0.343195852969942 0.641741061359974
1 1.16357494337789 0.216501141160609
1 1.81129691360845 -0.908396183951318
-1 1.42474217629047 2.53486298493809
-1 2.04701694927962 0.16950482805968
1 1.60475981319178 1.06497823294762
1 0.680133270333199 0.95907424457275
1 0.196111716460768 -1.50518300395343
-1 2.12403989372057 1.97485599265612
-1 0.0757729027992888 1.88955719853349
-1 1.07204145657999 1.86964211600178
-1 1.53139989469354 2.78060835592988
1 -1.12598917662914 -0.94730233166742
-1 0.368480254042205 1.24788364699981
-1 0.508010764939379 -1.22045670588029
1 0.0482617493205726 1.65743744335323
1 -0.141860908878665 -0.210743191994441
-1 0.247282651681317 1.01070070814979
-1 0.621376781552489 0.804882255496837
1 -0.993234261367901 1.55496941392567
-1 -0.947909185860728 0.689207564493754
-1 1.47855681003577 2.66004656860118
-1 1.33983937897777 1.23059466477062
1 1.51887522502294 -1.50403987537800
-1 0.521199951816142 -0.0768976975088538
-1 0.714338309794115 1.03325754464383
-1 1.81029309992462 -0.814934946712612
-1 1.35340303122959 0.697840090974962
-1 2.25046828962048 1.04171661905279
-1 1.41267031366597 3.28869828476528
1 0.00257471763186613 2.09892089883642
-1 0.58430450823513 1.06729309367389
-1 1.22518551088776 -0.275435654569993
-1 2.31700209640082 1.42961532292007
-1 0.677019240935399 0.185479871023492
1 -0.133923091868276 0.954550628444102
1 -0.714344604815833 -0.995504132720269
1 1.57969542047727 -1.28941403637589
-1 -0.0131280464910484 -0.617669350494954
1 1.31261876727994 -1.64060919658281
1 1.83508648893775 -1.32782723098270
-1 2.75021400863039 1.24454182281856
1 0.0351999637440336 -0.780540377735674
-1 1.88993902452179 1.54863502345510
-1 0.348440226884894 2.10232678274019
1 -0.240689914830231 -0.463765745239322
-1 0.513982964401098 1.72282741163471
1 1.9710195560384 -0.00780090708235283
-1 1.35343063898899 1.16385158229599
