500
10
1 -0.0980659664832477 -0.59857670833132 1.11852665779200 -0.951034950610348 -1.89677353897979 0.247545656466907 0.107354792781079 -0.233910957177129 -0.184880916574838 0.225344573517292
1 -0.61717224045081 1.47120379386284 -0.395510363482756 1.38981683537474 -0.0949778727498982 0.607563442511854 -0.694649707654325 2.62068085480063 0.676403259935474 0.200078322380168
-1 2.44445758621169 0.300436233488031 -0.0767011710121711 -2.01356572567592 0.402925158083404 2.43537624972073 3.00274169462883 0.641003147448453 1.09436730881730 -0.435313902843062
1 1.04337424311366 -0.457174907381347 -0.217533854480575 -0.0404178875400043 -2.27833257389231 1.23457911844883 0.822264775237431 -0.35267706692835 -1.17333457708416 0.445474622163882
1 -0.238232750093439 0.793956165664234 2.24424268276285 0.475536279019748 -0.431286279100153 0.284117892437191 -0.138612856687299 -1.23869137934516 -0.266458832425971 0.0170899231195954
-1 1.93976636023939 -0.638696027483512 -0.187874988497050 0.390736055919182 1.99271693541826 0.328071222566934 1.81474665338939 0.993694036960218 -0.64784787598831 0.353740719078796
1 0.769182970281955 -1.15912226668937 -0.430298615135629 -0.46396703043067 0.449872751341718 -1.70319837931125 0.74949140470421 0.155446594229987 -2.23025272714207 -0.618172468796112
1 0.694793919489195 0.413391423118341 0.231749380229575 0.121861169058519 -0.768200329997409 -1.00341455918437 -0.635605125970378 -1.28577338623224 -1.46524097750807 -2.28417084987345
-1 2.64990175003811 1.94481219715949 1.17047019255445 -0.427572661705808 0.854836893986227 -0.551780397447427 0.94659044749435 1.45988271934538 1.14899101548353 1.39339064725361
1 -1.04686527485904 -0.255182354391956 -1.17738431406608 0.625749950736332 1.07063966252529 0.0164059674458942 -0.301638277440649 0.730630851992504 -0.569536657250333 -1.89147555443793
1 0.541960907050318 -1.58924787110402 -0.718699567167738 -0.200063118992082 0.084042867519139 1.24798120198883 1.5966752095238 -0.88717747959402 -0.132305658556698 1.56787242189861
-1 1.46608741425670 0.65589362820935 0.755218183577886 -0.602401912426596 1.33806038182089 -1.16989592840697 -0.515118498292818 -1.12063726972393 0.630585609622468 -0.24302093660164
1 -1.40264906933237 -1.52496839766352 0.907833429857093 -0.500253949970712 -0.450000932141883 0.135051630605156 -1.04140139386358 0.256388206257308 0.346620261281619 0.463756482309564
-1 0.328078820593065 0.347565537075106 1.20638198548148 0.908273505430854 0.994013561116357 2.57286987593405 -0.296555578040821 -0.827414045294559 0.873043388381092 0.346424465076962
-1 0.567966014057749 -0.0689057297835577 -0.133458578730123 -0.653767856198812 -0.845423321330347 0.58956513528629 0.764962104586896 -0.098451774183721 1.00773489116554 0.0252354332554106
-1 -0.30817652320861 1.63599992486314 0.368158092926473 1.04661154920016 0.165209613958453 1.34192463053898 0.204006421903291 2.89277096371762 -0.261344650775872 1.87479996141567
-1 0.0824126489232062 1.46358832996 0.551792085040116 -0.174861533505646 0.545137559545697 -0.0589526031759071 1.75771167346471 0.344539856139272 0.141118892187347 0.456859557971389
1 -1.24758403901754 -0.172727217983939 0.458739867689446 -1.77134701452249 0.133750196832614 0.0338113004409322 1.96741922710919 -1.06279844169511 0.517460052241952 1.30211947653882
1 -0.686010423157766 1.49284627507201 -0.384413363824382 0.0366702393187332 0.364938045889247 -2.44482486336149 -1.73725173954345 0.395633867901685 0.145349008999283 1.62848112674020
-1 0.307695557022067 1.73016151303041 0.269262092330023 -1.11705545491633 0.0168747201907266 1.60087302826589 -0.498197744145635 0.182027129651938 0.948988925347888 0.367807209790075
-1 0.795031265271659 0.90867582078044 2.10218276899192 0.732891635870194 0.133282389364696 0.726718580854467 1.73548476263501 0.804814507491576 -2.39757790597132 3.49475235718963
-1 1.21538157535846 2.07488386131502 0.737747571529316 1.24169306471406 2.18081592316526 -0.832949075914604 0.832482476939456 2.15339064889420 1.76572962139547 1.30553761167814
1 1.14395892339427 -0.251142956318782 -0.318995636864622 0.163487060094529 -0.0476136717817749 -1.76721008352876 0.810491384876065 0.535663495633625 -0.100813349643092 -1.49124270013682
-1 2.93936320031908 0.181884739651067 0.77013505300629 -1.16699571864349 0.373017121564973 1.50179720983725 -0.132652999102110 -0.0198556995917784 2.69845563744602 -0.297121206582
1 -1.58404245463185 0.0241251665914724 -0.786968427308214 -0.686933222513788 -1.97766985465810 -0.34806291831985 0.419533516439204 -1.27781566234052 0.187280641335023 0.0415068690758260
1 1.30414329564434 0.69830030431007 -1.04451518222404 0.449148149920510 0.606457166812036 1.07591527386593 -0.100292951269337 2.46039564600297 0.269891999230599 -2.16880185963372
-1 -1.42737455742201 0.355750437007200 0.399992247927014 -0.313426410574336 -0.792435544727636 2.16795668602601 0.822055857541416 0.598825280061888 2.40330217061382 -2.04454737042714
1 2.01746969317031 -1.48341931055479 0.843500355015836 -0.777380547458911 0.190077754583080 0.250686500888110 1.65846178522998 -0.412752925593182 1.44192347671653 -0.0762453309191944
1 -0.115782022994443 0.197023842033291 -0.0608284749550476 1.60933787897470 1.93832832666667 1.20609395873572 0.278120701603191 -0.150158872761358 -0.0991584115604043 1.09912343880232
-1 1.25811545996694 -0.50978871675177 0.89386387223415 0.529759956482264 -1.20309344670495 0.790041695546104 1.99057838365882 1.49829493559745 -0.175520701028267 0.0274569748729316
-1 -0.835775845702038 0.095016750371123 1.34607885815544 1.47833876111533 -0.482612247657857 0.902556515704619 1.04653691271032 1.99087799701364 1.85438147970089 1.98434068521056
-1 1.63797365847875 0.264583133158701 3.79346178707336 0.394727954414271 2.63130776265974 0.795213204131032 -2.55855004626945 -0.0386620759168006 2.22412466658315 2.05184427666981
1 0.433207614766072 -1.55917039909666 0.806822026191208 -0.499812522755866 -0.641693070687306 -0.823204854420669 2.23785053037805 -0.420671153828805 -0.527477311813505 -0.41332789822627
1 0.0193665372678409 0.451871097671171 0.178730427866061 0.464105027664926 0.225047127012163 -0.676731390479228 -0.150406872253529 -0.744934822960172 -0.725729419691778 -2.10944660666355
1 -1.15525364158898 0.387854018737988 1.02038078217154 -1.37255566761315 2.42711140317966 1.24290869637601 1.03232713586588 -0.517068134223419 1.35082330407715 1.88244184555629
-1 1.17996230921752 1.11126329801967 0.785364647068487 2.49886677228001 0.85724546097845 0.447918749239303 -0.586590180577565 1.20282228067867 0.88724538648392 0.516292828039587
1 -0.903390558428524 -1.77386073743844 0.630293864067806 1.15707458335572 0.598135783788851 1.71204632637047 0.704747248248449 2.6027586973893 2.56272577941661 0.408010131294498
1 -1.06580999607856 0.857905685908138 0.303111540330047 -0.967085302619037 1.11418844913003 0.990901029439126 0.087783904038804 0.382608112220256 -0.0124900887553483 1.27340191441642
-1 -1.16255565989921 0.407548685353068 0.88695947384724 1.59626328780943 2.13933382214916 3.27073250094512 0.404915501409443 1.25965620688129 1.10054501417127 1.54191850466771
-1 1.09128798245062 2.49026715606930 -0.76623217426033 1.34642342319673 0.395643032292091 1.99714493888513 0.4136067822516 0.125439209577791 -0.800702690989375 1.35864566454921
1 0.578709247599532 0.318777942240725 -1.23225813180169 -0.134843191801373 0.470457732371285 0.679138966439388 -0.115949975152454 0.143240165002857 -0.78591321136948 -0.2045506043914
1 -0.70496893273681 -0.111602807980838 -0.990801923035117 -0.904733327774595 0.832116292038817 0.314113653029215 -1.02152285453799 -0.0177081183947221 1.08478168384297 -0.811799790110295
-1 -0.307052814407336 -0.87438890744422 0.0524385143303238 1.11994860112317 0.367064798013045 0.358058999113673 -0.861003496067943 -1.36318532569125 -0.460173926804503 1.62871843081990
1 0.726517597780154 0.91403338652627 0.51421157822386 0.924604649046808 -0.255287045395996 -1.16789922711214 0.418004170070585 -0.694340024229287 0.675713694800251 -1.41988023702186
1 -1.64730269310010 -0.716113615183396 0.220020403374723 -0.832577585257961 -0.87925745611335 -0.481235244108374 0.373973785941943 -0.288024206476926 -0.516259331375376 -1.27883915344762
1 -1.10333931571945 1.15079599659947 1.94135736300419 -0.612537269130323 -0.560707045337559 -1.02898173850976 0.201314224598055 0.414487427361236 0.44855061958182 1.40633374595723
-1 -0.0953324381325625 0.0442694473069046 -0.36547748873937 1.31947058003491 -0.0102392952095387 1.82355804842008 -0.239958664923719 -0.103763922626161 0.560262204782727 2.38466097979112
-1 2.73401687375695 1.87965911146058 -0.627122507272933 -0.0157425688409479 0.357462777524989 0.966246930771254 1.37990765124328 -0.646605732097148 0.467554709271443 1.01901560285863
-1 1.31760811207960 0.88556674491066 1.68993147427150 0.214189935367897 0.325106092629257 1.14650060230437 0.180588485466425 2.89872290213284 -0.129140400440229 -0.345309071258295
-1 1.1192366436807 0.684851257752773 0.288125763020229 1.52994232927448 0.189717267416187 -0.928365813697212 -0.0581451705415935 -0.234628360327619 2.10256658037225 -0.593848764552235
-1 1.30005003221429 0.799644611168064 1.16348441640818 1.04341980795204 -0.149574783448364 -0.934826409800672 2.03268136816760 -1.33723603752616 1.50614931053562 2.67723741874295
-1 -0.739777048973701 0.773334967324485 1.21809810111593 0.261892749752998 -0.801082964097974 1.52863861167369 0.749787132996739 1.60634057431575 1.20762813136577 0.759451076771335
1 -1.12974676651918 -0.76901378638871 -0.702896542640596 -1.12625070995390 -0.0593282012003359 1.52904971127027 -0.595549183426784 -1.38262674609892 0.229905284002214 0.54508155515333
1 0.616526403308766 1.68863594332675 -1.43548882454910 -0.654010765744735 -0.0362761584903765 0.137031150733413 0.271036671198862 1.10608162268455 0.0217776215591487 -0.839393368797106
1 0.721400933816285 -0.520221498171263 -1.50726066805955 0.248301012636761 -0.46914435253658 -1.73054512024667 -0.483279547517714 0.30553984991074 0.545421429761725 -1.6145164193145
-1 -0.335638881728022 -0.0540568754650934 2.3936508178096 1.42112805087404 3.00530079983981 1.44242999754792 0.258615857719951 1.37683476909066 1.05122967421615 -0.886187361791955
-1 -0.686164449187836 0.391785655633175 2.27975705474287 0.676641481911244 1.94691830933969 0.936637946676958 0.961715230452445 0.941020513773015 -0.337533013204062 -0.122812283190033
1 0.642835062253634 -0.102981299237029 0.100803432497247 0.648965608917409 -1.07798272168802 0.930920998296185 -1.89995103524535 0.0698134009748195 -0.515908974505093 -0.349535182963902
1 -1.12832431425849 -0.494462454990172 -0.0268220499903699 1.18473164231932 0.359498008352803 -2.07829624818558 -1.00914941979875 -0.6431659865726 -1.59892207993267 0.676698969835221
1 -0.671932569586873 0.332450668265218 2.03971355603208 -0.970066152453658 -0.142488559182984 0.304804733644579 -1.36229315822513 -0.142507010653518 0.283593300718851 -1.51466948759112
1 0.677406414195422 -0.834072317425837 -1.16427653401131 0.413788713690213 0.457720411612066 -1.07525231445574 0.729825748301373 0.108392731249552 -0.485023338574544 0.791681819718421
-1 1.10857710227164 1.79999496496529 0.311522781049863 1.52548109949621 -0.769421450915777 -1.49072395279713 1.64261773110982 -0.0439065714464525 -0.0902613955173549 -0.364203360668607
1 1.89816636082721 1.26833559432676 -1.12045869289607 -1.02602768732988 -0.257008523833747 0.659366115776333 0.91033453672874 -1.04924432832009 -0.364012234856176 0.0914330317406477
1 -0.221213396071390 -2.63483298441605 0.0274137441539795 -1.39005413290125 -0.322709839095597 0.706551840653674 1.59683759616898 0.497881657202231 -1.85056360714722 1.23536123851118
1 0.0507966884472825 0.936889224145453 -0.158690710116072 -0.503899788569189 -0.246055672089267 -1.15964845609117 0.351767200118587 0.0618173196800068 0.0970797175808844 -0.897548873307326
1 0.112992759114536 -2.54070980279206 -0.822045943851938 -0.543579633023322 0.213987551750083 1.31034527719616 -0.165894744450394 1.06259978129108 -1.05605547346587 -1.42240336446793
-1 0.345997164979292 1.38665170982982 -0.0473933435695061 0.172048083833124 1.4180913054703 0.696871067016263 -1.14414011634181 0.0519890066230527 2.34258304584672 0.469978614529098
-1 0.943382176938864 -0.111974555017587 -0.944005525622345 0.733497310915164 1.08562917216770 1.37028420132651 1.95391510080316 -0.037186980629796 -1.26349680267216 1.62433729406647
-1 1.50730387605650 1.92978089129875 1.77512090332479 2.21997907714521 0.0539734117638661 -0.418308640609766 0.623729797297449 2.59082264210652 -0.491007989403894 -0.851553997909455
-1 0.482917275682672 1.20819827672761 0.0427623385211315 1.68592692826478 0.0615920440445051 0.0579067537721983 0.90793063073813 0.0292565430299958 -0.989006426712361 -0.291717906040311
1 0.420210405858965 0.775210381728822 -0.376396058825667 2.13595819325456 -0.373121429964731 1.16863797532433 1.23269016750676 -1.53084558840078 1.45602456729332 1.52074302378386
-1 1.53895281361722 0.72748466990039 1.10620265419764 -0.311660625719858 0.803024667590138 -0.109163116645171 1.35751264610209 1.06828499853443 2.34265932978665 2.39202353380723
-1 0.948499002927777 -0.0338811374556482 0.634740789120382 0.0228955512203571 -0.162327729755445 -0.800485040656484 0.979880361599256 -0.0621459197836678 1.11525829679158 1.27164340242078
1 0.613156538974186 0.41800719766905 0.0694181779590522 0.841701227783495 1.93604858982967 -0.859657670705265 0.947978947356728 -1.98120872342641 -0.133420600079634 -0.479565537769807
1 -1.06786126870417 0.854199454934334 1.03000374440459 -1.30124224553903 0.803413029224471 0.485157440504079 -1.46667070187623 -0.793929300355756 -0.366060187892902 -0.882784285081748
1 1.00753942317888 1.19114927848834 -0.238098950751535 0.953069356063606 -0.425388736508965 -1.16626392849019 -0.706195195815439 0.537451969571161 0.785666872094816 0.628341623909255
1 -0.293355084060964 -2.01537298628272 -0.566791981381069 0.186013488195172 -0.621598491348588 1.53425292612566 -0.906053937899487 0.777043576406173 -0.718377769865916 -0.115009945985178
1 -1.17534420948836 -0.217820352848468 0.189519158020790 -0.136350872511638 -0.46530396434907 -0.348273689137414 -0.900067486450533 -0.156962161828311 -2.25339574896311 0.102377363898404
-1 0.112431074097287 -0.226220911865366 -0.860450552922956 1.20085463483989 1.52304452872105 0.196815505426092 0.998874334983052 -0.843118085843364 1.15165842203926 1.58613021609998
-1 -0.67281181955486 1.59654693809009 1.74945680979206 -0.00670585411550206 -1.67217119569136 -0.249670537546542 0.308812739938151 0.88813674482541 0.25103625710307 0.0388548145327392
1 0.227973588512282 0.769738654860735 -0.504171825882793 0.964567781434373 -0.0568853019126917 0.00340239836362641 -1.29828269833699 -1.23455148516682 0.367134329381062 1.21466060661379
-1 -0.726065763742904 0.323344143057728 0.639199681209085 1.18320956995663 1.41964103151764 0.331233088756284 -1.68920361953705 2.10331684434242 2.28085566181130 -0.960472429700005
-1 1.98954665625351 1.10969306333701 0.325017096790404 0.704311174339311 0.622722770669592 2.4483518611578 1.07349675024881 1.53308413826098 -0.407670306698967 -0.0112482916438710
1 -1.94126334252621 -0.379721513171607 0.41410269622167 0.141230865910489 -0.44597061134882 -1.29291370029905 2.23272228848977 0.575664242419141 -0.186019264830261 1.25048538250201
-1 0.694869455526471 0.36567416437713 -0.855703050927164 0.804463607951308 0.0642270691112335 1.51340317514522 0.869995526397966 1.80951870559989 1.81358907817172 -0.514687638096067
1 -1.91003845085793 -0.525094622601231 1.06749663035423 -0.330973122909795 1.21158076793921 -0.586057083632339 -0.529278103521006 1.44065478822555 -0.244297580920755 -0.936079735948364
1 -0.578075390360284 -1.01440590754155 -0.655112733528922 2.26674698250805 -1.10695948076099 1.62756375604969 -1.83030078425892 -0.66637951017172 -1.02371736914201 -1.45056399178029
1 -0.180153992038269 -1.13001489810925 -0.206509503484963 1.72757336734909 -0.293626327736864 1.71175716720740 1.24625039721478 1.30340029495926 2.16210489858219 -0.504214515808126
-1 0.42584573995201 -0.555826236825278 0.75763587001524 1.18772453676491 -0.071704485896322 1.35986164465761 -0.250222396924365 0.975429088333802 1.20115065148727 1.10977821051671
-1 0.767000970350038 0.593514014280657 1.21497652240864 -0.274255812303527 1.28111341395120 0.0163723299107780 -0.377689491299356 1.58490433387386 -0.350664516386267 0.114867150045647
-1 -0.418653510073049 -1.69471014524122 3.30410634522826 1.08750072858565 0.383041912841732 -0.210115682511570 0.906332135627381 2.11942359869408 -1.64826541383162 -1.48667328059637
1 -0.462019755611306 0.942649255655148 -1.77615269100978 0.764610551123215 0.464919503565283 -0.598194677411166 0.136966024073610 0.204087962109197 1.76700829951812 -0.158104743712928
-1 -0.368037449096119 2.35908593739994 0.884483285814217 1.26295924285550 1.38563287770846 0.450556395285763 1.12780228937045 0.382701034597059 1.19442210101414 0.66141821093448
1 0.546591526547342 -0.146060065239182 0.145337924275578 1.62687134955915 0.145927218493876 -1.37702981692883 -1.02502063129455 0.534913538268544 1.25823674027923 1.71285634907235
1 0.183563095149534 2.15608150594995 -0.383122792169909 0.160803148991362 0.390162004400075 -0.288034465546325 -1.01643553981331 -0.521036367621136 -1.07361368333268 -1.45892077684348
1 -2.29034348893141 0.444088581015663 2.33719901669843 -1.49303100160348 -0.139947928290551 -0.511948238988588 -1.60447979983076 0.768994322659744 0.926411918607102 -0.989191248778707
1 -0.134039878934736 -1.55354370954249 -0.485102662129293 -0.630733734348113 -0.159820329480837 1.80274404851423 -0.539691715346325 -1.34162564243250 0.895614257263321 -1.45181664156090
1 -0.201067263180869 -0.440075265289118 0.599305076909179 -0.317047066108218 -0.708668426510104 -1.31724758072261 1.95902516653427 -0.233504901403342 -0.307068664455761 1.08090497092258
1 0.751405156860026 2.00049930570081 -1.00132124670051 -0.299966200796777 0.343631359368056 -0.324830001077029 -1.29827199287594 -0.564742464582671 1.78202920665585 0.686908257166753
1 -1.80526925592737 1.25264554936218 -1.03717565667482 0.219252020254495 1.17185302036721 -0.00943558151688669 -1.18564691828914 1.27100264231108 0.120148486175197 0.451973420859891
-1 1.34305187076574 -0.378321388562452 1.24326447501267 1.36347081198613 2.03542783929463 -0.0789957324168229 0.224304552824779 -0.636360460536628 1.70734068811567 1.34156717768914
1 1.15124086485268 0.0770938304465354 -1.62820168961127 -2.37108477202327 0.739284662044829 -0.265583996208925 0.209300473319909 -0.813319636732464 -1.65500114807983 -1.66009088718593
-1 1.09094395398594 0.434026351919308 2.27658024115042 1.19459762625575 -1.5350011053104 1.04723953279442 -0.197776105856763 0.54200813187994 0.913863367479001 1.68499906353050
1 -0.535360791914333 0.45171442417046 -0.931843077290503 0.169332842865738 -0.649487050316019 -0.589694322190122 1.92960474097745 0.0474724982226513 0.699870623281819 -0.566077156794762
-1 0.426034413195701 2.41220973958781 1.57863121470720 0.771248258763012 1.82575888937633 0.257642885840359 -0.130359113699932 -0.521835175084398 -0.1046078087712 -0.373284226015464
-1 0.473331619767107 1.76317337192959 2.71501327475669 -0.00888182101941437 0.42451972066303 0.572001293200303 1.37463637735028 1.83922218296859 1.93039620906334 0.88188531073771
1 -0.275664654999461 1.09397873854381 -0.411281402020062 1.77512692558056 0.603871802568301 0.0616240785351485 -1.19010201486625 0.687131321172752 -2.02624354427967 1.30006428146653
-1 1.01387899062401 0.235321164620788 1.17046431252258 2.57644710417374 2.13405980313976 0.961447796984265 2.69448366349396 -1.52891324593995 1.35687504633673 1.48320215900811
1 0.775101474481006 -0.87868632698416 0.798215858667829 -1.421775980018 1.38265821511328 0.407911778379221 1.43188359660991 -0.840174588104828 0.266092778183225 0.919489923372434
-1 0.391381122143683 1.24048931989825 -1.46125174029447 0.610903322665703 -0.429532817282387 0.365792580936933 -0.781719367582215 0.650247797386873 -0.0100593700675887 -0.165753341301833
1 -0.3817000627968 0.709294243438804 0.99889274542737 0.203870977535311 -0.614342781869015 0.72959848985912 -0.909650960636733 0.145384318000048 0.437856233470841 -0.0508296935631844
-1 1.16594186156474 -0.0663716245347783 1.50566493975205 -0.39863579886767 -1.75613607963162 0.291971550100817 -0.0918223211005111 -1.30717897141684 -0.155702905984170 1.51940410616512
-1 0.456850678552378 1.62069745156969 1.46135567274978 -0.738083197872706 0.227135580006774 2.49963563244528 1.17030648279252 1.16015957404093 2.44597632499756 -0.560488460693114
-1 -0.306874084132678 1.61981296840852 1.28036788920846 -0.128179453096011 1.77492680231482 0.752031258760454 1.31968669584842 1.09274647656337 0.138477157194284 -0.289189507395567
1 0.110804732220344 0.493088265803998 0.530390397286189 -0.408208685715013 0.460647671192105 0.648244527244064 -0.179856663143815 1.72027206692867 -0.0770341576006723 1.00870442704622
1 -0.0434754048962073 0.555895988222716 -0.473883642401187 1.31829993112033 0.591780323555061 -0.439265979727406 -0.936284736318788 -0.85472472105174 0.381723739416843 0.0308919080280691
-1 2.29096296955560 1.03163775869881 -0.424419354624982 1.73410132713116 2.44330436953315 -0.193617342349795 0.276373023602634 0.661827659074842 1.22953594814445 0.733360704216917
1 -1.81805623889259 -0.523761571344655 -1.15444386489878 -0.348448824498188 0.111910840300736 -0.243418026208886 0.350568151381474 0.272653306369696 -1.46620040477908 1.90978254640173
-1 1.13413393285128 -0.456257057643817 -0.168374300914516 -0.406608758854704 1.42097703481073 2.37517139330134 0.906397574149848 1.00455197159962 -0.300518425409775 0.60973177852772
-1 1.48211367993142 2.74953293782634 1.15889375565399 2.61247801341195 1.19436521210446 0.0879858858252295 0.367518898742608 -1.27004454277658 -0.0873825161332877 0.568622968086222
1 -0.85874062446872 -0.624269187969872 0.344140259481316 0.585618522539551 0.882860529268631 0.231982901420737 0.388449062846205 1.68580861489166 -0.464976987380671 1.20432819081376
1 0.767918100677315 0.078807457515293 -0.917700717258108 0.133894203334337 -0.905849795379083 1.08198072862675 0.489829450083925 0.778248558266018 0.447793193157795 1.60821231491857
-1 1.15489314145081 -0.551493256119937 2.37223354485440 0.0387382369994088 0.399956161779135 0.249992104781977 1.07894687442849 0.346620778935345 -0.504609863815416 -1.48279281867333
-1 -2.28511462855395 -0.0714185185006705 1.56301730626398 0.516202908285372 -0.0271712598073824 1.01521567182620 -0.346136460403086 -1.09453219806406 0.995475279577456 0.622893473701435
1 2.15884194544759 -0.370163231802851 -1.02758237420235 0.245475170946051 0.510875968629256 -0.738637736861558 -1.12277553611487 0.913993770124658 -0.330745881236238 -0.468821782939948
1 0.482040403704457 0.740370691460882 -1.21908675778169 0.545775404264995 0.275267378036603 -1.35141228884261 0.398981489489918 -1.93933641423074 1.35903144601427 -1.31902623391459
1 -1.00878171550457 -0.182404796251174 0.37669516245265 0.590144808939014 1.46133030927312 -0.439974890918031 -0.287743572521404 -0.138198688764485 -1.13101826380746 -0.593624566710234
1 0.469199336719009 -0.281138734005221 0.63806563617003 0.466764249181858 1.19016077500196 -0.710716243491849 -0.638323915710106 -1.53295388712987 -0.952914395815686 -2.55466879514122
-1 1.25644137379796 0.98484745516025 0.331830897585364 0.613757853619317 1.27396980731311 0.264197871658482 1.08228233170825 0.891233530726167 0.73602399991623 0.419226490286323
-1 0.139593849976496 2.03922489214411 -0.0424748488344275 -0.184836606250795 2.25128683216934 1.59910681250014 1.43613523722912 0.73505712223534 0.62596731692244 0.346297194366123
-1 0.513616627210361 1.04909893083361 2.78469633640505 -0.275670512237398 0.385214495332805 0.63342707265049 0.405414289614266 1.88716217582942 2.26897764568960 1.35788174779721
1 -0.848471644445722 0.0614335918398539 -0.453358455949562 -0.862976602956883 -0.265740218859486 0.774211384260355 0.620133392866077 -1.84714553733197 -1.23558387333689 -2.06734629953805
-1 1.51707929709753 -0.246947741427588 0.165838220654536 0.631752388313287 1.49269291852532 -1.42129230450799 1.30381125271309 -0.80322322704273 1.13535768476594 1.27566673857739
-1 0.0124128269525764 -0.331780648636778 -0.889483027370691 1.92854483033306 1.23220016017132 1.88382657096592 0.431372299720212 1.03112367029863 2.48526953657569 1.55898436022218
1 -0.339681363957184 -0.143032788446687 -1.69365401277538 0.492376848484043 -0.094443231309969 -0.591192465054127 1.52628268471519 0.0901317183023717 -1.66928876509909 -0.0255973039812031
-1 2.36218559393458 -0.377672496029513 0.266617850338042 -0.58252499744132 -0.259781165280446 0.273430695695608 0.345333012266479 0.933303118245037 1.56327936494818 0.45967184827636
1 0.0599446775401752 1.82154795217167 -0.779187255596499 0.574808679005668 -0.398268616971606 0.132860994586327 0.354294421775846 -1.42327636021048 1.39137812578704 0.974266688158113
-1 0.616385114951904 0.38029450679563 0.413254835352236 -0.309787978314939 0.397900761944578 0.119638416309219 0.401865141058424 2.29635271782802 1.44409644412281 1.62340613483493
1 -0.397192532052913 0.10854267584698 -1.03393630194108 1.55071147799355 -1.4258798400262 1.14720539504424 0.624427724542902 1.16637912926013 -0.612293710820282 -0.775561674352438
-1 1.37188543707037 -0.72898744303213 1.18372636040923 -0.851927073829141 1.18379127439385 2.22190300738990 0.653959099628391 2.21816453293502 -0.0373744337649730 1.46024896212292
1 -2.14310314298493 0.110379943303233 0.609893811612869 -0.706944155287228 1.32127660463395 -0.106842039699136 -0.557654913552243 -0.306067621479258 0.148797879564739 1.03893465595498
-1 0.905355630077629 1.17061547954409 -0.0861381719940638 1.90205068637918 0.345691355731859 0.593075025843522 0.108936823305006 1.06105903602456 2.97604845206907 -0.179075758701353
1 -0.772162294125613 0.326093404464494 0.0678619947765743 -0.664905218094798 -1.01328863082439 0.555674613330505 0.924756537300165 -0.347717606131056 -0.73612300153773 0.675728553099139
-1 0.304990017338053 2.25994888815694 0.856991157866691 0.204656666870801 1.14133897527788 2.04805276978181 0.948956020311426 1.14011642220063 0.0595572004372414 1.27766719538467
1 0.248972279880583 0.308223705713253 -0.962899992924727 0.775621297229869 0.0574211435535705 0.416660017832116 0.42551699748853 -0.285159571644237 0.103192812319894 0.729110977597568
-1 -0.902508879801901 0.71039654396067 0.131801309278544 -0.570467140524797 0.93024795286894 0.792423335849669 -0.181512211495818 1.33214463869351 2.34178551665502 1.15083041339813
1 0.258014324573696 1.34511429133285 0.493838452072173 1.17015121861556 -0.436686229607462 -1.09484237066652 -0.0580671588528077 0.793934197898373 -0.0845136433751985 -0.0208898980450523
1 -0.607309055826178 1.09843469712175 -0.339191809718096 -0.399355152001373 0.817681628691123 -0.503342940700558 -0.216344315317805 2.02573901543059 -2.13731276641699 -0.164595176864999
-1 0.711661405394643 -0.431268122285929 0.331715878087267 0.277917635266465 -0.639476957325615 -0.0417994912052537 -0.280280171465853 1.92380162403803 1.10113801660871 2.34586824220927
-1 -0.702661089753645 0.938643374499861 0.856441044799843 2.41704484383820 1.40214516188127 -0.0542835139913754 0.506330245495047 0.781434881356448 0.283275802436287 -1.55221967768155
-1 -1.30238567042879 -0.54240558117915 0.217772634565692 1.81025453498104 0.153945318559848 1.76032650270799 0.609813190746767 0.919908482199252 -0.543822476277634 1.80476482640869
1 -1.14757480503670 -1.37630691098047 -1.59484511045610 0.00165290498145726 1.82043300327157 0.9848448686387 1.86539281448006 -0.744691346950962 0.655742093709339 0.233490429276891
1 -0.409402074482419 0.546351418557154 0.389823894040042 0.173450608620386 -0.301112618946471 0.258871513378664 0.289826423988262 -0.945300294278173 -0.694801116401348 0.216659900066040
1 -0.904823996578627 -0.125379523709257 -1.05943019232934 -0.00264699782824217 0.804198493059796 -0.374000500032413 0.559648884248126 -1.18247531646474 0.719987796068691 2.12635383888784
-1 0.474202484962703 1.97930188201365 -0.972720019077968 1.05130987960660 3.11638980855041 -0.704116861994183 0.691960586791746 0.342597030886118 -0.0820341694281136 0.607726900703907
1 -0.261748264552865 -0.197741369498028 -0.934472388087026 1.28427873657653 -2.64892224461872 -0.800640083970092 1.02591956856201 -1.54183267551902 0.378144093024745 -0.653353848417776
-1 1.38455008029112 -1.17862914516843 0.979472161078972 -0.176555851783173 2.57090841907205 1.03830959126267 1.79060762193427 1.951787556793 1.40950087631428 0.160260919574458
-1 1.41363363302838 1.36345984220032 0.0443239338243763 0.913961620931405 1.1719312175614 -0.137187239490226 0.92378487489105 0.228790201898192 0.705568040851735 0.0190934503179456
-1 1.37588840944756 1.41510777085694 0.8817354591708 1.86181291458440 0.0371216124449529 4.07402986473135 1.99144643149354 0.734769737374647 -0.680797940389671 0.910485378670791
-1 -0.438663111226203 0.207941844490989 0.5865058316067 1.01761995474338 1.85661971546524 -0.373357133692503 1.51685950634813 0.61556468635154 1.71828282705804 2.12681304398761
1 0.170108508444741 0.366418187505566 1.12431923756238 -0.543358979724329 0.482854497081596 -0.809586312530833 0.321184876680906 0.481422769216829 -0.428307392514479 3.14997866498626
-1 1.42258028299778 0.590640489580042 0.63558889759668 0.0403346164502442 -0.58045845978273 1.10683663284223 -0.146717081501332 1.20844587303067 0.171274967503102 1.37156609098769
1 0.86964703830765 0.00355366375889553 -1.16325718848511 1.56049073991364 -1.01729741153912 -0.760559052529948 0.480900460108404 1.21499109028486 -0.741849365563998 0.136112023806022
1 -0.190958260559845 1.76244126463279 0.00976883284767054 -1.48157959994409 -0.622148799453678 -1.28830956526059 -0.228636971288944 -2.77191565579413 0.338262137511851 1.13106701349841
1 -0.500596990066279 0.311062912184198 -0.165592186805584 -0.142786718206983 -0.267541295045633 0.710129406345193 0.63068353310757 0.134069448223123 -1.02899592914683 1.20186978960777
-1 1.56762042640272 -1.44382870845621 0.00616247122321734 0.229530696516432 1.74517259783104 -0.919843527237075 1.66181089868965 2.36628087592464 1.72351159380634 0.334476272830695
1 -0.237547333645976 1.10492224854314 -0.170549586922012 -1.68366942615957 -0.095910485911497 0.215125296267915 0.322949606904639 -0.130309129358547 0.0952276459092429 -1.66193039238743
1 -0.820157547566087 2.1189256826442 -0.550930838761855 -1.7410770141201 -0.971526581361206 -0.253484622938733 -1.23693352827691 1.08721295916382 1.29865367480168 0.842624550940743
1 0.154991807135798 0.684480969148941 0.184843088514923 0.107055764349234 -0.158534367696338 -0.0540859113394253 -0.984381830344819 0.45548108112145 0.109217269202811 1.98418231984624
1 -1.07951747129600 0.322498071500352 -1.21335609117884 0.00419865353201456 -1.18505899990528 1.90027766048104 -0.267625752074857 1.04844109901298 0.0365317882244388 0.842682156525352
-1 1.37299374280323 -0.228660483438316 1.64578409901422 0.106087591908401 0.178262232885699 2.4632295831548 0.184883016090547 0.280419597669204 0.0981431770247964 1.24302049983134
1 -0.0623761428539007 -0.564337674962093 -1.00960583272782 -0.300887452515774 -0.0563135115646298 -0.248486764547414 -0.566353360935994 0.180903670320034 -0.241192736194081 -0.540429732318281
1 -0.74231936664481 -0.430009799732147 -0.0907974375167516 -1.33242340979654 1.25055160858917 0.932042880278473 -1.04647088247531 -0.826410621516823 0.467178952052637 0.501352541768989
1 1.20387954743902 0.919779167286895 -0.636670647641196 0.425522829336677 0.908020013915415 0.617513800213486 -0.350037200258273 -0.916546352033473 -0.0216572181421689 -0.569914381671242
1 -0.265084073964343 -1.15303072489598 -0.299634283624589 0.159134474063139 -0.116977026731172 1.54410103148324 -0.156036977301360 -1.40982264733506 0.792567493287255 1.35699387429031
-1 0.58923704852693 1.37193173577098 0.496970201162826 2.96705820293210 0.2946874720617 0.237464091475258 0.222376177118186 1.85467005479340 0.880432760056477 -0.181664124320756
1 -1.19351678597349 -0.0545187243682114 0.277430518399507 0.662360127532939 -0.590955219087007 1.13803962324410 -0.164887504498113 -0.073916713760648 1.06216257341671 -1.62334610193369
-1 1.53672443019806 -0.92393518724047 0.945128093987597 0.763932881664406 1.30967207895261 1.39556966336260 -0.796210633927615 1.57766127614331 0.290064044020828 1.61071425398211
-1 -0.164304106819607 1.65000766695277 0.146474756988247 -0.383847917122314 -1.53636512988366 0.852547223665345 0.0236284295053749 2.23816711072309 1.00149002696517 0.685458971411893
1 -1.46002511893176 1.16920395875314 -0.143349049157323 -0.792655392780854 0.889224060410574 0.513279777552647 0.076560468188997 0.15019790265893 -0.55015038157701 0.277686733775674
-1 -0.368266292651277 1.16668357957501 0.189350218266466 0.0239061472520794 0.404422478091426 0.789967524016768 0.527420929308456 1.49806267355766 0.78346865518813 0.578322275129625
-1 1.34468734136473 0.179962148689792 -0.242437847109661 2.52585723109657 -1.62480661767924 0.61582345137884 1.47955325892735 1.14578301781538 -1.80471826800865 -0.710873091896338
1 0.561530593517446 -0.0113971326874438 1.62080755252250 1.65845389945683 -0.0099052319970204 -0.299122260098438 -0.568825452677248 0.201140745652893 -0.983887632891515 0.203747516665300
-1 0.281095462065993 -0.440274155310733 -0.824949875632228 0.78021364078929 0.454267834683144 -0.313248260599106 0.107304049630058 0.948630923612143 0.886566385464668 0.102742607925253
-1 1.46127848221712 1.02266103442812 -0.465252534686068 0.0505292664173422 0.611195784148988 0.793609787608185 0.338452970037635 -0.524245789941844 1.77733016828966 0.358529107529318
-1 1.87656632116183 0.761806051102522 0.81610768893404 1.37360067031945 -0.51611169287564 1.17205597494157 1.51621050073045 1.42830936321424 0.775282222332838 0.342625998529819
1 -0.451627556114291 0.179592826800375 0.60432179662691 0.521816980889011 -0.495407232321084 -0.629533770466132 0.203580513939072 0.52579830463766 -1.19054979965610 -0.0541556302605196
1 0.800512973147705 0.66217777534028 0.43727539826971 0.759892290582429 -0.345821113387114 -1.06911032477963 0.0505731990003102 0.85617738106488 -0.467580552718872 -0.467982667639138
-1 2.22911554604537 -0.167453819734042 0.851740912527086 -0.94609650122102 0.678050245434057 1.87699705503174 2.030442861355 2.11245755889153 0.179078836429797 -0.297195820334261
1 0.31439914188654 -1.83669212922075 -0.107765122825069 0.385728924975561 -0.267407707494246 -0.375550836753637 -0.925901553734699 -0.142058489693745 -0.678948831979352 0.559256020308844
-1 2.59338830334884 0.821734199635285 1.16100016075007 0.713244514872277 0.158233197647314 1.40601454531843 0.344802214301697 0.625851910122867 1.19152323608074 0.10632935081695
-1 1.10563658416993 2.20952671931789 -0.878682752268736 0.112607868557070 2.11987060707334 0.612223757239186 -0.557372275465268 0.673506728701198 1.44048473508354 0.688725035898022
-1 1.28404913339441 0.897293506206746 -0.127304584134249 1.84826439963962 1.4215541407819 1.98501241738794 1.12798317536200 1.34347898760311 1.53559711937291 0.381473448849107
1 -1.45833354923829 -0.602618110908116 0.222690849703756 2.08469917784140 0.990917558873533 -0.962713152428615 0.0214071124113589 -0.328010951593272 -0.222825966485509 -2.04220253221208
-1 -0.135072091220867 0.186215105934042 0.0214847877053715 1.05777535601903 0.876402461437642 0.391529351863709 0.891261066196762 0.568068106087241 1.33599231461844 -0.465275941646457
1 0.815324788174841 0.498807992644067 0.436794059750912 0.112206351858750 -0.426154421282347 -0.512478655266557 -0.656876050890261 0.678675625900834 1.44975107625016 -1.19084492480696
1 -0.105847027934022 0.181749068387287 -0.515132166286618 0.0334734560161882 -0.63788203982841 0.965359627356716 -0.29800249020245 0.32603588952887 1.32727327364689 -1.69620694714235
1 0.614545648192619 1.02603693644161 -1.40477011122542 -2.32464005835351 -0.798473544561395 0.0900823338109044 -0.109523609236379 -0.457771932959287 0.0115884001033919 1.33415248477977
-1 1.63719342179356 -0.169691510306089 1.51783895348956 2.75562382704082 1.03349047924278 0.0682045978805726 -0.306043519473666 2.34699211348158 1.89694895794673 1.19172739405977
-1 1.34462031967963 2.41625372093635 -0.243939890829946 0.708735968796875 -0.136569065170193 0.634600528162943 0.490551930983251 -0.352093235725423 0.679620319517401 0.675072344838464
-1 0.052604212724198 1.96592814076961 1.22673368411256 0.0189677079594598 1.63752936864202 2.29016616976456 0.796478754746627 0.800291370807387 0.389374984693618 2.43320594756543
1 -2.00258198328715 -0.893094274017786 -0.588812921096639 0.72989027150164 1.18837134749449 1.67915366065114 0.618764067502893 -0.610727281852742 0.836496534558999 -0.707033802083516
-1 0.767430495242865 1.82073285208919 1.37045924942118 0.217593911085228 1.10269029260065 0.589257440855185 0.237901122986946 2.50580515270394 -0.938410356346598 1.19218811318295
-1 -0.225532926091885 0.0404437952255245 0.548578990415899 -0.271650869570994 1.19343031825654 0.737652998315037 1.42659251714270 1.56634710538911 -0.68851028577519 1.53660217546955
1 -1.23847593298502 0.660301985497434 -0.578226718320091 1.55834052163573 -0.167693354612706 -0.221421773558348 -0.0371340453247782 0.270053983705465 1.86431182009893 -0.995004170470814
1 -0.488554318512672 -0.0397513893575803 0.846285115537176 0.079885806415045 1.70565512684297 1.18261774500166 -0.295282514781313 1.67252105450777 0.0512375905326974 -1.18784069166398
1 0.964304629003842 -0.195353749698662 1.63790252557813 0.938221886509249 1.05823576218085 0.861638174291957 0.808807630860483 1.57459990952530 -0.96438796724524 -1.35855434186429
1 1.06398809847192 -0.956117201363903 0.296550502516474 -0.0402787738166521 0.458112450920901 -1.03792755428057 -1.25624526889164 -0.190512620955351 0.677801992781424 -0.430549919182831
-1 -0.392969575095857 0.068837946277122 0.48507048284296 1.86076154858900 0.262877667643389 0.342664967513677 1.36689466024124 1.15901177093205 1.19966827069645 1.08733271333525
1 0.0610504356850205 0.814814874145728 -2.03130051405005 1.16100479227961 -0.464020088909212 0.570264312215163 -0.148494643401971 -0.232314824020334 0.0805113408066876 0.206168510213714
-1 0.947377568884408 0.766887899450473 0.530933756205153 0.925736890304193 0.743945275295485 -0.0512091252651932 2.21873044459401 1.21885662337416 0.171394040494003 -1.05847339414088
1 1.27838213505551 -1.84582443072615 0.522227608622042 -0.233159602316093 -0.204343212463926 2.06610233185430 -0.0597080931954636 0.275177224021124 0.606670316684389 0.456703421764537
1 -0.36528383426279 -0.77391821938865 -1.08403468972799 0.0434619280294605 0.515239892803547 -0.974790233725083 -0.163527131813371 1.11868784281252 -0.966291410376925 1.15989723182515
1 -0.276362214988169 -0.216208828725406 -0.78950408971945 1.26061329490334 0.488533332060312 0.0391710046959154 0.971571867750277 -0.82237208291211 -1.13499265091651 -0.0728337684915927
-1 -0.741947269758337 -0.550786987934844 0.766393362331708 1.47259325620927 2.32940158414391 0.517703515110416 1.96428709526327 0.332295435929387 0.181128356401508 -0.189721401119066
1 -0.146810713400204 0.533266112350569 1.56641137212408 -1.29756938043785 -1.04856143240114 0.279876059567847 0.464084715978103 0.0920845752620184 -0.564122892749132 1.35603789097479
-1 0.399544288296117 2.09160970807285 -0.194460533736505 -0.724811826365971 2.73168411048844 0.637943194549717 -0.280655477752386 2.91445959409036 0.208134298658000 1.81386928960225
1 0.481118483016237 -0.694676706992222 -0.373131784644218 -0.194166804270815 -0.341921196710333 -0.0406168186729622 0.348763172154169 -0.051536554777172 0.607531558596891 -0.868098037964325
1 1.27743349328148 0.394421105972947 -0.2892429972132 -0.138500264664425 0.275793542066926 -0.298825701220555 -0.349643696475038 0.112818694705147 -0.111793301562636 -1.26194695987944
1 -0.39706118716028 -0.738454287513573 -0.970980737275428 2.13083089194282 -1.43018620539363 -0.516460391298756 0.354591922065059 0.342485610839122 1.32221630602757 0.0782776549838539
1 -1.41462007401733 -0.609143443333595 -0.95154342646938 1.05161830990886 -0.8263060470452 -0.0162401888864265 -1.08084400444980 1.28236658622117 -1.1576264364134 -0.921355804632846
-1 -0.173409172442546 -0.513792994826488 2.72725026000442 -0.0071614569084878 0.530770478635366 1.66497793670085 1.19030791810197 -1.47871389612645 1.98291956350402 0.356960715648266
-1 0.119075164264989 0.402279731479397 0.188072082594737 0.0210115522158584 0.57797131851312 1.1754936439452 -0.0804690855849999 0.364511088642639 -1.09274026765119 2.16884177227208
-1 1.01832296127994 0.77586434482763 0.898046050622872 1.03855813236802 -0.516099679488591 0.68058564658052 -0.508313818818324 1.2590919323556 2.19946636310497 0.126421364123796
-1 1.08031278999193 -0.113713567694339 0.129322781264023 0.989665167376652 0.162855030512895 -0.0189628312245526 -0.487447404732572 0.854454805111987 -0.747653262980575 1.39948591940831
1 1.75707879728175 -0.0171913073677182 -2.5753016625745 0.870308738115312 0.441610658911130 0.448491100591574 -0.342599839951297 0.000303560726187189 0.532918281745838 -0.106278282881070
1 -0.302467702670357 -1.09641452783364 -2.07838244003230 -0.0178504662175871 1.86931009715892 0.595414541460329 -1.36079348074339 -2.09952316830636 0.0725688184278157 -0.29569723652801
1 2.22901097935948 0.437159336739768 0.68017025861158 -0.871032222043267 -0.370393727363565 -0.561392035837272 -0.260060428219071 -0.279000328928451 -0.408020959551346 1.71419532860892
1 -1.31708027893130 0.328791228213447 -1.05095503514310 1.06583111221006 1.37565707907995 1.13617490216196 -0.389373430626054 0.881192084680192 -1.35659340338886 -2.14952815385372
1 0.300626572299512 -1.76342337348372 0.234125054633001 1.57995706909441 -2.27529187794431 1.38806153037921 -1.18028778030842 1.22255560711631 1.01647993619343 -0.862664119293479
-1 0.186203379949956 1.96224090150890 0.63386996776677 1.58876758546689 -0.929514946540294 1.20910532647630 0.933470255609413 -0.947703249193386 0.998399120496725 -0.109072994236268
-1 1.82562740578107 0.654754295451198 0.793722260157792 0.87534481508411 0.215421043922745 -0.286758865316952 1.94185165041859 -0.378100634886303 0.063816024163379 1.00088254617103
-1 1.309032750307 1.1869497971403 0.245727341512248 1.56587065374843 -0.688319595484092 0.830544338148 -1.34090589949846 -0.136037823530907 -0.127893026114002 2.14971651169377
-1 0.376826776740752 0.663763573718842 0.561477998658962 -0.953095054144614 -0.217499956480729 -0.606041049999602 0.687812548849987 0.66352021797737 0.89905421135923 0.202796987631239
1 0.215763269054363 0.115145312842304 2.20847170412949 1.13963476285811 1.22195211298501 2.16699477361694 -0.0778867824074311 -0.519304945082817 0.0286247011620331 -1.59822945898264
-1 1.15312215412928 1.59613279056944 -1.15892718646189 0.0519458047276529 -0.940560490624686 0.533261386747194 1.38122870885017 -0.209006071327181 0.680797241842373 0.816705358055636
1 -0.735139202743034 -0.214287864281899 -0.176981000225847 0.374495910329722 0.74590259041253 0.76660573614726 1.29832631200590 -1.59473057669589 -1.74070736336151 0.893284077096694
-1 -0.394815156530011 0.700721109365255 -0.174157206754474 -1.70188961099316 -0.461301430174707 0.613693811471621 0.973307490687113 0.94275306216205 0.991674704183561 0.982409102404465
1 0.250786088438083 -0.882710224276126 -2.11956395249877 -1.21122837439124 0.669970632678717 1.58201762091676 -0.736560950845948 -0.171684916947505 -0.608804367784669 -0.635160337800177
-1 0.414839703451072 1.06946140354721 0.962127822960955 0.0519611843115746 0.670361587115089 -1.32494906063309 0.402307213148473 -0.517099389786861 0.0515201811136847 1.85063459938615
-1 0.905272019865671 0.883154815718778 0.693801823315874 -1.43930264707305 0.153835527965533 0.73077195918605 -1.40960997953441 1.12583164941316 0.978315610033855 0.746933741652478
1 2.3131206617356 -0.186525343820990 -0.258073241231844 0.290282273194197 -0.537149489669811 0.709101590460132 0.617864948304024 1.58816749795775 -0.884301484612427 0.321431764175695
1 0.713626133692389 -0.0935151667092559 0.116480044542645 0.228040722576511 -1.97998928185712 -0.260961235159858 0.341157577031104 -0.158483009891641 -0.57372760350455 -0.432532869836654
1 -2.12462051979223 -0.637136716122851 0.842487762816838 -0.954244111303724 -1.31724078714155 -1.35204108371868 1.52295015075211 -0.689237400047214 0.579129416263596 1.28107494647085
-1 -0.528154103083308 1.66503601848317 -0.258066766923030 1.05485896536245 -0.281686962857632 0.775952335206425 0.56412856705607 -1.46073248259023 1.18483072336034 1.10837413997764
-1 1.84245079364172 -0.543075121214429 0.0713109494320336 2.44026364172652 -0.495913154136999 -0.194098317434386 1.84815052125319 0.136519473646584 0.669599496716751 2.29409758538564
-1 -0.0846170606793268 -0.248176381557160 -0.558030968700549 0.251556584786113 -0.139286732252462 0.773961270000567 0.883452366835954 1.07475135070623 0.87136117385051 0.392924886356217
-1 -0.718050525712109 1.62702147717086 -2.14111861293991 1.84392055471022 0.924201121894782 -0.687241286916394 0.063570440730648 0.515446835392084 -1.46607792805534 -0.162062618859282
1 -0.697940632363575 -0.905858751111273 0.173287988478143 1.04482915574901 1.79074959002370 0.393997487421136 0.230431817370380 -0.269651277002789 -1.15262225371113 -0.37437429017881
1 1.26186747280840 -0.233761062207714 -0.367206602185522 -0.437433402316929 -0.247629983674487 -0.766053574459142 -0.980014782808073 2.05750742646082 0.231704270043509 -0.891612683954291
1 -0.0089496807975916 0.315601788837993 0.249502001124419 -0.332683808451259 0.936148730290201 0.997224183548426 0.112325137760286 -0.106855175335587 0.279278735970931 -0.727950194185806
-1 -0.143443266513390 0.84620175756745 -1.05160208007838 1.61700778415182 1.61179551473706 0.141360115258185 1.61512307370533 0.163708155934522 2.08653285408743 -0.914233484011852
1 -0.252115434868714 0.258929054976304 0.882938878242752 1.70700250042913 -0.228405919121334 0.775029604855215 -1.27838435755655 0.732438435885958 0.523594868097533 -0.359537450927365
1 -0.81195125867458 -0.25141550045601 1.40119547052502 -1.26760970826275 -2.22439944207191 -3.55414655665958 0.724833143205684 0.365103762957113 1.56536609213408 1.70850141063055
-1 0.149145167982842 0.417145621097794 0.680130038139994 0.980320774226081 -0.741237513044243 1.5736612961456 -1.9773517678649 -1.67214896051485 2.13015237844258 0.489743644496338
-1 1.01992242307822 0.406070652113992 0.266194648654623 1.03320832861358 0.986704032756852 -0.425169543047911 1.77529442644212 -0.528068482984197 -0.625188922472688 1.11953189930430
-1 0.660819598711062 1.3971013235661 1.88891941353497 1.59659263381007 0.292098251733145 1.28972616171115 -1.26509354298338 0.301099243070856 1.33312133845843 0.932624973249094
1 -1.18386078113721 0.781847700083173 0.0984950251298932 -0.563533162088489 -0.637424025832944 -0.119493509701414 -0.311466483163313 -1.20527818352903 1.50437968452900 0.155235966446766
1 -0.107150441186788 -0.330417820841167 0.651737962946128 1.57203202704886 -1.3256321471413 0.511250886932134 -0.195556015344752 0.536362926075724 0.637402299584502 0.487569304710542
-1 0.118147758365348 0.777445863228431 -0.285619532517305 1.92296837313607 -0.100097236094227 1.62109381748240 1.28390115169223 1.67021156378560 0.237735831144755 2.85035259926943
1 0.663669595151978 -0.810347609180215 -1.08414496288982 0.736769391947469 -0.0285585089378803 -0.356593820852108 1.13792381789240 0.897941723134403 -0.131599114955359 -1.55947489946366
1 0.179322578527545 1.04958777989609 1.11292942274341 -0.353174138415979 0.465657008875917 0.603453836656854 -0.0653436761809235 -0.428733776817788 0.762538097242476 -0.846506441525036
1 -0.392922318669553 -0.220403331784052 0.0139559586789647 -0.491280929354173 -0.256443556869876 -1.23254626632185 1.16222337946452 0.124038907926099 -1.95372598263011 0.32315468281465
-1 0.902983067594123 0.132430713003564 -1.83876909914382 2.16176929358908 -0.583975564091513 0.165878247728618 0.999174338304462 1.20419266047618 -0.214379509838759 -0.0732209767435341
1 1.14987954277452 -0.99123624306204 -0.771354074118673 -0.680604533886645 -0.431220140245053 0.0514712192167266 -0.76286253638961 -0.878272711276263 0.591959937684214 0.602151720177146
1 -1.82594435842743 -1.10196525311335 -1.42547155632389 -0.866904330852727 0.226683939439274 -0.428258332229782 -0.374861264841021 -0.426957053715944 0.950372605475523 -0.743918303821549
-1 0.440604731232430 2.34345679963601 0.87882639909618 0.907730720136792 1.91176252939047 2.31213126127484 -1.86898673372634 1.17512859099902 0.00665472134855749 -1.59705275328598
1 -1.52764088767467 0.200746507732403 -0.502475738717916 -0.566090442395372 0.383411138707294 -0.0924425750169885 -0.760886130826525 0.850195509677434 -0.98953424222394 -0.711955796502733
-1 1.53663860909921 0.603209278620024 0.265206409287503 0.631820472756792 0.603621112293918 -2.09664183148706 -0.0405568337664330 0.479085887298696 0.218907487800847 -1.75330318730697
-1 1.11402058396373 -1.54220468018144 -0.495371548786009 2.91133965772368 1.14961009083952 0.961873369498386 0.659701758245635 1.48974217558594 0.346507229695991 1.76896897192974
-1 1.85906388908802 0.331901138753258 0.714400584355937 -0.93162038257196 0.565498804458481 0.2918392123364 -0.416713828271979 0.276285669596643 -1.02034593905777 0.671230860744786
1 -1.29637022735679 -0.269339129494665 -1.56074054334759 0.0214773550886881 0.140775001376183 -1.57408384471976 1.6627124797668 1.57674001111925 -1.10993427334495 0.503445922819379
-1 0.0778554894564176 0.0334964338130225 1.56360177150869 1.29777965861104 0.532728630692143 0.940463413733937 -0.524683284721788 0.195385959265871 0.283610493424572 1.15607894539328
1 0.215958997289119 -2.00807202677575 0.591149458594925 -0.654401154606168 0.0707540501755623 -0.613277195979156 0.412240125631071 0.897951312185814 0.507570097808228 -1.07093454733381
-1 1.30259520407389 0.770823536975413 0.00752803606559527 2.58717079349319 0.887341317215229 0.589117696540287 2.85839365087932 -0.785308858835682 0.912621941931043 0.264875571983258
-1 0.907260850243875 0.559806269786727 -0.997438577759582 1.07073920185620 2.33419218559568 2.49543311677907 0.0954402928174584 1.38265745317687 1.96678756277715 1.28328861779369
1 -1.45937736565143 1.01232921286805 -0.0848264934899855 0.90705531007317 -1.38022353698859 0.623924710045324 -0.0120356369071719 1.71655968953355 0.192164173520374 0.356650345042087
1 -0.629321847088783 -0.81859042568519 -1.61198662105649 0.535161322442534 0.620061402067028 0.0373563423901246 -0.591219344938612 -0.541197147184578 -0.0271454257737113 0.0453651996355056
1 1.76340729445690 0.0088739359271908 1.19448787167711 -0.237438908181258 -0.881149828278346 -1.08595945299214 -0.503222085026369 -0.818152689379041 0.187921333852937 -0.433135937206217
-1 0.652484857927672 0.878207800289467 0.750123195169691 1.82041086283344 -1.02175518047106 -0.404221991972865 2.28396154455049 0.207235681507501 -1.83233646535565 0.834822022778706
-1 0.0851345268951876 0.795002600927326 -1.43971677727427 1.59022830066663 0.805260639950478 0.175328105181710 0.058003918915234 1.24673473831226 0.921935963287126 1.66562787602586
-1 0.0351389168113081 -0.224000184612645 -0.171982420672602 2.50368758375219 0.165743315824593 -0.755479262260849 1.03956350666269 -0.364797339738934 -0.89970852105816 -0.0522561774039213
1 0.421086080147852 -0.219910628824221 -1.20212450232945 1.86557021276478 0.0377445885812185 -0.93787717871588 -1.41846606940428 0.66023770144808 -1.16421165652407 0.587007571513356
-1 1.23081904328374 0.850385491564445 1.46200207640300 1.45560066029726 0.549401758867591 -0.777779288760878 -1.02206663989877 1.37561651121015 1.09907981317055 -1.15028376932016
1 -0.860037175038856 1.68961033491782 0.758237951632703 0.486821602258759 -1.57386038789039 1.26853273309973 0.938631658009438 1.39880853374845 -0.0205165126229940 0.236200715942602
1 0.114464977692647 -0.616009349895157 0.163810617217230 0.0286482477986629 -0.768957395702966 -2.04534911597103 1.74273545691599 0.0208792765364073 1.60490544564912 2.18885086601426
1 0.0464894669547532 -2.58103449060454 -0.0955190787809343 0.0349794907217657 -1.33859324259354 0.947252127488606 0.495247324181582 0.497439943603986 1.97521245422954 1.19224320185185
-1 -0.97252601602216 -0.585559323061353 0.632507798910292 -0.104157930636079 -0.413204465311359 1.70487594297009 1.45125418605527 -0.460833641599386 1.16326424096857 -0.767522357128415
1 0.58112527767198 -1.19740528057889 0.699286171354412 -0.298541054298207 0.672304163313119 0.72470247373139 -0.166654597373620 -0.87738239798521 0.300803065843091 0.453923483125696
-1 0.416483117309315 -0.59440323010665 -0.0626853330485001 0.345548455909165 0.0413432727421388 2.75634655398755 -0.162993440076521 1.21606134301382 0.264995216540396 1.19121304072256
-1 0.898034649087333 1.37988418482077 0.420735175576556 0.139499289114017 0.982280370364124 1.92383772839431 0.627175737438453 1.46044061249538 -0.317799592976670 1.70269387861394
1 -0.52232232717233 -0.313742558174232 1.8952351675908 0.788630499423974 1.82662019745251 -0.480269796156043 0.957370823203858 1.33056021855477 0.398674125912784 -1.03927925992317
1 0.752988732726 1.20161130073416 -1.54114744506210 1.58539031475308 -2.07187301795967 -0.578080338761494 -0.261179106049118 0.142246271258032 0.880424449857514 1.55757035591214
-1 0.532510125462834 0.613081894387962 0.547960886234582 -0.0327600530548579 1.11618518350608 -0.721417501312661 1.36026595733420 1.22747966419967 1.63933952659972 0.0129268107133649
-1 1.97136216392359 1.27439245353324 -0.195442746833532 0.224343969837337 0.374519881802073 0.117250162864168 0.216064147129923 -0.401493856417885 1.04579447290026 0.831222935472479
1 0.99676655213378 1.66774511864207 -0.787734882056652 -0.91042877976899 -0.143434193576959 0.562597683785801 -0.109381234662819 -1.50297303031319 1.53579465927791 -0.226751072511784
-1 0.263981715446140 0.0663764013837533 0.922908758212111 0.557889487307519 -0.843633391508014 0.215290118076853 -0.179428819745067 0.601810363117914 -0.541791254004317 -1.17348668853203
1 0.865399900564808 0.0248459937486848 -0.32448304847762 0.652003953491824 -1.34315542664469 -2.15830714167383 -0.420405838994732 -0.016520117353762 -1.1735487765886 0.675191257476177
1 0.179122654241225 -1.22544682246850 -0.764610197308468 0.339954491488271 0.0420605596391213 -0.86066739610392 -0.0743951824816624 0.82878555699113 0.291021390580757 1.38433282775117
1 0.934685906647217 -0.550972225899697 0.155790852072752 0.607520526197608 -1.45148910193656 0.45881844466114 -0.264396874664788 0.264889460418099 -0.039381474069407 -1.20459182529462
1 0.581287965845649 -0.184293997253872 0.180493547005216 0.0383364335499628 0.561885330364459 1.68249336937250 0.749681374393097 -0.738038704410752 -0.639890997416887 -1.50878272860108
-1 0.618238015450803 1.17857708565812 1.27781422548544 0.502826412743667 -0.076786456104936 0.385380056167158 -0.377116185398607 -0.679505676468943 1.14118055901881 0.952389738498978
1 0.49151677910988 -0.414657984982722 -1.35068214152679 -0.81478438811873 -1.52235452649161 -0.689681902960818 -0.725599349245933 -0.802362989565708 0.206184052165241 -1.04558782799771
1 0.354039885349474 -0.126827028137442 -0.741293905694126 -0.691959892521034 -0.217154992032317 1.51844364613562 -1.00382000422384 0.464034648965723 0.231646518905439 0.473859932641504
-1 1.36805957641621 0.230935142385895 -1.19975891551832 2.23840446094253 0.0531559225186823 1.62948575533495 -1.72004940232369 -0.137835423533206 0.293765887416195 1.38180215940808
-1 2.02060415795668 1.01419847885994 1.36659598207392 0.268777281079969 0.107368839360106 0.318398076556513 0.781250000411348 1.43111944979259 -0.0459151362531318 1.72059998848811
-1 1.04996101723815 1.66330459116100 0.774821043421182 1.39546695565269 0.0527196531216403 3.20782960386842 1.65446900844648 -1.28814941970563 0.541275198118336 2.88616669018663
-1 -0.907487648488815 1.23346525863656 2.07803064469030 0.112380803612723 1.67645840856148 1.8885505277384 1.23658545611497 0.803683776409092 0.309449220894004 -1.60881769867567
-1 -0.222825403852553 0.830343087138888 0.0168756833009335 -0.664181702186287 2.38056067084154 1.50582670376902 2.15633802207698 1.61133772530317 0.121549170704533 -0.412312838970605
-1 1.48251399728436 2.11346038348131 1.17135297319055 1.43185759201644 1.98403675774293 -0.104899100190102 0.470386888864722 -0.184748946788279 0.32669945648571 1.62050340015242
1 -0.738438084920761 -0.229726917458848 1.48961727308885 -0.169109452330249 0.465371671287928 -0.545072538590913 0.390097408665943 0.393877745279758 -0.628488754194697 -1.21859266057501
-1 1.48606263025381 -1.05026452630638 -0.0146202961330537 0.780976275942801 0.123373132240139 -0.372953027869167 1.43512021596627 0.648315604425176 0.556358131419915 0.980044713811011
-1 0.615882731138755 0.632588643154379 0.4716050225477 0.839885908462904 0.793041614005289 0.0552235204594741 -1.27402575849578 0.0530212178833528 0.163366607664214 0.643220952063339
-1 2.02921966811668 -0.595983267210079 0.388305486501658 2.04794119035869 -0.0950934741016476 -1.05461099952290 -0.300008355239315 1.31057140669302 2.37258766476407 1.79052706526517
-1 -0.993396929519095 -0.0310136340173205 -0.54671615751927 2.17155121756178 1.14476536580725 -0.612801792534366 1.95332674653421 1.86094115206756 1.55113308418872 1.10394879299862
1 0.191643508384078 -0.208844809614465 0.193479913189836 -0.333266126057096 -0.768201242350634 1.22987496886701 -0.976289645109596 -1.51491179284208 -0.0462696686228226 0.110666913631258
1 -0.0947959215000124 -0.645533873662474 -0.196033796489544 -0.746557128882597 -1.29656964537181 -1.12289319270855 1.68365071219551 2.09005295205664 0.545694534126526 0.0476037570675077
1 -1.65199377135490 1.32108333470935 -0.956364898538958 0.770972703993973 -1.02533537997926 1.12033605027604 0.709462120202291 -0.929039991726195 1.29981183128154 1.07268129950205
1 -0.582433760613203 0.133112263159987 0.677292372201238 0.966962293810835 1.38561986608526 -0.470593913467267 -0.949133034170115 0.109275288095908 -0.373355977507920 -0.721539735310172
1 -0.519419032345801 -0.419277204954178 -0.541859916656333 1.14026904260778 0.754771863058434 2.34098027955994 -1.48359957589879 -0.396346696696182 1.35195053352163 -0.329988311224187
-1 0.47796027475376 1.71535711061896 -0.42500206819063 0.676201569406525 0.508654065612459 0.622291627076675 1.49645120940485 -0.543375859385831 3.54850628213696 0.717873075393688
-1 -0.326710216523068 1.17010007947134 2.3929474897554 1.18180089029829 0.973216324645327 -2.26646206035653 1.17143353949636 0.752869276063669 0.678634430166321 0.705106667373268
-1 0.166460093902816 2.0684619930459 0.513030669594123 0.184654556813218 0.125453069802693 0.211002809527385 1.71848527159190 1.11250551420686 -0.723232797883803 1.07900146256029
1 -0.63187718056459 -0.715991137783578 0.83941621671376 -0.848638999259067 -1.48312111344749 -0.290562631139795 -0.215555022109912 0.730618459510112 -0.51860635438217 -0.948841186542326
1 0.142279858264574 0.778519826948106 0.415326946734625 -1.35264423466972 0.90296324721912 2.04935117492587 0.922031446918022 0.696925288046858 1.30462497626799 -0.128613836833452
-1 -0.534744047644342 1.14814845035020 1.56918764046877 0.783981706244658 -0.962556940560976 1.22437742255420 1.56108653123789 -0.813981771195401 0.170284408389374 1.23710443138273
1 1.2427452970344 0.483210169121963 0.636682274167127 -1.11438470907991 0.284379797701751 -0.0975218908707379 -0.986597469398081 -1.47438474202292 0.80588713142433 0.949087545384038
1 -0.756123617342903 1.2064207193097 0.920889406051033 -1.02328580406608 -0.749897262257269 1.45222675233459 0.570056792862152 -1.02037289543366 0.472316524466535 0.634447623346689
-1 -0.729341148314547 3.05393605604093 0.610790048280557 1.13413420295420 1.20975371425311 0.714831368170474 0.87130068098224 0.613041168044966 0.0284235976521203 0.218952987581772
-1 -0.114318940619424 -0.674721166471321 -1.13548670247463 1.54405015628609 1.23055335050392 1.49425239626997 0.902604853679265 1.32486380525119 2.37862149274427 1.04502943685530
-1 -1.32814420313797 1.36617030223152 -0.244585973884832 1.37394527623579 1.20337480908098 0.527155653903721 1.50824101907013 -1.05215849596736 2.14279194460031 2.78369310290768
1 -1.18239215998343 1.10719198598190 -1.67866818929803 1.39860466544238 -2.97977403847401 2.07084662208809 -0.371234806956178 1.38929326330485 -0.136505587878191 0.918132085379082
-1 1.61413507317238 1.26317247476248 1.15863841147117 1.42148837767085 -0.869178296806942 0.876166269905902 -0.60282441935114 0.126154523204908 1.37978196363005 2.03562114374015
-1 -0.53130872286012 0.688098820902834 -0.39141044594203 -0.0408882262935788 1.30347862765614 -0.214663331724255 0.436311277873209 2.48518417701500 -0.278194637621713 0.396081700885756
-1 -1.09498532263088 1.28688321554592 -0.619161711243514 1.24011405553204 2.11921588554005 1.78268446964912 0.284830902714332 1.16696370504806 -0.330128508586667 0.397920688209815
-1 -1.11858709087388 1.80272190503497 1.54836196021137 0.217926175858640 -0.742420861593715 1.11104777267258 1.13852264206773 1.47320159917892 1.37758341415681 1.95364617023321
-1 1.28845379796294 1.44381393395290 0.980006262627708 1.44305320846423 2.21913956262595 1.36949273298912 -0.248349183181267 1.37113638200251 2.00875620448357 0.177592815077902
1 -0.766969190364138 0.292012099720953 0.157019622433681 0.502376280075864 -1.04809677578182 -1.53968795302143 1.99590090017728 -1.36048627360359 -1.85875208786948 0.438313421318212
-1 2.33271908361210 0.448782223254015 2.13947206238977 -0.0757228160112986 -0.00542875029610579 0.790089797244396 -0.298733262747551 0.915120435455084 1.43129686695013 0.551922171602305
1 -0.983913066430074 -1.36848858478295 -0.248274583401655 0.382949469576258 -0.00313738025263276 -0.174846139151566 2.37158184876184 -1.03913558327319 0.688662332611459 0.264715002178051
-1 1.84673519315323 0.304548520308952 2.00734094053984 0.598301636854576 2.01308261605333 -0.197021325633775 1.11718131198779 -1.09399223852583 -1.53986930257824 0.233200023008049
1 0.560337341310412 -0.0362909032996909 -0.099158712136902 -0.138068483491730 0.0929819160044143 1.27451437870103 -2.60223948645123 -1.93796190159843 0.114061166765026 -1.37412888585296
1 -0.208122029780669 1.53137930013294 0.373028536169835 -0.871948397208626 0.494268824433866 1.03633988540414 -0.286150391444793 0.639134626383229 0.096516757018149 -0.993236164775245
1 1.35300591452334 0.285933446319189 0.178543229074054 0.616982978502614 -0.748744438140861 -0.174844421122422 -0.85828971407073 -0.903340161919062 1.25963934821038 -0.808997599602493
-1 0.557994395357431 3.47126191413007 1.24701017051009 1.23885413603811 1.60891572609307 0.892517410005092 1.73089430214481 1.33321354513730 -0.0956601660178716 1.16399864205146
1 1.43799826419780 0.321558587819236 -0.774007452807916 -1.30539071839115 -0.711088033171441 0.702868791685716 -2.37923341745338 0.108715305600853 -1.28105698388818 0.289436270070676
-1 0.135873189898691 1.1969261904321 -0.374785378354597 1.42086873357831 -0.465091993514125 -1.09302680725475 2.21077180295083 1.39533317238243 4.00739796528961 1.47125045952399
1 -1.32743669024023 1.97932610616341 1.22270364416619 0.388473323497937 2.37654548697095 0.0182406753516369 -1.12026985230347 0.274707730397558 1.95620557695285 1.06125446329066
1 0.29673282062184 -0.597508731613879 -0.214875413740335 1.20870507516159 -0.764314637325361 0.811177985331376 0.152160561161155 -0.626680595981283 2.76031359183417 -2.28818085209566
-1 3.00994201115959 -0.979371185444448 -0.0698264454101328 0.336372125290022 -0.317612526299622 -0.532157935120258 -0.742447104013088 0.848942023381893 1.94297135165945 -1.16869160686056
-1 -1.51463904320006 0.288800713549354 0.480318569916239 2.06017075498398 3.35734623948345 0.456186096538028 -0.106481657525949 1.19100664911806 1.33459311629551 0.0766609675563185
-1 1.60183602557308 0.325069246345557 0.20826039463085 -0.93747670162749 0.893675237703595 1.37997084329641 1.72580060794623 0.515391806318109 1.11158453344964 0.86498852597738
-1 0.936800868165057 0.0794163225048238 0.2173609004813 -0.0419090176011206 0.619782300779367 0.544701257452378 0.412270776552096 0.469393759487166 0.205075138433227 0.139208862139920
1 -1.70758642841603 -0.449072224955558 -0.832591628208332 -0.0641698454060848 1.12273580549876 1.08169846538159 0.948219328361692 -0.408744792668564 -0.214196060124324 -1.18663134252703
-1 -0.375945223157843 0.412180502258591 -0.228874936519111 -0.172266019821879 2.55600949424688 -1.44684754460601 1.85565768540116 -0.674467655424023 0.387925010751174 1.24680446178243
-1 -0.381197594910347 0.822735518817387 0.355550605285827 -0.357495723396011 -0.206249699724874 0.745904099807071 0.407056138944028 -0.703643792717462 1.98773886719080 -1.28449906719338
-1 -0.966008457237662 1.12320486513705 0.8475216415948 -0.638721982126007 0.697475394194095 -0.543502484832153 -0.24706013185953 0.371009811287729 1.11399399758094 1.13798430757542
1 1.11576932957816 0.80551745478483 -0.164937837346783 -1.40102975411851 -0.454167497076726 2.14976082882901 0.63359080928122 2.84621900170586 -0.246415367776824 0.9819785607589
-1 -1.26159447535958 1.27447946489427 1.37126414414384 0.393033297100268 0.8941000973059 0.727088864298438 0.358088770748522 1.44403053353149 0.787092181042036 0.00139065742875566
1 0.473806672630395 -0.244283980614597 -0.414874523697441 0.614164256384142 0.128913881815359 0.812019514107966 0.158131189984523 -1.93983684282814 -0.119728139036616 -0.438675290432811
1 -0.632131156719413 0.363051714286617 -1.26397978884948 -0.00553521128255665 -0.54360530439701 -0.00359709406256967 1.09477946663820 -0.094001477200761 0.285148312216791 0.762566601737138
-1 0.399136075134201 -0.106414870082177 -1.83311595089607 -0.804091053776732 0.135302532701318 2.62146055061947 -0.505739987861714 0.663504883950843 0.940758886189534 1.31466563374331
1 0.301899131595077 0.492033584643954 1.37597821747596 -0.48450193895552 -0.306238355247253 0.62932090761294 1.45703572375204 0.0698765410413433 -1.01411107587895 -0.995615732839153
1 -0.127865882609817 1.39104701692251 -0.984164116277497 1.30328757380979 0.427580685923463 0.811967747417077 -0.100964996634562 0.667398992135461 1.31990281101380 1.80349782304162
-1 1.40805367723937 1.87260784232820 0.833378943518119 1.09942606634038 0.10369453082808 0.947577060669709 0.0266175646611555 0.756504724955749 0.701411756535197 -1.37937005259114
1 -1.02146587958023 -0.371200447459769 0.336821883563844 -1.58456226996524 -2.65067273358799 -0.306353623270112 0.561054675890615 -0.255114689427999 0.801183713748835 1.74331552382888
1 -0.00317981285014486 0.283146201690281 -0.815932207516637 0.447966201686441 0.473605897394256 0.0585111347736822 1.00750622848440 -0.869408767202089 -0.47950440767709 -0.533842065203506
-1 1.14000087353622 1.30745212022713 1.27299495335754 -0.95509563122409 0.900163488189342 0.676856718687206 2.97230850243584 1.0105554819237 2.34679494089783 0.196135012766257
-1 -0.524916982474568 0.573320613709765 1.89841621230302 -0.275535680690051 0.73247316634932 0.403994249345069 0.346371331697817 0.619174172539157 -0.292624140835996 -0.724253500265779
1 -1.01599113540377 0.344213459236135 -0.667658849916944 0.633785317976638 1.42491998790047 0.322374862779029 -1.23277480571008 1.28901895158296 -0.430709428070906 -1.54166755265804
-1 0.980319220471097 1.75926674123526 -0.567782494663524 1.31889797801449 0.935157195339666 -0.264704694691383 0.974426807058755 1.68499226315247 -0.0081633777764556 0.19710842183492
-1 0.671685146530559 0.820471360914472 0.708783494001429 0.475312813259024 0.356390765193336 2.48146821734847 0.88495305180387 -0.144277564970660 1.40190611654825 0.760151741235467
-1 -0.587133060137718 -1.08382844775022 -0.404429028176545 -0.724266767548536 0.600162049866462 -0.411077820197745 0.719322970243146 2.06129928674547 1.07048597336158 0.473261430332922
1 0.646601674226365 0.609424108899752 -0.679909647329049 -0.169056275664596 0.981738862655194 0.304737536989398 -0.408745919954247 1.43687521271415 0.268957098557674 -0.334095461845643
1 0.335254475342891 0.618275505850675 -0.215715070558071 -0.535394408039806 -0.480340926016601 0.365623757767685 0.0184747046435569 -0.595532241354944 -0.0375010416197524 0.000633476107727659
-1 1.03216739105937 1.34845828043797 -0.515395841176006 -1.33991825137810 -0.292179866152448 1.51963663429135 0.945251255734269 1.34272217348453 -0.769751369777019 1.45246747709536
1 -0.951041140165842 0.594709521884476 -1.50229077569827 0.903228720444248 0.643041479425641 -0.694593333297058 0.281844264417987 0.94650520462415 1.01300941541121 -0.275105371772069
-1 -0.548205655157497 -0.534467262261152 0.838268649516844 -1.19686452506945 -0.707581260596373 0.27574710948958 0.00883336712066352 0.762552539131429 -0.0147369603311762 0.409883491889882
1 1.70795723169891 0.612705088115357 0.642046120386142 -0.425835614968085 0.465933902439085 0.379224560673983 -0.622082755737867 2.44354369187852 2.09849742999928 -0.766080860100458
1 1.05935553440527 -0.740511701380192 -1.31690754323273 1.54710608769040 1.87117663924573 -1.44686860053706 0.232874048003683 -1.48600195173911 -2.34805625496276 2.21713228418183
-1 -0.199442378101641 1.50213274375437 0.528952315181686 0.00503278463138346 -0.152068104488409 1.21295824184722 -0.347016498358739 1.73680989091038 0.692419382172392 -0.900406772690242
-1 2.56146073856382 -1.92878047765901 2.66481235039686 1.80113642754886 -0.648963124655662 -1.23300173403509 2.18313534992187 -0.303116615457858 -0.888850248292027 0.0621054559457337
1 0.497003606787999 -0.4944501894822 -0.912684864939818 0.758676149190013 -0.301433996209948 -0.0392474040941354 0.246602283457943 -0.499747568960085 -1.31404574687344 -0.378915047648648
1 2.33271147556832 0.369021855015162 1.11803300116143 1.27848242939333 -1.85937114725242 -2.02243723807623 0.434538664074749 0.0258451580465345 -0.6920965673073 0.201421843878523
1 0.275451400885886 1.8033660568001 -0.484581824739466 -0.00510794644563196 0.883916572530365 0.233527166411648 0.490338474391843 -0.258651471396658 1.89657090440360 0.157992223336963
1 -1.63816832627408 0.217606381790306 -1.68372335957368 -0.00266618377982519 -0.179943797625031 -0.354441287947772 -0.709931426087417 0.227056140117954 -1.68234323347656 -1.17174000875850
1 2.12509607745171 -0.359926159718925 -1.25623510964613 -0.963864854745987 -0.366686611197611 -0.415406259741045 -0.17703613046516 -0.0583394134828924 -0.182876475444378 2.63911189120503
1 -0.544803227820273 2.86760212922827 -1.50012183306258 0.186479764477874 -0.563161104886106 -0.653054566129779 0.358688194510194 -0.0350437718330199 -0.211141502977032 -1.06381115243172
-1 1.93133480546385 -0.507882083031182 1.67940178346039 0.812722626302727 1.32275373842299 -0.364202935662443 0.167768559996686 0.308984858546189 -0.97757874257708 1.26989778125834
1 -0.0267439952077476 -0.467362858336526 0.392215848732339 -0.470596781535395 0.363457509258644 0.700157092613814 -0.388780129903381 -1.40024592909939 0.639190981949849 -1.45965900825632
-1 -1.02047496226374 -1.03287411216984 -1.04251299634056 1.61548530855816 1.72472380491686 0.858478647822927 -0.079092415518539 0.553910316693361 2.50250838895219 1.24665376929971
-1 0.03436010002593 1.23730734069560 -0.913636517209244 -0.0511488599962407 0.598618476764005 0.795498607433073 -0.101836489488335 1.06289854769190 1.68999956932583 0.83200040556502
1 -0.0996718970075096 1.16430453297836 1.34079963313362 -0.174545086923829 -0.264487955751198 -0.9189045506353 0.645815685549227 1.24561924845089 -0.902013649232165 1.42563007743328
1 1.08571610153080 0.568095136476699 0.675509933158811 -0.791324440909895 -0.934687947870254 -0.757865432112245 -1.65922785580762 0.410849016993862 1.88652591105519 -0.139699532740380
-1 0.699848794496587 0.828738674000119 0.310189735046444 1.95225139924188 0.062696605666278 0.0281443786404373 0.8966448228972 -0.0347491516431182 0.0830818230592132 3.17482205109573
1 -0.608390766229158 -0.597204017850426 -0.0240368905351301 -1.82386007139554 0.0317158340367024 -0.905244330159173 0.628439460822542 -0.786705917322583 -0.331840181206364 -3.57051118530137
-1 2.45299867991644 1.09182022448216 1.21634276982745 -0.0356370109791027 2.55459263015248 0.875435103581206 1.51829051299463 0.445524030556382 1.42646697584417 -1.56383997366391
-1 1.86779339492954 1.31642665059562 -0.0441337400969339 0.0919778932982476 3.37760135931656 0.243130216361871 -0.427780439858078 0.193998414512267 2.61456168591701 0.320484118723927
-1 0.419716827267259 1.25352562079779 0.244235074294749 0.885281459392928 -1.09292596187584 1.32123945295521 2.76381040871206 0.0585839926480884 -0.483050934998344 1.05113059774966
1 1.13936941480985 -0.353821772537521 1.87193821462162 0.265195883428188 0.428577000265455 -0.163509716286725 -0.711480588886074 0.98782628883528 -1.02180529828375 0.449372212353303
-1 2.00089815182309 0.884559493782167 0.863186712088144 -0.868803016639592 -0.289828522007504 1.03788609200550 -0.172866453118645 -0.415148624096767 -0.227376738928051 -0.0315588451472485
1 -1.72268877102811 0.469731788523807 0.396597231980347 0.112037305422776 -0.0243975646218299 -0.75570310881455 0.345481138035329 1.79218668790898 0.82874603938679 -0.215519334872600
1 0.84401107308398 0.677352308831703 -1.69711002777609 0.442654749107184 0.79996363363315 -0.118658475571415 0.177379914298065 -0.739172634527672 0.106062791358925 -0.177770812201407
1 -0.219333100882493 0.325217799597065 1.71939259040232 1.79020288475677 0.440576229780642 -1.22318425737549 0.631607488337831 1.37559432212583 -0.730478807536558 -1.83580752792823
1 -2.06880001182476 1.50934626687176 -0.911320821214447 1.07606539262973 -0.0590720663567779 -0.526880036976368 0.0132219084521217 -1.26420714017254 0.326209713281957 -0.751111905378819
-1 0.479432924903866 -0.38882785187039 1.42118506363270 0.237493356392921 2.07131730248303 0.594058242505252 0.130423612394432 0.290982969891836 1.32222737301868 0.907635282088916
1 -1.41796559864557 1.61849879365666 0.795479935325503 -1.60438959240172 0.0820372179070852 -0.757565957329487 -0.0146654923529130 0.568624834174098 -0.113080922287622 -0.876177737787602
-1 -0.895404287485117 0.184037821155614 0.636698688966932 2.24378222295063 2.79670435208493 0.631519266189371 1.18472826304583 2.60594199987596 1.77329290260902 0.0962094283358862
-1 -0.999621374391805 1.04814535600067 0.93762947083944 1.74818578747772 1.62045314427627 1.47526926510960 2.19035427126748 1.06381341026239 0.702488326370456 1.02721161456173
-1 0.119450315137654 0.871466789187374 1.03956439568340 -0.553032990047898 -0.0703502352249498 2.24455778565703 -0.0265799143031878 -0.271866283436558 -0.515624204709148 1.14356214482611
-1 -0.232122092958341 0.396599249623099 -0.0114444096441817 1.64796483665968 0.664527057571709 1.65782766999323 -1.31629136647640 -0.894972232044478 0.101359551573646 -0.334073947501114
1 -0.824622312189475 0.494509558009814 -0.817204382213712 1.20651740883112 0.750024613025968 1.24567221344626 1.57163607127933 -1.01951808004199 -0.487790188947107 1.68533098389737
-1 0.626285752459413 0.610023638107629 -0.0799256565369937 -0.33772587015525 -0.661251403546139 -0.758621403919986 0.113503349340267 -1.35311203313821 1.60010193704096 2.08714796542555
-1 1.11836763339168 -0.0639252245411087 1.40291208305873 -1.76398405573234 -0.00445579969829935 1.66367849053686 1.33631764420653 1.76421175678812 1.37666921454772 2.73988385386236
-1 0.34961081260814 1.19058467610501 0.415768923007362 -0.221181928474166 0.262584700375695 0.829942231995797 -0.559821399162174 2.05173220744319 0.968312466120017 1.47713236870405
-1 -1.38302115563852 -1.46152320338624 0.663254769830736 -0.442024649238535 -2.00688826309458 2.22629246892704 0.932893464570174 2.33795539459302 0.0964652699518899 0.255098698477955
-1 1.85489214653034 0.169607889727868 1.78373983167384 2.46844522581437 0.0404304725694926 0.505149957141834 3.07190827164806 -1.95193442523669 0.217264918531413 -0.342048864628203
-1 0.6229420316701 1.29474947321317 0.389497595281638 1.77263927060687 -1.62557214341787 2.88537336029584 -0.341298512036135 2.68832047008463 1.23249497074437 0.280329568436219
-1 -0.881644833543293 1.34961999421014 -1.40171224804844 0.809875900232907 -0.140761083173672 -0.0994770813713175 -0.465199252134931 0.62808956626487 3.36694573054745 1.60052029139081
-1 -0.200185894925556 -0.40576450266864 0.0751999797146882 0.217067944529434 -0.78368345780498 0.0624810138409416 2.59203441048421 2.3013520072324 -0.0484313492362602 1.73356889767019
1 1.35326174274509 -0.167486293027270 1.37554363264666 -0.880639202310994 0.558406219254837 -0.282489745417002 0.229445510080964 -0.810792265335858 -0.721510773542717 1.87742848249088
-1 0.553558486481383 1.77416129499074 2.67855299293635 0.0862768510346783 1.23613295604352 0.0763286799025187 0.69996476013075 -0.097787649188801 0.362954798144051 0.299118615918641
1 -1.11787961429159 1.98995472035359 -0.49839143037774 0.503974138817278 -1.08226789907406 0.279184988948824 1.09401960127055 1.54158993781323 -0.703416596445161 0.465801273581204
1 -0.650607073785373 0.151254635450245 -0.610486672957459 0.78145963011469 0.627982065120816 1.19584391911583 -0.173925064722294 2.06768983453629 -0.0203897842890568 -0.258786276948992
1 -0.846555853535675 0.744533811664081 -0.128889530275647 1.34019542834045 -0.193205420915370 2.00693047599539 0.343040732257294 0.777916553865853 0.424404633841357 -1.35407004720623
-1 -0.212450295283301 0.880859687400354 0.406758424282711 0.69410143154264 1.70568407731787 1.40803139489657 1.66121528696214 0.163453713594992 0.757063216640405 0.631396141203778
1 0.413079577459623 1.06771915375645 -0.429224418906225 -0.915917775731556 -0.856231157447815 0.232236880456825 2.46732381829675 -1.44558766972250 -0.184043441021169 1.19747275938767
1 0.364561470638536 -0.145070481070047 -0.159934907413762 -0.741636255431597 -0.273801720222635 -0.080007567048804 -1.02617761691669 -2.00270831233588 0.195647660626511 -0.160281703191157
-1 -0.133281058161592 0.742489956844326 0.146417676281557 0.152225416689488 -0.592870181387472 0.600920256170191 -0.0427940037311795 -0.628455451951637 1.47641890933495 1.03913464911611
-1 1.58431908401851 0.454697275286195 0.309522612978625 0.382988233664926 2.01220457802123 -0.736867371062477 -0.98041492118781 1.93872496874741 0.281921475593037 1.52166510088443
1 0.376235475796365 2.20955066135126 -1.57883994336120 1.52480522248727 0.871885770111605 1.75634625536828 0.386896486190546 -1.30927563660575 0.166947716701236 0.710865554790213
1 0.0751217958842463 -1.05319418192549 -0.928361474804684 -1.55141390831783 0.766651732302893 0.169435264634963 -1.33081064960941 -0.288659714692523 -1.26285066657768 0.368666498831209
-1 0.447226576648469 0.60962982668136 0.429545571635931 1.41657249064552 0.719407035286278 -0.383248083552605 0.998501713129388 0.745770763105649 -0.6469256423209 -0.0574583202590482
1 -1.42915424094089 -0.344580899030688 0.229001387327455 -1.62376051756415 -0.0498798451977534 0.65432727875455 -0.940254952693877 -1.65607806626957 1.41236656373367 0.991517578242074
-1 -0.348677735366542 2.91764375635409 -1.25810019455914 -0.141858724160978 -0.222505860701579 0.925297218208484 0.724100015295606 0.352447553340631 1.42854034401383 1.30525643308281
-1 1.41013071901297 -0.380886424974551 0.871789277140478 1.52311272635317 0.490246023174942 1.96246057874355 -0.843358581836642 0.541792098917179 0.193532386821772 -0.95103556772631
1 0.203573350897779 -1.13448732231863 -0.249850245272974 -0.626156812446596 0.217119161334735 0.420424180813749 -0.0116916803626523 -0.0816085458591094 -0.87826072660902 0.136260831208241
-1 -0.319372385539085 0.0618621974431078 1.45267985305971 1.10670475321797 1.78742684347951 -0.796877304264557 -1.53432239025195 1.74429258530168 0.0420332172702426 0.873854329517487
1 -0.17208931325561 0.486464263268858 0.289363517828268 -1.00041805089596 0.121449900804608 0.178855654668734 0.119359590534476 1.07997167441971 -0.582653099681953 -0.311040890168782
1 1.88946644222374 -0.207067838533744 -0.765257642412337 -0.609343248886649 -0.553155252364654 -1.32725521187196 1.03974876770312 0.100350120922582 -1.68850521526927 0.515780686571183
-1 3.17885575934340 0.746173968722399 1.77750428016998 0.447324024503399 1.29518734762015 1.20262671742186 1.86152325254032 1.46378573902561 0.735676271100153 -0.0435026452595877
1 1.07535215156718 -0.746111394617822 -1.78558166890003 -0.514146597521766 -1.10211454413002 -1.98157391289909 -0.398534980360053 -0.05256315042729 0.652615849215504 -0.557401331929215
-1 -0.219294675847342 -0.58317318301352 -0.825502261018686 -0.721237915779382 0.744626976260796 -0.271545464707062 1.14141096063656 1.71345279733548 0.798076529776389 0.809130886622937
1 -1.29416743848561 -0.195721029738128 -1.34401737149596 0.132012103109132 1.39688955582446 -0.812682085844727 0.77675550831052 -1.81859171271976 -1.23040214538996 1.32439551295082
-1 0.480627189189721 0.872405956287278 2.26866310185907 -0.647933570282799 0.754250793433562 1.84508023916836 1.60015206484753 0.0870146888688047 -0.43651862453456 0.807972797053514
1 1.53913457174457 -0.592429532798381 -0.555257868035777 -0.0940510085599726 -1.09657923270149 -0.348287922747325 -1.24558401869554 -0.319392706726101 -1.48219559050768 -0.0338727269719699
1 0.451944714283546 0.78365929062864 0.674588569112364 -0.612454710930398 -0.616628866644997 -0.564970892894154 1.48421299926012 1.06134995647039 -0.44638769959939 0.414001159640223
-1 0.374423325370796 1.00959849213483 -0.449224521065551 0.142907946757999 1.27242310912916 -0.524904650461346 1.52857966884207 0.725337143127496 -1.83342733766157 1.13250282828652
1 -0.0230887472290737 1.50511173233881 0.951758728856077 -1.81170970504371 2.27005474149464 0.445744617534342 -0.96959443144991 0.102701637769218 1.22641041475539 0.802779401898963
1 -1.11975510439244 0.0371525583784481 0.197929223398618 1.17649378283104 -0.536399903724703 -0.49105084674109 0.177720693375160 -1.45481891171436 -1.42621253937373 -1.39610847422116
1 2.99943267022639 3.17389630413259 3.22326095523549 3.30828785524679 3.13576337676335 3.08252066196928 3.08463603614866 3.27841315287201 3.07521240473596 3.10499624097398
1 3.12531467927359 3.30173293870778 3.10082076507184 3.27884887959968 3.12043394232900 3.24734413168583 3.03303830029655 3.29299386298896 3.27820991298748 3.19558097450793
1 2.99866440273961 3.33686373686627 3.32600543573962 3.37963296137752 3.35927233394322 3.16627860611039 3.11862552590066 3.16839820228137 3.04168829734935 3.05827482878045
1 3.19220248212226 3.06365360010375 3.19333994920966 3.35290011540559 3.32848859207652 2.98242379562640 3.17095835175564 3.20557107421214 3.09286111606644 3.23671849812051
1 3.03852841509253 3.18337097107821 3.25952609448628 3.05763279294004 3.25061830682401 3.17351227489063 3.28564383935457 3.17428944381146 3.21596795507761 3.16266601092532
1 3.12679103034361 3.24929546821063 3.01278757149559 3.06413953996276 3.11702772174115 2.92463476985483 3.16190265403552 3.29520534574214 3.21633897450658 3.06122736955735
1 3.06127671093264 3.18105877378339 3.16540863854956 2.95528605468249 3.27577961255935 3.24459227400207 3.12158814505231 3.0555264207547 3.23077342814226 3.11824655808359
1 3.16993676068332 3.25604705670265 3.14739066477349 3.17174269491525 3.24209590730833 3.16754456870573 3.1217621988015 2.96107132908830 3.20710921287845 3.10253274204569
1 3.28968074625626 3.11070085796753 3.26476855192332 2.99652230309625 3.12297037887711 3.06119388215726 3.07855464598760 3.14494773869556 3.17133465869357 3.36632638927714
1 3.24347064047575 3.1156242949091 3.16072016469738 3.13915193172572 3.09678813480357 3.21723794567496 3.08077691993920 3.12037334941440 3.36306308808478 3.09301310173032
1 3.30078836259374 2.95069850866975 3.0800750596142 3.19525559960780 3.24954640714536 3.17322557524539 3.16861632448810 3.21784409760774 3.05773360844439 3.08557651576222
1 3.11127514612172 3.14694224680392 3.3744791079576 3.28929750771453 3.08007291907764 3.22231963721760 3.13495891215197 3.27865912724671 3.13198872104846 3.30474234391323
1 3.22749268693244 3.1716617386656 3.00312137168273 3.09330455162138 3.01993734613590 3.11630253248434 3.08960453624870 3.20762014675781 3.06035468400094 3.1216001470884
1 3.21043542393835 3.21823053822904 3.14311932025348 3.16721679171662 3.25752122996644 3.07368326101075 3.25458196197501 3.10075724739050 3.12828923140658 3.09189690272337
1 3.18685377297412 3.04304604344214 3.16750946343336 3.08105566406821 2.86876112163611 3.21756837953629 3.11964188389942 3.28319684249432 3.35114143402825 3.14569658110195
1 3.31842975518250 3.07316596904215 3.1659631803845 3.12550864428604 3.36260902123269 2.99480782476012 3.29267308305057 3.13855782307994 3.14602233211888 3.29934505836404
1 3.33058621818063 3.13488191723221 3.19036668197837 3.16252636698517 3.06870438466737 3.19112122302054 3.16892924437614 3.27890846753335 3.23301447735132 3.03415618043145
1 3.16264909665648 3.20099180913053 3.05297562901238 3.13240022871843 3.1847235811507 3.0959672216355 3.29925519207043 3.22630091341558 3.15171934506063 3.19573494515583
1 3.19873585920660 3.16783508223981 3.04583254246582 3.0872332273905 3.005264993823 3.19538561535352 3.13830657360257 3.16642659741816 3.26620042471904 3.12945436672196
1 3.04516149518933 3.1113435327599 3.02894271437229 3.05728510833563 3.15383892655527 3.24390361393027 3.08650595634606 3.12148923455776 3.05472255712298 3.29288903745075
1 3.28297908785378 3.36326070312224 3.06276323447555 3.11648051742009 3.12502192191448 3.08851410678968 3.11301913398390 3.12988260539762 3.24714513589893 3.24222169233293
1 3.07407025973302 3.1329514846297 3.04804700772907 3.27846204756489 3.13028919840396 3.25616687140819 3.00590641023705 3.10104300814239 3.18764904355181 3.18414832843668
1 3.13771971568041 3.06546309016329 3.10820653571953 3.1648172299304 3.21817085257721 3.36863095105795 3.23944238545082 3.25924751041384 3.14076483048473 3.31574950970133
1 3.26500859687192 3.30699638483825 3.14111293440548 3.17582868237245 3.23704396415479 3.03925064637592 2.97049040127808 3.13109384346571 3.1313851086662 3.14807383763166
1 3.06576452749395 3.02500169311397 3.10017100696699 3.04447682371543 3.21350712574425 3.14799747670778 3.20073439215288 3.1773789615171 3.1789660011019 3.31219050405622
1 3.09961144366077 3.17346691888697 3.27097186942790 3.14657053451959 3.40544666387533 3.21648263581308 3.05683640872133 3.16591411902549 3.20947057207424 3.3466903809986
1 3.10016477824918 3.10369603187873 3.19382967539221 3.15597506465574 3.18657184820839 2.98695299681932 3.0964484089943 3.00784962888944 3.32092719662267 3.09912920933814
1 3.27097352453556 3.22742379053879 3.21388406687405 3.25034547964756 3.14694882648566 3.33323564355685 3.12337424659273 3.28943696425686 3.22151825701407 3.1819967313504
1 3.10777761465394 3.02609439922133 3.20779579672257 3.18498346701021 3.13296556717548 3.22004118838742 3.16912994309476 3.28542835489393 3.09950070598667 3.18001262185793
1 3.13308327832826 3.3802057612141 3.10649590620687 2.92260198258474 3.20726336426777 3.12694998285885 3.24858815213715 3.12147560813672 3.05303314868509 3.2050444121912
1 3.01006899252629 3.20649106287223 3.0264868189082 3.25918182827142 3.22868676811847 3.08349177541793 3.3286822871535 3.09457489861113 3.13446189982811 3.14936314385633
1 3.05599486913676 3.14189921015733 3.05225090080885 3.15162952339403 2.94530245702431 3.36323780635438 3.29451205650555 3.08196000465419 2.93441976507008 3.06467191258563
1 3.14687593827888 3.40094121071448 3.07733594252346 3.00852035782644 3.27457705411353 3.22680931577383 3.14079499648499 3.30131588072572 3.16329891795904 3.13136152178636
1 3.23173456910742 3.12493740941557 3.15942735774288 3.17783438950084 3.29007513374198 3.19300837043425 3.01395236843457 2.95081629964612 3.20033165417615 3.13140153874942
1 3.12138566129835 3.15962675352869 3.14209391629636 2.94398328108891 3.19920736259547 3.32358210721848 3.22414481833982 3.00432994404904 3.16924840651795 3.20389101499668
1 3.12879071309582 3.09805806667142 3.24165093017335 3.03040811949880 3.11704707179551 3.14476641587191 3.263643408668 3.17327630609847 3.29040360284368 3.01869276799776
1 3.26523698298771 3.13943928096958 3.08589254717427 3.16820943333431 3.1799246943028 3.26186175298138 3.30064236415227 3.04371524859480 3.09020692158110 3.1443698276651
1 3.09317814871654 2.93934403883556 3.09460499459911 3.04998272439630 3.16428230407672 3.0843458698109 3.07818279326517 3.23028561834174 3.10216366418092 3.41080729916838
1 3.2130502987969 3.26192385748456 3.10555528396253 3.10686480998123 3.08252581251918 3.01663061472054 3.22308969754025 3.25145930334992 3.18175093858141 3.19142498207254
1 3.22579433172034 3.36173322522608 3.02674579482720 3.26084010689716 3.09012345319462 3.12073374589944 3.13700068061734 3.236925976178 3.05078059247819 3.18042730368242
1 3.28411623446677 3.26098993916768 3.1433286203125 3.21800390775485 3.1984228823914 3.10700464033878 3.09453682409254 3.18380301865947 3.06246498491042 3.16866626605326
1 3.14479068037978 2.95633706982612 3.20590154502734 3.09263677457120 3.20162252874252 3.14962369805490 3.15452951954998 3.15988479798166 2.96042129188720 3.22760905306488
1 3.17482725286779 3.08504087025232 3.24124268034629 3.15479083485922 3.15740608610966 3.17188096413771 3.09352649780974 3.31470289074036 3.20856363631267 2.94280937650731
1 3.16521574845269 3.17947799903225 3.22773823168745 3.07146569352551 3.24256494226371 3.18082374363956 3.15817130307728 3.23632983967945 3.20030924480433 3.19953269418740
1 3.09236210836345 3.11856889312702 3.07665284000926 3.25971324063389 3.06827941605977 3.20302284891273 3.09469815322411 3.00583398254167 3.22716036987528 3.17866465859752
1 3.10318863380667 3.36655115119199 3.11758883503599 3.23985206292491 3.18978761204436 3.39058652127782 3.20226086365597 3.28637952338904 3.27340165006786 3.24386694976156
1 3.05318767725926 3.30926118861257 3.2448262828022 3.14486975166256 3.24705117940287 3.10201819071341 3.18694046131472 3.14226448304833 3.28748343117256 3.15116619159705
1 3.10509680073844 3.35664368290072 3.15047501522645 3.11172893048919 3.25067901674936 3.02095191710709 3.34564198784284 3.18496889805688 3.17808496501727 3.18011036688279
1 3.06226642460455 3.12303581351492 3.0189981034098 3.30671553600195 3.20843124583868 3.02992151876834 3.21866849933046 3.23793580347931 3.11627535250681 3.11041735592058
1 3.33448819320817 3.30208844942069 3.14982240278261 3.05287048175352 3.09122367208237 3.12962501950193 3.03322905470696 3.09270355790724 3.2128996983113 2.95580774950125
