500
10
1 -0.890878297946471 -1.89287410257457 0.272912333891635 -1.6192873102654 0.653262522388271 0.538303492518925 0.177856549719879 0.981336274430832 -0.967151237194683 -0.53468996497976
-1 1.37568787899845 -1.47036923572457 0.442319922178905 1.77968007817593 1.00206410763326 1.40406247869533 0.610013821874082 -0.194935065924801 2.25636342845656 2.82503719585005
1 -1.66037021480418 0.31946771698845 1.66350629582917 1.36997685708954 0.3725836994806 -1.71752348417924 -0.243445708142519 -0.0726498200815757 0.220966887380624 -0.407495190349704
1 0.847967206379403 -0.415914634016681 0.281710521944453 0.335788073303705 0.954988653348246 -1.25131827368763 -0.381347105076512 -1.22082495023063 0.342969511418195 1.09114073830141
-1 0.0313115978796606 0.651271732867681 1.86336458150891 1.67908381838822 0.875268346803052 1.32891756611827 -0.368719703496636 1.15106840902893 1.03590858714420 1.77207361956078
-1 1.21728657958969 0.691682612607016 1.18028686810637 1.79794992292973 1.77626619144932 0.615874212832321 1.24364880911948 2.52585086575888 -0.134115750373924 0.037330367149594
1 -0.347698397435625 -0.303882417542403 2.44687956581199 -1.02441842738658 2.79635390499543 0.880746434421868 -1.29448043548556 -0.560606316261994 0.70108969028073 -0.513970223752106
1 0.435251629761189 1.03459256489803 -1.28784169115965 -0.423257949444665 -0.973673414981512 -0.0109790044477739 -1.75931848522496 0.286391900444333 -0.196269462386066 -1.95743365865664
1 2.64655503362364 0.994490312473614 -0.60294689127899 -1.06886984517129 -0.581791478580924 -1.17851103106899 -0.39706945842945 1.88833195146491 -0.235922386592036 1.26373983570008
-1 0.657119373700469 1.60746830038784 -0.167342936325320 0.325706490587639 0.551362544978893 1.14672663356849 0.760185176612428 0.652329907302993 0.86452643642974 0.150839247941971
-1 1.59889758892973 0.0100958280166622 2.35115979935855 -1.03202191040973 1.49791730191454 -0.60937553880748 1.04542127958547 1.30652988380584 1.45019596721134 -0.266722517265677
1 -0.626018439328132 0.985070708444355 -0.262025708887133 -0.585756805990379 -0.129615655404075 -1.32074723129059 -0.814238696126646 0.124326319270055 0.782388834647218 0.142670899080808
-1 -0.635260467722632 2.09095296062926 0.771692407302443 -1.06510681732676 1.95884313523217 1.16739664194304 1.39469266871721 -0.232808650488133 0.489081843679726 -0.191277904872125
1 -0.170233234679503 -1.17909731852825 -0.949825080564955 -1.33683773655662 -0.100388145685859 1.10756151033319 2.61131399063668 -0.307387883042799 0.350426974782929 1.44868535803913
1 0.767568947626482 -0.359191443817394 1.04733493448997 -0.305548028881779 -0.348469358794713 -0.509691738361069 1.50024351975167 0.663637880102376 -0.255239910389836 1.18826453389398
1 -0.55898610540718 -0.354834453017221 -1.59634726191998 1.21199960842679 -1.20820542529157 -0.191056939514265 -0.580204293648882 -0.818085571356658 -1.05197140530609 0.594377100363537
-1 1.22440583726470 1.73367443635785 0.316699347633245 -0.0827469538481779 0.182008266765105 0.0933837727330361 -0.694250231771224 1.37007294873206 -0.186144193728129 1.17396190501659
-1 2.18284257062435 0.563676210788604 -0.100702613175674 -0.172057958636156 0.422218166442805 1.06012506693032 -0.899158192268545 0.759079247453163 2.25561257010457 0.88800407695446
1 0.104631237083206 1.22700017431045 -1.27797370909838 -1.70429978211058 1.01285040250382 1.02768398969556 0.798693235262311 -0.624224575150564 -1.45632207114655 -0.474417542976125
1 -0.82129583290064 -1.25491696961371 -1.13440421505489 0.493296389843932 -0.258209099660693 -0.176270994681912 0.292370550983730 -0.934202919635102 0.516838283202672 -2.01025074979409
1 -0.426160263744709 0.771174560998463 0.379826574619521 -0.413765140569127 -0.493242883037665 0.715314244365787 0.801447398354323 0.386397486828864 -0.446453552698257 0.080251939760631
1 0.0932447762923155 0.304480505481964 0.312317878610426 0.260337240830040 -0.592037680649348 -0.828396890353155 -0.789632995245309 -1.01774293280639 -1.20252156618186 -1.30977340355063
1 0.258974075367824 0.399420965878374 0.0733082120884663 0.0351368118754938 0.90710254285351 0.864729216169995 1.45735375345411 -0.95569852831332 0.112204045310082 0.109395606648885
-1 1.81224286747405 0.474676664496746 0.401184147123816 0.394982831687979 -0.761545343777601 -0.339710973625981 -0.496155616441811 -0.543774794810256 -0.371705957341023 -0.0342298837119163
1 0.636796130381414 -0.0967995612836463 -1.27373821740831 -0.714473292761508 -0.711800681581093 -0.736564391026689 -0.066820254656813 -0.419849080454178 -0.85816863578001 0.167059808344323
1 1.02616283163649 -0.298443441396568 0.0689751194070869 -1.36604154132768 -0.956848689621873 -1.21366019528956 0.194306927499752 1.21869992788839 0.145819866501047 2.01394456784605
1 1.5815805737598 0.903114912427005 0.177147524656945 -0.509527692420447 0.146163621484078 0.0118390883678079 0.424572738598394 -0.0989716587918627 -1.15555411467119 1.58411546839883
1 0.563624764511495 -1.60645048463395 0.519994965215962 1.96140436685588 1.47405609359600 1.28191403474181 1.39056723300953 -0.499133774451185 -0.0302350160450129 0.50234785426176
-1 0.769124020678638 0.300487389410921 -0.898207158858837 0.0168534327935136 0.176395583337855 0.238403216881540 0.629326862059935 1.35661602869129 1.07373410185699 0.215495201357289
1 0.844321440326995 -0.379931716661355 0.0161036903809652 -1.30847761606248 -0.251669568999674 0.324504825432252 0.403004286102072 1.40514054722011 -2.55901595381881 -0.848548685380214
-1 -0.207175477063840 2.49172226635336 1.1667424993666 -0.139513222004781 0.303311979046355 0.956547364210136 0.648979162979935 0.87453764164152 0.770723184792667 0.616299116691133
-1 0.63819174041895 1.68719807738639 0.281111679646018 0.87411779873489 0.340550974012098 2.07188579113703 -0.81742426391155 0.603281834060842 -0.891604310714335 0.563782307662284
1 -1.13048225420575 -2.790634968543 0.0605535372931433 -1.43410107857684 1.37793639889020 1.28530154866128 1.60552067276368 1.11793611224638 1.59407133997897 -0.52416073304095
1 -1.21656473429868 1.35434876341738 0.806668725789141 0.051903217061597 -1.13886566643637 -0.359180219337894 -0.671273993997789 -1.20157587983345 0.188606867739644 -1.18257151802649
1 -0.617284555897233 0.582739926233507 0.469501767572729 -0.955222788408896 -0.223081928866395 0.0556487561633294 2.20345853532063 -1.59947117378104 -1.00057836018735 0.151713958376459
-1 0.681313987809605 0.290623353942869 -0.450471672314151 0.549856318597805 1.18119676671026 0.951196613182712 0.60332379843805 1.13653296930503 2.20914342719738 1.58036929355962
-1 0.209238604284288 1.19249327390500 1.17953265150629 1.27392853117564 0.196631051797392 1.10552105704979 0.806966985925926 -0.242180078354739 -0.828677834727848 -0.0631854664074061
-1 0.843121853458178 -2.55917806239298 2.86434055023473 -0.47685000878524 1.55405226640746 0.411881310439742 -0.510279968640929 0.882836846956949 1.57153150735516 -0.293149869922603
1 0.476294109664012 -1.69393361372343 0.732285259516638 -0.733887640331422 0.422126168354349 0.887244988967323 -0.309761116987901 -1.62760613382774 -0.756182850286769 -0.437482561729122
1 -0.285569607348552 0.531391136196967 -0.803030298400517 0.725754004212078 -0.476413442990931 0.78479401149135 0.142727815405911 -0.62489567100019 -0.444464565975753 0.93335486324159
1 1.11529444109448 1.36630039524861 1.61907763650659 1.13571552570243 -1.42192039905078 0.116495433045139 0.0827746476989404 1.09381995716953 -0.799604955618371 0.884938730182977
-1 0.828161416403182 0.605323960380906 -0.227561508219349 -0.373841786451214 -1.35309741616224 -0.254701969512827 0.87135014650865 1.57730126391512 0.401830082171918 1.80096794663454
1 0.476628741796903 -0.596314205953931 0.201928383428938 0.927389816247102 -1.04428389325394 0.721975218452277 1.15849061422692 0.446078055337437 0.570819253424444 1.52821774652578
1 -0.953362926830582 -1.20622129941799 -0.224901174699933 0.918157887670093 2.32650606908935 3.00089766934875 -0.867183184695245 -1.34870724198085 1.33101901090421 -0.694009841045566
1 0.293337442678264 0.889759929471972 -1.02902145074381 -1.01695341598388 0.470203828753707 1.00850335988009 -0.94542120447383 -0.352188493435754 -0.885559930326845 -0.419179365475288
1 -0.587775166515517 -0.0767023128672338 -1.40310737108603 -0.449595986008782 1.03017921125268 -0.97159115886004 0.884656636545772 -1.31379699573532 -0.26044100799551 -0.860191133255602
-1 0.0904837818548508 0.616845169770564 -0.624911817073032 1.33412655977866 -1.81941684157381 1.73928895109545 -0.708240377029958 0.122798597129016 0.751481145458749 -0.600283849565936
-1 0.435599145549726 4.01543599156335 1.23380410457327 0.383811981380135 1.43430055993956 0.158252378623936 -0.683204246934218 1.27843018471851 0.388150839038326 0.996259226676695
-1 -1.09933826670467 -1.38371158061764 0.436847543236361 1.05631551178611 1.03863348291133 -0.337576791569959 -0.169004143491360 0.235161548463964 2.97222460978147 0.917993390756234
1 -1.54275211304263 -1.56793544221429 0.531600487424207 2.71950031598745 0.599133328340257 -0.303209254247168 -1.48399444868144 1.88640720767924 -0.680222239455852 0.251867822098192
-1 2.97086611024204 1.84000652233611 0.954175464204147 -0.178256294754165 1.37252486222031 0.815178893964352 1.09362738904485 2.06622759300051 -0.00866596570243983 -0.286013938867045
1 0.275883424917808 0.0519251243504708 -0.231447680471772 -0.386949857134230 -0.768634859403457 -0.614272415604924 1.62899479497070 0.385645635035575 -0.89134033129258 -0.882562658671817
1 -0.336230431348537 -1.00609643421234 -1.00281519758407 2.64723740549541 0.71352827421955 -0.979058828358985 0.605432722889624 0.749542525055838 0.443052762237889 -0.690257408817162
-1 0.737865673626608 0.686297737923988 1.20104408090415 1.04776829862608 1.71312625978748 0.281688959814047 0.332978859710786 0.895139011834582 -0.238211412499718 -0.681172009075853
1 -1.21040549408987 -2.04195355665917 1.29058569878134 0.60726150218744 -1.72334064451245 0.801698279868573 -0.838349844628404 0.434792907422419 1.62535536123731 0.55679876589368
-1 1.34120101024664 1.27924610189060 2.60094554889655 0.772373926734114 -0.0295219878122948 -0.235277001848056 0.202291631845651 0.869827309747568 1.86268947517491 -1.11780474910101
1 -0.85105604757016 1.58583006917984 0.791889995485148 0.378792437010242 1.53815796444736 0.134442457281754 1.27634515720862 -1.77742898205002 -1.54413666205056 0.432176080447501
-1 2.12972975279546 -0.064801912971585 -0.305216541508808 -1.21907247128613 -0.245584832933606 0.305772344242459 0.79540287809864 -0.521019104967375 -0.527185108567832 2.02291115163669
1 -1.32423119727275 -0.73453253528492 0.266841485771474 -0.0156987358771890 0.586183322251676 0.558000569754981 -0.754791701327854 0.460631308579764 0.625511611637512 2.57162344422500
-1 -0.370395625992983 -0.492983261403007 -1.06546013923101 1.60597131233584 3.16582681907893 0.757917750611391 0.837011383398845 0.893506996452976 1.94819665900701 0.473195940153708
-1 -0.0186961615087599 0.251262563306784 0.442793333978678 0.316185799666033 0.418920177698116 0.772881762919002 0.209086945089307 -1.62799312423180 1.30894872990984 1.12453015769603
1 -0.898002742733306 0.0122629414959947 -2.50895043706309 0.169606332294439 -1.4749659363414 -0.98222203620145 1.5402553231185 -0.0815519142396589 0.538555475496477 1.66133048527966
1 -0.740742745255732 -1.44541897439153 1.25571612496754 1.17410220498056 -0.228219251505510 -0.836673454670439 -0.753274845023557 0.933108512373165 2.29620390081185 -1.11383502783811
-1 0.96780744889414 -0.335294114785238 -0.97473156224076 0.131521848444924 1.43478701101628 0.776792017527758 -1.47232111812276 2.01160280579124 -0.729558124389907 -0.0172912286763781
-1 1.64819998925942 -0.199292479944288 2.53580537045024 0.45059492685445 0.360965009404786 -0.834568220268248 0.854009746715397 -0.923535476564662 1.91982203445967 1.78269834216694
1 1.35698781490465 0.541120659299441 -1.17802541040771 0.942032938367855 1.06197153740749 1.51531269312859 0.608797194202171 1.19342086716172 -1.19309333158108 -0.769374751782907
1 0.773278747593357 1.07568974403719 -2.38911131413278 -2.18886929234783 0.13126012361145 -0.818703732470798 1.17240903676984 0.097869363919049 -0.00394019509826312 -0.550028605927531
-1 2.36590562814749 -0.184962951523911 0.877678126993711 -0.351342734891223 0.351413356289873 -0.783394795753142 -0.226957434798092 -1.20109053468551 0.96615260260019 2.31341431379546
1 1.83652917243025 0.200872458721686 -0.0261081510778055 2.03051818559597 -0.249890482236100 -0.470755903251153 0.794121917573158 0.176268419090746 0.260024323262091 -1.36616212419801
-1 0.441171647421447 -0.650574246158465 -1.07823309966473 -0.353120226461928 0.378309538879992 2.92673287999312 1.57689808132983 -0.582067716987374 1.94489776173736 -0.245731987202981
-1 0.517177370684663 -0.0505814747907788 0.753137837380327 0.783416566935581 1.28018762993772 -0.541684622613884 -0.0366049024981641 -0.506117374568957 1.86938437454993 0.662400771607181
-1 1.29350127550255 0.299559963685683 0.911528182250363 0.517027380316907 2.30124526177244 -0.500151259023614 0.194664438281813 -0.382953488125928 1.18907339356016 0.808974631799784
-1 1.23540408758307 -0.324588450893805 1.84634792414147 0.538588464234329 0.199797628424259 -0.169775275770774 0.621747526202667 1.02346601331117 0.266838515705733 -0.523409984828676
1 -0.208093280375234 1.63036900469347 0.78539871612138 -1.80211048221209 -0.46083973518378 0.0451283592027664 1.65643198661508 -0.439270144878706 -0.252003099440447 1.14721637353411
-1 1.39014768740947 1.81771989924894 2.13939085208103 1.52142049899015 0.621833049964965 1.40622387427345 -0.707602463986902 1.01308722988853 -0.289125712676153 -0.794957621900345
-1 3.32374380886756 0.0527471888829628 0.105439307268371 0.668024958628577 0.816931249931504 0.979137885798177 1.65885733704227 -0.133257516532925 -0.37020796301699 1.45056267335667
1 1.50027957302015 0.5959550393146 -2.26584841953308 -1.66839314403677 -1.04961489953128 0.689320843827256 -0.536663149327 -1.16078806273241 2.10890515201547 -0.822068086376738
1 0.328496142997639 0.481920357498177 1.27823973832854 -0.75203603693495 1.62882781286034 0.398962132430155 -1.94039258985044 1.01330338886721 -0.662408965476543 0.0616673528908701
1 1.07391922267405 1.07991616525534 1.58220648640567 0.441704204631308 -1.14259435887981 0.668591791096339 -0.143391602714787 -0.730249270215319 0.137172438311595 -0.387011606547897
1 0.392941804622063 -0.605748787284919 0.804707894704452 -0.205536603941412 1.10833141510176 -0.245598260733497 -0.645527687309964 0.559453617643158 0.156354387033966 -0.0935199068234137
-1 -0.541025467499693 1.10296528154706 -0.731335718495883 1.16117312996531 0.0152744543519787 -0.0401684078251754 -0.684893546063994 -0.365568315779697 1.82857731615038 -0.844209008528992
-1 0.192116285894991 -1.15911593018937 0.134317788080312 0.187992110064825 -2.11490015563112 2.58734523571703 0.0463058732878223 0.674222002929462 0.593070991392396 0.480464059644094
1 -1.75980728179803 -0.0539850497942577 -1.03398708442563 -2.80962920531985 -0.189561409920364 -2.65983200836201 -0.0956505938167153 -0.418082519484106 -0.470123733037297 0.763696445169623
1 0.0542239262083247 0.727549928247291 0.790734143086922 0.228517818441504 -0.476452637059641 0.385080470308782 -0.542188620707152 -0.407908431067809 -0.764835935466739 -1.00148456672908
-1 1.37450696965848 -0.124985528920971 0.295175595045246 1.58044838280907 1.13307944667029 0.504694613366458 2.01312861009083 -1.69299425127451 2.68590333454898 0.478594467678061
-1 0.474343239884166 -0.968258320042067 0.151772859324492 1.44987165555470 0.970217528262687 2.01985951993904 0.255120841692391 0.84321621867552 2.99869269833997 1.62811812090181
1 -0.179679171353909 0.133288713264519 -2.19757736178044 0.691914602768275 -0.635423949643752 -0.241975439958317 -0.635087185242269 1.18176866037642 -0.74904139094307 -0.285292214466440
1 -0.320924379430098 1.03933941306008 0.626083481802459 -0.66295836675948 0.0922803956979981 1.25549193004105 0.552885947874178 0.380448717798731 -1.20716605643206 -0.718771671913053
-1 1.21878342071623 1.76348703175764 0.292076669620099 0.233532923740688 1.93058410393613 0.561302774751341 -0.0261523883494044 0.00796467532873968 -0.569048360731282 1.57672544704436
-1 0.504649047456504 -1.27883311900641 -0.195768285133283 -0.444037620637031 1.12538859347375 2.62374502411089 2.14747151915664 -0.316825189959008 0.99551667797392 1.32951084440178
1 -0.431674552094473 0.805933198780683 -0.277796159491819 -0.380943230575093 -0.524535127302717 -0.0101962270831777 -0.745519182461525 0.656461667848756 -1.06842743622926 -0.224459032705926
-1 0.513316073932268 0.965603004065756 1.48856013697981 -0.147245003020609 0.387511857101472 0.321598659164486 -0.142985709190370 0.291427626477084 0.897559179523758 0.661581679548466
-1 0.5425823377881 3.45722337298716 -0.166117241097818 -0.168547330805661 -0.911631095845857 0.0315027733366722 -0.0201763267225192 0.0849640771759805 -0.136385464628786 2.46862675486888
1 -1.60835867229774 -0.441096625851787 -0.544520176379827 0.449257940833409 1.52940116719425 -1.37340055756140 0.551199249226465 -0.263399027671048 0.293424470031743 0.985295314887223
1 1.72039717131426 -1.68233525650177 -0.699543829834522 0.0064449845141719 -0.891056444945187 -0.0671105441364843 -2.26361465273955 -1.43899969228605 0.359093602467328 -1.41841586496287
-1 0.447052357211209 1.27014349190524 2.32451797719912 0.252132531347745 -0.256512028717686 -0.435211655800527 0.593318517462021 2.15350978588638 0.160473623975231 0.545189576619981
-1 0.0634930447711868 1.26881260852810 0.567961049626372 -0.0337900360601034 0.465993381420249 0.616115785950062 -0.0129496956978438 -0.000372106342934941 0.546762895911187 -0.675695266909982
-1 0.617212321355117 0.426484223681858 0.307065900695258 0.0411857296218274 0.85777413533554 1.3467434940914 -0.578656789824687 0.886780495275607 0.0973329998088943 -0.288368920303746
-1 2.10162689535497 2.21476009580559 1.00163677629448 0.55250045385737 0.153698166766494 1.75087059867427 1.07577875584364 1.19119845260920 3.23891055297287 -0.425135774357912
-1 1.62158171104028 0.701019135932833 0.00709248731866385 1.12700844086906 1.02338959984624 1.74390914133281 0.395272573318782 1.12563633075472 0.035715792043737 0.183129517238086
-1 1.98111693338268 3.31853424473485 0.910188748307244 -0.36278112199403 0.887905263091511 1.19180463378799 2.25948535938709 1.31414701281431 -0.171615544082965 1.51519497743114
1 -1.07703972156247 1.35249756881056 -0.0195291173457135 -0.820567352096872 -0.563355280586777 -0.509600973973498 0.274483089164018 1.23440712737887 0.67761535470003 0.641702261989282
-1 -0.31181937004466 2.28611054713781 1.63836254694711 -0.945178887579107 0.894217706472042 -0.00124392550499308 1.48207825970275 -0.402734762051454 -0.0125082188598789 1.14900034827253
1 -0.0703922892092952 -0.053929355732502 -0.566475580667156 -0.88166217020538 -0.115165237082514 1.53401888876665 -0.384993775071128 -0.886723850943556 -0.261925815386463 -0.644945607026817
-1 2.33745470928279 0.92591702753699 0.960794664228308 0.12164397857574 0.338450837896923 1.34208227149614 1.27357178034342 1.36442576736051 -0.623715269915589 2.14916774023502
-1 0.748641505059766 1.59917687532833 2.02748762328399 0.93168608626064 0.423633343707636 0.46088514125818 0.960412769559946 1.37720304143754 1.13323581925636 0.856942913747093
1 1.25363691167042 -0.0298283904095267 -0.864083428074078 -0.0614604625726708 0.209602963806967 -0.173899944411360 0.729704825076121 1.65294141608081 -1.72777057956155 1.35820215277473
1 -1.51869442992126 1.07065652368935 3.64787058919484 -0.762974110423224 -0.339605748625668 0.593576339234726 -0.671539810255025 0.207441832921783 -0.589418693198627 -0.784329221968106
1 0.999277947930669 0.730574647562298 -0.730723561981928 -0.587726910001489 0.776465326831943 -0.951712848379051 -0.369419403337330 1.62509186885816 0.316333651130734 1.16747033864063
1 1.32746425318388 0.340728432524188 -0.94710821891106 -1.22752993202480 0.681383458304842 -1.6610071827295 0.36812625693944 0.137953379015477 2.82522995580391 0.62887900545922
1 0.605468886895041 -0.647996946710181 0.121705371180342 -0.220076394820007 -0.885969369960215 -1.73195442177901 -0.243239770972545 -0.0199663900791713 -0.12047165427357 -0.602166518507484
1 2.09073729600768 0.0643387008394624 0.120233403906045 -1.25956007118891 0.461188287518169 1.33672956292836 -0.185523359835219 -0.141615298819853 -0.239971654076812 0.767509356043423
1 1.26888056339153 -0.565007492782702 0.850607036073252 -0.259263151327279 1.03309013824388 0.797336290600225 -0.241911875029675 0.949621106461923 0.379809100881091 0.931375146277245
-1 0.692136049143419 0.340395251597001 -0.50233737044942 -0.455594424097493 2.78701406508664 -0.839745727161691 1.71432523537198 0.0518418479900289 1.30848964439948 0.159629891833526
1 0.148252554055161 -0.597478265380363 1.21456888288362 1.50699004332928 -2.23780959827605 -1.25323627214789 -1.09637177435353 1.80155006765882 0.0419322742906324 0.233413248361854
-1 1.39380574292776 -0.128274732418096 1.63948030642614 -0.339324655106940 1.18939232775681 1.43794153440612 0.623470629913805 0.839351712501967 1.19419550769383 -0.99546450757663
-1 2.1251501140902 -0.169678616466930 0.0506777210490145 1.08087625442912 -0.829415377503798 1.70513237781637 1.49516649779724 0.467446462178475 -0.103496437431459 -0.199485787838477
-1 1.34213752802849 0.553831911583661 0.88176747973924 -0.446139914214515 0.617951222050727 0.409136284905916 0.47981816084012 -0.300504847336406 -0.44852994393237 1.45100454408033
1 -1.10255138796118 -0.271766769823459 -0.886149229590365 0.086487488012351 -1.80676752830436 0.345925991631895 0.898959283153158 -1.36910557988048 -0.527986017381591 -1.05148745329512
-1 0.168659543516604 1.24551538519537 -0.521889337384539 0.570941213343327 1.25476843657596 -0.616151353812798 -0.803993730880193 0.436693480679547 1.32518692664277 -0.0950739086425172
-1 0.422726827980074 0.892075330126815 -0.281306602355602 0.667060451430129 2.32917936691197 0.108381385860549 2.11386445056245 1.98421753507930 0.854833938286735 0.129409528430792
-1 2.77629531567253 -0.215855720651864 1.80711025696620 0.374632004666433 0.663060816090896 -0.26659224541271 -0.102254893768408 1.62238351004772 1.30584821766458 0.701287486970376
-1 0.00224495324559071 -0.288987030870714 1.69325137310989 -0.468023193131487 0.246321940153674 0.669651814176354 0.529042162734709 -0.137259852554243 -0.075893296484475 -0.366279622628308
1 -1.65977206585258 0.415946616721958 0.296441125387730 0.831924449390619 -0.974711447967835 0.54824196228696 0.385497719824947 -0.379676662036178 -2.00390725379554 -0.702419569787568
1 0.215861258441114 0.811331535813478 0.397939920080618 -0.372717798580026 -1.04172942198095 -0.048834692443088 0.332268881185955 -0.427113112957259 -0.113593047841666 -0.892750872817448
1 1.44163627883127 -1.76058151976739 0.348840189795753 -0.590748529616607 -0.503102845635693 -0.579358858961777 0.677784998671813 0.032229035321537 0.368011668512365 -0.294019207678435
1 1.23653206963315 1.58431743349116 0.323166609524201 0.237280577296468 0.301777952410109 -3.04478361353480 -0.156896330009145 0.517782252329267 -0.167530191574552 1.56153961727595
1 0.782316057036545 -0.718821746232885 -0.190563096783311 -0.706332896287588 0.957267075700973 0.215501206931804 -0.228183016164814 -1.43381813583954 0.489082358621686 1.19822131245812
1 -0.833791294703823 -0.977260437688656 -0.68799722422985 1.45420539055795 -0.0739403280236224 -0.512136532101618 0.0115488624734974 0.461974273528919 1.57395279816914 -1.90328119597441
1 0.638482173172618 0.296847517753217 -0.887864822909075 -0.990863851921182 -0.758111454204021 1.25137575207859 0.257243510147805 -1.60878762775345 0.195163202146849 0.0324064743572553
-1 2.55661055158844 0.271038305563357 0.849026699120543 -0.747797051279277 1.88545911189099 0.185347531919319 -0.0990280226599844 -0.438099618051167 0.481784194064629 2.38983671181574
1 0.566394778543381 -0.432537632588993 0.408576671792805 0.775701457163283 -0.243973972943838 0.0161181764723964 0.406756388802871 -0.0921340193297966 1.12012968416589 -1.13549570756735
1 0.413159092243616 2.58457190748162 1.03495645855309 0.351054220000311 0.402539221234430 -1.82090955572083 -0.434059433098784 -0.678219412867006 0.727991772605487 -0.233456001769608
1 0.348705526501193 1.19385282698648 1.56722111684495 -0.844183227940855 -1.32998186888431 0.401448167085295 -0.646365443921869 1.76566201327867 -0.940287296153049 -1.27073944550288
-1 0.683264938347588 0.630242979988164 1.44504910126165 0.00701037957245099 0.684637301226778 -0.506066073859816 0.104686261164072 0.975934977310754 -0.398551087490846 1.13614576347306
-1 0.457909863664961 0.167105510196542 -0.455037179064929 1.10044052129444 2.59477175312714 0.907370245636498 0.855503557433986 2.05296055131285 1.21286413463745 -0.448002376802834
-1 0.198973101058127 0.271099004111848 1.62367020216020 1.98147924011368 0.79057113699402 0.289230900008287 2.3030631801757 0.883901746960276 0.073439420093587 0.630968187267519
-1 -0.856780454095381 -0.865010345507173 -0.200817090163314 -0.144664481900473 2.61410645099933 -0.939469547067183 1.04447951459966 -1.72518626426986 1.26253636304088 0.301587427256701
1 -0.118723815615267 0.641847778611465 -0.99332835149357 -0.679365693368692 0.86875721824661 0.114949611379771 -1.12101916477109 -0.148215375767278 -0.94088967437208 -0.184985929163645
1 -1.50016505956216 -0.0467060550044918 0.135621602457137 -0.750977232922046 -0.30612596082977 1.32919017308449 0.348469467003809 0.194444359805173 -1.41105296613643 -0.640041700153862
-1 -0.439485835730858 -0.444863709292726 0.444192403968494 1.57246057964541 1.61738136318889 0.141092098564888 0.141120084476190 1.57166209485339 -1.13366605291699 1.85518343317902
1 0.373027288069208 0.143442154734393 0.984636795073133 -1.38411450943863 0.981086798453739 -0.30078868576187 -0.687632788963997 0.224502924688358 -2.24402299437715 0.750732353004064
1 1.67967961601516 -0.954432358313132 1.29162339204038 0.395465722322825 0.686789736373461 0.574922148118847 -0.635709242473745 0.0655578554857146 -0.323547299875635 -0.719569179339193
-1 -1.05791609857651 0.264013595444607 0.731859653569542 1.94048040212240 1.2181157489869 0.600708402041493 0.426893989261992 2.31742358522079 0.376537467108417 1.66659046766057
1 -3.02891310688958 -0.456225241224742 0.986122196701422 0.668728203387976 2.71185368742817 -1.42078391102227 0.487779200431162 -1.4820034174376 -0.813352992715032 -0.457187569414394
1 -0.919041484842952 0.674853192439458 -0.197579076456081 0.816716764357078 0.480322241827572 0.0101368120967864 0.261253566823549 -1.38437213964977 0.91497406164529 0.681098901511393
1 -0.648933043755659 0.338371269941406 -0.18696500666667 0.131953778194705 -1.12266692349747 0.0532198249950446 0.179829244542591 2.00772849152705 -1.01319360625404 0.0925421999379639
-1 1.00201816134903 -0.00678145722935897 -0.000127786226381765 1.65906228815561 1.14423298314722 1.54533404676954 0.973378973616772 0.846200431615234 0.319112630107592 1.27705269999048
-1 0.138339289068774 -0.257732225523397 -0.445660609152488 -0.0879941754116107 -0.893577473082378 1.43838796401923 1.74683022705811 0.643541318484184 0.228362377268963 -0.197882341069054
-1 0.835451722743953 0.234139862455204 1.28129968521674 1.22778101684386 -1.55042016741839 -0.506440968885447 0.894627460683723 1.04653236812711 -0.168421624020597 0.750688642329506
-1 1.12192906813916 -0.212342919733082 0.578358505988436 0.0159681885751146 -0.0616189685148714 1.38745710957772 -0.501174283303381 0.379160271477085 3.16942971144241 1.95938698309804
-1 -0.515924210021055 0.547639231041892 0.752243925377726 -0.277072548146001 0.437266334915743 -0.559566973116788 1.27403019380955 0.494090991221057 0.956889228916249 0.643543802550673
1 0.584879023155614 1.04222258042892 1.89546271570549 0.119178646278922 -0.433918876600768 -1.05433387484957 0.623723859762204 -3.02538178268965 0.44663235862929 0.789369198948883
1 -0.733136605353085 0.354417116973356 1.63611766019644 0.559237691183101 -1.16199246229722 0.939880838189522 0.427371259297804 0.99864445533019 0.700610959201647 -0.178692052874555
-1 -0.673565187657987 -0.050919132777911 -0.802793256662136 0.529269396836305 -0.552450890551171 0.0250708405550284 0.656932860367435 -0.274789114237194 0.619102895176282 -0.433073843254274
1 0.437730099360641 -0.582291677262 0.498532385284178 -1.50951172871854 -0.437055152356746 -0.799576972576567 0.263502896096470 -1.62698597199003 -0.290916819272822 0.607280626252507
-1 -0.190889449219893 0.33320969067913 -0.0892949755168276 2.33635758797634 -0.701370520199619 1.52852488991043 2.57300580737930 -0.748780498470569 -0.546488763614164 -1.56292544649926
-1 -0.952158325933565 -0.561302616458102 -1.21474031678875 1.20694156238145 1.56318725238950 3.52832271719562 -1.31906886828362 0.716560324397415 1.07177644951454 -0.0365723608938621
-1 -0.2618464112124 1.88881194016943 0.543169913970273 -0.79365540419845 3.11870082972522 0.208340189084603 0.133409411010813 -0.758870107243397 -0.540276422508315 1.08387135867048
1 -0.875342246517655 -0.87784343045945 0.142561341818279 1.16674602372572 -1.84277879022173 -0.142985620051885 1.6109655532306 1.3506368434104 0.990096059310029 1.29578282436754
-1 -1.07626970409372 0.609186012661072 0.823878727900292 0.452580259275196 0.487253961259367 0.972497716544776 0.244085640893159 1.98588702985446 1.14784938712244 1.05154195055440
-1 -0.285350609555313 1.37723561684947 1.92397521668365 0.661090320798584 0.857661564043761 0.744998349639093 1.07644421246888 1.29234377844901 1.43389123900784 1.38500325096668
1 0.693607015181686 -0.921406271515459 -0.960391281110365 0.755952440862898 -1.01406831401247 -1.82828272010619 1.59852349823138 -0.385070238291837 0.223019041728633 -0.864542069455359
-1 0.510937192846683 1.19034230567819 0.970695202254645 0.887216676351059 0.895544677369175 -1.19701611792358 0.208847266099394 0.82658773606923 2.67110499986409 2.25971428639207
-1 1.50522302505774 -1.44139841410200 0.904106011230566 0.319692929383906 -0.055324777251552 1.39052116298568 0.31541900038016 1.18637960709969 1.61502302559024 0.414338590928515
1 0.806146434937448 -0.5473870288396 0.78510846802537 2.35163738494111 -0.438279053699948 0.3175788968673 -0.221052134171244 -2.24410694709546 -0.259240917882292 -1.00716400932326
1 -1.34548519482797 0.919610930004216 1.69916754361217 -0.427072297233916 -1.30123687824554 -1.03709972800930 0.251977796845112 -1.12558461377867 0.998246673236197 -0.477935086246632
-1 1.11579641998202 0.917229476897661 1.75692780849432 1.73723888485421 -0.0346515942858743 1.17528700029599 0.981089334203614 0.48901484004015 0.972546709368443 0.56737573340997
-1 0.828293673072258 0.639853783517935 0.57477490963072 1.34172021138815 -0.543961669534872 0.0722375339662468 1.22072578389794 1.47892372812771 -0.590933181513592 0.933765436254224
1 -0.380323750692993 -1.23880010728368 0.407560042583455 1.34249282982027 -0.0940533508138518 -2.54780139799705 -1.40972403311806 -1.87951720278337 -0.7382148865057 -0.81888249954206
1 -0.0326157956082559 1.55574738233098 -1.62736933578196 0.8495588305104 0.104591505419517 -0.91085744651873 0.843288324031272 -0.198006509257023 -0.0637932083833777 0.208831502436727
-1 0.441248882075484 1.01611688696776 -0.224672528249378 -1.26815849964802 0.830433233752776 0.558277780441604 -0.0674858908836241 0.254642455130347 0.0406313646831655 0.500143286744011
-1 -0.920911720291694 2.35420425167181 0.176863739761731 1.26809561868214 -0.0850372135613576 1.79702150867400 -0.380295961411327 0.293203796530546 0.766639636212711 -0.475901728135804
-1 0.145000851311920 1.37485510161456 0.084825451935105 0.238723865322432 1.96862542188650 0.424871994290401 1.69507717919625 2.62206075434082 0.461920132448502 0.453902937097590
-1 1.9343502753347 -0.933580007839837 0.327500088941452 -0.585882810744486 0.208064860403161 0.874691845862485 -0.423151867688742 2.22903200006754 1.46973944795312 0.240885832925942
-1 0.632239535064705 1.08002557337197 0.445874292164275 1.03436717562145 0.32970878365256 2.02545135982032 1.17205755716635 -0.120988589824963 1.44223100559777 1.03536366531363
1 -1.02516858446798 -0.944230145440346 1.06290030614775 -0.46126065353483 -0.711564292823322 0.0503764395611362 0.127642449853859 0.998588729980683 1.95825760494867 -0.40247017781698
-1 -0.160081472024728 0.295213934121827 0.141304626525258 -0.0756059480203427 -0.184309521526388 1.82148822431975 2.36748318756733 1.26030187678533 -0.353586245273999 0.793537124412601
1 -0.184304011158625 1.58716978381402 -0.736733778384854 -0.58361578908448 -0.301670728483001 -0.733994467147495 -0.233107553548089 0.659006541120392 -0.157855560015025 -0.672763940874086
-1 -0.00259229714722686 1.46346249096597 2.18243344140669 0.336782339086465 0.700623746301223 0.097652447177385 0.312008132330389 1.49571378014444 0.576732487517111 2.40015840709712
1 0.67860704028905 -0.186706821498836 0.9132930586754 0.075445603486249 -1.75452802174734 0.572456265537288 -1.46316278201395 0.454218226910497 0.666715224151251 -1.63463759092774
1 -0.339291069357648 -0.541243125925972 1.19362052433425 1.37403570357941 -1.12073574426641 -0.81412972736405 1.32752130726887 -0.317721148214998 -0.0297090866045192 0.0904083047687022
-1 1.16429999566524 1.25851420160924 1.17263199602745 1.05848258597412 0.0779229119201337 0.596295069040193 -0.935296850151493 1.26722292297752 0.655498340178692 -0.583134081852105
-1 1.56283109056343 0.145491813357114 -0.957426256810018 0.894163209345803 0.0476208058092609 0.395030417202102 -0.0319893649168208 0.306255612963272 1.94654334174895 1.10259088122641
1 0.673681279827592 0.174211976649796 0.236059967202163 0.698784230002552 -0.532947919218032 -0.732336591089296 0.0288694000500069 -0.941594534864436 0.503994636804368 2.24433598364942
-1 2.50675830923102 0.381060206196385 1.39400225918624 0.475013706257392 0.737609259753413 -1.15791334946186 -0.226636422220729 -0.106847676458528 -0.431741783271972 3.55860666997147
-1 1.45043868058596 0.356599555028970 1.86184247365266 0.0456884463093225 0.545320609821403 1.06417321999972 -0.0279289311963072 1.58552400759656 -0.642452753832997 0.550285804633669
-1 0.251892716096159 0.545382480650996 0.206939292414578 1.69001010737328 0.83193754468364 2.19973090197875 1.39459781741351 0.307711556218306 1.28042893505483 -0.985291143151646
-1 0.503989913175428 1.66328206945055 0.517902808947284 0.90275317379946 -0.303760582218189 1.14585159354525 0.601169157372414 0.997072638916637 -1.46374721093383 0.136252188592308
-1 -1.85284874284171 3.60988438849644 0.967292039808537 1.84172001807751 1.7814526898919 -0.326063004140740 2.83382006733937 -0.0530750955922579 1.54477134292304 1.03671471087963
-1 1.24133658341512 1.58562445071217 1.02307229608292 1.08912386319406 0.846189276663027 -0.855014015781066 1.33075811407100 0.932864081290977 2.10331326050621 0.482296633379718
1 -2.41829734618759 -1.41601722430689 0.77096852335593 -0.913693575235079 0.866462276748251 0.832626248969313 -2.01207201005396 -1.11757076707432 1.03135123274116 0.752570943586377
-1 0.934249749161496 0.045292857085681 -1.10410472313336 -0.90342695030344 0.970018358611992 -1.05102687041352 0.959322373723993 1.06821116215459 0.765267046237487 -0.0515548257291807
1 -0.748965116539959 0.0500772231414495 0.957946347034794 0.558587184771006 -0.113974180370888 -0.0762952505196923 0.652441795163852 -0.168722699235672 -0.439822039497063 0.181230605029136
-1 1.50544308397160 1.00049486008508 1.25014637089966 1.52201675360887 1.34358345817975 0.892795329176513 -0.324264348161801 1.06378921190178 0.38740111767151 0.733713369495271
1 -0.738993429847405 0.222392072059661 0.364148902444892 -1.32219802015388 -0.153759168460859 -0.380340519256576 -0.256419038203963 -0.360905416218013 0.577448201039386 1.06736523072479
-1 -0.343751387868796 0.349937445997934 0.786881145976062 1.15773098876188 -1.97634801217376 1.19802226914673 0.60307250911196 1.26949179149846 0.0900121782031661 0.180070594189394
1 -1.17363566870255 -1.01053943731186 -1.04487717483232 -0.608643862795721 -0.330476754113084 -0.0963747935757825 0.651948806745844 -0.762396180187145 0.0852605312377401 -1.33310711953451
-1 -0.641736582775161 -0.473882978046892 0.208166463040235 1.51512650316586 0.432835072050388 2.18812266029824 0.937654862113851 0.121556304397119 -0.439729794968877 1.60759040846728
-1 2.28078914769172 0.834607025320718 0.620307184956791 -0.863930236264059 0.480210725260948 0.953546038035489 1.27961579251537 0.344079808614661 0.978596207578903 2.63575551996579
1 1.28923681381644 2.33143697554504 0.89054591844202 -1.18299125967059 -0.545593104297936 -0.86509015605609 -0.534662298938764 -0.645123607530704 -0.647846061323395 0.8261039294998
1 2.25105721019004 0.0924898411000331 1.33572776257941 -0.120750287031200 -0.509403718541461 -0.985361819316287 0.262284752823437 -0.356393526487083 0.604243664930062 -1.66630213936461
-1 1.46169608912617 0.725468841449616 -0.0808971116299837 1.47260169536638 0.631994988199065 0.0696996141309999 1.97756455815239 0.890047865794368 1.97660683857283 0.460997779810257
-1 2.25095727219717 0.0501485676029898 -1.49263052424728 0.063176174305342 0.765955138451758 0.328746785784238 1.24972506309277 0.519247239900454 -0.838496009049427 1.35950814956311
-1 1.29946534162306 0.268280632611689 0.668887870062865 -0.716718662538076 -1.64641935212773 2.36325527311988 1.04258965636552 1.4140870645453 0.765860882207312 0.996390650448884
-1 -0.039322698654219 1.08623119600147 -0.92394550068469 -0.255495227624809 0.902977174945407 -0.00126926760423962 0.728691293108811 -0.596560287442423 2.85246122094340 0.0113454871005387
-1 0.154717891273300 1.02369418350751 3.38631915989977 1.40324774261473 -1.56930361574676 1.74224541132109 0.0125758932192918 2.24249797035634 0.917059943778638 -0.905585018957098
1 -0.600611257037466 1.36119435770180 -1.49920648627353 0.768554967876853 -0.338433160614980 -1.56909667875192 0.0184425821369236 -0.328843453532813 0.445555976226127 -0.639198027589751
-1 2.81533805365753 -0.967165374397696 0.415162071267823 1.23912745449170 0.998675103465782 0.0918639969566635 3.11589893571337 1.24904590525384 0.0523163639509101 -0.609544184144528
-1 1.17473323401604 0.308554044695539 -1.32883757807302 0.696673015332064 -1.92323393220800 0.864650015277931 2.23939163423843 -1.03030205135318 2.13676269462667 -0.573040356469077
-1 0.69196909473316 1.13054841087190 2.14538496586708 2.69893962267954 -0.0274561686759829 2.61655905861389 2.67469161184945 0.739435387153265 -0.166608914810230 -0.0840692796760782
1 -0.741917583758359 -0.986437575694387 0.138911715152313 -1.130500642723 -0.417808489441972 -1.84355777930812 0.0416315138380043 0.555319751581596 -0.72004637115701 -0.170377364608117
1 -0.379795996069395 0.134204331201503 1.31522021685427 -0.731695978873948 0.405188502794209 0.0832296063179696 0.136826391999411 0.508690001611603 0.42441224256008 -1.17453817756995
-1 1.14590439387312 2.19183993065189 0.125653314532117 -0.651129356515258 -0.384306805155132 3.26309155638944 -0.265567861928646 0.664544627293729 0.146668644458398 1.95911630880555
1 1.85204791905028 -0.599932495267665 0.202369147198924 1.05306618972170 2.49187157741689 1.03721411794299 -1.39541857491368 0.741184522627929 0.477022423369617 0.0432112899852055
1 -0.441336537628516 0.199450250406142 0.937829208232416 0.712815474427664 -0.0372428702044571 -0.222355383312916 -1.03978127677651 0.0658853964287447 -1.35695804804653 -1.89847248288482
-1 3.4048113386397 1.20025985657963 0.827663665337033 0.555984135950387 0.300905600588663 0.200958221405869 1.24021429749495 1.21803859238595 1.03905276561210 0.428669465681694
1 2.13591411772659 2.61239601278853 -0.80220410481265 0.503029352248871 0.0497343253374595 -0.553588849551154 0.00756832560393222 1.66243155906986 -0.751746647326198 1.17329536460135
-1 -0.439453379970813 -0.0660920790109207 0.139100984842098 -0.478996611899848 0.602065473148119 0.195185260504091 2.14789645534233 1.70999342411281 -0.0139869423864909 2.24400185621848
-1 2.02824423399053 -1.47888944047755 2.30164702151944 3.55703345845011 0.517294336356259 1.99732172409568 -0.224504632630225 1.33234556440924 0.800050239796092 0.5325976735453
-1 0.253936423025305 1.49255783054845 1.58530676922650 1.34804576137656 1.65021150638671 -0.581633708782636 1.58426459205998 0.137207574212605 -0.376565016060093 0.0579534532547288
-1 2.21766330304052 0.745483228215162 0.764324788172734 1.01330769038262 0.536023718912074 -0.311310002001909 -0.493928889283549 1.72984700786738 2.04093654630337 0.148625386960876
1 1.31573123054266 2.08532481738476 0.821187731608068 1.66639916735244 0.438881248737416 0.341564787603781 1.48284035992692 -0.554469475775946 0.88867322967947 -0.90319553401843
-1 0.599201542637996 -1.11464703221296 1.44199270735849 0.932253124875787 -0.259514334649891 1.45039284691014 2.77116881968161 1.46551314447841 0.198907083266003 0.0574334840396151
-1 -0.95805487549207 1.41126714092202 -0.19901881984587 0.995805513242766 0.383315284673086 1.47742309950858 0.488093611026072 2.61986068517777 1.21967222578261 0.887585108157484
1 -0.574211506069935 2.05341759429790 -0.0898928630929838 0.142451396549705 -0.317033324694155 1.98094545087596 -1.81201858007091 -0.701720990495977 -1.28129022472306 -1.03576443348627
1 0.593254518022656 1.09271452879475 3.23188281115901 1.80409447023473 -0.601792220889578 0.426124289776732 -1.37640033565948 1.91173944158513 -1.2777850516429 -0.482746781477733
1 -0.0315229903506675 -0.452924620121516 0.527793713109931 0.211410665106963 0.716391837616958 1.15154706422598 0.318846672918996 -0.318244637391866 -1.76464252102153 0.383149352163018
1 -0.609669704082808 -1.54407904408467 0.365657533592919 -0.745954357201687 -1.54328691589943 -0.0768316549643159 -0.167120684164441 -0.315843811737490 -0.387429928362855 -1.86677046434056
1 0.896162444757958 -1.37772245657041 -0.469723922796354 2.0927509494203 -0.203104240542941 1.74324435380330 -0.372393320449806 0.771935431890751 1.19823842277705 -0.198676921611768
-1 -1.32345719079548 0.536426970380804 1.14414633238517 0.110401682776296 -0.392548325637497 0.642995228103534 1.27464602042550 0.168963342379719 3.11171997992658 1.06033478053040
1 -2.07092989178616 -1.38152789597834 -0.680561696410682 2.03146520774462 0.926687583896094 -0.939691619170863 -0.459568913393228 -1.17330593315167 -1.86794439729825 -0.27677335007691
1 1.51545084565733 -1.41317684262213 -0.0773748416676653 -1.31591525492288 -0.826793839188716 0.538008804757905 0.27665211484566 0.0116971948204617 -0.45179650606372 -2.05506813368406
-1 0.91503507886292 0.757247131943077 0.066886720901359 -0.365730004494554 0.90217474033169 0.0235004011052281 -0.0988849164061488 2.02647791431748 -0.1844323801559 0.00245717474273222
-1 1.93136954303449 0.600768854521495 1.36021194930014 1.46109610717126 -0.379106489014325 -0.731725996543807 0.257218811100326 0.617989365523039 -0.282233463671585 1.79936306497520
1 -1.60118289802386 -1.08142126921582 -0.0152891121251941 -0.0287987237308047 -0.592350795265578 0.772053681504111 -0.24750608402487 1.58048981338887 -0.662077717929399 -0.160420488074073
-1 -0.41996970743745 -0.893804527329785 0.728369253984366 0.297525730677348 -1.08196297104911 0.754032959681588 1.05501836685398 -0.60556755630383 -0.959287250773968 0.815860950723377
1 0.096306547874621 -1.12630596467812 0.271067530691044 -0.40677157978051 0.0857587996735063 0.628843780999881 0.272381047991969 0.592545499070998 0.214533110414487 0.0865682681181177
1 0.811137339943099 0.964143272824646 -1.29995790228462 -0.582298825235416 -0.165143030279422 -1.38692743236921 -1.79771409286763 0.749750940815007 0.262439279164568 -1.59528987698216
-1 0.766869048373812 -0.0705846507238024 -0.227961638507164 2.00957467400185 0.170935556423369 0.356508088097936 1.19050046686701 -0.0137016017366515 0.489235071354284 -0.908200068779797
1 0.379100545107567 -1.56365520677947 0.239267701346033 0.376734027224106 0.44356469966696 -1.05949286507290 -0.302753428610941 0.122578218119374 0.726530442897988 0.145268187852708
-1 -1.72029622410518 0.798673524537788 -0.210775759528337 2.44003636413157 -0.330807381039891 0.149205680404287 -0.137716005592437 1.23769145494819 -0.230424556316191 0.519564290780965
-1 2.7457309684632 0.734911917717933 0.504833028135596 0.139897262459144 0.430761455682864 1.40073197313898 1.21423622763779 -0.147318214693026 -0.195130872246397 -0.347795584501356
-1 1.87480695998092 1.84669701782002 0.925428325466132 1.96044271716436 0.311732704085508 -0.194095557494294 1.38785134009612 -0.883005167189023 2.67580512185337 -0.537076557278806
1 0.560911554488334 -1.89258587636631 0.346790004865075 0.659786818603681 -0.909703328062629 0.990579687161156 -1.76348163061526 -0.250648658672553 1.42245058415110 0.254916586321041
-1 -0.11559878435929 0.0522335928586737 2.06063892298514 1.23104997086707 0.121769096266316 2.27544961504165 0.0342531315462907 -1.73143237043287 1.36221701776065 0.125064011077792
-1 0.950712897522245 2.28227493747707 0.600217343618052 -0.925302088786038 -0.546748928698 0.0887519761970877 0.830817959287206 1.98482587359259 0.337859501388702 0.488756786933364
-1 1.87059097647921 -0.0888369874002495 0.635524667267367 -0.114482319361745 0.374006083784799 1.37599623090087 0.0915926497467668 0.0270883474674172 2.0644189628479 1.03924892690109
-1 -0.672857982713922 0.996629198343808 1.31461252872546 -0.277703452931114 0.633033597538444 2.08123409123706 1.54586658727242 1.01353284755163 -1.23716958272079 -1.71499478127192
-1 -0.785960999217661 0.159718993762442 1.53152929772506 0.620271971732206 0.410032870753969 2.27013887320964 0.396500310452190 0.250235118662660 1.53587252851149 2.77010085796618
-1 -0.0859778138115835 1.57398857610955 -1.15336603039433 -0.572628417178762 -0.852700169173961 -0.0560701193961312 1.15376129778907 2.03708319362928 2.74876416587016 -0.689850826241769
1 0.948892401620867 -0.579492701132753 -1.0068134614302 2.08284281703206 0.57451035975701 1.12204145377039 0.0495661353598367 -0.0850591630348226 2.33769968500238 0.716526790996314
1 1.52992603462628 -0.172728269156665 0.022635778736293 -0.84300506125681 0.552147509098658 -0.771730505428988 -1.15129953972698 -0.764709331156392 0.517317046514655 -0.812503207745428
1 -1.79092360154642 -0.259202593826955 -0.466800746352096 0.0133692173965032 -0.713595007416034 -0.370504279768121 0.955117513496754 0.108949305185358 -0.627939787433177 -0.768246272834224
1 0.182985045106842 -1.27040531798045 -0.946901796765854 2.95814866752687 1.32122025295521 1.53132517548366 -1.37073385412829 0.0560492108867124 -0.183141453168726 1.42296311566734
-1 0.961576549442462 1.31371652326041 2.18796021277407 -0.175550354845922 0.45915569243892 1.68613536611938 2.50938590655133 0.273802113020383 0.0228263125974623 1.26262617683884
-1 -0.103417348795520 0.906791815003592 1.10969661969805 -0.632584800176206 0.443833250834915 0.78923046862857 -1.25513328994665 2.25235287063812 1.09069051346375 0.0810369224064499
1 0.363152351172004 -1.72525882553609 0.442417603344160 0.199329879609501 0.174668822016952 0.291546383058482 -0.786452197839618 -1.83578352775429 -0.121045229385782 -1.66899112293388
1 0.922225563822519 -0.829124330156944 0.234447152983579 0.768084266824202 0.193029807970806 0.437070282549454 -0.0163762888518825 0.0938626205340414 0.0800231502182476 -0.413354916541943
1 -0.175149545603682 1.40840509624762 1.45007627696463 0.715857452290922 0.506269769895609 -0.203775274326648 -0.434599437152689 -0.752309884675055 0.457102355047999 1.55233361388186
1 -0.800507618720754 -1.03130039200095 -0.406608482267734 0.299635781821014 -0.543112910933764 -0.759693877612733 0.522560743037428 1.52459993061297 -0.0867375275946166 -1.33191341949623
-1 1.68567315172740 1.87216219311192 0.146550183985548 1.20401010965504 0.920808527197456 0.115746668547041 0.0598682660029525 0.934241431036467 0.990194785861284 -0.127300444245995
-1 0.235520872237177 2.201452385545 0.353278777582540 -0.402899556680548 0.176042912289583 0.537810257692406 0.740983541229852 1.14542171457247 0.431149443853991 0.246896915219829
-1 1.02387419032946 1.66313077421578 2.20774466201646 -0.541640047765805 -0.935728298448064 0.857202089430275 2.24913967708674 0.790601840730993 0.31052072548226 1.82310998972777
-1 0.767754181375734 2.97205469132481 0.739755797068045 -0.606489225608439 1.01424170169776 0.074474818633004 0.587626550276256 1.54568937633750 -0.0385275016310708 0.461375534085636
1 0.308057762688023 0.467578643944017 2.31010407924096 2.65084243218126 -0.0229526395229481 1.24762509182916 -0.97443802059411 -0.300262498849626 1.04071999111606 -2.65642232564108
1 0.0370999799662439 1.36556359623753 -0.368708001911800 0.94034978580661 -1.53202352419418 -0.671272713876917 -1.06449040732089 -0.340648294526691 0.0419059389335812 0.723130491288061
-1 2.16403396300619 0.58066547624948 1.84422097816194 0.657168365433444 -0.167778097632135 2.34833931574276 1.18587454160901 1.87181092367755 0.804915094594064 1.82853053167511
-1 -0.453503753923818 -1.03409506052069 1.12080988772410 -0.378892825575894 0.445098869131609 1.19704280155940 1.81491433353012 0.516416334712678 1.60798928343271 -1.21086817539604
-1 0.305629046535836 0.131772661356673 -0.052398651409878 0.371389640658383 2.01654875126280 1.28507921708172 1.11036448077225 1.50202851708801 0.870750433771131 0.56594939657163
-1 0.281818747638157 1.23458307018890 3.09882209455593 0.996629186379073 0.309331753728636 1.01473315738152 1.28570197181457 1.59356286195071 -0.919733787039193 -0.419798708717359
-1 2.28311481346048 1.90607895533058 2.68999572121056 1.63517196040201 1.05325395492122 2.16509642297438 0.93296599207699 0.830452815821753 0.477195557464587 1.26435537308449
1 -0.598863273106447 -1.21667824760722 0.680330776917988 -1.14934796057067 0.547782473220112 0.498435562854043 -0.672967872041228 1.02926270924361 0.245266565033762 0.302780897160405
1 -1.10689154133140 0.127402968231943 0.462779257124908 0.653268832643029 0.523016008726038 0.106787168183734 0.178023478267887 -0.063212711392131 -1.63005015120682 -1.09255401027521
-1 1.10809866175393 0.737963419013285 0.630128891217215 0.60034298727365 0.503560829419765 1.62202813720953 0.294270035021895 0.787167570597674 1.89098610250167 0.091072274689254
1 2.34164561526140 -0.96961231365304 -0.61294255348663 0.288901135085526 -0.915258679380964 -0.720837983447992 0.456635215778099 1.13396459888506 0.0801432899514759 -0.309402431871387
-1 -0.0276129111351751 0.254830826005530 -1.13751738795455 0.268674314029691 -1.57581926761489 1.09249906701119 0.596552320543352 1.09265133710688 3.04456707703092 1.23504895255529
1 1.01860062570758 -0.448437095937726 -0.591339453404369 1.17501897456159 -0.213746303374989 -0.74919227569641 1.61619425097388 0.00685621681230846 0.987298575331685 0.349360636245143
1 0.658559342840432 -2.00620302309427 0.604710389988047 -0.818732526898468 -0.150882477454423 -2.22535300960689 1.40500935405523 0.583418916043943 0.989732438565447 -2.23324323566082
1 2.27197933730910 -0.317516665031088 -0.439861815110863 -1.99288223058604 -1.49775153379223 2.26356081440943 -0.218422959787226 -0.739046387002018 -0.307066541835031 1.03707840721264
1 0.648895158700286 0.102554721447038 0.959906374274624 -0.861395680722744 1.30233503110750 0.790303191920605 1.07426495619014 -0.270154668667097 -1.27612995139194 0.483574931872447
-1 -0.80643016508213 0.338455608373465 0.501424385512487 -0.75329242562554 0.90654010623573 1.49342356403645 0.317176673687840 -0.218158694522285 -0.215173257520308 1.29716686904936
-1 0.870038232232518 0.940853743576206 0.773497017860833 1.57430565648522 0.435325313611842 -0.0498073516178936 0.233238556643418 1.40546536191198 0.975386728662005 1.96060130629295
-1 0.880927186655391 -0.695265326350632 2.29728934245669 1.7707884913696 2.30543328180296 1.19087401381470 -0.371861695422728 1.41724047693418 0.239150970654703 0.0517628427114823
1 -0.267267121210894 -0.723673134214531 -0.65276329453735 -0.404342969567277 2.19506313948436 -0.72392276715914 1.95283569631690 0.377143173509803 1.40665424980252 0.63648100403232
-1 1.20207261664478 0.676019057936218 1.28637665714801 -0.209155118642425 1.08876550410845 0.879014709693785 2.21758863067557 1.71527545339127 1.59563490640005 1.37277728414732
-1 0.0254596617177445 0.761506130155313 -0.571128072707445 0.63998490900849 0.0830028243008238 -0.720011346090355 0.301051099594036 2.47118701589476 -0.223633093126009 0.896617824213879
-1 1.59111723230972 0.298613158755828 -0.204293240246638 0.507799053793595 0.735919903467166 -1.20167587694563 0.74730187802259 -0.360845666929371 -0.118141181142785 0.89774330718935
-1 0.48995360332586 1.09273943152892 -1.35379282576114 0.142605077192444 0.682728594394811 0.698700742978123 -0.207631800355629 -0.253590221947056 -0.496861506795951 -0.429869269627167
-1 1.24376618989994 2.85484766057553 2.47677012041559 0.450644723727293 -0.590033581349292 -0.993811223816767 0.166054187675883 0.706387837294579 0.726657536691063 0.89320597136951
1 -0.73999261325567 0.102864947414545 1.29632446203959 1.16412373449718 0.452164062058628 0.274559833697628 -1.17985659017522 2.40082555615757 -0.97287792715683 0.480009040120127
1 0.977734363007488 -1.69895775968448 -0.32437753113768 0.138199576141460 0.947924393741153 0.412155435741192 -0.115551397280607 -0.574582645577486 0.460631828256227 -0.880900288426531
-1 -0.176039398812454 2.19233204171611 2.22680655820528 -0.217051918840782 1.94544514402492 0.0455108999055377 1.49019452234391 1.09320738230518 0.30793878904279 0.310376554710303
1 -0.890847700147959 -0.191269542682308 0.629479220785701 0.164004339263812 2.01134547535922 0.381217613380304 0.729505367647069 0.93218440708903 2.05791238269068 1.49502123159505
-1 0.948155623212513 0.359640167969017 0.966897142658692 -0.648564590032875 0.118573170109588 1.01763247846551 2.38696556813771 0.688027483036668 1.28663343141182 -0.784696118775211
-1 -0.0951527769502856 0.347554126415737 1.11550285743271 1.15233357333116 0.71538974948929 0.930718870399783 2.14009572184465 0.0793934468380751 1.00673467915401 -0.100812376255040
1 0.155604897988883 0.610854835488598 -1.82423668017608 -1.81050654881495 0.409110606624194 -0.853228978754973 1.66770146303078 -0.780034033533467 0.421796330138581 1.49664682529204
-1 1.56031817287077 -0.121913127664687 -2.08258287107325 -0.469367149140247 1.2307886640114 -1.93438063072946 1.43086361758196 -0.172707559609708 -0.505570737853703 2.75744100233203
-1 2.32408560321833 -0.555737159744661 -0.0663573303730871 0.0639729883173089 0.469235729921802 -0.0777575240419405 0.684594167663383 1.8246747843114 1.74626492462077 0.892194874210838
-1 0.457394358152007 3.21274872427741 0.621764937203349 0.95546476829173 -0.181821147638234 0.99173944423034 0.875242679231708 -0.704068580452526 1.90872348261682 0.0371887779097108
1 2.21109701824378 0.252059220377381 0.275125020573853 -1.43450803921167 0.667293112770725 -0.190501552099382 -0.0391513406721498 0.122943258623187 -0.0110985047994021 1.46945365845869
1 0.86784729255368 -1.75469079667603 0.234474204404994 0.00296092183549084 0.758427043844982 -0.843663212059818 -1.35461997662507 0.86396507237921 -2.16188232387774 1.24555779774183
-1 0.361043624984149 -0.421622096111517 1.52934895418980 0.269598830655604 -0.0809582311579418 0.4632353696723 0.0755580433926546 -0.320098501542649 -1.60896460540816 0.182788672424008
1 0.845375783225741 -0.0343234151865039 -0.782290225021513 0.847731946309568 -0.404176761917591 1.19879635072512 0.109023678937272 -0.0135850299083886 1.09202748154089 -0.759909712481244
1 -1.99836204135178 -0.410077286401544 -0.65404553526016 0.890433631866195 -0.958978482940949 -0.630111744384033 1.12941052608293 1.25877580254398 1.40720425517494 -0.214216550774041
-1 -0.181749174241311 2.08579603137700 2.05830479994503 0.548922941173055 0.632409053721552 -0.844224492218301 1.80875600200249 -0.184483411457326 1.27748052020441 0.963831847781518
-1 0.932543718223375 0.233331586383813 -0.40140652818878 1.13121044640635 1.77600986102313 0.95520447640136 1.75548122323846 -1.16779896517776 1.25675811886769 -0.503304717309101
-1 -0.502345147216866 0.717720471289836 1.36135941331826 0.872489338371877 0.974857763234328 0.069425516969158 0.799553087030659 -1.39237275646448 -1.58451274743288 1.32084585380937
-1 0.616972016079775 0.39648738957558 -0.516232176084146 -1.36397592542594 -0.153964205652555 -0.314851520892257 1.88631102566354 1.21195744279657 2.25616257427891 0.424076999993922
1 -1.47656061487418 0.316672721615543 0.374401305777045 -0.00545461349928226 -0.0518731575391553 1.90832527789688 1.16173713678903 0.425609872580139 0.272583348078999 -1.47658084994767
1 -1.30340313992248 -1.20724400152680 -1.39567306123615 0.136160361393986 1.53192786266728 -0.671198257308143 0.598020889780738 -1.79567052689341 0.652315432306864 -0.256728739865398
1 0.294921513852838 -0.47474313144509 -0.227862625064118 1.56612107846014 1.73007708450045 1.22243634038671 -2.06547043605454 1.75096836585299 -1.25059044354299 0.148107420153656
-1 -1.15169406674952 0.861860345857918 0.73717784244129 0.825964446867016 -1.33516126891858 1.98586570781945 -0.409261098236942 -0.477737260694003 1.0907136518104 0.951700130176355
1 -0.118708585488979 -0.880612906004149 0.225632642925292 0.578241074892543 0.585177683857759 -0.729817748003594 -1.17381906340567 1.82062597198257 -1.49578900702183 1.01042052616867
-1 0.0280194174782024 2.70524666791882 1.71162860427295 0.535971227678341 0.788821982921873 1.31229457338192 -1.30816304136585 1.87999806549725 2.09147621541797 0.751876186095899
-1 1.32041095179885 0.510123954690833 1.14725494710022 0.502774743316605 1.29654479842999 0.556542353116565 1.03895536493507 -1.01740158644120 1.45733934562502 -0.154944155560023
1 -0.811779249964834 -0.105889865506178 2.03407413950783 0.561553499205615 0.154727231862232 0.61345027603581 -0.856599506948334 -1.31082867448768 0.787373164369987 1.88252845933194
-1 0.850177387093844 1.21444903458760 1.81902231720620 0.63439198072239 0.736429701599812 -0.0245996304710439 -0.891969842442347 0.171677473048835 1.40763347303491 0.313606314410127
1 -0.763805316704764 -1.26053316054153 -0.141899701467649 1.29946248874151 0.295273965555413 -0.398872729930326 -0.378330524620516 -0.059634691972052 -0.278490931399669 2.02665797588348
1 1.50376797194701 1.41160993915820 -0.0308435714061028 -0.140941550855356 0.490843025553344 -0.395583907084551 0.828118115165171 0.626950247762854 -0.0895735272138232 -0.0686706554551765
1 -0.936033126916304 0.0973863291499581 0.517640079517176 1.32639116034962 0.63139563120809 0.783255890494993 0.726494023185407 -1.23630102497888 1.05566546662282 -0.300940283270439
1 2.23915982335505 0.885929716398042 -0.868455208837505 -1.08634005507931 -0.858818919174589 0.68830988812327 0.196585635299810 -0.162512477133715 0.116779271436814 -1.70568627633913
1 -2.16846628602653 0.99625735446651 1.47400891908864 -0.419332350992824 0.828424456124919 0.282775684195839 1.82963535132913 -0.0306950300238095 -1.80178348812004 2.00110211737539
1 1.99716827552088 0.0986642481374276 0.676034810296389 -2.26269940307208 0.155715062573457 -0.837440814901 -0.137216604081268 -0.0771842881403046 0.220175677854695 0.77359155297544
-1 1.07564488853795 1.4815324913287 0.594546842828917 0.997119080812698 1.43729377485669 0.973085928325363 0.930623722092187 -1.21155769243718 1.52859644279814 -0.388442769636632
-1 0.799643727764755 1.23587365897770 1.31006819126094 0.187673447092787 0.592261964276756 0.950271425055447 2.07129020697616 1.68545945047682 2.02617786812492 2.30344915086269
-1 0.810765281604687 -0.460563610372122 2.20664178465023 -0.84119456276919 0.607563150832253 0.633074622093884 1.2488090290828 0.709403828621997 0.865328901034245 0.868409771999756
-1 -0.405530694402293 0.558950415207243 0.274378332505558 1.24586870846448 0.949864571399807 1.16528493485022 0.463604765298161 0.0900493791343807 1.93025159202425 0.526812252471766
-1 0.435808094629318 1.27300058711093 0.704196662942073 -0.623850682128072 1.60959731694238 -0.187166269492875 0.325685801268094 0.478252530479989 1.65455386753975 -0.400874081075263
-1 2.31881468157310 2.23777444266617 -0.421643828894034 1.72381308895512 0.218721406278232 -0.833395958125487 0.362644585515635 -0.407161951447335 2.96811732188874 1.77982406293221
-1 0.483507986871552 0.313489613725635 1.17295630120360 0.957045594935779 2.41660190983358 1.75327153674742 1.32879109172009 0.725244488284861 1.21592823455485 -1.71763781990025
1 0.112649794150126 2.19325487759427 -1.05538841272215 -1.53908793443036 0.935818747495409 -0.273683507117395 -0.618496215404562 -0.121106375327129 0.198149035417655 1.32945557718553
-1 -0.341448905233177 0.0270234863765819 0.976950953460619 1.42455623176838 1.55019989630021 1.36164540219910 0.268640682247206 0.58312737565354 2.25925948024398 0.785066218486491
1 0.943021763018307 -1.05547373802586 1.09434253670316 0.0099595609564294 1.09257451841330 0.789750387949702 -0.296701093202653 -0.426885644205015 1.43633593767505 1.30463585120501
1 -0.358466763987544 0.971842708377725 -0.277453060159765 0.249737864885154 -1.08748875601875 0.110272601791958 -0.157604236233473 -0.514773198816403 -0.070235893767682 0.416160112132784
1 0.181767824633346 -1.25986238642575 0.689016186362443 0.915049705474623 -1.86758681354811 1.67507526112865 1.14428099768171 -0.984234990462687 -1.86006549425465 0.0628207185829241
1 -0.679922846053301 -0.453221696193707 -0.218233872169515 0.660002618580545 0.313418828079123 0.206237396642372 -0.798622631712047 0.451800604279274 -1.54865422736968 0.710115172865664
1 -0.372338264868893 1.14967048868932 -0.167148721906534 -0.944158325141833 -1.98930394933669 0.33063271064465 0.423268468946961 -0.121113419312252 0.695227537624075 1.42990595837812
-1 1.33385604188761 2.38234273684526 -0.305951537865947 -1.08762362704699 -1.47398283545881 0.0294158570525082 0.54120509679023 -1.20633240147857 -1.47525169848049 1.14459006691822
-1 2.49589219606195 0.943146090300659 0.465068064088709 1.52591917309792 -0.134971823745357 -0.911697210646187 2.29641618283365 0.404110179493599 -1.69198242159402 1.15796748412718
-1 0.28296370825654 1.00607378409656 1.98295759176224 0.542822446422606 0.231371511990304 -0.235217824189125 -0.139027878933940 0.153789088416766 -0.322922279097995 0.55025781887333
-1 1.16213922549328 -0.219848847164528 1.16434543698164 0.357442411533839 1.18493111525148 1.08604790767895 -0.846989268856811 0.644809381542616 3.92981822624618 0.508742165640212
1 1.13828017560571 -0.264094335002908 0.0683335276891245 -1.05063303199556 0.928180897891538 -0.404612909351170 1.29134517513432 1.11137240072519 0.368038315052144 -1.66321479042200
-1 -1.35577138473573 0.260857673330367 -0.232295702515471 0.068602316652819 1.32005763418853 1.87859256803638 0.531602916440227 0.470095729081868 2.43622104194362 2.1744653309825
1 0.355452585385637 1.32099074044690 0.920087074355912 1.09996765481054 -0.127296965119151 0.0777988177714452 -0.402276557639344 0.368631993705729 -0.583156415054713 0.941035174812211
1 -1.42508650467578 1.12505758137933 -0.831957306495986 -0.323840734778679 -2.30667983541824 0.988489595419798 0.0104782039267445 -0.711212553729761 -0.701423745221591 -0.569369701174017
-1 0.44580334671272 -0.608898219933478 0.41452478429149 3.49785240491279 1.62064689796118 0.156215156482454 -1.07527273704348 -0.344130728074555 0.0786938218587506 0.82446752298374
-1 0.814972417948551 2.15104867969276 -0.297355733641254 -0.593350847798166 0.203037025630814 -1.38671935206498 2.01545156435616 0.764903195506554 -0.0189938925580876 2.50732902454702
1 0.443766539943917 1.31048768415138 0.886595294888557 2.37207151325426 -0.330665263422022 0.0491970923411031 -0.285023119358077 -0.558773461205807 0.298751143223771 0.63191066460079
-1 1.92525895357804 1.47149925388095 1.60224817614511 2.61706275877619 -0.392859552385907 0.782157133473036 0.0479458245757634 0.920664559516291 1.90473118044224 0.440485874105752
-1 1.86520886764730 1.43316236571148 1.05340317209866 -0.0154171145250538 -0.0723445966514692 1.8729710624763 0.999606734232218 2.24004218307364 -0.47099956159815 -0.817004765382242
-1 0.91307362285383 1.51340987380705 -0.916944507067543 -1.14625587668738 0.37626037549662 0.66382041786373 1.33349088878473 -0.105124464697370 -0.243105584304075 0.335537967543967
1 -1.84143920491597 -0.207709106984424 -0.695556707105736 -0.758046192948051 -0.382128918345744 -0.779576894461308 -0.192712943058986 0.0813346465777412 -0.499317128837365 -0.113104654593664
1 0.587123067569211 0.517327042126153 1.59229085319921 0.850321764761003 0.155223298793375 0.673684393812401 0.351406183375189 -0.748029541259409 0.815418068825152 2.03209477514720
1 0.336648995674634 -1.21391031583141 -0.115429550298239 0.837762614962268 0.913733778085784 -0.466012230341754 -1.36264095737122 -0.626388483583671 0.789879948886644 -0.234561656013756
-1 0.720355655849467 1.01471109114397 0.136440734708537 0.53063295651098 0.433321702069481 0.69143572179633 0.818724378179447 1.22624823367247 0.858045459393833 1.07056567660331
-1 -0.501100017558726 0.61160288612908 1.70907054520508 0.929960370505397 0.856707616664206 1.17392496819158 2.08667668857301 3.47015852460738 0.495627847538351 1.31129812471376
-1 0.716509970138309 0.20475215329155 2.23069900856354 1.70060260234556 1.80861359288037 0.631766859051451 2.6156858821045 -0.914771857266463 1.19608491389797 0.297309604882955
1 -0.117075707955722 -0.0779178143141474 1.66096696606869 0.788353329535015 0.137796410641642 1.93645227070094 -0.148151944480359 -1.51608421407199 -0.836407380830092 -0.292823739076251
1 2.18068950116633 0.789712087288866 0.476681765180561 -1.57363583502986 -2.24962058046852 -0.315520458670723 -0.636484614306149 0.151460967581228 -0.00586047999682579 -0.306064403094167
-1 1.91062106210993 0.962192105646607 -0.774842319683787 0.160102334184644 0.0993718600840723 -0.531952594665447 1.31890602016108 0.626830138230508 0.322652257715114 -0.0268217013928614
1 1.08131444873907 1.19044547473501 0.99302868645837 1.53508529535669 -0.449583549945104 0.256531955998754 -0.328357396529030 -0.578139899878959 1.00947624862804 -1.68703296191549
-1 1.7121000882565 0.356604493699391 0.793474121874954 3.35195662543647 0.607917274465021 -0.0925419210002146 1.00989792464594 1.4637346568811 1.53751022676866 1.06623128706305
1 1.13999750743849 3.01396867197771 0.605929801242742 0.398624968173096 -2.69084829610965 2.66199005236101 0.388146602466092 1.20166257526709 -0.499376594018777 -1.99129422863711
1 -1.45274150377651 0.297506478244445 0.831249235385085 -0.5322036829526 -1.53956788178341 0.389110177372496 0.358325757156162 -0.93796182520183 -0.307198668823480 1.31788337714386
1 -0.0284916311771046 -0.36906688172644 -0.929369045014564 1.20525666611053 -1.45246217321243 -0.180277106779735 -0.237117063144649 -0.989040391067181 0.166539665263904 1.60119147654858
-1 1.25922570124608 1.89437586655456 0.97454982302722 1.87454532706781 -0.46932515150367 0.235513162671761 -0.25060326005802 1.84294979695447 0.186972922143995 0.662929621137615
-1 1.29723202831427 1.61559768149390 -0.794648597153958 0.996056642003224 1.22466668421119 -0.291816718890564 0.279930682802662 -0.515887822126102 1.36581037889644 0.730960347495452
-1 -0.489879586938266 0.749860671947521 0.50414815390062 0.896370380606555 -0.501084383824007 2.07379767567461 1.10112587215305 -0.502293097441759 1.48594234788991 0.23639520184327
-1 -0.674219238782948 -1.34561111000716 -0.90715342982672 1.60516389508368 1.07506613700795 -0.589476032536521 0.370273036671622 0.206611597874909 -0.162302065851236 1.00937984569845
-1 0.651738832307706 -0.536932785752509 0.0740079527166976 -0.0141047604129446 0.890618191849889 0.48100107752999 0.99921648116523 2.68903578171483 -0.320130668017938 -0.63220155741148
1 0.316569960087323 0.855080142324242 -1.57002751427796 -1.10532031461977 1.27696075018937 -1.37274141013755 0.681602540660152 -0.200256160866428 -1.87582385931805 -0.0460676868612255
1 -0.317725851999335 -0.634504749388348 1.41138102778908 -1.56265468053482 0.381726874720108 -0.260663327472231 -1.21301569352953 1.52563030818581 1.14690476009136 1.92200764256118
-1 0.487942075610654 1.71933344264432 0.81206216661306 0.543816397020858 -0.156202481641648 1.31042750989839 0.600404746386609 -0.0600817252520547 -1.27773918784120 -0.621172277084242
-1 1.70700628946663 -0.0528175500065143 -0.665538654989784 1.26074660625437 -0.899530965903221 1.36698346111931 0.880692669487444 0.0211787568176484 0.576410981670935 0.0631544262363471
-1 2.45489447500905 0.34688332069857 -0.372331642163927 2.43212206417355 0.959324364174078 1.88686991614582 0.711984261880474 -0.44669073428977 0.603623371348122 0.588963119836267
-1 0.708884773008532 0.384123283338645 0.762909739563855 -0.645768380982162 1.79856972142826 0.372186251223077 1.93590615688203 1.16709715101448 2.98218455346064 -0.393914178881254
1 -2.03954254864296 2.15623446413478 0.281891659341925 -1.21669360316166 -0.0723277361637549 0.76246123482437 0.660762508739367 -0.444982164036189 -0.0309611148234547 0.257892422450632
1 -1.04903563724 1.60452836507136 0.608938299594912 -2.20229598799449 -1.54526712910595 -0.850426785080038 0.450285845111527 -0.691879946465387 1.53697538548968 -0.617120851724804
1 -0.219847636909304 -0.522213471173916 -0.0400167070769516 1.29181675980886 0.220923678825321 0.389259618316913 0.136772063523714 1.22974160462833 2.15126462203031 -0.130594801026930
1 0.102962439554712 1.77404401620748 -0.762034884146282 -1.46605110239365 1.06301979517776 0.643774168563849 -0.070579484267114 0.830237176504058 0.398454340365096 0.526631739599767
-1 0.713188394693652 0.216587316969085 -0.223635981385321 0.52431428344825 0.172724331119664 -0.0199107343034695 0.469854246135585 1.28721954703633 2.61378479741535 1.6099597593465
-1 -1.12822298873596 0.376399756158957 1.58184778557010 -0.139150684391603 -0.117785920021089 1.33427623071516 1.04289118433788 0.0305243683416739 0.975512645358152 -0.986455687514508
-1 1.86585260229779 2.93134887248367 -0.125835170308753 1.21792823931566 0.677022052038005 1.04042870537008 -0.0372356032964571 -0.569602296484715 0.36071133099795 0.600118997662995
1 -1.56082858013208 -0.586545538521016 -1.20256459048431 -1.47126874721399 0.531264735723575 -0.323451646201575 -0.514627871066392 -1.41582650723457 0.589546904013934 -0.38262564184075
-1 1.34044346034453 -0.0149484211809012 2.01782280483224 -0.111809557684168 -0.156092865892329 1.33900683355102 1.31877828348810 1.42619889917472 0.143839693327002 0.666258500546528
-1 0.277961904273838 0.849882275961104 -0.161144896555122 0.931062803190656 -0.0152111344137839 2.02521172440322 0.304204827048558 0.79473465798151 1.09429386847505 -0.0770424714134584
1 0.722876805392493 1.48092717696664 -1.56902178096967 0.633196425568563 0.826539993853621 -0.760863840466277 -1.13035383985713 0.366750617963742 1.03887308761902 -1.54292955771897
-1 1.28200789681026 1.17640671705134 -0.901992368358047 0.923231740075993 -1.04647447370595 1.06759472483638 0.177391073236452 -0.712981229237257 2.78327196878630 -0.729090272259722
-1 -0.337216687436716 -0.604300963073627 -0.412600591447733 1.04494818154838 1.71233206777825 -0.102008429354370 0.923638741449861 0.90645332009657 -0.267622159412595 0.497370984836778
-1 0.375735321478516 0.177234774445746 -0.18735447380232 -0.414996277161066 0.994382370078637 1.42432459043559 0.386917680151489 0.202244359341223 1.67388699480752 3.4227655428519
-1 0.41020911871535 -1.22971235124352 2.03166667762647 1.25539218125115 0.980897319540787 -1.96753968280289 0.508149489186383 1.14809059204821 -0.86555049095433 0.345438198332402
1 0.930192727085392 0.223179106526626 -0.56971100931173 -1.73782893657718 0.0772016120441895 -1.20014134226066 -1.05503331543315 0.697366201727492 -0.133426379791049 1.40701120761813
-1 2.10982298303029 1.30071305236677 -0.74565699468828 0.882640298102594 1.59167015551135 0.899342834212889 -0.396386435440392 1.58851201584511 0.819659604294234 0.367619760384028
-1 1.9286869733908 0.212975655027071 1.37003362314229 -0.159605625420045 -0.822760337889732 0.241951656925624 1.05212198887598 0.553109000849641 1.39372228690481 2.56135286552928
-1 0.455360774265637 2.27532714472032 0.328770646083818 -0.262800846751814 1.04261789866239 0.769369558859853 -0.0675911479847379 -0.139361549995921 0.640110824368783 1.25086434422935
-1 -1.28807111333441 0.0426439879964621 1.39435801765467 -0.159650683200673 2.04308978138260 1.17527018071234 1.62637410869369 1.05278807809830 0.726047216050843 0.826958814617563
1 2.70416770342899 -0.28049719864325 -1.28541916557638 -1.57296905186725 1.3508091383518 -0.136261795194410 -0.556796500933735 0.570052150555503 -1.05499047516143 -0.22160292979405
1 0.0923835666399506 -0.59360929868375 0.951929188765027 0.34901791144766 -1.08595494334344 1.03487269306606 0.828745592965206 0.547922066681983 -0.208078954676195 0.605936169638375
-1 0.402727463708858 0.346307507648083 -0.639200742070986 0.82062991623735 -0.153945074350528 2.15214629746823 2.05940864731575 -0.461874876721091 -0.053520186314953 1.70774364252426
1 1.28394745203630 -0.991584372367248 -1.39656982853869 0.110691267265944 0.997624896994858 -0.559194789539671 2.11180760050568 -0.17718702328176 -0.398751243120512 0.741107192961098
1 1.6960504278726 1.99924367676550 1.97965023441252 1.74505481996312 -1.39814114197723 0.594793021709459 -0.639977802983726 2.25053401021397 -1.58988961451612 -1.61510223791758
1 1.35359395181416 -0.03711068179249 -0.917281152116 -1.21954794250125 2.61525893162715 -1.62139470311935 1.36441711304497 -0.304788229621292 -0.190514585855865 0.272833822444253
1 0.960107603988636 1.57659978261997 1.75138341093679 -2.3513585948185 1.04819238978756 -0.0882783470751001 1.32280535877145 -1.02559399194607 0.743784334803583 0.524419687925465
-1 -1.30529826974671 1.25870067203252 2.03049415799459 2.11418236653537 0.994358905235724 0.862049999210656 1.08485611017465 1.1785477134728 0.155426216257292 -0.300492691322888
1 -0.0812585758070054 1.44742588481049 -0.900043944483503 0.235051839304677 0.241878428900212 0.617641587327951 -0.373390413179301 0.193099148232944 0.763557074570478 -0.503057781106478
-1 1.93715657713571 1.86088352462077 0.0925119388390343 -0.9598722699391 1.36591619260835 0.627641760457788 1.66187922210223 1.40156296957115 0.929597276049655 0.295703028510011
1 0.151245451726171 -3.44428292706819 1.07024914043527 -1.31167695392547 0.0631744625319342 0.534044273988385 1.09897352150032 -0.171501903800479 -0.767668946865606 0.91082549545386
1 0.689747746897617 -1.42094472547572 -0.492249257451206 -0.178090552146347 -1.241372528887 -1.02068606281345 0.369319836214286 -0.744197261835386 -0.523261928591409 0.804784895630489
1 0.490229595029366 -0.0183770245601777 -0.337568796519460 -0.354289179217051 -0.85209843596504 -2.09195941640298 -1.60140922410721 0.149723325227455 0.512184965668543 -0.102630925103898
-1 3.00277598388714 -1.40586202944573 0.358798093355748 0.795633264095303 1.81599707350541 2.22569610112612 2.09530012536855 1.07961873668303 2.96011679360382 -0.280324535618553
1 1.06512781537492 2.57570032174793 -1.34167841382708 0.131696309439058 2.20500754206397 -0.158476844079061 -0.433878549733199 1.90909209502173 0.0460497268749269 -0.235343178661476
-1 -0.109486445277752 -0.0736488210122429 -0.0841073758509405 0.528922964801568 1.57196691195101 1.44212052123369 0.97176317695885 0.890970241522011 1.84205494524126 0.65702909872702
-1 -0.808088996007861 0.774855064552322 1.43174840732051 1.10491671008039 -0.0789635196439306 1.99680773901955 0.486979138916144 1.03572730858297 0.814126074943236 0.971416591758977
-1 0.937443231870587 -0.493482437593446 -0.937243376390667 0.901093892598181 1.02074892315041 1.05609851131932 0.767216146627077 1.52610095611777 1.15998036275558 0.68797588487785
1 -0.184226482857055 -0.688545974324244 -0.774342751328865 -0.910471048181757 0.534421425415414 2.01390564232373 0.167662400506858 -0.806161155305254 0.850855050774294 0.0799263964078373
-1 0.575680794947648 0.477055387925413 2.09919352567312 2.26005460956731 0.678225993802807 0.62015450252972 0.355739967482735 -1.03842843142885 1.60913676027883 1.74757990185579
-1 1.54909526205593 0.570802040547459 0.126630100520129 2.72631677263263 2.20689949690778 0.143324426306415 1.98694253993697 2.45142134682132 1.74026263333547 -0.149429585766418
1 0.686375155498598 -0.264121330621745 -0.48667111354008 -0.0865143261447869 1.64867261203257 0.163320297185932 -0.677972608406848 -0.782034304967394 -0.412587237161233 0.769808159856457
-1 1.52775247338554 2.14002807027758 1.41080586570057 -0.560222040386384 0.708016873003393 0.390450578963434 -0.344192788665017 0.543161467320304 0.231679341439673 0.589670727322085
1 1.76144221263800 0.0129329720906656 -0.255351928179779 0.608331664922098 0.412691868987403 1.83233039613759 -0.502241931721657 0.280744774161866 -0.885442450967003 -0.846755236606139
-1 -0.276023644444048 -0.257317816606569 1.99078864697181 1.49963768119444 0.347116115060551 1.02384340974735 -0.190983465925409 -1.11000673668067 1.23455206658256 0.901609721165464
1 -0.215308580113895 0.565061878436122 0.897606386310056 0.806548094337349 -1.13569492437619 0.64288147027655 -0.481576672359284 -1.59514769416584 0.646760127843374 1.40339868715931
1 -1.20654700442435 -1.01972214635797 -0.106118613359572 -0.0203550514771692 -0.43734593948855 0.33402454612512 -1.20365808019814 1.22878410546335 -0.452011689539067 2.12958520592410
1 0.197520340564353 -0.753194355516466 -1.56825825918933 -0.0302806738540853 -0.738927598436709 -0.980394621530142 1.08197601349587 1.06037414835586 0.910113706620073 -0.122802656015947
1 -0.37826747225198 0.57149602451987 0.5765120997863 0.0783013459539453 -0.589464698263247 -0.207366567767980 -0.823738011562457 0.861415841345608 1.31574108727334 1.07150419042313
1 -0.449067555635141 0.0413918657907699 -1.23094383355135 0.87549945612966 1.37651820483767 -1.33551840391383 1.13994396729398 -0.234974534047092 -0.478750749207845 -2.36189151892375
1 0.981126928477562 -0.209529116534553 -0.326602805347598 0.162931872796814 -0.142082603997093 0.481411868692721 0.332527728192442 0.319407367050749 0.369296102379954 -0.367164481381236
1 -1.40251269437638 -0.486163581219754 1.21207618564328 0.532474378537262 -0.577856949512323 -0.509570449772691 0.324030717918896 1.99942782168783 0.792548738098714 -0.130272465886898
1 0.400954073534885 -0.811859078152306 -0.166158469202275 -3.46347884141134 0.247044822657255 -1.79763412113529 -0.524782773568404 0.323544031917073 -0.460069074307888 1.35974348896362
1 0.692407865575906 1.49512638923574 -0.240706898799323 0.160304890805969 1.06763024593916 -0.710397901891657 0.20126436729186 0.289179776337649 -0.467709882444239 0.362146188263169
-1 0.183472770450588 0.96807220860598 -0.688058814890297 0.78278733337538 1.20320531865089 0.112047909703202 2.09102754994862 1.85669812437324 1.61695848875429 2.38149081546901
1 0.494587150210884 -1.06125435566449 0.815925354811003 -0.246671124087047 -0.458194769950142 0.0111886953360522 1.28071088543684 0.164808738699554 -0.183018069864308 0.424395252176291
-1 0.49748040553134 2.22052136728031 0.734466664216259 0.529714101880024 0.192409314627530 -1.89978360128936 0.415748091824521 0.634433505268022 2.06980827868249 1.15154696443535
-1 0.87426094272802 0.372674843837238 2.18245189700853 -0.501234842733272 0.45554885888713 1.22426815700576 0.314238827845879 3.2988484442166 0.309430474400519 0.518690122890685
1 0.748656856258223 0.454211182015984 -0.740915832656906 -0.374488698854361 -0.825862384828654 0.727066022008046 -2.68895961885329 -0.313635735512065 2.49908500164866 -1.01536575675377
1 -0.150054466798967 1.12842060668464 0.089150091403881 -0.410533418699198 -1.57669537714326 -0.583828234662967 0.281615924577593 0.695318815389839 1.07239107371444 0.357874981888632
1 -2.65022150477084 0.484089910164358 -0.695401063936198 0.860294328801665 0.516298162003123 -1.13899662601707 0.208440275130890 -0.216654919564018 1.17157834451711 0.399334839884341
-1 1.11821846067190 0.615808062148441 -0.30667439281138 3.48491002285654 1.03791550638702 0.617444951954243 0.442752023085597 0.076346319729444 0.907431244980996 3.02561250621532
-1 2.20567726588411 0.711463241270295 0.279090464868756 1.06161087110662 -0.0657470136783002 -0.785989770700029 -1.49111598967856 1.55118198428564 2.87920829369233 1.89437334689660
-1 0.765414889208422 0.0334589594637938 -0.0758015421949025 0.963522521946176 0.532121745965357 -0.924316786436142 -0.31675826682099 -1.65799207984157 -1.20289984789554 0.830898408679054
-1 -0.600802886445139 1.12479679082434 0.284526835421077 0.165306380858428 1.57303438218700 -0.258476897747169 0.98578303330995 1.23720009828377 1.31567681849012 0.360631564952538
1 0.149058500371924 1.00677465555099 -0.35148766004161 -1.10067259102307 -1.19400513477081 -0.170890730811852 0.079183776210496 -0.466114949941457 -0.0883177862202527 1.18853558906074
-1 0.91192012869852 1.42178458678121 1.98240171198209 0.660335085210962 1.3472588375795 0.260565979457641 1.81388292404231 1.87936600247752 0.788833686309502 0.254791183401886
1 -0.248750984053478 0.688119327564351 1.09868683204887 0.216305551297954 -0.836588229767864 -0.989799068091996 0.597487647299785 0.258909911289878 0.343410176943542 0.730701279254893
1 1.84277537630256 0.720245670690652 0.576189699681639 0.31298159698663 1.91035457467301 0.185618056045556 1.03428700957933 0.683592974492868 -0.652364495994335 -1.01999104839289
1 -0.211619007860639 -0.297005133863736 -0.448568796081635 -1.10124252486172 0.8369578873656 -1.50655982375908 0.435571459858192 0.638578393265137 -0.121466902975307 0.497986342239799
1 0.641956097356908 -0.130824394100070 0.86934714230844 2.54993343674304 -2.41354692729955 -1.00640754836027 -1.87565836213485 0.255745897500751 -0.558312944005662 0.569115232864933
-1 0.879127714943551 0.503266584995188 1.11456673273908 0.471865177864288 -0.83640781309369 1.02618887365768 2.24773076170104 -1.18381089047095 0.0199569152131478 -0.446737730095443
-1 -0.133571743976838 0.670312716669897 -0.0711052908099228 0.0855776850035466 1.75385258189758 0.871431720583494 1.79959761644132 -1.34527333740023 1.58552894670778 0.16142708781197
1 3.19268819173564 3.19542288545706 3.26225915234024 3.18022641081785 3.40049663389137 3.15707032910069 3.13931054832047 3.30716618007107 3.20105271644494 3.21047304945703
1 3.23661519090098 3.13259251629458 3.38466906946598 3.22033614275868 3.24413821152734 3.20299941432839 2.97032489405036 3.05407948814116 3.06076140660963 3.37715422657530
1 3.16279707787587 3.23140195044612 3.27902515236363 3.11730776462893 3.09065235715431 3.13718240894017 3.12065734668688 3.12666553207686 3.11362084073574 3.03955049211883
1 3.1998290073281 3.16872031480511 3.14818406790955 3.13252991432519 3.19475714826308 3.26874177502615 3.15358519796908 3.20726944240089 3.20364120368331 3.07659393603396
1 3.20334420795983 3.21203157219886 3.28724211438845 3.22619920527917 3.07061425362548 3.16291706912739 3.08342516451403 3.25108119133993 3.08779552208926 3.13331609251773
1 3.00220854997084 3.11959293197332 3.04163122542736 3.06523865384279 3.09087197127811 3.160138977458 3.15060916640130 3.01943635418603 3.17819517054251 3.02553919703525
1 3.27065159936257 3.14860548928320 3.08071774038874 3.21157965605701 2.99347409455956 3.29632713484152 3.1730118893241 3.08985156572903 3.27759075882678 3.19663701259567
1 3.10815403883263 3.17045467777995 3.182643177871 3.35953365374744 3.00716705101078 3.14847755282722 3.39008425720426 3.07917411949438 3.30134313041206 3.09729570602833
1 3.15106797311614 3.22642366586802 3.23925283485334 3.12973922844204 3.08139379978020 3.26227957724445 3.24232295435362 3.05655022134592 3.15727531619933 3.21145813699969
1 3.17434763654639 3.15013471334305 3.24097912381944 3.34451625127190 3.08031393383573 3.17113494698769 2.99857245245927 3.11977569907441 3.07966090546201 3.11817752708348
1 3.28568109239909 3.15012390743279 3.03511878276145 3.1176327019179 3.10839739599541 3.05264877856307 3.10145726897490 3.15390835107767 3.27585300334951 3.09204391846157
1 3.13882329741360 3.20617795965442 3.15664040077003 3.3621480962973 3.06525262813325 3.26418510311562 3.14958065925216 3.02533444296282 3.1223736760431 3.29423265234295
1 3.11250647833076 3.15236965124003 3.05042486271065 3.48483701315852 3.08798470480803 2.97180121153803 3.22389045565891 3.10040596844228 3.15667572150903 3.17035126642927
1 3.08955136950895 3.17895305231841 3.17925837562031 3.12007577939631 3.27026461413475 3.10614118741785 3.19955335836175 3.20271986495544 3.19077991864177 3.23651793780046
1 3.24923313222677 3.0682874557188 3.13466477061729 3.24404364100723 3.21327777077224 3.11094028783329 3.03347192006152 3.24397208627681 3.08817079135524 3.17900970006334
1 3.14514449227728 3.17524773412558 3.24520645967604 3.13216510229632 3.17200702470535 3.11258311209102 3.29557431358905 3.12647959693961 2.98388417798161 3.12533015516992
1 3.01681698262208 3.22352205722484 2.98123985406641 3.16972086701855 3.02065070132421 3.18577011144489 3.26003275046843 3.17921758221350 2.91058686707936 3.21268151644217
1 3.30415048267657 3.03265889353551 3.11171944965702 3.16343752052807 2.87729271661145 2.87712606725578 3.12806041200552 3.25379063362983 3.01564593749813 3.13340895323424
1 3.15742341915236 3.31983802582443 3.17017031564834 3.09790886712464 3.01619870462939 3.09868612986066 3.1658287949182 3.19018848523812 3.1182816096399 3.29923655514569
1 3.24280688182336 3.31271473267427 3.18453429711420 3.19841696013517 3.35543704884694 3.26881008619856 3.33897885398831 3.22948950504403 3.12120070042537 3.1780476063247
1 2.98682356123923 2.94618910631713 2.90770416047976 3.07024809071001 3.26059096929281 3.06237200123479 3.22802258256613 3.16848502638817 3.34738880631379 3.26113953266899
1 2.96964940825814 3.14523399818388 3.00727731382753 3.04496119779375 3.26191285442308 3.24145624213136 3.14965435187933 3.38091084595062 3.17236220372179 3.20160630013083
1 3.25218350356560 3.31975264845374 2.99136169831452 3.21199976936638 3.06138609472315 3.20705799431684 2.98007965536044 3.09769532415271 3.25768623030965 3.22606203323780
1 3.1879764389517 3.04988520559341 3.15586329952292 2.91103045017732 2.81361682449965 3.11636897661299 3.12191254210176 3.22409523448209 3.02680649170079 3.13447228408235
1 3.04292094668113 2.98696431489029 3.0550128816052 3.23740038083926 3.23039545396282 3.18482341160446 3.10586292222787 3.1036989103523 3.18754475929610 3.07302467362085
1 3.17983426235278 3.00327638299088 3.13973683082767 3.23452890599867 3.15937739985495 3.10002844118243 3.10997128498493 3.19572725743810 3.27089871238096 3.25694742651632
1 3.13937815843635 2.99410133395154 3.32251454239543 3.23171830758784 3.19526170957998 3.21520962356368 3.03941165322997 3.2476925155722 3.04782900367186 3.17753378791386
1 3.11419960953633 3.21320743594516 2.99860400326891 3.29963675539988 3.17045585054121 2.99080018074497 3.23034615504456 3.24027854825189 3.4376834138758 3.3876249347296
1 3.29080180422441 3.28046668115922 3.06372877131203 3.18859123292932 2.98427387552548 3.1543827057971 3.22045995542542 3.03640709870777 3.21432330854787 3.04538637317665
1 3.2110528136016 3.0869508860186 3.14953699866779 3.19399408109681 3.1831511814508 3.05085409476178 3.08967797109400 3.07445549414834 3.21394571911309 3.25837376706306
1 3.13017399280381 3.0839905020388 3.143075531814 3.31672153451741 3.41795946527991 3.15278910270955 3.30693837166481 3.36663435002724 3.21296780777172 3.08594395047877
1 3.04963902675251 3.38031723845951 3.1972109982446 3.32483503595765 3.27317124949271 3.04300580493634 3.11816205624654 3.14355212269735 3.28390758214087 3.23847113386740
1 3.26291151488154 3.30876154315456 3.09659858559089 3.20340789161929 2.96006153071333 3.04989831324966 3.11135572318104 3.19116885156937 3.09547204009376 3.22055912663056
1 3.13404928828986 3.18614119189306 3.10320359903876 3.08779175676753 3.25924015291852 3.0711224163517 3.26431000482361 3.16026052380736 3.08458544522752 3.26039371029812
1 3.1997810979125 3.16504141252669 2.90722478832531 3.20990775388664 3.29757320090393 3.25177631118223 3.199496623924 3.24192358903856 3.28202273160926 3.16713441150327
1 3.23073032166061 3.1367672072287 3.18408826514963 3.22958032430829 3.01372161485044 3.17248675611508 3.07879433064835 3.10028441047674 3.15668404349786 3.15642350952876
1 3.28783011141723 3.03996852539397 3.06738877440128 2.99370859007244 3.09302278578597 2.90765744949707 2.98359835515707 3.18374804281787 3.14399654504957 3.20316858784395
1 3.19562599341385 3.08119151136987 3.25354156262028 3.28246096200615 3.06439514897777 3.17213506339274 3.20700992212487 3.16852258334964 3.14135510679874 3.17429002075932
1 3.10386694175005 3.29772489333735 3.20089899744398 3.09943760712843 3.14958903949206 3.17854116592594 3.25592285280191 3.06405263062417 2.91355245866816 2.9466904984776
1 3.27639603038778 3.31646106672178 3.01614944567677 3.16029918628595 3.13635075287983 3.23754203187849 3.19738286927551 3.08080742549764 3.30370671924494 3.26432100575128
1 3.14104158000267 3.22747056791638 3.21399307110479 3.17043464688895 3.20763342400183 3.28211490519372 3.06360110231188 3.2400192186317 3.14355146179949 3.23636839314683
1 3.14545153156004 2.95624396309824 3.14713673310467 3.24961849000778 3.06563480135813 3.19305111389459 3.03783744322994 3.21350047780820 3.11222767218004 3.18417291118977
1 3.11939647031519 3.1046322719348 3.03598774587905 3.05584481918824 3.07083920435381 3.00964505695668 3.12987596396897 3.13014369301555 3.13994196135351 3.26039504673829
1 3.00277861189635 3.09596593225147 3.23409011049605 3.16342790397703 3.24143676778013 3.19632420415129 3.16602415898975 3.18991843240745 3.13356496739454 3.09827189290006
1 3.10993959212011 3.31197561367783 3.05328124238312 3.05124051431307 3.16466547402912 3.18748737035326 3.21122823283965 3.01518422523253 3.26617213963361 3.09028362815762
1 3.21205188503266 3.32692811192846 3.25846073137092 3.16706674397371 3.16110998485859 3.23126787758976 3.02695958040757 3.1204362241286 3.02120547360168 3.29095224547356
1 2.97744337066307 3.20785739519597 3.22104752510909 3.21056272705383 3.21906149097233 3.03615503604455 3.05719850940429 3.28521542263465 3.24057488570441 3.20438684703349
1 3.18826015194474 3.1717643144025 3.20126871004269 3.0767552669294 3.34532760349524 3.21702425286041 3.17904210039381 3.22817934931334 3.11659518325791 3.22798135099703
1 3.09068066681324 3.0726842343748 3.22432650296844 2.97964998340104 3.33262219457578 3.29011522047851 3.18918289356810 3.15374192544542 3.06312317912624 3.15322676669358
1 3.25033790403163 3.01858931132695 3.0941281381716 3.23447605122008 3.23765709724941 3.22428637049019 3.11870575653900 3.07601871634637 3.11025368321136 3.20925719066914
