-1 1.95912538937070 -0.844079924934613 0.700475492271637 1.87351494584712 -0.985778861828136
-1 1.34079689349937 2.10006572778402 0.825784159792825 0.653561197333896 0.491679298560779
-1 -0.961907613300618 1.30378616194619 0.368169792853192 1.46713003819691 2.13975008861133
-1 0.879885841985066 0.93810065269204 0.562993395590324 -0.4459878405518 0.333163562371430
-1 1.47090644517043 0.233186308333822 1.92152794851418 1.04945246988022 0.775439360921909
1 0.930066400877436 1.01177209532294 -1.19127292595528 -1.20463627992037 -0.58051205249669
1 -0.857731838590242 0.295990479457333 -0.796935393894812 0.803258718017785 0.0914915891903292
1 1.79891751188194 -0.398603002313054 -0.447570466539925 0.42959858592375 -0.476688357074776
-1 1.16798047327430 0.00571269712793032 1.29019242951765 -0.223410574944142 1.88300057355354
1 0.468150340781915 -1.03239920771665 -0.557799870522335 0.186595955167726 -0.457949905782457
-1 0.452216467458264 -0.801295906807503 1.1442488743085 0.32981093814427 0.562115568959345
1 0.670636500585165 -0.0840054750981592 0.247517281844602 -0.019077203349943 -0.84835087701806
-1 -0.0112593170541603 1.88218142364541 0.236113996111682 1.47278957935205 0.186007346477956
-1 2.47896661126582 0.132690937626270 1.06120183511461 1.28916703734435 1.40130516485296
-1 1.81287258634187 2.15840860420954 0.425012113869626 0.738159994504901 1.44364048972675
1 0.275633568841713 -0.357395846954511 -0.482842687966437 0.023411294295755 -0.283283879496598
-1 0.196873182204429 2.20814375755679 1.58903964556493 1.25927981601132 0.930718333490136
1 -0.148872159054270 0.518973995314885 0.509018785556808 1.54627442235859 2.06941930904311
-1 1.58562099928126 1.65865555830847 1.7183274402278 1.80226935418927 -0.0864953593907403
1 -1.18960120421806 -1.7571793061038 0.0586474576050293 -0.246848619694970 -0.453799450728235
-1 1.41948321801897 3.32344407342435 1.37224579053719 2.30627086022964 1.07931823031051
1 -0.960589815392705 0.339446309049435 0.375790773663966 -1.32059705853997 0.904231405199845
1 0.653591918935989 1.79116756483859 -1.13024395780309 -0.378753835604512 -0.117594211568089
1 0.133535282690914 -0.804789406157464 0.411069428303345 2.8013897633856 -0.410565867543419
1 0.934922839695338 0.512734831568116 -0.00293010259734523 0.198764610062183 1.91901460277985
-1 -0.823076561788032 0.246516420379968 0.410313675416128 1.11829334328756 -0.437925889483815
-1 1.03541805955067 1.81872074774872 1.27266359092825 -1.10960396072693 0.548644476026467
1 1.48242290176186 -0.100479860077455 -0.870492074223483 -0.0476441359453419 -0.89809862372009
-1 1.06631014033605 1.34528238800164 -1.45887757026334 1.81939253712361 1.68110137553636
-1 1.42140158572503 2.24051138931554 2.97310123283099 1.76520563819013 -0.63245212027941
1 -1.31839408382290 1.47383324217234 0.132597719124526 0.548145218098771 0.865372817032527
-1 -0.821217021423487 -0.280137421743528 0.509039961725077 -0.395943052199495 -0.606102542787032
-1 1.80939003052026 0.807489294906589 0.312666285561157 0.39710610951127 2.04292013826918
1 0.687758409818627 -0.202551546173490 -0.271813296993054 0.341486061635878 0.977217709299217
-1 -1.11488590781762 0.90573909646083 2.40007693307953 1.24554999440638 1.96815325202843
1 1.00334436308574 1.41233013254885 -0.953399090530026 0.0381282735846436 1.10118829699242
1 0.550319679381662 -1.15060968523292 0.893880880080957 -0.205235288712784 -0.610208362904918
-1 1.12138817797439 1.00759388862757 0.586495511016192 1.22109566334585 3.12756477924124
1 0.198888429567721 1.1677499283105 0.85517256860116 -1.22713332990339 0.169821038139558
1 1.12336196909806 -1.25812843440833 0.884708202742407 1.10004261688799 -1.46636631387233
1 -0.0357891781049112 -0.582558316628474 0.0412598299761748 0.381456151226356 -0.131143284729361
-1 -0.353849534128839 -0.101042318322396 2.14769344730900 0.322825576346025 -0.482000255222594
1 1.89909103454798 -0.659403366656547 -0.425549045101555 0.673576538380061 -0.761593325796363
-1 2.85533647206580 -1.14485374857361 1.67679799231544 0.160412537416347 1.81385004801092
-1 0.558188737485660 2.50533525852 -0.431852843165516 0.129811676510113 0.51195150036182
-1 1.26850465094049 0.607512576719379 -0.253395868478119 -1.40906184658657 1.48067556320243
1 1.40249043946417 -0.232335196179050 1.82251121576602 0.151472039377124 0.523357470819635
-1 3.81661284557024 -0.661624544648168 1.46719854694928 -0.279560360703789 4.20309032218068
-1 1.72282995479940 1.23317557210890 1.617162477966 1.23635544828803 1.33146277664
-1 0.914803041023166 1.19554251469184 -0.343389533167737 1.27993507339693 0.183578960932881
1 -0.572115594515736 -0.743886349249801 0.230929360315046 0.723008040648259 -0.0305594547039834
-1 0.359944161078972 -0.439057244422854 1.07010970878286 1.90606521705242 -1.55944892028740
-1 0.284749131869347 1.21214678842724 2.83373254335485 0.115670781877095 0.929571598396052
-1 0.300793569392550 1.72275772469684 0.439341472659474 2.65743571359374 1.02443318516061
-1 2.50512478101688 1.68758056699271 1.95623120465967 1.05505129478350 0.585300091786392
1 -1.69932018458718 0.076975433305437 0.104561293366922 0.296073576062710 -0.945502099254474
1 1.33316360652084 0.593065392753674 0.154096918782648 0.445541182426447 -2.36592748898267
1 -1.58697450451096 -1.46954152052244 -2.33694624148406 1.39814768758293 -1.28943590748723
-1 2.62445065975276 0.164610933067271 0.278388290859918 0.765855073086714 0.236826819219410
-1 1.16955088202322 0.792226224247419 -0.270741649344693 -0.0559733527287061 0.692749025071544
1 -0.82351290498925 -0.011271169704541 -1.07583199141065 -0.907609880241268 -1.98514536234201
-1 2.24841477059501 1.30439613936214 -0.182107356365955 -0.208971045876036 0.692942682143638
1 0.735915120417599 -0.935356922841884 -1.66329972693386 -1.47871126269817 -0.714830980501961
1 0.378235750646258 -0.657857900280598 0.98717789843671 0.545655888072344 -0.700388012891148
1 -0.987368120170517 0.617056490361472 1.46812010283100 -0.427217978061927 -0.141424888184865
1 1.01472241210801 -1.74111823144432 0.0884690796606514 -0.819007892746142 -0.283996952174607
-1 1.56216293357411 0.975280395145015 0.695602317622181 0.618895090290549 1.03628345360950
1 -0.918832289056394 -0.0223750715671773 2.27920368251335 0.0112745646813603 -0.480700321382399
-1 0.401375986561598 0.258596447872088 0.469846301668306 -0.749698689446266 1.77430790957203
-1 0.737894087382573 1.09604163458401 3.13482620655156 1.27505911515895 3.35501003600788
-1 1.43410537734323 1.15272370299666 0.937508324282214 0.56695538046509 0.359836231855385
-1 2.64664592942824 1.121139706389 0.532245805213647 2.75262370163413 -1.20063400366763
1 -0.813706939234721 -0.615897992989796 -0.117995885087112 -1.42037576377843 -0.70571999853527
-1 0.740907455403076 0.971853263277362 -0.70610786473339 0.903283631325409 1.81790407180103
-1 2.06842356205862 0.906156776212964 0.607717426620349 1.09136310927390 0.680078474760589
-1 1.92751237225681 2.0936077241134 0.432261534517374 2.54672740552690 1.36555376121749
-1 0.0075644478801905 0.384621070860543 1.32072247054101 0.680042667654156 2.54018010920502
-1 1.62343890596276 0.441972540487346 2.16977943783191 0.0525424464394022 -0.290799990089540
-1 0.0412527319732531 0.320232090957065 0.947428776417262 1.91489360642358 0.521645446349371
1 0.474066263682117 0.880332123558115 0.414219621170365 -0.0411808001222014 0.256646336201571
1 0.968667010372405 -0.339656310087606 0.343739936814895 0.448335305709660 0.0796431130921428
-1 0.48682418057372 0.782667851255999 0.198544903801629 1.74891281983997 1.04881861951118
1 -0.943673737205186 -0.878627912556975 -3.08713076150850 -0.888555036813305 0.69108124040398
1 1.57010225401199 0.0156279949648358 -2.68553848845726 -1.07433082021207 1.08859702651971
1 -0.805446449964233 1.24934166044776 0.735987118467836 -0.102759986781238 2.66396351579677
1 0.813818089346543 0.48334777090003 -1.55964258794579 -0.304651939490345 1.24588375586104
1 0.104515031419125 0.806564901247583 -0.423465409927888 0.224651011269439 -1.08472336253240
-1 1.56430233984729 1.86326549378316 -0.176045774888655 0.244200076630103 1.51476526670623
-1 1.72157646716111 0.562596550066647 0.94920943030886 -1.59324641623523 2.53418106094963
1 2.38439351584091 1.91261062337993 -0.098383240951345 0.0348361538680125 -0.843992849382132
1 -0.216766313649566 0.635442552642876 -0.616782674091709 -0.251599206347362 -0.248649140888273
-1 2.92944876417049 0.639552980281922 -0.0822209661833243 3.28122006720011 0.97379870008024
-1 0.178310194372704 -0.588128000493533 -0.432167807586351 -0.37296026683724 1.48294345697208
-1 1.08242879378753 1.01213456318461 2.09407782147949 -0.200660290193795 2.09111211798244
-1 1.50169188035561 -1.32713837268323 0.98301710542518 -0.0490471430358407 -0.175176082464202
1 -0.146816688728725 0.901534536032652 1.25641955109759 -0.199789328678857 0.826359138426034
1 -0.28935504194952 -1.02799277762448 -1.24913866996101 1.27117048515092 -0.750449218501046
-1 1.64681104697321 0.210162597381506 0.299053858681877 -0.530099725624817 0.976185096019767
1 1.26872636736221 0.00990236166368753 0.0815913993940768 -1.55259725292746 -0.729714733992697
-1 0.681137656434093 1.76693042246959 -0.421738416111772 -0.0923166856794664 -0.818260815606976
-1 -0.0507199932058526 2.26275333276005 -0.867906143561514 1.56249299456271 1.33572172303400
-1 1.03484094219594 0.541098047429565 2.10290877789829 -0.036320473313302 1.42509470624034
1 -0.148446764419735 1.06287809894260 -1.18213582853496 0.733799312456603 -0.996912099601361
-1 1.77744562866029 -0.314287834611008 1.36738618533476 0.0836241746285883 2.43845484015933
1 1.13207476269714 0.17962670753642 -0.636645153141235 0.208054198140935 0.432923056810734
1 -0.353029397481101 -0.583751192413521 -0.265608787631521 0.468059785191628 -0.0559828113873404
1 -1.37168772554513 0.713385488930256 0.0187404373742627 0.677728734645137 -1.13256040615428
1 -1.19256777788781 0.622204741538989 -0.345470448793291 0.00413043982574097 -0.883378087158537
1 1.29379400423885 -0.640908814699036 -0.85902132053962 0.978980070930966 1.53485734384474
-1 0.981167928371949 1.24399497784726 0.315216220062172 0.360717358657598 0.269328927341813
-1 -0.79903860999618 0.569464345056296 0.114493364375493 0.692933254097391 -1.04354175807287
1 -1.70447490117691 -0.162077466752243 -0.349419262125115 -0.360824625743832 -0.179949148771415
1 -1.48119622567468 -0.356662949542589 0.396580746639067 -1.17321549851892 -1.18650124840581
-1 -1.07288918300146 0.64681981940189 -0.367110025646768 -0.155081106574050 0.44362986320313
1 -0.524520233642193 1.68082329745908 0.156544495356125 0.899729813514816 1.61059891474579
-1 1.89640618999954 0.017433913311823 1.47510424203773 -1.15954778327285 -1.03939553966096
1 1.53144565340817 0.512021449165166 -0.398053088016074 -1.09060411284375 0.609422187579214
1 0.443272356543111 0.0668036354240497 0.837759286041865 -0.582319310207974 -0.338901156679839
-1 2.53118231481103 -0.536831494740459 1.56992759070268 0.368333261007285 -0.182896496914705
1 -0.69302113189609 -1.05106452437457 -0.105569858865040 0.111361913265798 -0.0758769697666317
1 -1.10561198594636 0.834577431437987 1.29875419547416 -0.554332962878178 1.34471222787156
1 -0.26080348706805 -0.199966579088554 1.04816426341546 1.92380680090916 0.330856438677091
1 0.342787345507567 0.157410598244577 0.94551585252199 1.12098302687425 0.810107770853331
1 -0.337871902945093 -0.45914296707511 1.726320722736 1.6561128468405 -1.19384860138322
-1 1.39033271718247 0.194622597464839 0.658566726601555 1.00892618278281 0.10148134203342
-1 1.78872653070379 0.436052278355237 -0.784644533417191 -0.326982498266692 -0.20513097420808
-1 1.30473656354303 -1.02593094900579 1.35112664394427 -0.494299656544155 0.96916655132976
1 -1.8299683014279 0.485672813346223 0.869463877355676 -0.00754956216491295 0.577723669385823
-1 0.961501534846117 1.10024744008611 1.09183884528266 -0.0285017873328461 1.79273160256832
1 -0.338934646199584 -1.09684231480988 0.988224528399868 -1.09664605424318 0.363821108981988
1 0.85247279894148 -1.04239579039184 -0.696740412298895 0.594766846844461 -0.441493185462899
1 0.686012914751914 1.09346813995607 -0.894172683305523 0.83091982028567 0.0836106354278808
-1 0.100440698512884 0.121802580355034 3.16209311329586 0.246969395708854 1.57890032561903
-1 0.552167633068868 0.898140983372685 2.48053312372021 -0.617006013632128 1.39243567056027
-1 1.79778243620167 0.0483929245695051 1.66422080546593 0.106728944587945 -0.361401922223279
-1 1.24087571871746 1.35909668946599 0.173143152164653 0.91413660707408 0.777967799670303
-1 0.752912399704243 1.10719547365426 2.17786824382446 2.13862089086415 0.855281251276777
1 0.604578339375573 -1.45718075551942 0.159666553197153 0.528419754540138 0.738981769232456
1 0.95831879481748 2.19974829995248 -0.740772295485709 -0.256549120397155 0.137611280260402
1 0.644527303436078 -0.645051952539658 1.25072599650291 -0.930800105594733 -0.928140997043999
1 0.740584992428576 0.452958457914112 1.58535335224779 1.20873017674658 -0.173730624079284
1 -0.032331248962784 -0.832795872208974 -1.13397492927525 0.0629066616346904 -0.976903713102667
1 -0.674095429227306 1.76780777864355 -0.292082350794701 -0.517682043184958 1.01006316112900
1 0.236296049769937 -0.843436864413829 1.20909700173301 0.568256645497881 0.311827091009231
-1 0.745514522692278 0.100006401422518 2.82975154076508 0.320842500040167 0.76921516506214
1 -0.881016482822762 1.73110342561816 0.249513962462642 1.70355572060683 0.540994143826857
-1 1.62235950873127 -0.282504115072213 0.336430610066985 0.113446813041185 0.65297653399412
-1 0.0328268043740918 -0.774969032073119 1.12445841693458 0.346315571152117 1.81874232355863
1 -1.73060169175741 -0.547369666927374 0.691934366851175 -0.943968559758374 -0.0368573321716472
-1 2.19264530502245 0.743463363845723 0.705639692312054 1.07051065430721 1.13458161512336
-1 1.03129664044949 1.88745910538585 2.30410193520565 0.147179430851022 0.346280604037711
-1 1.81294766889189 0.562349008102448 0.0324524598204791 1.15876424428868 2.39535163879132
1 -0.279396625080719 1.21234110450820 -0.648288295853327 -0.536436561939397 -0.336929182933049
1 0.683237555674755 0.0152014349732335 0.0897072794187674 -0.248791830945944 0.413757286349675
1 1.27940506789464 -1.55244234022192 -1.99254723752590 -0.203118508543714 0.625904596068732
-1 1.64533626525798 2.29210162395052 0.0348014390065023 1.08929056157237 1.18423646833064
1 1.48144778681546 1.48677769455806 0.640623967325192 -1.14924610101907 0.171612508645089
-1 0.359468623746517 -0.876851779794325 0.600545140476595 0.726198625572887 -0.320445389483674
-1 0.734005567230342 1.62019491735875 1.92180753474271 -0.776518793041456 0.151125433945664
-1 0.897014913796485 0.501499226853141 0.86926371964254 -0.678466190939418 1.29377398154616
-1 0.365304172715452 0.616096044554827 1.38005709600742 2.35335276408561 1.85882414814877
1 -1.89673599782565 -1.95867596122307 -1.40721650352446 0.520403225680918 0.404512753485907
-1 0.77917334579014 0.798960199707521 2.03243924187748 0.291581219312285 0.234900175247711
-1 3.30260303562095 2.23807100022498 2.02063624676433 1.68106179504136 3.01953761948988
1 0.666342779638678 1.83644709580548 0.344587870098358 -0.673575227052779 -0.690904659630127
-1 0.595079576792574 0.404102230927668 -0.00766214771832119 1.34077606824713 2.12757760557857
1 -0.40125428668677 1.68799334196419 0.145758707784351 2.52632451801675 0.718939392393697
-1 0.885328775413113 0.260438067739865 0.893687045269044 0.341189220315204 1.27686169786512
-1 1.65792251927458 0.0415361154516491 1.43953292273705 0.626321871222756 2.41935030074048
-1 -1.62420824857564 1.42279165218614 0.423858205030931 0.164249864804874 0.353871704712927
1 0.756710431466788 2.10728081541458 -0.428398741335356 1.84357634546013 -0.580041308595447
-1 1.33027805158965 1.64710052564714 0.522275024155201 1.58474409516200 1.18447786255916
1 1.16826860065862 0.456351885862855 -1.04667860824597 0.265265964497880 0.0494410169121058
1 -1.05347994037489 0.215897610114767 0.475086330881947 -0.958188023270615 -0.135150692704310
-1 0.325949938563493 3.40692741010246 -0.00736364477423368 0.240170226469141 -0.325405509477035
1 0.165146461865702 0.0374443522255108 -1.1408837475288 0.0865680616601252 1.28431675990774
1 1.56797952555121 -1.35615861262852 0.256909364479334 0.673585564685359 -1.45741022165657
-1 -0.388283221664796 1.26448005781304 -0.552560929482513 0.9065258229979 2.7128204142189
1 0.591295023171406 1.02887422058432 -0.72706541178918 1.20760777209254 2.07822580895007
1 -0.0410926639467629 0.177613924667386 -1.41091193919096 0.333638409346563 -2.17120770249924
1 0.740228145680971 -0.079350446579099 -2.12225450724748 0.016557580739453 1.6095582532485
-1 1.97899217747514 2.02982275176659 0.97633492162443 2.02560756743811 -0.723730066967427
-1 1.25012430835611 -0.141976952206296 1.03328267197524 1.13721279683056 3.42934889217943
1 -0.441324366531922 1.11325251386089 0.783488446473517 0.351332383059814 -0.838547213543126
1 0.400321071181434 0.279850623704469 1.53922083001009 2.36813681307642 1.06574447183449
-1 0.357851178186574 1.71362381523644 2.83986053131029 0.593360294555299 0.0253233156443683
-1 0.615842278986481 0.388507369140489 1.59036865302344 -0.102244204679402 0.669137229801186
-1 0.304041461445669 0.33809968762105 0.243898069313676 0.550722343087422 0.794175609566757
1 0.786628425026348 0.219610465934544 0.0393346171115207 -0.0956823181107254 0.415090362447952
1 -0.58566794361088 -0.624089004647712 1.02369018313378 -0.263097544609634 0.264685002530634
1 0.81521945291732 -2.31313427728470 1.32787950006011 0.793749636939326 0.995261322004398
-1 1.57662057035844 1.55181029444534 0.669768624772587 0.99132117945337 1.19157697255024
-1 2.19415787689602 -0.94815000242909 1.98673465083642 0.261351245671887 -0.102973264267658
1 -1.88621836148422 0.268866564611177 0.0905970043195046 1.77471923969558 0.302735363587619
1 0.415624775285398 0.725905011336763 -1.7273218730273 -0.830285830340865 1.02850673835500
-1 1.80875114111385 -1.02842041077296 0.0507911908201495 0.653604113230199 0.94914308106149
1 -0.678927310358744 0.549427643793444 -0.620089787036301 -0.0540272153526957 0.0784690702302762
-1 0.66149644763772 -0.0116138037227239 0.861246278665413 1.54692445726673 1.70903104287804
1 -0.223345707295201 -1.51042528340191 1.38777883079454 0.337349675250448 -0.897176518760721
-1 0.325067504780541 1.73691136193466 1.30788810580302 -0.814316918100054 0.433676874019034
1 -0.441077157887331 -0.477375014722284 -0.915897677081762 1.27803518170621 -1.77470446918021
-1 3.58409667281379 -0.377946214669323 1.20514816419203 1.27531635051578 0.21223316144824
1 -0.638736758548125 -0.045785510397573 1.28669827131937 -2.13695809693742 0.629407101647044
-1 -0.0776703247328616 -0.354618061516348 1.27208616604729 0.956612333445211 1.53511867784523
-1 2.19979730940191 -0.30674033773513 1.5736315937284 1.38579702376560 0.484837107239778
-1 0.406329903204217 0.766410359436745 1.23502367722802 0.394077294905733 2.37932163972854
-1 1.80518343863132 -1.93925542575011 0.371647419795249 0.164040479772742 -0.719646014646869
-1 0.105652224935514 0.206881308174664 1.25536582082126 1.01242478065488 -0.0111917406698270
-1 -0.910771874913772 -0.323194001220554 -0.539529753686769 1.19387896031943 1.26855372405138
1 -1.72621309464890 0.0105606706834771 -1.18115475107339 0.541470990571043 1.46047770114109
-1 0.133777664132120 0.383426351971054 2.12902350717835 0.0110918760241329 1.77540833807640
-1 0.845252595427211 0.31036504190497 0.120617261002667 0.810283996182033 2.93735440984931
1 -0.105356658954255 1.40598570796289 0.752758946151665 1.58466447049305 -0.491688080873182
-1 1.60963789500436 1.42727689887912 -0.458657910175749 2.43655351152628 1.20435079430157
-1 2.01010752889652 1.31163094533413 -0.250645829944833 3.60265491758241 -0.253232949549171
1 -1.4721929201479 1.60772610925556 -1.02684900307564 0.784472334769087 -0.562459919226888
1 0.269079996978659 0.624303859305725 0.952990005541678 -0.414215123841871 -1.08860306156482
1 1.79035797505953 -0.925902826040017 1.34708800564488 2.24443323363735 0.288856814655035
-1 1.75786659222282 0.24320301678785 1.60832085163613 0.317651909169929 -0.400384965620903
-1 0.832738612116078 1.57605813467208 1.37798046631449 0.146514984469136 0.649531969333695
-1 -0.113721452418863 2.04808649208315 0.99406065324109 -0.370454144620020 1.03324781132635
-1 0.777064205857057 0.713606490005299 1.05258477491412 -0.571454266418468 1.79540888405016
1 -0.497874850143342 0.63622854358628 -0.381753072921783 1.29627671435148 0.0298731528759017
1 -0.605190052406482 -0.0689518146351262 -0.753574179819876 0.168840839312226 0.526364439301469
1 -1.14868706351145 1.10097107623090 -1.64074720475020 -0.957697015230319 1.09548831186082
-1 -0.635837233910414 0.456820457437089 1.20782443046533 2.40994147130335 2.47416571247359
1 0.684064667115324 -0.899515027747427 0.162517497455512 0.411238545123161 0.0609265253895332
1 0.477125448284021 -0.324113847129324 -1.38552684187906 1.08061529111465 -1.24403273869091
1 0.204410801123064 -1.60751052165378 1.01899028747958 0.683176186086898 -0.471203703003728
1 -0.0441615659839156 2.24786859327216 -0.640366084706788 -0.964387829704523 -0.751794639056922
-1 0.627653684206308 2.14751165171411 -0.191633213953421 0.259539799966617 2.03797933372284
1 1.50920295261479 -1.29059352084033 -0.4964030642404 -0.54257587429452 -0.153348158823413
-1 0.83088063879072 1.63295165669995 0.938917214467265 1.97965856328176 1.44870003122599
1 1.19124455676124 -0.924410392226533 1.62833388967729 -1.45062865473914 -0.89930922885955
1 -1.74451111005929 0.989319946779104 -0.609265832456865 -0.152522263884763 1.04090830190077
1 -1.18258660250971 -0.0315319122755233 -0.765331543912225 1.72869275849234 1.50211622288514
1 0.152940615672956 0.964997402132469 1.19789708629521 0.556748783134523 0.513258888143773
1 0.196691140029468 -1.62334830773987 -0.033792752978778 -1.46422083782180 0.30327917456634
1 1.77425364325693 0.608982392678668 -1.29276392095313 -0.187038740808089 1.96953251238194
1 -0.469866693670373 1.01987694953023 -0.844885483351321 0.177457405982875 -0.523175951546888
1 0.666324620663324 -0.983987572442223 0.267235793568898 -1.47000563812489 1.53819915439623
1 -0.218860621509930 0.262900122018186 0.155622458964752 1.01089744040738 -2.42633543143065
-1 -0.0171643900875081 3.03810605482278 0.378113516908833 1.20007062882074 1.46938492449011
-1 0.849065122693527 0.220734329974411 0.482824687874179 -0.530524401061811 0.110671435026452
1 -0.804272924399506 0.0573517604023173 -1.69723843283675 0.53548128415997 -1.16492404741931
-1 1.87983908974940 3.19096552957795 1.00732789786170 0.975081768122753 1.00007781344273
-1 -0.656186490026904 1.44223502044536 0.863859595547453 1.12412406854303 1.20628501995615
1 -0.198472953492774 1.47380581393870 -1.24711034493298 -1.35603238068245 -0.39526293634452
-1 0.774218291085562 1.98359303365388 1.54282335264315 1.22634117978458 0.611559458807081
-1 1.87055590379973 2.69003620528955 1.48632691750250 -0.0915336182732172 -0.084356590765781
-1 2.05076888682569 1.36535139612076 0.286410762608250 1.86759819851792 -0.322375322489879
1 1.1666793075678 1.24826806401939 -0.82929535621738 -0.653102838683384 -0.62737179756617
1 0.368243734171749 1.08303131124875 -0.533885263086201 0.532146831938178 -0.118810926066969
-1 0.70660642550196 0.490392350001873 1.62840846600163 1.64793473092125 0.952875565611901
1 -1.51300241802747 0.162032358631261 -1.95335818934445 -0.8015426172742 0.309525597952096
-1 0.808229967908345 1.85739513999341 2.68449545005242 -0.368488983478368 0.590204176595322
1 -0.268953120651927 1.12067679385126 -2.18163073105389 -1.27036631489021 1.21814917322882
-1 1.96567519441975 1.35533867917765 -0.175498178265029 1.94925232929686 1.47395502594054
1 -0.681044651205888 -0.0338111968979264 1.04878286181637 -1.39477217344938 -1.56846441090284
1 0.372187776212147 1.11868881614240 0.529308835505516 0.170391486122438 -0.103553238784753
-1 2.75896952495392 1.16931875755462 1.67490251027536 0.81678349606861 -0.191979242871195
1 0.953502198815828 -0.719503614614421 0.998480557607447 -0.775467752476499 0.269426446865275
1 -0.345855583938994 -0.493944113094848 -0.498574814539435 -1.23974909904832 -0.0473446826700208
1 0.122821116160238 -0.135068551110621 -1.24043915975332 0.0183661857750922 -1.12663857750534
-1 -0.0379434245469455 0.0674021212528941 1.45597880255900 1.86033575168372 1.78771064882718
1 0.423962009182493 -1.01131177803789 0.510344969390614 0.751624638810923 -1.44770510108245
-1 -0.64051092908172 2.16080030077895 -0.108588748018705 -0.744407178827689 0.93070002043029
-1 -0.857248048083368 -0.403047498085089 -0.108895671408047 0.93948489283566 1.86555297557733
-1 2.37249481198336 -0.711778119003844 -0.880408876393025 2.15387549204628 -2.31440730683129
1 -0.00749352052803705 0.177350438015967 0.222354575771628 1.11001081478982 0.0353746252684652
-1 1.26526739966679 -0.108712659716788 -0.526961468363087 0.540202131888604 -0.26898279037314
-1 -0.415208358117988 1.91580305394114 0.460386147182814 1.16227961996721 1.38001633822659
-1 1.13954848455410 1.06769562655379 0.8570670681633 0.0127635330232112 -0.285154453056062
-1 0.0545679061211333 1.39117242382239 1.46460340077144 -1.60288494491472 2.24133669322189
-1 1.49512704732885 -0.129687249499339 0.461553042266641 1.38657873509128 0.615534817916582
1 0.635651138683008 1.79263135860888 -0.485360692388052 -2.19010744163474 1.30243076565768
-1 1.19166677069891 1.72047415375096 0.538341989597137 0.184965917419929 0.135161811403457
1 0.0976948209137236 -0.110417336844047 0.227179330343069 -0.567973389311495 0.635263085587128
-1 1.10954912861993 0.307349910371462 2.29382669439796 2.16188649162369 3.45802158784254
-1 2.67915785003218 2.49090524876119 2.98653650828714 -0.121069849000742 -0.589453405827009
-1 1.05311183831631 1.69148339052097 0.719448628558006 0.340927446931114 1.77275821039926
-1 2.75433057466094 -1.28571218422635 1.05633887375712 1.48109457388157 0.68337834517332
1 0.718379484940391 1.09223482518246 0.0661020070278792 -1.39436653716327 0.485721231203685
-1 -0.00746902088058432 0.412095964001139 1.41279325370859 0.748888081277985 0.340577788242099
-1 0.033636187339917 1.14417119550085 1.74815987075161 -0.561569160505789 1.36651128026267
-1 1.46700098237162 1.52483367917003 -1.17303427790220 -1.09665377154359 0.241783262762252
-1 1.6009488062667 0.346109068781883 1.75734722632132 -0.0358578352561922 0.336968404574465
-1 0.881878148170698 0.948360396978288 1.23348440745385 0.793857492664771 -0.431564118463854
1 1.04333861585091 1.9091283905641 -1.35203821513939 -1.07414616375201 0.581898047455014
1 1.28059432168766 -1.51441738624597 0.110763310247445 -0.0991170369432435 -1.57009393502539
-1 -0.679097719077775 2.74831838618448 0.463598752678997 0.224106258593599 1.5228910970887
-1 0.205470742719632 0.610026985730837 1.57725986803501 1.71892108558342 0.73204867891247
-1 2.0009182142319 2.21608619871873 3.07344594332228 1.35138774320014 0.914358000094563
-1 1.13884359770786 0.669153152252763 2.42210728682447 0.406888906615883 1.39257806344756
-1 0.17197047126401 1.67250331761097 0.2052765621989 0.988411408966353 0.841932399242894
1 -1.87949983242763 -0.0344712070563811 0.633506761591979 -0.694818114126716 0.63518092747363
1 -0.226101875041275 -0.807640607687138 0.635666716597885 1.30634296300096 -1.24814219660117
1 0.824426784982407 0.0579114692644781 -1.46065623489549 -0.640820146586817 -0.913035212623517
-1 0.273476339679644 1.14812310426091 0.599400745075992 -0.74546097258861 1.08704928167942
-1 -1.20339014260667 0.153898088467865 1.53094616371467 1.13354667454260 2.96646000631838
1 0.486979065692374 -3.08081490652599 1.3914722298441 -0.0187191104708414 0.473062301641576
1 -0.562751220233979 0.556434596242410 -1.47933018176871 0.283252843355988 1.84505322978721
-1 0.680446053165683 0.187585990156312 1.97453065413208 1.46401732123319 -0.365257141215096
-1 1.00473411280280 -0.98818569650232 1.53749313648457 0.223728062095511 1.21577925243968
1 -0.821781040549982 -1.27633572858733 0.793449797854687 0.0741292772458958 -1.81926132324196
-1 1.17490817017519 1.77158468592461 1.72796596345829 0.605964424445816 -0.184946876675008
-1 0.0736339358924091 0.0308539389359402 3.115351021942 1.15255083238392 0.760609989677803
1 -0.414589048316053 0.811023334005684 -2.18390319639478 2.07185840170242 1.77695356037347
-1 1.94345549357319 0.634481357301432 1.02404464940344 0.395848327874025 1.42541470414053
-1 0.8596504241035 -0.242794364733447 0.107303940341143 -0.266469309093106 1.25487604132176
1 -2.50841391935792 1.22584175241440 -0.863781948628623 -0.168775808888929 -0.883844015738867
1 0.776686037946438 0.851759812221782 -0.159877988465647 -1.27373405775719 0.563654672311399
1 0.580891124708367 0.171571702126940 1.61600377352748 -1.77427332681916 -0.00237365525335568
-1 -0.094183360503702 1.54882711987073 -0.00236565930987898 0.222881973357256 0.776865160886014
-1 2.06370310005432 0.236489078279529 0.417932808078889 1.29187512425969 -0.620417180119367
1 -1.53655034428124 0.112588412889678 -0.683035361143637 -0.63848099204241 -0.845891050966182
-1 -0.195866906763438 -0.858835356008018 0.390758180412839 1.03242970960284 1.09465629614040
1 0.502615506675043 1.46239483666937 -0.524304021557682 -0.438718216622623 -0.126172427891266
-1 -0.0924207200448396 0.149480659837940 1.56411174814527 1.71622111715388 2.73278913558423
1 0.510811647594417 -0.652746389103174 -0.478631449762441 0.5958411560739 1.56171166073898
-1 -0.582811069265535 -0.610696095026645 0.804476622722977 0.292841049114644 3.41507032776298
-1 -0.546586533533348 2.22191361645936 -1.09321462267334 2.17750671707033 -1.19046837042373
-1 1.50044193159901 0.888414908368906 0.410046266811 0.161992783506625 1.24093983005780
1 -0.672040940034912 0.238048745863631 -0.372185208719305 -1.2898918493324 -1.35404831141596
1 0.310324279721721 -0.502444863713207 -0.306465279930168 -0.329665174664962 1.49058169433052
-1 -0.359969252832613 1.18483198978556 0.422926817016012 0.92136873845022 1.93170796540005
-1 1.46012772489426 0.292353729381631 0.69636839969486 -0.910485533624771 0.247786858912386
1 0.420494124245727 1.45098517371779 0.0956548174071887 -0.188733217717988 0.82387313622896
1 -1.16207114608111 0.166728429654635 0.125889812890587 0.584662927900633 0.857152424683736
-1 1.00269767875844 1.05693745807519 0.392514375766368 0.309773092377896 -1.30710043996789
1 1.45226203853180 1.22674827137960 -0.718370674112175 0.360501933925256 0.271337573965431
-1 -0.0194174358467407 0.398767975007631 2.11880644444706 1.17750107558876 0.470881421165173
-1 2.12910087980903 -0.142717780504750 0.859866067463264 2.01139492205858 -0.490833176279812
1 1.10582110596443 -1.39591348458475 -0.581284922101974 -0.441316522286219 0.0598492071047881
-1 -0.27577203296067 1.00289797727983 2.89416492301107 -0.17936740733186 -0.608930184257743
-1 1.16442170010739 1.44855887087501 -0.198610182920907 1.48157616164358 1.64258072694762
1 0.556064259099706 -2.14927345324957 0.783425667094953 1.846048136583 -1.01305319193903
1 -1.11131084598676 -0.672156415337745 -0.105374548920776 -0.083223247325422 0.926097760144585
-1 -0.142559324006132 -0.7064284220533 0.658485410959204 1.04916569320593 0.483951267608379
1 -0.379137651223493 -2.86354756012262 -0.0561047253021329 -1.54156645374682 1.09018087459677
1 0.199148664565393 0.408217084668553 0.994342952045275 -1.1751704089263 -0.753019171732384
1 0.500575516937312 1.33905861808214 1.33123715747911 0.967538757138705 2.00103037040489
1 1.12549516058495 -1.494571374054 -0.88971476446251 -0.796002797574722 -0.186981513170742
1 2.03940843356058 -1.02161086428791 -0.54140798050162 0.0195502171807844 0.69852476753331
-1 0.221761708079407 0.700197217634324 1.91648455145194 0.584585202807098 2.57644848444900
1 -0.0278223432380533 -1.51439158457109 0.429121723749602 0.165796611067223 -1.46554142480575
-1 0.482614665081493 1.36949645934495 -0.0274750370057222 -0.5239364486452 0.208228134081580
-1 0.33918004747332 1.49844462969402 1.88476720293659 -0.87129855132172 1.44583867603681
-1 2.23145483734430 0.681890122015159 -0.330072263212519 1.04037342422941 -0.141974326728011
1 0.732175031208763 1.01874259251031 -0.353596821473566 0.503937702165533 1.50884326316984
-1 1.55510656841571 1.33507964991968 1.85901776813887 1.33974538842379 1.04051501002458
1 0.193285630547360 -0.230461397451520 -0.627749960104436 0.328837957507140 -1.40140989564753
1 -0.529197809341275 1.67144918555867 -0.28930130323641 1.6659309777793 -0.0280647764350418
-1 -0.469900169655031 -0.210889479873505 0.0364079705147259 1.51257302024926 1.26724922319792
-1 1.36082297316594 0.175092392831393 0.0510926424643589 0.947065864729028 0.726151889437443
-1 1.24503741623105 0.262398681923480 1.99289957059524 1.29635819173468 -1.66322383458164
-1 0.552850585698562 0.0940561932892866 1.34416025642087 0.51004313789115 0.00267033518545634
-1 0.959368929913453 2.00507814010138 0.982153808322977 0.730609134433317 1.57433636610507
1 0.782616051741988 -0.731229971874837 0.840413310046331 2.14799771250547 1.74446425532068
1 -1.46748992378207 0.747864074589735 0.482418110623039 0.582670962513598 -0.488504049408815
1 -1.99480906757740 -0.544935140792917 0.209898342481389 0.162131159782377 -0.152325601259489
-1 2.53180850646215 1.05680412281956 0.66634499484574 -0.44205535029355 0.441048390659825
1 -0.840422657509473 -2.15137177925345 -0.208300329793024 0.681930515356112 1.53216805997674
-1 -1.37986978230993 2.28665928570048 0.181527762911255 2.75084044160904 2.46165456239179
-1 0.881203968086709 0.746568705446735 0.655240643336187 -0.481984575564452 0.645553497544734
1 -0.327265817346374 0.706411335288736 0.372729573034171 -1.16068927193429 -1.37107909967542
-1 1.36732013858449 1.67567531866575 1.00568777484559 1.28294998584083 -0.551055277445519
-1 1.98670471994881 0.846441614294545 1.10279541071358 -0.440356844260361 1.55470634499228
-1 -0.19035929095378 1.72680490857609 0.306978950199873 -0.118788234730227 3.35634372811102
-1 1.43930327139606 1.69888983018056 1.36232153291277 2.62711831291941 -0.878138558103268
-1 1.32581286251852 1.55307665225751 -0.122155401452258 -0.0260480977061756 0.15229988428308
1 1.82580582210810 -0.0165995045862448 -1.01948966131633 0.545249267785991 0.0912495532497983
1 -0.388118487424426 1.07317894775089 1.20756022567669 0.459747978759253 0.328355601670570
1 -0.159861013421587 -0.0104896101677334 -1.02535192045521 0.283461625596221 0.526080235474255
-1 1.17948744500439 -0.283273509757301 1.09394086238195 0.717843868557071 0.620299831573727
1 1.53498146321834 0.854731649767412 0.612517746836874 0.685140882391606 0.582817465346659
-1 -0.0735180981722768 -0.862312724297828 0.708295753633032 0.628983256724398 1.49713970112297
1 -0.291811017702133 -0.678694229525044 -0.55676585492436 1.77806688619601 -0.972291102205432
-1 -0.541958277153515 0.766939970078538 -0.285975815636804 0.398490761680462 0.758057793792984
1 -0.405875921690398 1.37584076559633 -1.01667109771650 -1.04529193633929 -1.69085601216467
-1 2.24728187020459 -0.770040919966888 1.01842921190361 0.417706752138626 1.03443962428844
1 -0.268212723274778 1.87763919053313 -1.93742623397161 0.123757894919383 0.48767676274237
1 -0.00220498178390583 -0.00471993424358339 -1.01024701791553 0.0363173147602817 -1.42633314355403
1 0.279036492600056 -0.869807991554582 -0.401326592921989 0.212135971655802 1.814064432227
-1 0.98309250928287 0.473510415472114 1.55332256835186 0.660836692719923 3.1357562768808
1 -1.56210586121763 0.590279697090703 -0.622300648127173 -1.11344562312598 0.0513163070346188
-1 1.25124934340104 1.47635660438510 1.76495083523023 0.316696092973668 -0.778253914699115
-1 -0.351002355981702 0.331903424130715 0.103407551396696 -0.299392554383158 1.11569539916350
-1 1.81096253220457 1.48174338580376 0.062637850956421 -0.293417050589351 0.416810305869266
-1 1.05311537723173 -0.296506953977707 1.10622681939761 2.00376428934009 1.32769715922094
-1 0.070188019559309 0.753960029044125 -1.18705240881339 -0.172283626032417 2.12792947531782
-1 1.91938170320826 -1.94823248138899 2.85432726909751 0.706207615424511 1.20130922494622
1 0.0335975892948101 0.067024857371184 0.774095654708406 -0.695244287917006 0.58749126544601
1 2.18530456126457 -0.260401925879801 -1.72523351312302 0.864829984892434 0.352564169718273
1 0.505757541905057 -1.52577855916501 -0.838848747765966 -0.354393605367921 -0.965723381809264
1 0.57898573382148 -0.0296397936881871 -0.348794150653931 -0.921787246421436 -0.103806502600148
1 -0.953936444221024 -0.789026209255132 -0.653569304679973 0.717268241159375 -0.851148572012564
1 -0.494142517286984 0.0280454511222431 -0.379001270762993 -0.766585367039425 0.337999023740502
1 1.21171739476662 0.449155244966708 0.258564473141529 -0.82536042232883 0.77708367591143
-1 2.03468810385926 1.33427233867360 0.511552008619197 -0.195060150165307 2.05714980345984
1 -0.205985889688670 -0.269448880341262 0.799441110619602 -0.403404808800424 2.42767858341532
1 1.92798868176227 0.376891539139129 0.690489828060079 -1.41753009896402 0.385262945399303
-1 1.76051346969265 0.538530521035938 1.34646009902671 0.353778685267575 -0.0331539815394192
-1 -0.0977431183677375 1.78051207038392 2.17367166227870 1.57724820857697 2.90136571571245
-1 0.454141738850803 0.480083799758026 -0.806065365033583 0.438539374692094 0.329262161078176
1 -0.602998958915003 0.529390954915724 1.45908222817645 -0.392606904334462 0.901503340822433
1 0.496013318071794 2.73279937545021 1.30648266845274 -0.180893556973026 -0.090224487151112
-1 0.165639957440747 1.51642846300344 1.21717594625409 -0.0715096267394426 1.33108172431589
1 0.313176268291218 0.613235452442382 -0.935555334345222 1.18799879803361 -0.126732331996834
-1 -0.404532639934505 2.38854370367145 -0.501410571400349 0.45183374208316 -0.767804340435644
1 0.713906890196627 1.90298666760178 0.658948699236296 0.951893829694577 1.52511238629362
1 -0.677854021666089 -0.392537028875689 0.618955554158132 0.662405341698112 -0.248346030474102
1 0.957188897415299 -1.14269568569321 -0.471358250340792 -0.114388090283257 -0.996245233317531
-1 1.50141334187170 1.06220016621703 1.50932132552054 0.848332980789794 1.98187311769423
-1 0.911687081639346 1.59447614572632 0.0917193633725298 1.12776767124377 0.329999463606744
-1 -1.30886032491687 1.34154959996923 -0.484420748660988 -0.663238981995406 1.64642360833269
1 -1.86965815665569 1.28874044497107 0.126768851205949 -0.776408296997486 -0.635205740913486
-1 2.01672117554597 0.140217859927189 2.03549445150405 0.589405066198755 2.65174556885454
1 0.391312371740144 0.708957591418347 1.25870892848065 -1.02827152181170 0.283636705555525
-1 0.352259309496219 0.580607181534911 0.705621927243493 2.90592539674024 1.03325611729602
-1 -1.08579520296923 1.48566414366731 2.02425380949545 -0.360423945955446 0.333609654136826
-1 0.754010491834262 1.12498697667475 1.75343060830325 0.528352233495085 0.834556584574932
-1 1.53346974234115 1.36922677090940 -0.0741576631938107 1.34811815747754 2.12062792366606
-1 0.609770941767648 1.00740661201840 0.0981275408991459 1.30283201721852 1.4446686974079
-1 2.37201544776837 -0.331530558533882 1.70114091620774 2.85662203835203 1.44865687500900
-1 -0.225480851728672 2.76069766628154 0.901367274023748 1.58868825763389 1.91209561574193
-1 1.56957146672771 0.66312779029648 0.0124987956668619 0.321118040028759 0.638699976500622
-1 1.05185499395699 0.451559324050247 0.649454723072175 1.35062690581180 0.836243488288467
1 -0.184928203344859 2.62238229649337 2.39307592319593 -0.519556314194966 -0.28741504809353
1 -0.288023182559639 1.09621768079435 0.325651857210516 -0.618072904150199 0.906895065532494
1 -0.598533311077471 0.259962551526156 0.253045334949763 1.01272681383248 0.682328951475077
1 0.0553540669576202 1.26502635766010 1.75634561820469 -0.68133431874439 0.802058308073001
1 0.995742536750771 -0.913494262028638 -0.463384919416909 0.218742089175770 -0.273189677846368
1 -1.09555340477770 1.76141554016106 -0.688173216341112 -1.62076564061125 -0.174546972991008
1 -1.05582733472520 -0.315797888818268 1.58196391175508 -0.098154897415749 -0.618054886440914
-1 -0.423293370042422 0.383535416938602 2.26004593892356 -0.352313224124512 0.567788383271908
-1 0.582842991080824 2.22969315888374 0.292290917831633 0.942182399559528 0.525148413712163
-1 1.15888679404029 0.273304713968238 1.8206405983211 1.12422602580141 1.12126994845136
1 -1.13328159697099 -0.169500849289836 -0.0201428737441283 0.723477596469799 -0.455866469927892
-1 0.749893661199251 -0.752618136864884 -0.9670228974499 1.93003867802173 0.466150705093289
-1 -0.218215922513306 -0.370809631004931 1.0048647552391 0.956480188360843 0.810892242329257
1 -0.674199309872894 -0.181130375084964 -0.539654660468096 1.41690943574990 -1.61089217767615
1 -1.12637380402219 1.00194725667921 -0.0743766134511516 -0.774933024042868 0.574075058346243
1 -0.0713701355989767 0.452904464413407 -0.81250430913097 1.93989512839866 0.0693701711306963
1 0.329754032112997 1.04134835247988 -0.818815043675138 0.0635353108849228 1.24830360539660
-1 0.0156649543619128 1.89286318634594 0.521370393595967 1.9536363735873 2.75507100818797
-1 1.84709140267492 0.889449852536141 1.24208869050897 1.22616147560085 -0.660967106871998
-1 1.08429000637239 2.17431265642143 0.566679117386524 0.0635398770444202 -0.591780298468808
-1 -0.816757346201257 0.392557319634818 0.273075596588691 0.757432520732793 0.041749817516908
-1 -0.128016009955978 1.54696400722834 0.87770864004287 2.08497250267614 2.04458778185371
1 0.389319388158201 -1.26337258535383 -0.6440050352645 1.33371358021095 0.380152673787206
-1 0.488322589738479 1.12790523775548 1.54299105346411 1.76790869979397 1.74802680786879
-1 1.18084990402411 1.57050354185733 -0.0751635240003847 0.208849801183454 2.02897470025458
1 0.467653437201076 0.928592410898448 -0.405025267221125 -1.08423232051001 0.299769033325006
1 0.762169700459852 -0.105697107626732 0.141971223237339 -1.48693483918675 -0.826720177934558
1 -0.482244667048828 -0.479670622105242 -1.08475851549789 0.0485766529467257 -0.736366472064
-1 1.46338796674153 0.475162065843392 0.484898093664282 0.0169191188125841 -0.0933354123871155
1 0.425104238602196 -0.566291414341304 -1.79547168674999 0.654035134192891 0.84255574657015
1 1.08994386694236 -0.799713472798567 0.659400836259834 -0.583961943922425 -0.584971308835641
1 1.53823086718186 -0.0453227312134027 0.672256444783939 0.224923305685549 -1.38945426414408
1 -1.41452517524862 -0.474602983814759 -0.133151565151859 -0.352230681206071 0.0577982048995195
-1 1.38046302086830 1.60805037772 1.65801851918460 2.65682819650916 0.659796903127492
-1 1.15461069842674 2.56424023725514 1.20221186903695 1.95437493047916 0.829539854533167
-1 0.5985020545073 1.40380577336138 1.57162674599549 2.04621500403885 1.44207792516713
-1 0.941653024169983 0.187921172411203 0.61749963224011 1.17157678637135 1.33772921429595
-1 -0.0636381675754678 1.02364692360964 0.951747588548798 2.51125462954618 1.15322206124578
1 1.32094139900824 -1.46085079018089 -0.0359475393118811 -1.13362155251526 -0.122147637327709
1 0.214277243367222 -0.152768756829701 -0.00274958436825982 -0.186087653906565 -0.60031539280104
1 1.44373889606800 -1.51448396588658 -0.484379220873224 0.104167998106741 -2.24899468371562
1 0.764766188559345 -0.743935195765408 1.29225894477819 1.39512203747354 0.0088537324807217
-1 0.156094947607993 0.859525330686015 -0.107563816275109 1.62377775044967 0.63211534642975
1 0.668225253986795 1.75012341892135 -2.52329414170931 1.34471403994099 -1.50673671631690
-1 1.14929541542326 0.780230366606914 -0.702649532697671 0.0963502084978568 0.79652465910381
1 0.885145590873563 1.08499799848768 -0.675421744746858 -0.289578837151157 -0.843731209809359
-1 -2.16884295663278 0.515467749580796 2.09116506558834 1.00021608858086 1.35986342297682
1 1.33073002023461 0.99261233202842 -0.441624620089631 0.697662126250696 -0.00158535278356065
1 -1.04170753517232 -0.35183294601022 0.481459405618317 0.229334532843597 0.21496077454816
-1 0.522475493118616 -0.439888141027140 0.910179030885523 0.502715092464095 0.253441694992462
1 -0.56270041380095 -0.442299210059657 -0.384464006944160 -0.571803686000827 -0.287351004450825
-1 0.636158099293653 -0.78261650889107 0.0565285989448955 0.559680203614155 3.3436611264366
-1 1.13636296502683 1.58526338333531 1.41412238316188 1.73656238896255 1.61340608193465
-1 0.155469601161022 0.632137484579737 1.06143174928766 0.518101588680606 1.00351867986561
-1 1.97417561886743 1.06128998663166 1.67470966212578 1.19607435472428 0.131227106882992
1 0.87416883201506 -0.733331474429709 1.27263786424168 0.037126133746289 1.4700390116601
-1 0.336914139459847 -0.694752069853864 0.320705054067326 1.66779011097401 0.890108622476285
-1 0.874967930816295 1.16524854400375 0.905056595491538 0.130789081427084 0.687963446856915
-1 0.657435474001501 0.708735479734542 0.94016348903915 1.59999702647372 1.35284023885769
1 0.530778907370251 1.33533304771541 -0.122766121264081 0.715116108056933 0.203925215394498
1 -0.651623625693103 1.54971052376647 -0.896759608381073 1.81551507154615 2.00973273570679
-1 -0.135346264775390 -1.20833970434633 -0.51309582315124 1.99121715138962 0.937182525617737
-1 -0.975160843413183 0.42134270621034 1.29302988309961 0.449905100088944 1.49626629827466
-1 0.754842917635553 0.868510555355835 2.94820645483398 -1.38117343447676 -0.0259281776677553
-1 -0.0925804526681064 0.902924003894518 0.585121977678213 1.67728372212251 -0.266320141751862
1 -0.894974500136306 1.63219425962533 -0.906502425648337 0.0253210284504290 0.0189063144677418
-1 0.772964640328767 1.45537494825794 0.534083858672403 1.21398173054464 -0.749639653797711
1 1.08310038701173 -0.893005803101685 -1.01230033171692 -0.73748203805794 -0.697692543317508
-1 1.86064857271875 -0.7130840332102 1.27296750534729 0.841680787906201 1.65707935066011
-1 0.290147365867798 1.88004362185622 0.69340066172413 1.85365100457374 0.527627670580661
-1 -0.273448793621622 1.22716763973400 1.09462992839036 -0.294952862051919 1.24223200688706
1 -2.99129392325889 1.03268813001134 0.411739151224590 0.336299799523246 -0.535828575698522
