-1 1.00896008000740 1.82960832848783
1 -0.223071620946375 -0.311742973622658
1 0.387746930060585 -0.769206886090147
1 0.991640454803 0.861178038915314
1 0.771031635830333 -0.404987178772912
-1 1.65136272315598 -0.0898776860470238
1 -0.400035157151095 0.145039970742258
-1 1.74586105823452 0.32842563772119
1 -0.00269694369475452 -1.47550821517604
1 -0.527574766028528 -0.9009923150809
1 -1.51164237781207 -0.288123764483492
1 0.049419158120626 -1.05694432969587
1 -1.16492879389492 0.7820828494897
-1 0.532919526237378 2.80321216907087
-1 1.96572473140930 2.09957642263832
-1 1.01592432505881 1.19940168539437
1 1.83893184404872 1.73273312006382
1 0.695060728076433 -0.140857930496536
-1 1.49844326839098 2.06473045396328
-1 2.62202884768272 0.840486915885258
-1 2.90508833926036 2.06587197018068
1 1.48842752044568 0.644088570957703
-1 0.93333584053184 0.054516665456567
-1 1.41060641569916 4.74528020637972
-1 1.36539562078572 -0.402665462072155
-1 0.957150006021389 1.64698489767555
-1 1.85740032081804 1.97239413648421
-1 0.650582597967536 2.25554357296710
-1 2.58217214489772 0.977505579402876
-1 -0.558413324496392 1.07550010640952
-1 2.84021229304095 1.74918020536292
-1 1.97284091528209 3.48994490225113
1 0.820167740063675 -0.946260059445864
1 -0.549161461782499 1.13995100202028
1 -1.18704188997197 0.373477230635899
-1 0.897164507692926 0.300511861532977
1 -1.76310804788886 -0.369633388755067
1 -0.846496424873023 0.76539524951062
1 1.14169448691059 -0.235210911467657
-1 2.82303297944059 -1.14235279854566
1 -0.721927596225556 -0.469771122509033
1 0.436138551453068 -1.95484498009768
-1 0.153795091292423 1.9592665298183
-1 1.33220470171811 2.52532308608213
1 -0.908638736588861 0.317197421930131
1 -0.635067576695591 -1.84973518857738
1 -1.34712878363847 -0.253683784327322
1 -0.457634072378714 -0.662809249239636
1 0.340355495608719 -0.124572032544337
1 0.2957238617336 -0.54841464891146
-1 2.31303220130838 1.80520190305973
1 0.314278055788996 -0.713455592901865
-1 0.346033965146293 1.12330457253366
-1 0.758874544304807 -0.0531358009815235
1 -1.54776455957031 0.698688750325868
-1 2.17001279897631 1.63227798071886
-1 1.69011509520124 0.427923450749158
1 -2.20059159087860 -1.22471262297809
-1 1.60769654514212 0.830156201953959
1 1.79467449211692 -2.2048668316139
-1 0.694046629268156 0.948152046282008
1 -0.990835679273929 -0.736134738712186
-1 1.22862036553479 2.63386864367235
-1 1.74925908727428 2.86890086168014
1 -1.494570312174 1.23643176769893
1 -0.213426283445019 -0.911240647940824
-1 1.12890830818787 0.414484611329239
1 0.661062498659177 -0.240295536243316
1 0.583020768462021 -0.732206962462227
1 -0.610098310069916 -0.564597495991796
1 -2.42638382639988 -0.621277468450551
-1 2.47256459501147 1.55333616341466
1 -0.052485284708532 0.263010427666802
1 1.11315682083534 -0.219583312642557
1 0.687477630325453 1.17491983294402
1 -1.45568339661344 1.47951736617376
-1 0.837361485225752 0.498902265249412
-1 -0.0649276385111324 2.09204284563751
-1 2.77072303138451 0.96074678032824
1 -0.545513790074974 -1.59056712637432
1 0.891291127226396 1.18022250378495
-1 1.37334042276852 -1.20875138945360
1 -1.33972020406985 -0.300177037391172
-1 1.56581837195681 1.52016085428525
1 0.74357415494801 0.196923850266853
1 0.553250690069576 0.0592319143915986
-1 1.63373727598085 2.36656913981778
1 0.0418623353351501 -0.376025705610575
-1 1.03982914228405 1.23088129569565
1 -0.664547408623333 -0.549530361744921
1 0.356403196341475 0.66836281580701
-1 1.65732355811429 -1.09064905478213
1 0.492926942322641 -1.49626410312229
1 1.82612395567910 0.783450271207664
1 -0.771204797347022 -0.235096159081685
-1 1.31233053143682 2.11524576091497
1 -0.980778314533448 -0.140560438843323
-1 2.27605682568218 0.695653423506603
-1 1.95014654019164 0.645171300628355
1 -0.0811283712816116 -1.20711710533612
1 0.902880911575305 -0.799532665587878
1 0.323124309673168 -0.246959496564139
1 0.087441004450363 0.157790533662189
1 -1.11563681017626 1.27738270956680
-1 0.246696780532955 2.56064584023661
1 0.352681422844089 0.446794239714504
-1 0.93115983748884 0.810390161747328
1 -0.509280614575401 0.920806659006854
1 -0.695888228796934 2.03164766401079
1 0.92683782246363 -1.75997093496883
1 0.437980518420032 -0.989173098307117
1 0.69726847253332 0.165565763112213
-1 0.754396240731616 2.88289511454452
-1 3.36316571480398 1.41483861785441
-1 1.91100632952665 2.30574827926330
1 -0.785641646375007 0.605534510968956
1 -0.459913668154717 0.887161666203183
-1 1.02492819107191 0.891826519625908
-1 1.01018636993629 0.823072829739085
-1 0.488535436202196 1.75301629249236
1 -1.54442865057238 -0.758800215999826
1 1.48507191162223 -0.880756883170888
1 -1.96772811117176 -0.776684446009084
-1 0.649672529272593 0.289128812380615
1 0.716761868382104 2.33847300484784
-1 2.6298348186791 0.514733675200112
-1 2.66479233034470 2.02550687590558
1 0.0811879999003248 1.77377082661721
1 -0.270309269236434 -0.908443657271563
1 -1.39500437553377 1.59066949014923
1 -1.98611653154313 0.555236495827594
-1 2.17103565082544 -0.403132464171469
-1 0.688267258228777 3.17766481662214
1 0.675338969894121 1.80622888146641
-1 2.73787925906189 2.44017706533145
1 -1.18965997639883 0.843775938796132
1 -1.80889024474101 -0.489852215346648
-1 1.01752404883410 1.89995015386766
-1 0.972633977156195 2.74272091009647
1 -0.0996073681091632 0.585591186845052
1 0.38751993674403 0.0117046417649427
-1 1.29482060134337 2.51733236845316
-1 2.81982346346051 0.672898587148788
1 0.877275188134312 -0.110959504738948
1 -0.237313358681376 0.742516099024994
-1 0.733207127429781 1.12089568231927
-1 1.66295890975263 1.23543164062130
-1 1.28279159441573 1.73627516980487
1 0.488361452021353 -2.06081544827897
-1 0.390218538561746 1.63190970526600
-1 0.149369650890609 1.04059157532713
-1 2.76926200632 3.09825305722851
-1 -0.491253021661344 0.627989191108313
1 1.50328398006374 0.722743008020002
1 -0.237945822945439 0.620321220643511
1 0.7314527924571 -0.311087156743756
1 -0.0438334027868169 -0.0685392914217447
1 0.477361065893958 -0.293332110506929
1 0.98984401325469 -1.07184247964143
1 0.0205320799352011 -0.602385497075722
1 -1.16185322019264 -0.421233172473525
1 -1.07048188640448 0.450507578312879
-1 1.20030287890396 3.32861496804429
1 -0.2673222727755 -1.41704843503659
-1 1.92766825271282 -0.843074635842475
1 -0.516145516088436 -1.05801171107683
-1 1.14517138906388 1.47731000896030
1 -1.28339965273984 0.397989279535206
-1 0.67356846145879 0.242228836009809
-1 2.25120582263887 1.64605136616529
-1 1.15926062861479 1.78298459392965
-1 -1.76222109768335 1.16866399439777
1 -1.35853414109661 -0.202937393721603
-1 2.0773112544688 1.94490671014665
-1 2.37011618632581 0.240728968839869
-1 2.41631109610238 0.994942014434907
1 -0.614207553223219 1.81171019191386
1 -1.76026259913349 1.47414607144769
1 -0.256077239225786 0.484437370345359
1 0.95290518249942 -0.347873630340651
1 0.0105361828473238 0.625976037329396
1 0.420564639346675 -0.64045092820608
1 -1.82290080447507 0.67823475983047
-1 0.378666785002077 1.05816658796732
-1 1.18969343118453 0.732937042806768
1 -0.805962519507467 -0.938687184907795
1 0.684137948750834 -0.156773938692702
1 0.00682754307843457 1.39245943753042
-1 2.29052287690165 1.65363203113591
-1 2.54933024203679 1.43815706017559
-1 1.68123895499191 3.35404898730826
1 -0.432242325445166 0.597127880589512
1 1.8921550566934 1.11152515866064
-1 2.88419935036399 2.77472969273743
1 -0.297296434665873 -0.543570649396459
1 -0.492252602005883 -0.981551161451896
1 -2.67526017119594 -0.217171704943785
-1 0.957766845245572 0.755279139087044
-1 1.90860101419481 0.938235281884688
-1 0.983859146290604 -0.205196066893182
1 -0.344547251839834 -0.891911120218044
1 -1.73023233879383 0.401213109983161
1 -0.00601770841260155 0.0760323841658444
1 -0.194261798590926 -1.13100208860648
1 0.266769752026053 -0.0886741767462359
1 -0.99861085968974 -0.282021272430324
-1 1.49202102992823 3.77053295684805
1 -1.25893424120988 -0.701372784373095
-1 1.51086409230712 1.33669481136531
-1 2.06809819672139 2.07756815670877
1 -0.499145729268213 0.231911727929165
-1 1.73317999701519 3.20394540824447
-1 -0.500234248392043 1.45646197989702
-1 1.36368617318838 2.95116708168608
-1 -0.555538745492778 1.25963574025758
1 1.97383139364165 -0.193862160212359
1 1.42249388993376 -2.26746211249294
1 -0.364284378243424 -0.670523286032327
-1 3.27919872617975 2.4036218567909
1 -1.00856397017478 -0.228461501043592
-1 1.31110299231739 -0.321188235045263
-1 1.95118866435967 0.483331676136653
-1 2.09244219900733 0.245838907407711
1 1.05331493626241 -1.16707628543385
-1 0.837590924049697 0.546319594493915
1 1.44364277361885 0.64271386989544
-1 1.10610991601984 2.26022331240371
-1 2.81718460219983 0.704035598899496
1 -0.0675456421230763 0.573301539555834
1 -0.601732680777103 -0.337062296852525
-1 0.364841309559398 0.979622401838464
-1 0.529196389242798 1.54676127588138
-1 1.45889003262657 0.695826292381254
-1 1.63242768683151 0.569721043564705
1 0.343839535951338 -0.93085579606706
1 -3.15463712584027 -1.47232488718996
1 0.766205985941547 0.299663653209504
1 0.205816763821792 1.37055111688703
-1 0.199131749325700 2.64233522000835
1 1.95397372484804 0.0728919874576115
-1 2.45901318208995 1.77986196111479
1 -0.494169515646146 -0.164008689840128
1 -0.693259701057621 -0.76746397544602
1 -0.258901818661391 -2.24041077707054
-1 1.61076751372734 0.541399560716406
-1 -0.25919927366529 1.12287504843863
1 -0.201839426016656 0.498853192601556
1 0.0642009728277612 -0.634093403981842
1 -1.09650477923998 -0.223376303577781
-1 1.17264079178764 3.94181177775284
-1 2.38897810985723 1.83472765779341
-1 2.74436342255170 2.45256527934521
1 -0.84696605358322 0.0936897547257663
-1 1.60572958838931 2.14901980974252
-1 1.92248095947811 1.49331170509837
-1 1.22086013136503 -0.268299016484162
1 -0.429790890651221 1.63888666458935
1 0.693452605222412 -1.39195650406913
-1 3.53403225541651 1.07048865915692
1 -0.139567792115043 -0.372091806536448
-1 -0.254368920849726 1.24759991420866
1 -0.720044676393462 0.354893727815087
1 0.346419886596228 -0.481532126818821
-1 0.78226388580865 1.83294012195333
-1 1.21561887467392 1.14058757011602
-1 1.01267408146823 0.228876475211200
1 0.865765818028011 0.123774007387134
1 1.51835092302743 0.0603127003294119
-1 1.22628193412051 4.14380202334198
-1 0.707507736405198 0.363330451102142
1 1.41356505459451 -0.0667542406666062
1 0.780856272422083 0.406954434933416
-1 0.977311084834917 0.897850935207634
1 0.477181605818872 -0.396234044383339
1 -1.02082539383990 0.699229911363758
-1 0.688484304806125 1.25637282949339
-1 1.03691991983107 0.726898424290157
1 1.10392621835615 0.544951556470992
1 0.175684650511408 -0.404873405445911
-1 2.33933162763492 1.68096831267598
-1 3.39073802892987 0.421453903512708
-1 3.18280226449623 0.787463762515334
1 -0.475805747932598 -0.185593616650464
-1 2.14740501529781 2.281997840085
1 0.220954304196672 1.2444783448629
1 -0.323581091241055 -1.32038878314064
1 1.52589178036827 0.268791754839346
1 0.560443528516963 -0.392940585795359
-1 0.76347811541322 1.88589936019660
-1 1.74644350754712 0.974050523763764
-1 0.84643370266563 1.49994529338588
-1 3.27422580374007 1.15087425527594
1 -0.455885773087 0.831206777283303
-1 0.960314625352721 0.668902953262563
1 0.185490591378384 -0.0551770727390244
-1 1.08081329747151 0.231979029950590
-1 1.27215189738759 1.10804180403123
1 0.209438258864112 0.204954606412599
1 0.568412704860964 0.421154043365371
-1 2.38753628721824 1.25843792183495
-1 0.407308031381504 -0.988312553159321
1 -0.0364303228638991 -0.00645180554071698
-1 3.33199784054203 -0.0268147775076384
-1 1.78956975879266 1.84737877015775
1 0.812562718812545 -1.94176367484839
-1 1.39413007442942 0.460411808209332
-1 -0.0722098986862898 -0.451826090678921
-1 1.34277035389058 1.7718965426699
-1 0.334111482256336 3.31118310704933
1 -0.127078500270048 -0.0186654670633479
-1 1.13393423328795 1.87776653384714
1 -0.175663561014537 -0.296232151465047
-1 0.675765095745132 1.90680041494274
1 0.0356003986438007 -0.304033225944312
-1 3.66141896001312 3.25284629768143
-1 -0.0110623242849337 2.32056085209930
-1 0.381563744097946 0.140283299464512
-1 0.752534926131197 0.837806922129907
-1 2.34888315877562 0.635906546586717
1 -0.695080285136118 0.360501293505232
1 0.117156734635038 -0.409096521866574
1 0.00356914622562761 -0.635995914907033
-1 1.14275807822683 1.87706700103064
1 -0.800572325922208 1.25368024929830
-1 1.15020529883384 2.38961619632201
-1 2.11008554490977 2.06105847945407
-1 1.95013527796581 2.75408211978733
-1 1.63667903688550 0.938283738186394
1 -0.680078985553465 1.41991860356853
1 0.467810534800484 0.552801830013336
-1 1.48233343215431 0.851186724256943
1 0.87481031293467 0.331194844631399
-1 2.37864558910822 1.75998584663915
-1 2.08851100598498 -0.330436213322498
-1 2.83137821657734 2.1889016723713
1 -0.809776597907263 0.697211688408565
-1 1.92643687108492 1.58301278273647
1 0.130100767345950 -1.07581461583068
-1 2.12132506889420 2.09730279249866
-1 1.82290422968693 2.13588573257811
1 1.14734673748457 0.0185148500248404
1 -1.71847492277268 0.0570453716337455
1 0.94405998317917 0.372400975136389
-1 2.54545205237332 1.69854010532020
1 0.506222536607984 1.08218500559763
1 -0.0744576767760914 0.104180944909819
-1 -0.0993498441428347 0.0509015666520363
-1 2.7086773493529 0.393364973523148
-1 2.61310507909177 2.20002020946154
-1 0.346148847561747 1.46935877341572
-1 -0.571367724240598 2.43214508058563
-1 2.55720745374297 0.561823129743983
1 0.265960862904005 -0.987768793003652
1 1.4606670855856 1.60776977446833
1 0.108674085236993 0.752624617792473
1 0.585228883990304 -1.52608723688525
1 -0.827715467371212 -2.14778349151626
-1 0.57104113357004 0.649745386372643
1 0.235455530613368 1.46849600762050
-1 1.31910199181681 0.461035666643233
-1 1.73320485431202 1.73929050404286
1 0.324658477616650 -1.56375382195454
-1 -0.162298916747097 1.30595976987600
-1 -1.17549578205997 1.44570569522363
-1 2.54887271859569 3.19158130507844
1 0.519690909830167 -1.35219199247711
-1 0.787838691429473 2.02260243779713
1 -1.55385221292210 0.382782325662041
-1 0.5764916765466 2.81823429544265
-1 2.38939955979377 2.86739501977476
1 -1.48182381580545 0.946999535448256
-1 0.817959292239196 0.100965794228151
1 -1.35194735484327 -1.39776985707172
-1 0.0941332511983177 2.01511548450982
1 -0.40890253390301 -1.55824392219948
-1 0.152168015289443 1.01651478362691
1 1.24739946411440 1.57746039230785
1 1.22076156295175 -1.77241491745177
-1 0.625331667459591 1.48878294497013
-1 2.44098061943360 1.23104263831618
-1 1.30414679446112 1.27414507758491
1 0.970103034518667 0.982217163745428
1 0.745508058398775 0.0114134950000461
1 -0.675161210443348 -0.769129538946292
1 -0.673512768098787 1.0864126157628
1 -0.48410882411092 0.588127318682867
1 -1.49529658273713 0.376812903015229
1 -0.257127213927689 0.802310644912442
1 -1.26984878190829 1.41642029125326
-1 1.47552815561605 1.41639343553384
1 1.88295390766623 0.0440106601246973
-1 1.1653694240037 1.74441938231627
1 0.179699917167222 -1.40749955518734
-1 1.59424722667406 2.34591063250936
-1 0.699870928135473 0.0339296353002350
-1 0.464161937016029 2.37860048682752
1 0.936136867194353 -0.682985008292836
-1 0.94958858055236 -0.0264597990666073
1 0.47780381371335 -0.151590714302247
1 -0.909484928765973 0.175172682192921
-1 1.99082798462891 1.3086237053986
-1 1.93984434591675 3.24622856013208
-1 2.65196667898123 0.683976533762412
1 -0.185946184735999 -1.25288058496352
-1 1.17244325890312 1.56128190601353
1 -0.578076093376379 1.12218283128857
1 -0.701573789094641 -0.997259996990693
1 1.09325698974932 1.11256518618912
-1 0.744928648664123 1.33797923654763
-1 1.85968732707531 2.73706865055196
1 0.869416211173021 -1.13137711775939
1 0.330103861987791 0.954458047308434
-1 0.0808619056308617 0.411865466779784
1 -0.050040216539007 1.03589575485022
1 2.32099615736010 -0.410366016508402
-1 0.853533909728712 1.23503298571374
1 -0.212349737740089 1.36259453199276
-1 0.0483811146703199 0.756813335902074
1 0.875484152108973 -1.24069550093629
-1 0.226802618446746 -0.125586521589869
-1 -0.119495534541582 3.04831968487545
-1 2.14423060203280 1.01209894445144
-1 2.49018673924129 2.41750669776511
1 -0.000896956337978103 1.36434221582937
-1 2.16645751122444 0.95111456657916
1 -0.712490891827724 -0.0898938233926851
-1 1.65374880104983 1.60628192958050
-1 1.31931964139976 1.21340036379203
-1 -1.14500639457447 0.764664980301598
-1 0.983821402741938 2.29968464817660
1 -2.46833228816474 1.05646114037033
1 0.151436543183237 1.95977336563169
-1 2.12579702729295 2.07030881256512
-1 1.33484400227201 1.86995417816026
-1 0.346852184868983 0.359440758488954
-1 2.16145644081143 0.180629976885119
1 0.370547568961072 -0.790431466769271
-1 1.19026541031863 3.10775322570602
1 -1.82338898400322 -0.537985587577409
-1 2.08611870232440 -0.287527812108175
-1 -0.575472131248761 1.52209888371846
1 -0.758801967401631 0.226624532747321
-1 3.75587379801047 0.474574361544661
-1 0.777238075453654 2.93232624469515
1 -1.60593585511510 -2.58084571350773
-1 1.3920712647727 1.84290343881690
1 -0.0120837397116591 0.769333278467818
-1 2.97500794783132 2.29326285805687
1 -1.90238161589751 -1.07584222577157
1 0.432161696406528 1.33332569956722
1 -0.352323266947504 -1.20373824498807
1 -0.0305526268378435 -1.66341409660930
1 1.18158414365454 0.586159464232615
-1 -0.267343967613338 1.23606467947935
-1 2.13275362639789 2.31198846983337
1 0.696458607908267 0.0934149015068066
1 1.49045561023608 -1.03912609489661
1 1.35088692464366 -0.000426697071260858
-1 -0.483359018946669 1.77624311086085
1 -0.0612652291137896 -0.401845520093297
-1 0.61275055136392 1.51543560657172
1 0.212150705128074 -0.346646011312860
1 -0.467638271129038 -0.764553184579899
-1 0.837325325897893 1.10664996670404
1 -1.4845197990736 -2.41226226829263
1 0.245981193682844 -0.769812342738263
1 0.84645804128074 0.522978787530496
-1 0.67549274484534 1.65703513180509
1 -1.77398033664041 1.34412464998033
-1 -0.654494699976143 0.232763645672197
1 -0.0141017493488586 1.28197396670865
1 -0.559293173970423 -0.0759670089220736
-1 2.07276489127243 2.66814588675428
1 0.212953952334926 -0.806477172866077
-1 1.25579764482269 1.73801140926299
1 -1.80848252184000 -0.649270281860928
-1 -0.217405227237892 1.50445179454795
-1 1.60557633483296 1.80464816065797
-1 1.08304821596587 0.191760295575407
-1 3.01818579866291 2.82183067306291
-1 1.59652313860642 1.08399225476327
-1 1.40610487134340 1.33121043985674
1 0.234580069313409 -0.668675422376828
-1 0.865309313251627 1.89786582591099
1 0.946732173299138 0.159558614056212
-1 0.95513496546324 1.61150153987178
1 -1.56725681368127 -0.850350141819419
1 0.529831359791097 -0.240256605756569
-1 2.26419377773692 1.09536972114109
1 1.47809553001880 1.99834815630256
1 1.26281920663391 0.859097163467086
1 1.02486605771907 1.39712529986718
1 -0.516020213061697 0.606359174305994
1 0.852958522162194 1.74714641382435
-1 0.292150105690245 3.92131457614418
-1 0.954904363241022 1.32056968712788
-1 -0.929907144059465 1.06164385362572
1 -0.697669391322534 0.217874951541373
-1 1.39682144580021 0.0905773861012558
-1 0.8203005176242 2.34576612106977
