500
2
1 -1.41788882532954 -2.62328858222834
1 -0.187276917725705 0.268988431181887
1 1.98199940541801 1.62794718382448
1 -1.46857859828247 -0.62329326925958
1 -0.512222473569357 0.885770682614712
1 -0.227560190993490 0.967997768542503
-1 1.71632335645893 0.925099283493551
1 0.501944448327744 0.201207697449403
-1 1.99316562713483 0.105935729869762
-1 1.92584008447835 1.64318713134589
1 1.92962171870158 -0.125719399649755
-1 1.84541346529406 2.25111214058099
-1 2.10120826997249 2.50614749453209
1 -0.959431675992154 0.388320614992602
-1 0.670345258398705 1.68229150134897
1 -1.16784448818713 1.06313450117868
-1 1.45660101365373 1.88825419877424
1 0.622281728272891 -2.12263438704609
-1 1.30320791218923 0.894893218320881
-1 2.29239270508376 -0.191124119153680
-1 -0.310395629233392 0.500500377722321
1 0.64269930480295 1.09635902357458
-1 1.48886342623465 1.38633178250913
1 -0.132760872490024 -0.80807138023778
1 -0.325849796000247 1.65015327870882
-1 1.38017354762431 0.804308417978114
-1 0.759459121025948 1.56724476784585
1 -0.818732948330903 0.264890090163788
1 0.130097753189403 0.819977712996809
1 -1.96965591189064 -0.952090481811057
-1 1.77925671988926 0.703733388766744
1 1.50313851220536 1.14149146494512
1 -1.14780016194616 -1.78274800247806
-1 0.344324026215541 2.53845652191430
1 0.440538640225146 -0.646873090991285
1 1.20191714381952 -0.244583610074714
1 1.23926797576611 0.0448718700876157
1 -0.295634508506763 -0.965704279166427
-1 1.29224581784113 1.28578192450449
1 -0.374650269409642 -0.288695936298593
1 -0.411586714206386 -0.651557317642226
-1 0.695798606373495 1.29964847032795
-1 3.5269461492731 1.785445288243
1 0.251672261930303 -0.332210965540866
1 0.262019321826746 1.66228169702473
-1 0.866834253315687 2.13873668692611
-1 1.19539244783130 1.22451480669071
-1 0.223197831596969 1.1708284347623
1 0.152381529326053 -1.05935536666672
-1 2.23698926713169 0.873132274717213
-1 1.37623272668459 -0.734639110668165
1 -1.54685505650755 -0.553127859595438
-1 1.79274827731567 1.35566429543292
1 0.142378453611179 -0.205302074966365
-1 0.512524432087972 0.68800820662856
1 0.868959007793774 0.728997720383958
-1 0.477302315653395 2.98639480422026
-1 0.61786366425004 1.21831733709383
-1 0.269872733115219 1.20909709433111
1 1.08556737164581 2.08439127774621
1 2.01521931218329 1.19047523663392
-1 1.73007901809218 2.68872338708565
1 0.0493077435580324 0.0099103616439573
1 -0.200416739409299 -1.06159034226977
-1 2.92136790400096 1.68179930028334
-1 1.61689156937356 2.79273845543660
-1 3.24523228980701 -0.00486257431178694
1 0.134436694561079 0.258986312403358
1 -0.108293513361243 -0.0956565108664968
-1 0.665459776002315 3.80561600408539
1 -0.186414473902843 0.667858972173296
-1 2.86362925194293 1.97938417624262
-1 1.70986409779595 0.543073198591615
-1 1.90257273053912 1.68909890166696
-1 1.42320874428148 0.828367798591212
-1 0.768849398654808 1.60683769736591
1 -0.0148186041384488 2.05854567633704
1 -1.52461295368715 0.883812242566135
-1 1.8114596448436 0.189835324654695
-1 0.286970687262219 1.35576229675501
-1 1.16260482212413 1.89587856702942
1 0.491393623803421 -0.0832343883831968
-1 2.36558971315177 0.00476675612676436
-1 -0.826289206957182 3.03725053573493
1 0.138532505481992 -0.272345807938753
-1 1.73402657324162 2.28981098243702
-1 1.85581873190635 0.926457941767634
1 -1.00425976080023 2.54293958312171
1 -0.235006022494389 -0.287161787718475
1 -1.77073634584829 -0.241550457292393
-1 1.64150551427306 1.21539234458203
1 -1.29648312184524 -0.724928558072674
1 -0.608267565595769 -1.27789918610626
-1 1.00067083794436 0.226875655981557
-1 2.03674589875056 2.12163126052616
1 -1.60483507904836 0.00542591513737677
1 0.929533777637318 0.682898012160994
-1 1.90548254575326 2.60079412880627
1 -0.432506494367473 -0.574304534932738
-1 0.477641921403768 0.0569888775043863
1 0.306280085941584 0.83709235572704
1 2.05827273320881 -0.699693404146688
-1 1.18701679267646 1.54292782366081
1 -0.138400985334851 -0.00626234785930891
1 -1.0921560640086 1.15221036092851
1 0.0253981806090983 -1.08235845848926
1 -1.07231611368192 0.968721329000808
-1 1.65809609447607 0.453076504671144
-1 0.104428142839004 0.513056274435022
-1 2.73457845512184 1.89678581736049
1 -0.831270692330162 -0.474085587235981
1 -1.1991789808411 2.23621005415032
1 -1.24857940341709 -0.701168090654358
-1 0.254864078115783 2.03037869935072
1 0.275729540742222 0.778339250980124
-1 2.38343725634554 1.01236187130236
1 -0.421301558831667 -0.0642230289994034
1 0.738208633832795 -0.89509558062122
1 1.77486816130685 -0.794680895890546
1 0.224559951599545 -0.400099722260667
1 -0.610047088542238 0.456054601010928
-1 2.63969538431858 1.14006565521093
-1 1.45370292552804 1.23388977062677
1 -0.0352618989468351 -0.72297976398922
-1 1.90097021665331 1.58776702103755
1 0.182240315335741 -0.869139005651764
1 -0.732679489224338 -0.547431568801422
1 -1.62055965713096 -0.124418475934443
1 0.809878384751893 -0.208573993885345
-1 0.603612806807609 1.47226767025824
1 -1.68785399406941 0.798290140669059
-1 1.23089377372841 3.11081494036083
1 0.782033034100329 -0.363852293309372
-1 1.34737714713136 2.21621544107576
1 0.306961519325706 0.272914702372306
-1 2.09465136012360 2.16692229116445
-1 2.57054156446015 1.22205035035243
-1 0.674358155662782 2.87296247488821
1 -0.951733242607154 -1.44350640842632
1 -0.896305806554199 0.727610938143256
-1 0.286730920723956 2.3112693946875
-1 0.769315412849613 1.12101352622582
1 -0.40224244502548 -1.93927633938487
-1 0.921314637395373 0.349345867895828
-1 1.26538364532103 1.74322438791899
-1 0.606853351251471 0.644101346077868
1 -0.376700247381047 0.568061698176225
1 -1.34239735189551 -0.0765858535104775
1 -0.82427927724019 -0.623082376661147
-1 -0.706245483213046 2.71244596735507
1 0.66482354959016 -1.10926506325582
1 0.127984454716428 -2.00029916735927
1 0.698367979710547 1.93518831881032
1 0.596277585768721 0.0398725771685605
-1 2.67557362550171 1.33739457616432
-1 2.34967346227647 1.99611890378428
-1 0.974765130851334 2.31690813619538
1 0.51454553990308 1.73964880322167
-1 3.07718694346545 2.01568312107030
-1 3.40108357347189 0.453503173391095
1 0.184664208603104 -1.85747037814994
1 0.140540601802600 -1.64711863802601
1 -1.00774468974490 0.953348676912119
1 -1.39775673255046 1.25308055485744
-1 1.48819829597974 0.568448397362373
-1 0.906083755315529 2.75557917554244
-1 1.72592250474220 1.81128876088131
-1 0.409023919753443 1.31229237609288
1 2.07077258957448 -0.145298043939786
-1 3.56306988386688 2.34719693473348
1 0.232643292164665 -0.0697339965815964
1 -0.877090847860612 -2.07971572907863
1 0.880426734429227 0.438406087847395
-1 1.34557770781711 0.491624592442036
-1 1.96668320513571 1.04234713623245
1 0.687708439476085 -0.258447884306661
1 0.322423531588425 -0.546948966216306
1 1.43715146177392 -0.165739163350517
-1 -0.347764158459185 0.10126588211547
-1 1.05310990082310 1.68131815200827
-1 1.14527837714423 0.973299995794265
-1 1.16810076649985 0.235849775334651
-1 2.37910882435981 1.12580204471587
-1 0.627995394770423 2.19904641716412
-1 1.23893508126867 0.447641411243741
-1 0.264728970965569 1.41375594415904
1 1.45915114933579 0.681413974633017
1 0.452000481809523 1.74598463408541
-1 -0.313973322988558 0.750474072240875
1 1.08303410884547 0.180306260357264
1 0.429147598306031 -1.2063561972164
-1 2.72315118144693 -0.0667911007514082
-1 1.85973259009136 -0.802161165286223
1 0.693947039662789 0.748087563377619
-1 1.69257234591138 0.85085158831542
1 -0.0966934868421994 0.841989274530623
1 -1.87978029694247 -1.58475511950988
1 -0.41847576797382 -0.322652335145652
1 -0.339716464539179 0.803175436661416
1 -1.03311391602630 0.00253636256897563
1 -1.63703851739241 0.232674072675829
-1 0.618707579803842 0.878002598714985
1 -0.240005993561459 0.227690662001755
-1 1.10553091531578 0.902877504538513
-1 0.489143559813114 1.46965100669916
1 1.41913081521089 0.811927629523296
-1 0.241944498005261 -0.483833700845303
-1 2.69771189150035 0.130659516454787
1 -0.202507736165412 -0.462500882943134
-1 2.32410104550717 0.687410542960965
-1 1.08893127343863 2.89010436109871
-1 2.92396176620782 -1.05521915959445
-1 2.06137394473628 1.79931982406491
-1 1.26697995249313 0.667281609286887
-1 1.98173536197529 1.96553742484871
-1 2.46580311422167 1.77227536946702
-1 0.515054078636184 1.02483258792551
-1 1.45691233476779 -0.208751640742852
1 -0.991056799697619 1.12715289183346
-1 1.88266987740629 0.765782331808018
1 -1.46228906446726 -0.939291523039121
1 1.32505837741949 1.28362846298554
-1 1.76654289738431 -0.556209807963456
-1 2.02305611966126 1.80358458892420
1 1.07601413558718 -0.624796207728378
-1 1.45661109399508 3.36658953475878
-1 2.51080121010755 2.53096691458083
1 -0.183653032796090 0.429012692483094
1 0.220701527995552 -0.573413581059002
1 0.577148472214597 1.97712598509932
-1 0.486005148860437 1.0216568709044
-1 1.00215633614850 1.2641375139135
1 0.33746717175199 -0.1988428926829
-1 0.513067271152363 1.47737727584277
-1 1.01483835380256 1.31408685675380
-1 0.800429189638471 0.726734030640264
1 -2.26018195491485 -0.630990158073083
1 0.592124360149515 -1.13699471110560
1 -0.479863796022931 -0.56814095552364
-1 3.66250138284423 0.744343055348064
-1 1.54061051918755 0.797020533653961
-1 -0.598659741933038 0.542819776367404
1 0.608677133937701 -0.400766681598887
1 -1.69901136454350 0.815149413075013
1 0.475971667866309 -0.500410752204984
1 -0.097755421555883 0.131074834633947
1 1.08176076653402 0.811257125874459
1 0.0458176996837862 0.0679119897193492
1 0.266470197584733 -1.45281111783888
-1 1.71646180974702 1.56463619949928
-1 1.30945753361448 0.0663000866741625
1 1.25692727395205 -0.740664702811976
-1 3.00261085097958 0.802312255052402
-1 0.656843089481369 2.56439791854285
1 0.279311415480029 -3.14189452627355
-1 2.26764894206476 2.49930565343935
-1 1.29920199084929 2.84264603975570
-1 0.457381286462539 -0.158338097631205
1 0.176413018509070 -0.292243629824823
-1 0.0178670591693915 0.339125150658777
-1 0.715636483367353 0.210864056334116
-1 0.437539322097143 1.37525456128235
1 0.959917713886863 0.536940879638403
1 -0.369195904853105 0.399298816018507
-1 0.457369022073412 2.82600801233565
-1 0.990580942772856 2.00456713700054
-1 2.93013592107283 0.626264970558692
-1 0.0555712964457753 -0.317350410941588
1 -0.288478982609523 -0.522740491240507
1 -0.102997469010829 -0.592447773383249
-1 1.53766993071921 1.47491483199222
1 -0.53100508005528 0.686785978673641
1 -1.28588718279066 -0.872975496625016
-1 3.37620075751743 0.92897639160895
1 0.207494061997381 0.0853930679955916
-1 1.17608806442847 1.67096650527002
1 1.69817753692516 -0.672431053588245
-1 2.76195175216187 1.41586201172002
-1 0.894959427349772 0.506487138282694
-1 1.28872671084738 2.16635155318698
1 -0.0135064418065658 -1.79686712460368
1 0.233815797237528 0.294272615340658
-1 3.08906311980322 2.22197378971904
1 0.0902522628085622 0.159949162745985
1 -0.0150877095858384 0.198965693171421
1 -0.478300456395634 0.237786305762294
1 0.923782378897611 1.33284320656777
-1 1.20062975304544 2.01372671270288
-1 1.00658787488122 2.04602872992909
-1 3.28862702551830 2.75741592855306
1 1.57819386552776 -0.91908297976456
1 0.0250048357276770 0.103349625676127
1 1.16123479510583 -0.161354524185678
-1 1.91336435349283 1.34411787522004
1 -0.270062668643239 -0.95098991093775
1 -0.09585694311142 0.753770299985748
-1 2.88914557458411 2.95598892854274
-1 0.85905577587641 1.82171567179007
-1 1.10838378954388 0.302620604082343
1 -0.65085097824922 -0.446542837653702
-1 0.620192316955971 1.76374474531291
-1 1.43173268035297 1.31959391417871
-1 0.922509043383471 -0.369400642756969
-1 1.73432199942457 0.496923971795693
-1 0.297775439503227 1.3954088051051
-1 2.46519282034789 2.34853030328902
-1 2.81414992205376 0.50030732125866
1 0.379335309839237 0.78671134168496
-1 1.25892809721184 0.299871262258812
1 -0.475577036518551 -0.0302331867036165
1 1.04854272564917 0.756130010052856
-1 1.90009917206361 0.246880997508999
-1 2.64219624833875 1.18165985298577
1 -0.513641456542999 0.48692413485086
-1 1.52107741355154 1.30479323379909
-1 1.00276657203555 1.48628833419352
-1 0.341857179938311 2.39218310429052
-1 1.69374486635525 0.996553853010079
1 1.16036457625232 0.0212150422312469
-1 1.96854980670121 2.51717701305040
1 -0.813633127924043 0.530127664272137
1 1.18103753367249 0.833487034005563
-1 2.61858277198094 2.05472556664581
-1 2.5558808822438 3.22132017673511
1 -0.93058315400143 0.895328905667652
1 0.698718342360485 0.882701767795563
1 0.0344650329461452 -0.443073201320644
-1 3.54336289215282 -0.96930170622288
1 0.145356686196376 -1.00847137605294
-1 2.50652914661263 1.62111346152034
-1 1.16451219177658 0.954025038301541
1 -0.818500273676034 0.73328420648049
1 0.632829120515795 0.300692107503499
-1 1.50613627480782 2.38783941427786
1 -0.203646873916617 1.55597819213357
-1 0.195732380149973 1.89711085150604
1 -0.506326183786007 0.178920839421722
-1 0.162157814892539 2.37560714902308
-1 3.15205238028475 -0.0462703009091288
-1 1.47367529690293 0.242345565750948
1 -2.22426777118565 0.917747150868556
-1 1.45521237461961 2.11527786672486
1 0.541746808317279 0.343638269902768
1 -0.580227794362449 0.640049261357354
-1 1.38736888540531 2.47565088102664
1 -0.135842390578784 -2.42616976190235
-1 0.301638378353377 -0.202597582339012
-1 2.15118074048834 0.167243705064967
1 0.71664137333376 0.00687610648932679
1 -3.0793015754166 0.00350188644600016
1 0.272707775028250 -0.596894382291094
-1 1.14570578529340 2.97043348433996
1 -0.0209646240235990 0.0083866174562366
1 -0.70794950686307 -0.992933041717362
-1 3.58104682651734 0.995943013985513
1 -0.845617429906027 0.106536751895166
-1 1.98141578656402 2.38437093258063
1 -1.06665734462537 -1.17138126547916
-1 4.22837824320165 2.69525589274552
-1 1.52891378863632 -0.166526029142799
1 -0.402159920447597 -0.659938746905601
1 -0.15800624678547 0.6547833539334
1 -0.54607292525552 -0.688447649454116
1 1.29176653573150 -1.35110419531596
1 0.563461821986523 -0.113612351842593
1 -0.445904307861259 -0.903683284252086
-1 3.08153738137133 0.999234941926406
-1 1.31457071536303 1.33466951007479
-1 1.37637090504168 0.182488768583533
-1 0.069380275748227 2.33047550668126
1 1.73029795922270 -0.479295350830955
1 -2.06625538091676 -1.04537325546611
1 0.0290831437781294 0.86962262055643
1 0.0228478047675391 -1.50691528843344
1 -0.89768873060452 1.61387789568539
-1 0.826148073333166 2.55815874673712
-1 -1.06851091633829 0.608160215143494
-1 1.72256510170906 3.49730772938527
1 0.0603701656870562 -1.27123809405000
-1 1.73611280513042 1.76594324018035
-1 2.02416950821473 1.07116745267908
1 1.82325078251219 -0.172089233379525
1 0.130308400708271 0.391545060712835
-1 2.21668744385825 0.86632255614042
1 -1.34148257677440 0.860164384994018
-1 0.239090265030202 2.91161132678768
-1 1.11221906184542 2.49940746674260
1 -0.604107463619389 -0.811736607496771
-1 1.52220371485030 2.32475632724929
-1 0.174333904217506 0.883688636584795
1 -0.532105063915759 0.0448841169754109
-1 2.20216389295248 2.39403457741376
1 -0.905683983953182 0.962076956393463
-1 1.24985915058604 2.18917651701468
1 -0.455547872852458 -0.299782756746927
-1 1.82460128177292 1.97136475186493
-1 1.74786990496933 1.27132746421362
1 0.989714188433908 -0.358930358567891
-1 2.01264431708747 0.870035585162208
1 0.788659925305685 0.164482204137984
1 0.545212347024979 1.27531487536836
-1 1.38370961211697 2.31758543641649
-1 -0.605512382948918 -0.880287366048698
1 0.632932698110437 -1.93121783512821
-1 1.35919668257599 2.25440212696428
-1 2.42953059923085 0.506902128571188
1 -0.539247782120849 -1.21767371265437
-1 0.62843901684849 -0.88809959417223
1 -1.14333432362551 0.701787636779937
-1 1.52488845758322 -0.1245450012352
1 0.990860342370422 -0.450099011202778
1 -1.11160870628401 0.126088855915094
-1 1.45819449363729 -0.845060090808166
1 -0.327439383138593 0.805595281612308
-1 0.432192973199125 1.51433425010866
1 -1.16874043756049 0.93817067158624
-1 2.57361904172939 1.96522039306022
-1 1.11156298073578 1.28104618528596
1 -1.13376890677141 1.61705926757698
-1 3.18048043708678 2.52534404553256
1 1.72067749111724 -1.06183932033925
-1 1.00563788570167 0.749664490900163
-1 2.72641515007732 1.23200115791979
1 0.214494513513324 -0.882999090155604
-1 1.92148672701106 0.188554173297297
1 2.50059560948654 -1.92253256127904
1 0.336621531076466 0.545159130241407
1 -1.52640670810227 -1.39033828940922
-1 3.83546443125332 1.83840077515187
1 1.06075265390962 0.378943623873016
-1 1.54648228975717 1.91427683075784
-1 1.30675245520839 3.2458725518139
1 0.0649707272233832 -0.249356898369897
1 -2.80830816245089 0.119062529740085
1 -1.76512283627886 0.26440978004555
1 0.22566480901488 -0.20640202715217
-1 0.366057840427668 1.04521111955914
-1 0.67696634315013 -0.292121244113047
1 -0.712847236279721 1.52455937961832
1 -0.756687672900461 -0.114459827442962
1 1.17000616738299 -0.269320653063739
-1 1.65429219647044 -0.362506097808447
1 -0.529882207320657 -2.30583901917208
-1 0.633913343045678 0.475628760671144
-1 1.95087817483085 1.69583952511681
1 -0.88126898776913 0.179001088008961
1 -0.804163407209027 -1.26138585985133
1 0.391951668024902 0.143952915958108
1 0.0427012294693263 -0.940264924187663
-1 1.41467633985080 0.554530544024493
1 7.2141414125214 7.2317012423621
1 7.05936464733392 7.21749412755486
1 7.16256757258402 7.19987626973307
1 7.13398546726352 6.9716275245438
1 7.16670225720284 7.0670355855562
1 7.1465146045612 7.26375328661169
1 7.08792381705058 6.9261482086042
1 6.9592571734461 7.10147221972891
1 7.16081192745781 7.058227593499
1 7.02824808812944 7.18213969001637
1 7.12534390243519 7.07509895762163
1 7.19649959455542 7.22949478311087
1 7.14588000880283 7.05672265270447
1 7.12527157734651 7.02993931587523
1 6.83822385085353 7.11497135014548
1 6.92601149496657 7.16561129974957
1 7.20602505101178 7.04109204256176
1 7.07094828174274 7.11846138682987
1 7.08282883246526 7.21232818572359
1 7.09998722366174 6.94916087223059
1 7.17434638332016 7.01804190961809
1 7.16475907410074 7.08797828829156
1 7.1230532331677 7.02471969441815
1 7.24726640269955 6.96887689058983
1 6.97619314323769 7.0280952302807
1 7.20536080662805 7.13059814794213
1 7.07127607775748 7.09916289670462
1 6.95681565687145 7.00892447243611
1 6.98669276381485 7.02318777979962
1 6.79773937211247 7.13026242406925
1 7.05687412676508 7.02443925077127
1 7.15957914171563 7.20400074526825
1 7.07897372745232 7.12380119468179
1 6.93302098907714 7.12877535217221
1 7.08772307072677 7.09696226609698
1 6.95627924763112 7.14250972834008
1 6.92667904057845 7.12472552691553
1 7.03729197912098 6.92619945721615
1 7.16327111293263 7.11860628262112
1 7.17874298577384 7.09144884490277
1 7.11348210530107 7.08178386959986
1 7.00947338883719 7.1137216258048
1 7.01929403021174 7.00336016302794
1 7.18695651706193 7.03704505531594
1 7.0217972411722 7.19649847228208
1 7.10490448358765 7.18203303761831
1 7.05497598258296 6.8558551874274
1 7.14025962093018 7.09130060019705
1 7.0493594245903 7.15556811589056
1 6.99156492197806 7.11236272853463
