500
2
-1 0.983263602917305 1.28269060032415
-1 0.419262033644362 2.3191504793689
1 0.752295320990349 -0.0153457134245641
1 -1.1761790841212 0.947940438899114
-1 1.60316198726196 0.272863376657796
1 0.0999459812466515 -0.410430279562155
1 -1.60123718614765 0.179554712971082
1 0.448690579932780 -0.899678848725135
1 -0.787727034278276 -0.373709176194469
1 -1.01428120562401 -0.488404078109053
1 0.822880607884978 0.724568542539442
1 1.50101286332949 1.63583623048566
1 0.155723647190796 1.44757888646926
-1 1.70263879085991 1.14914949476228
-1 1.04778112550195 -1.22039908310325
1 -0.610144049235021 -0.353222632311287
1 0.651753316645555 -0.87415844275225
1 -0.502691564507722 0.94554953466609
1 -0.686652506472629 -0.27399505019503
-1 0.234583131737097 0.663132414960089
1 1.09366620815654 0.455594342787172
-1 1.68005832834554 0.753109354798549
1 0.361622631049834 -0.40445098064788
-1 1.94369895249576 1.50693563642649
-1 1.88500166081473 0.071448973573123
-1 1.01079115503830 2.59342882283314
-1 2.1517390155578 1.37727651499260
1 -1.43861127939112 -0.368927048108379
1 -1.87089282935396 0.463502973647075
-1 2.27632397317142 0.365340103644028
-1 0.0793869466592476 0.978205955857125
-1 1.84747883240153 0.574274188361096
-1 2.54428844628425 1.07521138378416
1 1.06760039776230 -0.702232456496067
-1 0.681569284193658 0.558534028460555
1 0.115874242201549 -0.0339128895293469
-1 0.329081355497526 -0.666584128418909
-1 3.81418888595840 0.893877816865157
-1 1.87112051482563 2.48743249389249
1 0.391466325085082 -0.297295793751029
-1 1.04668505381801 2.16208416191864
1 0.714023611543443 -0.716063729020412
-1 2.35950682045773 -0.258684122397393
1 -0.522908636430310 -0.182050361498847
-1 1.51672634680993 0.693533334968913
-1 1.46363972710478 0.459436240730071
1 -0.586374349350287 0.520269626468171
1 1.00577799514160 0.144837241409258
-1 1.70739208067216 1.40815086127014
1 -0.623006006822063 1.55899548823126
1 0.982995132210642 0.728122761065513
1 1.62545286346688 0.271325727889349
1 1.7266458374235 1.55058960733877
-1 0.473307390326552 0.180862068450242
1 0.538902082076282 -0.416011154392142
1 -0.254261793583333 1.27915499598384
-1 -0.429708139697636 3.31975111903346
-1 1.95105026235464 1.31979927499976
1 -0.213056033637603 -0.446555602347378
1 1.56266734134410 0.65769866954596
-1 1.98999546237603 2.75770252244711
-1 1.72160637841434 0.607372413750775
-1 1.30838617942274 1.74298417389407
-1 1.02483228261907 0.884000706048755
-1 2.01795796428222 1.98001761399477
-1 0.0178452266355591 1.15309747558547
1 0.892796901443379 1.85141316371294
-1 1.26686527071208 0.824814065305473
1 0.326804084913627 -0.210240107444569
-1 1.14698985185108 1.69238410372572
-1 -0.0510738007834415 1.95982037262810
-1 2.43632028624558 0.805626683805352
1 0.325917161871557 0.631198345636564
1 -2.19708086494181 0.101223198989205
1 -1.00956158481639 0.248201193241750
-1 0.497345775561087 -0.791012981859918
-1 1.29634744836663 0.581984525940902
-1 3.83586546608229 1.38240550107849
-1 2.00047766425046 0.967825828594489
-1 2.32584575618093 -0.0235930730810208
1 -1.26772028550212 -0.130158516469591
1 -1.23336186144818 0.780388498712151
-1 1.51079451946103 2.01151583905907
-1 1.15161840724689 0.948087621538263
-1 1.17386509362879 0.614653956774205
1 0.456477354136523 -0.783847879041494
-1 1.18731978581607 1.91667491712482
-1 0.658209243487249 1.07590132004078
1 0.0378626126200804 0.591692006376466
-1 2.68137714687765 1.4331830852684
-1 2.51068356031998 0.156365435108467
1 -1.26179629102055 0.669825386380361
1 -1.94277645767018 1.32257824776799
-1 -1.0940501421322 3.18394207343865
-1 2.31126684757801 0.404923700005002
-1 1.74084356893051 1.34866457510701
1 -0.0131323191757370 -0.519205825322474
-1 1.96730708926043 0.736559711305294
1 -0.265599510969216 0.765072467345905
-1 1.3685052206702 2.64770556509469
-1 0.927807715779778 3.37942857334779
-1 0.343758935505436 2.64654164267314
-1 2.39344080197826 2.52352376659119
-1 -0.884479908179657 -0.347479434731174
-1 0.772389702385046 0.571517173961117
1 0.415038647504149 -0.88398146925085
1 -1.85572192868832 -1.35007244919842
-1 1.77507546092711 3.4681774272844
1 -2.33295125309551 -0.723366119683173
1 -0.0499829550787927 0.0690553744911366
1 1.00038725962439 0.249976769363252
-1 1.94953692697911 1.96315184781802
1 -0.385816324926238 0.907861377406833
1 -1.45088325425114 1.37938365032970
-1 2.06707633322144 1.75142520036858
1 0.70254300255093 -0.548597079965587
1 -0.97473820482493 -1.28340030323994
-1 1.31680094995240 2.92130958477188
1 -0.911001304787492 0.744421228406285
1 -0.501983397629183 -1.10160032712804
-1 3.08931439935816 2.58193493741059
1 0.385219372293097 -0.456974081168379
1 -1.20292612060107 0.757442888292439
-1 0.753696961916962 1.52282087518342
1 -0.196244905226242 2.75673850655134
-1 1.83687231361884 0.576425220132283
1 -0.973111047875937 -1.27753113004215
1 -1.20165005220633 -0.886442152507978
-1 2.71002913457239 2.79862631052686
1 -0.764395778709855 0.769997644247629
1 -0.0633342223933258 -1.11640526601015
-1 1.25965154620135 1.63485256277480
1 1.23434364425756 -0.121349171920559
-1 1.21940171366083 0.176558319609292
-1 2.10137153140205 0.754642308381747
-1 -0.800670802721042 0.249941738190153
1 0.385639151705296 -0.49949621879694
-1 2.84573903402148 2.02604049024762
1 0.9073269658494 0.589728257008976
-1 -0.182693909335618 2.56424193268329
-1 2.22118789864577 -0.59416982901178
1 1.08993969018648 -1.43436194442767
-1 1.65608258426533 2.30676808381471
-1 3.30770975845122 2.361717962733
-1 0.694723692882498 1.81574526541787
-1 0.587676443357725 1.05938889307501
-1 3.44954757473658 1.25496340688568
-1 2.52180260568121 2.70019292753087
-1 0.540041037314549 0.0458162566501861
-1 0.133513505898113 0.847372375647366
-1 1.63012118297356 0.525625213096763
-1 -0.106673591860267 4.07000459732557
1 0.903393907001285 -0.218899631555452
1 -0.411082851503356 0.288796583348451
-1 1.60980689703196 1.41871789632261
-1 0.833302775535812 -0.0779561436299518
-1 2.30108517838569 2.04405438630399
1 0.745502591825373 -0.232080104022288
1 -0.5096555297849 1.76462176550104
-1 0.850365036901668 1.01749414858679
1 -0.431633596246892 0.463534603862828
1 0.293500505369615 0.126801257626403
1 -0.402531209678211 -0.90685797511392
1 -0.668108401440484 -0.381962540621905
-1 2.07056261416811 2.0796907410126
1 -1.15791495403249 0.201382297063943
1 -0.324808969901366 0.0433748786457539
1 0.658898501403155 0.247874599251417
1 -1.66025095404216 2.01893150341519
-1 0.817525373478103 2.76522439266619
1 -0.577443118662862 -2.01984493384109
-1 0.131706658568127 2.38329549324342
1 0.186898070420836 0.126747547483217
1 0.702385839653344 1.27682728617876
-1 1.51587958025543 1.06629602446107
1 -1.28249864386363 -0.472147719082587
1 0.884591738500319 0.384251186945833
-1 1.87715196106960 0.804431480691537
-1 2.21802786037003 -0.309354250632826
-1 1.11291981178615 0.429458152153981
1 0.946975602418316 -0.796948880489033
1 1.28516923323371 0.471762070258486
-1 2.56649360305236 0.64106234340369
1 -2.57289881631457 0.294017445640279
1 0.226587753225895 1.29053495999865
1 0.138039253299694 0.650816601409018
-1 1.37492861176879 2.16252128839523
-1 -0.407923164025127 0.557043394324961
-1 2.23001613267906 2.57884260295552
-1 1.87221908411824 0.549802478937061
-1 1.70545319976413 0.146923805148909
1 -0.706585010486753 1.01712504976969
-1 1.02975800897119 2.10619510581548
-1 1.57841987324198 0.614516945700993
-1 2.93019653258766 2.96959781068975
1 1.24220915362431 1.11350757277671
1 0.226007948904571 0.133267661959232
1 1.41444687853803 0.542352228160468
1 0.703759780313692 -1.15262074597932
1 -0.702831449930151 1.60567908121620
-1 1.03656920059287 1.32215944813371
-1 0.936327620899596 0.965684548330442
-1 1.83936731150149 2.18807152938741
1 -0.465460073226132 0.697890510651745
1 0.265610127204682 -0.0319075039565873
1 -0.9819431557534 -1.58590297789911
-1 1.77831164514915 1.72124434284713
1 1.00574641411532 -1.54405223897599
1 -1.56733876661331 -1.70687951955305
-1 0.699327193074612 1.49223914604171
-1 1.29937756364101 1.27669144829429
1 1.49806732973249 1.23308223464932
-1 1.60737597336932 1.06672320434129
-1 0.288797066931207 2.93155734993337
1 0.690392972816405 -0.0997503562411143
1 -0.301935295412745 2.01412152421686
-1 1.15695863921875 1.75954946138714
-1 1.91234002255472 -0.152766898824173
-1 1.54892305764304 1.80208192467523
1 1.47965583505266 1.20693409096902
1 -0.706823279713095 -0.721178501560382
-1 1.86353780192626 0.227470505955113
-1 0.0285270127286745 2.01804613934083
1 -0.349009021595875 -0.384616391771561
1 1.14891288721661 -0.526671873098337
1 1.55999246792104 -0.587024769442841
1 -0.60258142840657 0.78604780613747
-1 2.97093330567449 1.17306145751051
1 -0.44174663270344 1.03091857635146
1 0.799323169750695 -0.835584001898912
-1 2.37538338132931 2.34423271206522
1 -0.0122178565488152 0.176052532017708
1 1.77917624395364 2.11435632679536
1 -0.242920801454136 1.11845646806188
-1 1.64176169637774 -2.24540215006255
-1 0.495891364012175 -0.762323827250415
-1 2.5551242592276 -0.343073056291644
1 -0.0945519997355097 -0.225368088509775
1 0.303675433366708 0.819048356530639
-1 2.26226974843711 1.91799504264613
-1 1.15074539910785 2.18655001876013
-1 0.949133206822278 0.87238120534166
1 -0.578639668930993 -0.137874507343380
-1 1.17279648118296 2.95444127248437
1 -0.784357192508006 0.618143247784607
-1 1.44494783009732 0.706332719963403
1 -0.276240073110318 -0.886830556453668
1 0.190554545832497 0.931081339131855
-1 2.53015381040015 2.20585983905271
1 0.40698042380998 -0.788316497795559
-1 -0.0608536293698958 0.865516643072738
-1 2.5600478571791 -0.968135248628981
-1 1.90285108264069 0.251749614216014
1 1.67012000547685 0.448981395446913
1 1.40920389107296 0.795338134258732
-1 2.67360812273827 0.49830699283655
-1 2.77523300342563 1.32529970612371
1 -2.21291299083424 -0.335753645141337
1 -0.966287108241753 -0.596639216336967
-1 1.34374406526910 -0.751327329771589
1 -0.0368252539536642 -1.27673086636310
-1 1.91148788811394 1.13631985000294
1 0.155927163752985 1.55698454705341
1 -1.03072429709855 -0.235983540720305
-1 2.96102519497288 -1.09843292821641
1 0.362915889790943 1.19184530248245
-1 1.67556020105857 1.20496710504943
-1 1.71886588489212 2.89057862105351
1 -1.27323012621491 -1.63795741987197
1 -0.309330199713845 1.04037759159100
1 -2.32323631209070 0.460100767588471
-1 1.20644762887349 0.481238879665118
1 -0.754615120050853 0.28435610579413
1 -0.599899338823568 0.911590444631864
-1 3.5573393263954 3.34347335138223
1 -1.22449144582134 -0.811860685818949
-1 -1.05793581748469 3.81608949222616
-1 1.45051773326800 2.02961142287569
-1 0.0179299428483999 3.14159408680364
1 0.512982250968006 1.52455369084395
1 0.0483936520344544 -1.57600831814806
-1 2.36216428312887 0.721668021358687
1 -0.367198952465281 -3.42124828002739
1 0.355452823362093 -2.27156200752163
-1 0.982731433420218 1.80072853797398
1 -0.702591687873818 -0.4237161550051
-1 1.51556681642598 -0.0349645225898971
1 -0.680066670090817 1.26913764111221
-1 1.75551074611950 2.75456863836868
1 1.10818690023037 -0.502939389811662
-1 2.46305636079735 1.08383936819243
-1 0.380166004455653 3.83955861568037
1 -1.40850222103810 0.674224185828833
1 -0.0750337375748125 -0.449311077431541
1 -0.641029453912227 0.245117815730366
1 -1.70392622450990 0.363249515546793
-1 2.08095285362205 0.777689274985788
1 0.83952564757972 -1.79210594222568
-1 2.27820783309827 1.67482774784132
1 -0.376277365642712 -0.623442060843314
1 -0.602000379170907 -0.213997758088649
1 1.62081945872000 -0.468733056728787
1 0.419754896140287 0.428637616352706
-1 2.78170043042321 1.71039610140814
-1 0.676561859694701 0.0345933842174995
1 0.909566893728593 -0.79425213141456
1 1.32494629659962 -1.35577865128933
1 -0.725980113230218 0.0159583847404895
1 2.679877098972 -0.647681967846994
-1 2.15419803588157 0.999896398084565
-1 1.18246420422279 1.40072868726808
-1 0.804334053629103 2.26709568552579
-1 1.47597466497822 1.11464789840821
1 0.237739362116513 -0.989018068219038
-1 0.568732158513545 1.15768880534399
1 -0.824325658327806 -1.00717519416482
-1 3.19305840220053 1.99431851553931
-1 2.40491333993355 0.927593762179274
1 0.284781927900793 -1.70537171115083
-1 -0.479802440784934 0.902921662903025
-1 2.85403527317678 2.05213341623020
-1 2.12406623339013 0.678178337664033
1 0.93241131883291 0.932773289061782
1 -0.115795879769548 -0.330422591436339
-1 0.161083867622172 0.868990309649932
-1 1.93462953228650 1.05655033048458
1 -0.361065732042469 -0.316621571050503
-1 0.619666813478947 1.33958457852908
-1 -0.204461984208816 -0.307959864083852
-1 1.14259148753896 1.72602738086186
-1 2.03166261687753 1.75816988184147
-1 1.41162427781763 1.61607605204302
1 -1.78032808465117 0.207000465269229
1 0.234437238691638 -0.331868076900932
1 -0.062636044811798 0.0308252780629497
-1 2.01315180751937 1.67017096516235
1 -0.2143405566596 -0.604071313707359
1 1.54302776922334 0.375324411083941
1 -0.755463914159945 0.222355585649436
-1 2.48309158765704 0.97040786398758
-1 -0.320499833893412 1.64765629193565
-1 -0.0400590327165549 2.94586716109074
-1 1.29538891014213 3.6644781253317
1 0.655858906932781 1.23221669900892
1 1.05817871256915 0.672446530938948
-1 -0.276952081904319 2.94387380382827
1 -1.84804133491606 2.20235298503622
-1 1.13812793376937 0.934570996053688
1 0.419793653355198 -0.54415082674345
-1 2.99318799789025 -0.195303219649998
1 0.391910168384935 -0.104596819926701
1 -1.31640987042181 -0.328600773014776
-1 0.312311450099232 1.34795079952492
1 -1.11945404663659 -0.63314637113581
-1 0.18502792418847 2.00389759253147
1 -0.232391530295891 -0.751565742212577
-1 0.699114953211655 2.34790373038950
1 -1.81976472892754 -0.684295931580861
1 -0.207641892987895 0.556913006942331
1 0.981975970613595 -0.877226303543414
-1 1.40154342486291 0.77746779096725
1 -0.628986674253613 1.33121054028825
1 -0.914092706187502 1.17930809477692
1 -0.893451185245255 1.85873501591538
-1 1.53870678423153 0.382234857100526
1 -1.10008250954688 1.14986123008157
-1 2.44116935145773 1.60077568281777
1 0.208479857584237 0.637033654262155
1 0.420378213178942 0.978452488497253
-1 0.9416694890017 2.18985876955758
-1 0.425317718210179 2.91008395617717
-1 2.36890945121426 1.96576824719364
1 -0.397281818835146 -1.93865837598270
-1 0.0674717715241286 0.827872044025088
1 -0.234961920349311 0.341409992830288
1 -0.0707808004846896 -0.057521485318799
1 1.56865167876425 0.0731406628804175
-1 0.485560130871014 -0.538848848395658
-1 0.201999386989957 -0.169932782766831
-1 2.66623044206876 2.40840929090872
1 -0.423780209542629 -0.0166867649990239
-1 2.76939366291567 1.51878021490933
-1 0.409522013690635 -0.318382037813924
1 0.753901263289959 -1.07260311686669
1 0.152097841261826 -1.22121659028464
-1 0.762975496862846 -0.54056942798522
-1 2.34716914402636 1.23015308359258
-1 2.82541888070931 2.29750936861591
-1 2.13952610599184 3.86334208200012
-1 2.29750735748262 1.36662383437919
-1 1.46709849128966 3.51319642494465
1 -0.261397713303112 -1.95668738517047
1 0.86720920764031 -0.965988879989232
-1 1.12140718002687 2.20562174482003
1 1.54510706153128 -1.05069410341844
-1 2.58126504946638 1.10434130926002
1 0.66640087113755 2.25553345364085
1 1.09137363758297 -1.62332598086505
-1 1.17464291932227 -0.119522094493047
-1 1.02473488417731 1.35086491835457
-1 2.86721855382725 0.801278568003596
-1 1.45984514672468 2.88649541013793
1 0.659351114962782 1.08092528789286
-1 0.719126060517706 1.64124347790456
1 -0.520119415676528 1.31584107978539
1 0.052003409908695 -0.0665227804241681
1 -0.536999808916417 -1.02163983321194
1 1.50905252876685 -0.071716094395955
-1 2.94182440906012 1.52036526733642
1 0.516756530623703 0.673577977855028
1 -0.366848288972163 0.897046181760817
1 1.65654762378366 0.639593342371074
-1 0.136843122849342 1.11366362087284
-1 2.29774119674433 1.00093808993558
1 -0.141438287959630 -0.817531210961997
-1 2.00980436300863 3.13474970724384
-1 0.802556742242675 2.59489577391273
1 1.45156933285942 0.713629008128794
-1 1.56741955082424 2.35170698975202
1 0.27562931267439 0.293252697030969
-1 0.495065883842131 1.83874276432458
-1 1.52040384045742 0.0232515582477824
-1 0.816551164568528 0.582617663021148
1 -0.175878642460371 -0.0305676641463644
-1 0.96072152308479 0.696011000561612
-1 1.10008971645658 0.949354458191828
-1 0.411247772248671 1.83626351640185
-1 1.28258881594965 0.148742000725635
-1 0.748886551973982 1.70001887502325
-1 1.39213503551568 0.808382433630182
-1 0.234401745211785 2.33768628160846
1 0.0934062017494564 2.39615177710666
1 -0.307131321484377 -1.28960535627784
1 -0.744199534552185 -0.871388847562272
1 -0.142487380302517 -0.684140195976346
-1 1.03746075504156 -0.59515140146644
1 -0.493005945697353 -2.06095868029392
1 0.374280432327046 0.170020026074039
-1 -1.23587843841370 2.02222255188538
1 0.701979932453587 -0.382338990466358
1 -0.591323958134367 -0.793895323475387
1 -1.15570156326133 -1.21836979579807
-1 2.13617583993884 3.24241060926074
-1 0.133565041987886 0.713927476466102
-1 1.56321897845205 0.610894190923359
-1 1.82598424250687 3.76964958557297
1 0.822553568977587 0.762531977400636
1 1.44460942889095 2.01973817138348
1 0.647036146725726 1.56500969159955
-1 -0.394408126513043 2.17851574986401
1 6.94355228853688 7.13709880171721
1 7.20346216358962 7.03305796532963
1 7.05050921798357 6.92468568634225
1 6.91818255791158 7.08005172569685
1 7.23115668358734 7.06759696464053
1 6.98493113828045 6.90474175203482
1 7.20768945538842 6.96726875534355
1 7.15505018358177 6.97757673028089
1 7.17289455645765 6.91717191794395
1 7.07860204079539 7.18483556499337
1 6.92020417135276 6.94160997250122
1 7.22229967981687 7.21739639370297
1 7.19210405867569 7.01057683926055
1 7.03754271883019 7.00416567759552
1 7.13864122854482 6.94231546158275
1 7.16365928775447 7.14948936565165
1 7.09777017552226 7.1949559709444
1 7.12655458539281 7.04410843178572
1 7.037981072297 7.01629340150744
1 7.04685966303773 7.12397717798257
1 7.18614318257886 7.19724312091077
1 7.00231446807873 7.188792520994
1 6.84560006694568 7.23675429251938
1 7.05619397966983 6.96758775751144
1 6.9628189339607 6.90851509528168
1 6.9804448210482 6.96802518741561
1 7.24673343254687 7.04191693923126
1 7.07987635361774 6.97447627612426
1 7.0332687753704 7.01028349149157
1 7.03146423481571 7.06188551678168
1 7.04524969343356 7.07079799503128
1 6.88175316602087 7.20280706272126
1 7.20226839136567 7.06598973455636
1 7.19561991080347 6.99897679595796
1 7.02083282588314 7.10215611108336
1 6.99674026358787 7.1217626012436
1 6.88142780823733 7.11706852543778
1 7.17063285989671 7.16858304190206
1 7.16302806872704 7.01082154617181
1 6.99262796613913 7.03864238260249
1 6.9970590270696 7.22638223535356
1 6.99097186998898 7.03593813897
1 6.95040460057142 7.16194535056314
1 7.05692844317429 7.05889618539631
1 7.12715526451337 7.1043894661513
1 7.2294119837955 7.03713069287852
1 7.1068760836511 7.1534830547891
1 7.05006449929491 7.01666657734434
1 7.12036547961093 6.99238180737283
1 7.06410348930243 7.05106636911602
