1 -0.341344297659926 1.03115209755387 -0.116858479801932 0.139348625169454 0.439808908925828
1 -0.44113052112711 0.885007670943212 -1.91588483264760 -0.85997331682043 0.985103787435523
-1 1.49228868891967 2.35404960978981 1.27302006450125 1.90825311985595 1.91195280619681
-1 -0.146994030280101 -0.105268787871701 0.022013005311591 -0.7340393584308 0.736080891914658
-1 -0.47664250556571 0.690761857268397 1.59806974985931 1.02140947118224 0.317574730882812
-1 1.09880438480924 0.3983438927865 0.121564515157430 2.34678359012731 1.91666738565582
1 0.139909661193573 -0.951574559876099 0.973277655493304 0.692459526121353 -1.85441991576024
1 -0.254033214700110 0.509123979529148 -0.322699335168635 0.242862593633323 -1.22052450978066
1 1.39885823992739 -0.922924202443232 -1.89825877565631 -0.375902630824514 0.165338437959185
-1 0.603769597937463 1.02118937979315 1.57176540491376 2.13080675292909 2.61699204969181
-1 0.847546624505188 0.404088933744087 0.321528561889549 -0.0745078411872435 1.43820520792160
1 -0.237073050453099 0.719868278342941 1.18702725646368 0.39579267932188 0.141430985516953
1 0.682407805380748 -0.55880038556807 -0.671980153446568 -1.56641795742811 -0.240036247949174
1 0.426667284104972 -0.575846708570873 -0.147472269887325 -1.12165522667978 -1.17472190434659
-1 0.816061810404653 2.38846095687739 0.243677936522589 1.61336425403294 2.21731706945497
1 0.52967946258873 -2.09604512220600 1.64320988802866 0.0152782623732326 -0.396417345036487
-1 -0.0164961019935842 2.17170285589665 0.79069700061697 -0.15622153016601 0.420595562467296
1 -0.713436774493559 1.66171489914044 0.63205686821351 0.103827940572510 -0.731331790127345
1 -2.01530705145368 0.151958037754985 1.52819448067391 -0.460199257506583 0.480553291957848
1 -0.71332758800813 -0.143282740297002 0.154198583934285 -0.730821239796308 0.477200291666218
-1 0.824503800682021 0.990480019907432 2.09838897146926 1.08392895748019 0.0228544700004472
1 1.54715612770841 -1.74633866168822 -1.09265002154438 0.162570118461063 -1.54128155088484
-1 0.725744424039859 0.62753428673192 1.79563286546221 0.936933757509582 2.23986844994585
1 0.33509960272033 -1.45355616778138 2.10835340746400 0.519061457408999 -1.29048173936596
-1 0.494177245449678 0.302769763975834 1.88640732853143 0.556642219258707 0.0739765482760404
-1 1.5613131626125 -2.05476538793025 2.40436092450976 1.60290210865889 0.626481294754133
-1 0.492253906971739 1.63706616804094 0.75145397237544 2.50032841035316 0.666891956908253
-1 1.70154566853768 1.11556794284517 0.509814709765973 0.251350486698108 0.782378055363602
1 -0.568036080727358 -1.18473398421977 -0.98466350745987 0.583520441349502 0.303929736670167
1 0.39346573349928 0.667515908200933 -0.0845087166890757 0.164114129228806 0.773698724887909
-1 1.12643003915200 2.51490077617190 0.0502565041623074 2.00673200463905 -0.991066077090106
-1 0.799670048694623 0.371979630735416 -0.617678197030762 -0.295089672217847 0.560395188738086
1 -0.529276465429332 0.096592000619471 -0.469869222498078 -0.409726028517594 1.13149086221209
-1 2.20617070452354 0.468169064908748 0.683078685022577 -0.62982107887569 1.81375859317122
1 -0.43354514881322 -1.04177977469183 -0.811602476570349 0.644031834542964 0.995365330244001
-1 -0.569430395947876 1.03741979534728 0.877702336800789 1.30637229473142 0.568910996626914
-1 0.814287556556019 0.287021630847386 0.104274980207539 -2.05698564106276 -1.52768332450306
1 -1.33127562075671 0.457033388229391 -0.167706839208155 1.04121179512523 0.89484882823723
-1 1.9758355587658 0.998547277547547 0.0214835075864901 1.47358330508183 0.00549857711439672
-1 1.91726773934023 0.366786681103284 1.50937444926657 1.82714415474265 0.125248002535291
-1 1.05298562618948 2.30755750051917 1.34787843312172 -0.244770316517592 1.11138650829306
-1 -1.88259335509172 0.518614436890241 1.79804930296268 0.247398236678237 -0.212589832337639
-1 1.41160812958429 0.0656235276301728 -0.380177067730959 1.07478785132018 0.924132263582795
-1 1.51432531228225 1.97251683676977 -0.716572314747093 -0.063742888917731 0.212901711179693
-1 0.448483438451275 2.03648415263519 1.36202212239421 1.96390176727736 -0.148958324036453
-1 -1.19828413950304 0.93779547758046 1.74852601508046 0.762089482320011 2.17467294140227
-1 0.506145861915586 0.975053869711773 3.21391106358151 1.18995270554032 -0.794296680699537
1 -0.506037123229377 -0.693948725674356 -1.26709338391301 1.56639164022841 0.556429216074184
-1 -1.24886978892176 2.00414099816167 0.163604848858845 1.03641516408585 -0.235302668036168
1 -0.123450682046477 -0.942358026151262 -1.28520876937652 -0.874805126871255 -0.478450024029197
-1 1.82926035283663 0.984335781871996 1.80923249158051 0.994949795039732 -0.0297756986793549
-1 0.596661257206684 1.18724189021375 0.970309774487904 2.48854075897833 0.91576759779917
-1 2.07596638771370 0.768478453957557 0.153273936880502 2.27381994086939 0.499898820977329
-1 0.421485107696822 -0.000621521460380525 1.30716836213409 0.857483155478696 0.444209710467632
-1 -0.257500625779186 2.44367891666933 0.0624304453136147 2.76760590389663 0.144862408139383
-1 -0.083909609962776 0.238775396069385 1.20205433225299 0.857167298325659 0.903325341413228
1 -0.353547279822701 -2.13056620425544 -0.977395949582796 -0.0791735373551312 1.18005453532241
1 -0.550242079075484 1.13129479015133 1.16223413983758 0.368717025131119 -0.575685541691536
1 0.504921656423565 -0.527593852602985 -1.02654150767389 0.962506843768034 0.479409551946535
-1 -1.99615399805494 2.20526198632819 0.88833553911748 0.226960052226288 0.893893295770808
-1 0.979987499791083 2.39391544383268 2.31731970264307 0.847785716649735 -0.365124868089983
1 -0.131908457034746 -0.543328085495564 -0.818985567189154 -1.71022073304992 -0.344536552208666
1 -0.90443486005625 -0.443368644807979 -0.932350462878069 -0.191096930913882 1.08991085914378
1 -0.356342760877573 -0.99181936277371 -0.46596368983408 0.0896183482929114 -0.190618145897752
1 0.59576541702857 -1.3383891623512 -1.01788202203485 0.255497437961903 -0.818707028337458
1 -1.74377224286288 0.129124703354855 1.53968003317677 -1.07209953096153 0.237592643534908
-1 -0.684570253414602 1.42198388874211 0.407132274704426 0.984319836687969 1.36566641499886
1 0.420295368896349 -0.449999494474516 0.239136369789796 -0.973387362044784 1.43839691519571
1 2.80912220914180 0.199518462557437 1.38839439586527 1.44533177278984 1.15285286275824
-1 -0.39243200358429 0.518674595014192 1.62782439254849 -0.0677086472701283 0.277129683102254
-1 -0.47432862663571 1.53572664306709 2.71299311461445 0.406937457525671 1.0831929765367
1 -0.461465662650897 0.266133676897106 0.639682654903192 -0.796730422013635 -1.65684879964812
1 1.48648100735542 -0.892269647947372 -1.22283783156879 0.685439387609157 -1.29735844996968
1 0.787223771819779 -0.329043990989653 2.17894544079383 -0.680129496409185 -1.31641994857616
1 -0.811132684029596 -0.61653261846496 0.189110086548341 -0.618113571637858 -0.381714074267264
1 -0.0134201400652098 0.780490784924636 0.913496814080965 0.582028807284149 0.350403613230054
1 -1.06993243785168 0.148494304576819 1.91013687107516 -1.31548705405854 -0.228250751233234
1 -0.133512712721974 1.3814562216834 -0.718468747412662 -1.82684790092729 1.01365883304237
1 0.965371194607323 1.10882986484363 0.302960120983214 -1.20199905627985 -1.66374774490705
1 -0.044302597735078 -0.50800145144176 0.0395240974601998 -1.02509761927912 -0.571823740652824
1 0.990718971112696 -1.22404261657903 -0.983848349080323 0.118101082443799 -2.22497551934728
1 0.344272832810836 0.99130608095579 -0.333810335012555 0.413956535440338 0.829924186019835
-1 1.59312218423836 -1.02984897897468 0.611841410233939 1.72182194294957 2.85818720805592
1 0.225239808208967 -0.671064939814429 0.848924312308659 -1.75384321119803 -1.34391676831316
1 -1.01392134527716 -1.84525372458032 0.370514418815921 -1.28634098278187 1.00459148272818
1 -0.291678663945982 -2.26768714571826 2.34362272615892 1.78177592817649 1.23578636520511
-1 0.952933983133258 -1.81225667592207 0.93458593570113 1.19412736514721 1.23163047998977
-1 1.9191204470729 0.853979212802614 1.17429392644090 1.67831132262695 1.89006908590018
1 0.600078066344681 1.28741689639404 0.877475197148426 -1.27196386848623 0.0338999313475131
-1 0.610090736643128 0.219131818151001 1.15749439044015 1.32925401234524 1.12774816786392
-1 1.06225975008872 0.342204531523266 2.87683392210891 2.36657459539531 1.27888709047897
-1 1.40094751661045 1.35849617860708 -0.0706036463526742 3.33835359874094 2.38534312515349
-1 1.76647385645511 1.23802345242342 1.49625400774606 0.059112143863887 -0.126400654502445
-1 0.18175336326091 1.45442581937754 -0.521867445498071 1.84162314788541 0.592137898337292
-1 0.759741387449156 2.05019813020136 -0.00882430516405719 1.86473030992842 1.75647198452530
1 -1.28415110413837 -1.34824820592958 -0.343562695991947 2.14577085704716 -0.964568642528305
1 -0.91396296406526 1.08226183606315 -1.28262685403814 -0.662570567152666 -0.174055897072876
1 -0.0538926378134451 -0.0225534216637599 0.225542113961063 0.475856802285685 0.317854947853100
1 -2.16374015286040 1.11617838202525 -0.637526073709069 -1.14247965131932 -0.105561634629853
-1 1.51008015910622 1.8686165049651 2.05065196008729 0.299665367909946 0.0631148239133537
-1 1.87696352634753 0.659274935356803 0.506351659676488 1.60613968729068 0.453730550340679
-1 1.38238942197285 -0.226012105936474 -0.163051667696518 -0.248931896852758 1.13341532390079
1 -1.82965921234152 0.429190547165739 -0.837796909584068 0.99689647165112 -2.68145829166518
-1 -0.0725945564836323 -1.19904882530898 1.83549324272779 1.20423114232087 0.865791037388712
-1 0.781820024610707 -0.637430221334962 -0.199791241811381 0.749386725989619 1.47231219993143
1 0.310357788622207 -0.512337197816488 0.155775457932742 -1.5912889765267 -0.607290492252635
1 -0.0334424295745828 -3.00189761188678 -0.015453228478029 -1.04900001583383 -0.58507718381683
-1 -0.603833065311571 1.82623336047966 0.908082010345473 -0.0965028014280325 -0.211344373521792
-1 1.46355548592666 1.18031710473301 1.20445535452753 0.82210868291236 0.213586906031319
1 -0.100434140660153 1.15339945793431 -1.21695951366877 -0.962642308215015 0.624596954641756
-1 1.35332474276580 0.738269601454133 0.344860553914247 2.15430323420201 0.542057269322472
-1 1.26122932549336 4.29115511508252 0.509742618590869 1.58176007065304 1.41326261759692
-1 0.241561848925851 0.745321091859915 1.76084424387479 1.97465192112031 0.00840997577731772
-1 1.85273951384937 2.18705577523471 1.15721613254623 -0.274421550173063 0.701576682243603
1 -0.691178215031197 2.2746625942208 -0.359971066550989 -2.03671459093973 2.78838862141666
1 -1.52525273360765 1.37470891294904 0.280447080203243 -2.28470377511039 0.39019186404162
-1 1.08960679794574 1.34597451806482 1.13464426626146 4.72414188944229 2.55966855855211
1 0.294037893408929 -1.46121256930962 -0.570113983579199 -2.40334302070787 -1.61268554046775
1 -0.871292731421349 1.37801072477329 0.697313764374077 0.459020312116997 1.65803289885688
-1 0.42167826010662 1.36151138018424 0.467141669227854 0.151958572050860 0.711473939463093
-1 1.36230975404178 -0.342123615860347 1.13432882845279 0.822670498110234 1.18674544117899
-1 1.89172715110820 1.70999959746985 3.27742256326377 0.59435795816794 0.586575484847059
1 -0.722503288522725 1.71829857273260 -1.60321294613616 -0.700715410256613 1.00796660540476
1 -2.01646944735722 -0.618615507749058 -2.17406191458487 0.445886518019727 -1.14803524485995
1 0.0843550505761023 -1.77054619407909 -0.323505696212301 -0.149014387837863 1.01628238371501
-1 0.952555579996428 1.03478363598087 -0.758260333559457 2.03904792738502 0.978863400593155
1 0.0132105259063137 0.108884050830969 0.00305912237983774 0.460695376177671 -0.215066557050056
-1 1.07736589931533 0.774896022751977 0.242580850900702 0.653594918559292 0.00470472352731011
-1 0.646844777963171 -1.67878660439988 -0.429887774943514 0.362672881533735 0.463218603672702
1 0.422367082160193 0.922920743920564 0.00152573452958027 -0.856050696483177 -0.209129802845260
1 0.271176918406521 0.0183997083852893 0.207609548348538 -0.562498213082324 -1.15751914336829
-1 0.978060819644444 1.38587752208643 0.136407378473259 2.02531684933831 -0.107913886747669
1 -0.73725003988714 -0.842335621437575 -0.436355730493260 -1.28526308618636 -0.993696453489554
1 0.497612231536852 -0.590764222907348 0.105578318930956 -0.339425923925321 1.51998696594882
1 -0.223706508067182 0.369187485311411 -1.14250611959174 0.072920021383858 0.93480359886213
1 -0.433810718043802 -1.05015503055854 -0.428782644018924 -0.0653633432856921 -0.193414859885368
1 0.262152153133453 -0.672307462576512 0.940382688671098 -1.07673200335570 0.51255347801136
-1 1.61445015428613 1.54823615883085 1.3835947889714 -0.387020415438535 -0.220475387442038
1 0.177644380733395 1.11443462210469 -0.139547393511597 -1.37902793482844 -0.119901313697037
1 -0.304637778042438 -0.341394252799672 -1.01628188214045 -0.192888369192103 0.738948530557326
-1 0.571370647336755 1.12966808532885 0.0780044860226339 0.00699496982585934 1.55283646156295
1 0.195232498300478 0.318390495968815 1.11203982435169 -0.510293922156375 0.390692396395094
-1 0.93160747364127 1.31163376415724 1.4818316698081 1.09810806330670 -0.640113495778467
1 -0.91529611466749 0.812355213549887 1.33179987116327 0.138699156078188 0.260420070277732
1 -0.248862938830701 -0.419844862053225 -0.668473812261847 0.226699463860050 0.489276607202898
1 -0.0442354457331361 0.1720185246852 -0.626793816510309 0.525111133798381 -1.12991613313096
-1 0.455944717337692 1.12955452266566 0.269689080281803 0.642423222079176 -0.153398721798067
1 -0.280374901106162 -0.72647108831405 0.77481089755316 0.180093858990701 0.735234915043897
-1 0.790756818765713 2.00727249810155 0.926172878191416 1.49786181183534 1.84794562949134
-1 0.104277385171280 -0.687294924753625 0.0741959402140442 2.53102746833048 1.43353545018560
-1 2.43534564485908 1.00992304386608 -0.257104308890003 1.11808491758581 0.582844088271044
-1 2.56671976464157 -0.283517785903708 -0.509308836477802 1.56538933751784 3.37159127979746
1 1.03809690310684 -0.633064115675361 -0.669424690996592 -0.57962552998286 -0.101969572269097
-1 1.65238755632676 1.11171844554854 2.15049198691033 1.13856465940177 1.22758802480345
1 0.686048631879773 1.40859924239308 0.828837195368291 0.863987490501432 -0.858510379138051
-1 1.82294110821281 0.677069803953604 1.32052946542048 1.86827388989870 2.18631741351595
-1 1.71010178530833 1.71445461502766 0.849891863387118 0.997030897619686 1.44644878243464
-1 0.759505344464235 0.0585004698397834 1.83518276145968 0.441310959787632 0.878054911284804
1 1.03997523659898 -0.427008939437237 0.874486299856135 -0.909221137920505 0.320706137234278
1 0.411542618511866 -2.90076031427394 0.801104729543326 -0.384500423422248 -1.03546087345943
-1 1.14354226975984 1.62048210047327 -0.146444194161909 1.52528572737969 1.45837966053259
-1 -0.0286325650939012 2.48478657136280 2.46910516684925 -0.0675681240826943 2.38157193128614
1 -0.234873696152867 -1.04110744259934 0.139210042423093 -0.621104433676001 -0.170114792236332
-1 1.09655446157859 2.52115989462119 0.271464190954207 1.61443510751356 -0.616378821173454
-1 0.466976269374626 -0.300949367075185 2.67841332475409 -0.650706455263642 0.0665532210258055
-1 1.41486637594841 -0.327327667304662 1.88737520246953 1.25907075321390 -0.776551693803699
1 -0.17217604918725 0.408676220085621 0.911816879580719 0.283988004424682 0.547150783772907
-1 0.622436391483523 1.60911110183456 0.101351401017803 1.03489754328815 1.40423999287763
-1 0.950671767745571 -0.522396030339135 -0.613981519523917 1.82038857813005 1.42523989222752
-1 1.21059031247106 1.882119807963 -1.15414609641044 0.321395832047018 2.14247241628241
-1 0.806882770073048 1.75494638256835 1.03207052548827 0.257027212167999 -1.46518559510714
1 -1.43151176621841 0.427008100749361 0.135749244226548 -0.538574051438589 -1.09598847508974
1 1.8225128645403 -0.82722759442196 0.445486311099980 -1.25980096823892 0.348023291269519
-1 0.475810565984277 3.14556314052458 0.563471033232251 0.336155156130675 0.70784352451837
-1 -0.197873169512855 1.78379981667311 -0.123519413559499 -1.48348713843735 1.51638074064076
-1 1.06251219414213 -0.964341417586408 1.12763528101600 1.59819205217481 0.322516781244067
1 -0.921437740681395 0.360026000251614 -0.443232661788530 0.193580140400157 -0.0902417523940276
1 -0.618589641765342 -0.5777414332386 -0.0915275034348392 0.471301493254556 0.23878224962676
-1 0.0762230854042365 0.865800560607234 1.50937609307614 0.860447751552314 1.13941026054966
-1 -0.606719492437264 0.00851100172314667 0.355978762522804 2.59457098518726 -0.818340892376238
1 -0.54836258390056 0.223001548784182 0.167504417191277 0.215264892893498 -0.644433092041613
-1 1.20917364945037 0.773581752830887 1.21565867745451 -0.226893051855159 1.02066462897866
1 0.737649779727928 0.800212381022804 0.457507269424845 -0.318017873045697 0.116107543114466
-1 2.78273923849847 0.798734579138481 1.46349251860398 2.5886420099462 2.39846531956372
-1 1.46454727176868 1.28645300562934 -0.136746706742265 2.73349752404746 1.10120718958094
-1 -0.160990751454718 0.569540393573234 0.211441422570215 2.67550097553385 1.15317276211572
-1 2.44652644172532 1.2643119230468 -1.26367930890742 1.17297395160182 -0.0617223423789683
1 -1.13324805504712 -1.90548924721843 0.890982334598555 0.352895306244663 -1.23668132350822
-1 0.283544324268717 1.76814601810744 1.58547040450629 1.73175535730743 3.07357626570690
-1 0.308558212992193 1.00335411230886 0.412008421259958 1.06268766848978 0.509959970313218
1 -0.0818572898945323 -0.339062165294117 -0.82488959752349 0.812349182117768 -1.87289976798253
1 -0.798009890549237 0.0139704542079193 -0.475420666362290 2.00040415236371 -1.05098052759062
1 1.13024341269252 0.48485218906777 0.561276461143501 1.02313111846220 -0.124382256184799
1 0.287674852029889 -2.14380731502132 -0.380066972414923 0.0178945003879053 -0.524714987986692
1 0.965074425844044 0.324413299683147 2.23446314498558 -0.716739746188838 -1.13479763562251
-1 2.60053776455999 0.199112074615595 -0.229851973995663 -0.261723281674293 1.42447777459122
-1 0.743053666171217 0.0698708537409133 1.06601643389089 0.072257853157125 -0.140544302202299
-1 1.34751682494470 1.80207483373895 1.55984830186067 -1.72291286336179 0.985618622307253
1 0.498948557081793 -0.451597662390357 0.00645138585577316 -1.59489207564514 0.82457119222208
1 0.153511188226728 -0.431630755948515 -0.0615699246201752 -2.10666359885360 0.52584501204749
-1 -0.254786978168619 0.90140545708031 0.346201761764257 0.433089863635746 2.34039763168576
1 0.468409297046701 -0.939833101434576 -0.873555685076654 -0.529319473665538 1.28427194571737
-1 1.60046371715234 2.99230139414006 0.59616003706537 2.93999474982482 0.143952285223086
-1 1.31344421056568 0.509721361790036 1.99520086782099 0.44410811577978 1.15172381364236
-1 0.835605571508255 1.44822713057810 0.374814158933757 1.07598964889149 1.06899335910792
-1 -0.0606451127094241 0.579379556043034 0.680208731720392 1.36128877016981 0.632386432756289
-1 1.68834478558461 0.553774252354251 2.99879109004676 0.352801542708894 1.51332822674647
-1 -0.0787118035240093 -0.285172333284568 0.169586838097869 2.36136984064032 1.11236053124681
1 -1.23831267962188 2.49914395341223 1.64962506805793 1.0198630198208 1.33136914788029
-1 0.263564702025750 1.20977111723261 0.322901011532757 0.0688267881475549 1.38578968419938
1 1.06530823953948 -0.0120569594500462 0.917734386380662 0.395052010784556 -0.521650106178495
-1 0.989325945709821 0.294603604818563 -0.300863629542455 0.974052842208482 1.62352715405465
1 1.81187581327342 -1.36313989530770 0.623563135464965 -0.293931918305706 -0.635452911832306
-1 1.67942532749528 1.33339670930336 -0.169734338003619 -0.202641044013525 0.59637755345306
-1 -0.208013204606048 1.1950741028944 -0.198387012851032 -0.7965853838093 2.00677616031307
1 -0.859183834563678 2.13276893259578 0.206787529761500 -0.0759428039399443 -0.0145240567840117
-1 0.401741701738091 1.22953205587853 0.885488875501066 0.219891505093515 0.274966303003461
1 -0.231502674788396 0.675104137511973 0.123832029617812 0.798886673423952 -0.360654112275103
-1 2.23860657630284 -1.30992946946371 0.452506478240037 0.00587889374250472 1.14194069704096
1 1.22609549911839 -0.51621191244062 0.00548320967375549 0.135260338289571 0.407083299802241
1 -1.81433232808526 0.349409330953929 -0.66183025253099 0.647534545398421 -0.268528689277942
-1 -0.165085662939998 -0.411202360177718 1.73268120734342 1.54957634611296 0.254823807067217
1 0.741183444694212 -1.71275992622105 0.0223469721740220 -0.148772122343382 -0.178678185253107
-1 1.60281064819833 0.312408920584480 0.0870193362124267 -0.557651138644392 1.79933672578168
-1 0.432963846548308 0.996133524628835 0.428066337135758 -0.424169747944584 0.79105543477998
1 1.10483030376948 0.9141198090227 -1.33133795275188 -0.126234654965366 0.76702717932395
1 1.68096016151908 -0.408397845819345 0.719647361810996 0.0159710641736158 -0.033516319697071
1 -0.823338155393898 1.41540706913740 0.86217235543115 -1.19613498389469 1.19054200849737
1 -1.02191981002854 -1.05284232475995 -1.50049559940380 -0.956384304739622 0.912146089934278
1 -0.779152444021717 0.547818916767732 0.566531938813522 -1.65993151289738 1.84915249610935
1 -1.69905678861767 -1.12002967443687 -1.08220541179062 -1.5708812906947 -1.98661792444723
-1 -0.291308575215501 -0.616594725577077 2.33421880142105 1.43017915855408 1.79940394362838
1 0.464093606365728 -0.374377435795175 1.00373563867886 0.454071633039887 0.475256252916693
1 -0.755853967952362 -0.92108730984996 -0.0162964075649339 0.467046396913019 0.207541893312107
-1 1.88880440561416 1.82155483652951 -0.454180805965842 2.08219640929945 0.817632295653212
1 -2.21395892867012 -1.35960200480911 -1.07879533844761 1.77848645896046 -0.352517303875857
1 0.449180241502251 -1.71611392913787 -1.16744809544694 -0.914498071536134 0.162641658411034
1 1.23067034361542 -0.875623952075444 1.27471166674393 0.316180887318215 0.490112425356107
-1 0.0318244698081226 -0.216527882893951 0.919831602288856 0.224960323211950 0.381518929211426
1 -0.170184451237558 -0.110373506993538 -0.381379929305608 1.67089663870523 0.112098455446082
-1 1.00545500317537 -0.311561472948832 0.579128508145452 0.59446824849264 1.22626810466359
-1 1.38663716854327 0.552729482019259 0.45748585188739 -0.0835383235711358 2.25243394816698
-1 1.73948604335753 0.195352976962719 0.931688720703294 1.09038367416354 1.73365961292642
-1 2.13062493504033 1.07152291209341 1.70816278067781 1.78628780559974 1.08590018237748
-1 0.460044455876137 2.33143235710857 0.418321086533520 3.66155415304357 -0.473718382184815
-1 0.603778928032274 0.800814380308324 1.64055251639385 1.27051473186499 2.06888400588602
1 0.282101839522184 2.61875096091473 0.894654405244813 1.06899513702435 0.19080712815212
1 0.423917710836346 0.5406891452346 0.119683116192666 0.639401911964894 0.444140118847485
-1 -0.00739498739728317 0.0134258267006133 0.475107569474559 0.769996981403428 0.431126435066178
1 0.745999135430856 -0.186532914385001 -0.0553451823582437 -0.0382569260638309 -1.36107552101586
-1 1.82818862818701 -0.157938062087938 1.20305118904889 1.07520516377730 -0.594606128998273
1 -0.268494296638531 -0.0359148416097059 0.873095955990481 0.738319672613218 0.610211535495157
-1 0.727991009748894 1.92682040840232 1.96790398099865 -0.732874435016395 -0.63188607750802
1 -0.493075220652802 -1.04420550657787 -0.261823056801116 1.00372507614021 -2.49037634775028
-1 1.28095679311044 0.511392461909467 -0.492613583445298 0.882379029015573 1.53012088027731
-1 0.859408281933237 0.928096255114706 0.547508225364422 1.9871803987134 -0.414897086461958
1 1.14623393168089 0.00266312667471687 1.15525317835536 -2.79565213207474 -0.353400333022304
1 2.08841811135189 -1.20485959211568 -0.0327484337864639 -0.045572438008082 -0.0463824841031486
-1 0.413868254920693 1.56646910532323 0.746606449397979 -0.0591131584157781 0.91422788796084
1 -0.925523414454703 0.613446553014244 1.15122226814218 -1.51739405375770 -0.0322304059511006
1 0.214060704813264 -1.35084693831505 -1.62084635657424 0.655793186461178 0.509546107153592
-1 -0.667157620503522 -0.772146762710304 2.37648925826227 -0.228138162575918 1.49420618085658
-1 0.654105319370627 1.78343084491364 -0.425767751500837 -1.22419754235461 1.93959530930769
-1 1.89490202867499 1.65738470677235 2.60347635684825 -0.739383880782193 -0.404023231894642
-1 1.00425324955792 1.40499182175704 1.65463221278880 1.42448833434804 2.05963116291227
-1 -0.0437564974664871 0.241651064753189 0.87650732890196 0.269782139187454 1.11172573646715
-1 1.33054448803685 0.0311942345142094 0.857513895637339 0.86237338081735 0.766223621217349
-1 -0.730533068552403 0.188460796791974 -0.859754018882014 1.32291330663971 1.58689000754597
-1 0.624550536600533 0.89857905645621 1.86102442353061 -0.248972530308303 0.0356406070514779
1 -1.68238482460031 -1.63740111873960 0.131623572712401 -2.03652440080878 -1.15427870926088
1 -0.542909734073289 0.17900253830239 -0.172067068834356 -0.293573089124372 0.279577114573352
-1 0.0228754075873162 1.26669499221097 -0.708027914848136 -0.312484042675570 0.0347651756693351
1 -0.0452317170967417 0.284278087339139 0.674670265614295 -1.56802851298063 -0.0895408195663427
-1 -0.427079187920247 1.64226652622834 1.79578684637354 0.618817300640917 0.791556853390596
1 0.264988981224682 0.384596506206192 -0.333386262855112 -2.32713530699406 -1.40984634356283
-1 1.87677829701268 0.67568584171207 0.226117257196106 0.311722963191690 1.47817145827289
1 2.01313775897678 -0.256939236010642 -0.506763397759512 1.31885539586927 0.582729678912759
-1 1.24943436790384 0.600450111008667 0.157180964249851 1.67244207053972 1.15498766496114
1 -1.84348207850381 0.898162027759736 -0.250697640853564 -0.456072836479001 -0.165003150952635
-1 0.653589366247992 0.944621047783313 1.37091625188053 2.57220747570994 0.117923467085649
-1 -0.0896349491906159 1.76620050324142 1.81813480154096 2.89534504429426 1.64415162653895
-1 0.749779595354681 0.491116915615168 1.39758038229347 2.1129813031815 1.12405017317102
1 1.61857813146767 0.926386643848906 -1.39501035736094 -0.418822927416836 0.409000922633501
-1 1.17592302771161 1.29779375942955 0.0622617091557924 -0.0107217962587957 0.722381275279
1 1.4314464747521 -0.934330139176524 -0.116531815435920 0.44190479425822 -0.563613411761926
1 -0.84158359022163 -0.0351652895687599 -1.25755371310158 0.682830258470227 -0.79755566931437
1 1.60314615356999 -0.533322169223187 -1.74841011659231 -0.714963639844137 -1.34123957616289
-1 2.18862684596844 1.14172623762294 -0.553366559169704 1.11646424250019 0.830624347629131
1 -0.079128644171199 -0.0729610371001524 0.351302895655477 -0.100677994763534 0.117211710187418
1 -0.0792303664188381 0.287547710780209 -0.658375154059383 1.86587839160457 1.87291296995498
-1 -0.554936819772973 1.13166178781683 1.1407745585035 -0.818258275677015 2.45085259293531
-1 -1.06797528209858 1.54482706748183 0.0469480462281885 0.165751384736498 2.91360193209499
-1 1.94695332269736 1.80453049996200 0.671790903566203 -1.92576515723624 -0.140872349417455
-1 1.52175693722462 2.12760936569626 0.56768289383653 1.74958896014571 1.82555060483535
-1 1.8794995500404 0.350597569695017 1.63944199172548 -0.557352463228394 0.737563484004636
1 -0.23062552135601 1.09228830761873 0.168303218225197 -2.06293711399222 -1.62371640616252
1 -1.07836603279692 0.731536805812191 -0.86720006624052 -0.404865739122488 -0.0129708010181468
1 -1.41920392048522 -0.300208724853219 0.00708448170421043 -1.24916269655281 1.44509496181316
-1 1.27331592790154 1.37245522835008 1.00541224449363 1.03856437786592 0.544169521779673
1 -0.0894496053129763 1.17001414673680 0.640594515188766 0.33748012569663 0.567912676746413
1 -0.533007048711433 1.73341024767985 -0.160188261673011 1.48274719289118 0.140284322512774
-1 1.02242993331461 1.90134195989158 1.00585188413883 0.523225042517757 -0.180216637886299
1 0.433452333725893 0.883780555358121 -1.13295225642043 0.929129640341305 2.15751186015545
-1 1.78283006360122 -0.310733625199414 -2.21895115439232 0.424397163877749 1.11483219088501
-1 1.29493699995335 0.615006271234725 -0.0303586718073473 -0.55136456703429 0.673289997629046
-1 0.903875028540194 -0.975875416471475 -0.303714663546567 1.24652848337937 2.58073156168957
1 0.183552541127123 1.62592084930387 -0.445188596651827 -1.15430852830184 -0.2850961010276
-1 0.794612416586615 2.38612395724738 0.131296907886160 -0.450936902356232 1.32620137678302
1 1.65829034102999 0.0993524529911598 0.924796934722916 -0.83457317908471 -0.600393832078992
1 -1.57731006862964 -0.652094306385765 0.130722311242358 -1.83530606827089 -1.10713012146355
-1 1.72533928671523 2.81769816346914 0.487756954933496 2.37473246138036 0.967113346668984
1 -0.458972167273828 1.58567601824014 -0.646891143632419 0.00347325367648392 -0.518935474866131
1 1.11606552829221 0.391063399667636 -0.569010346920545 -0.658014242799199 -0.338452828719252
1 -1.15810002590403 -0.739448454620416 1.25577527146458 0.471833294096686 0.235280550886596
1 -0.170088289043719 0.921512298320135 1.05931584870406 -0.608630147072138 -0.151483316471896
1 0.720024430757629 0.359589150820398 0.272305055955663 0.062937820607326 -0.450759960831954
-1 0.492714095686457 -0.618883668155778 0.596157021587906 1.62758186152647 -0.616021164064491
-1 0.746513014971072 0.126128543756417 2.46378217527420 1.41893034799589 0.508415238056458
1 -1.02997043415053 -0.992095480154802 0.350516386169655 0.0977643941161286 0.0148397629174950
1 0.527136169130914 0.613472247004144 0.207285281425984 0.632759344127192 0.598870004272005
-1 1.20318323139392 2.65668192243145 1.35383569158534 1.02990268945568 0.759847983048358
-1 2.05601518799969 1.51263224925501 -1.18445462829865 1.97758064787940 1.13871842257759
1 -0.240573466414248 -0.0506228585400026 -0.466339460872451 1.52949858162430 -0.938200093178786
-1 -0.0471198242114512 0.205581569925754 2.80513867418175 0.145796255207602 -0.583192113875259
-1 0.0923870277643349 -0.98803372047494 0.300582803698013 1.79716225339271 1.14136547678819
1 1.42851847313369 0.230559817858348 1.14261120689137 0.694266925090936 -0.44226406321818
-1 3.80946168663544 0.617758325612802 1.23593873975521 -0.417564358520162 1.80798922081741
1 2.13034366991414 0.222185281402046 0.447609004091453 -0.0185888810059683 -1.07193906873279
-1 -0.306670202312015 1.23130981924308 1.80290929076051 -0.152163073298145 2.17977623316177
-1 -0.406024978807288 1.60164836422025 -0.57731878818461 1.59532549900877 0.796742550772619
1 -0.209508816035787 -0.352824024503777 -1.08852219768366 -1.00211606158990 -1.91219864149679
-1 0.073160823138575 0.90299361489113 2.63181492613060 2.48386651910013 2.29465980587261
1 -1.22960113834155 0.519899538056605 0.681936787426517 -0.337616922344843 -1.17178425513746
1 0.0576736184124283 -0.0455003646472758 0.653397817230993 0.934693595826704 -0.281185811089513
-1 -1.40516566426573 2.80077715571814 0.756248094973464 -0.393426789784626 1.71130982492579
1 0.322950651389824 0.0368912297592344 1.37588122413043 -0.842495624688671 -1.07388101947738
1 -1.26719830673434 0.0505407001753714 -1.51481928949990 -1.2332565022364 -1.26626408180527
1 -0.878870166870657 1.11897474769867 0.018955657009141 1.46178075069703 -0.110296948978088
-1 2.63401919971643 3.62100936885454 -1.13654258756865 0.868031375398007 -0.338146305149997
1 1.30703355288288 0.40799492366911 0.205339474703043 0.777300160028132 -0.881240347534012
-1 0.902613343827312 1.91539366496740 0.701460307986689 1.57936420178945 3.41503659293231
1 -0.58041006935475 -0.0421358682336172 -0.318617610862503 0.293717448413162 -0.958635909070136
-1 2.9563992015393 -1.42217802831918 0.559608472090011 0.845319791376472 -0.368057261049095
1 -0.307345595764294 -0.966217150558881 0.507739256894498 0.217440017176003 0.126314732176625
1 0.791664706318751 0.75091868017288 -0.431054807564596 0.767733625081213 -0.0589621786693607
1 -0.00824702826785386 -0.349098574242296 -1.36062011461815 -1.12923233491807 1.81671172987839
1 0.298442914251497 -0.774883685553885 0.393802373311862 -2.15309829708576 -0.0125723134648088
-1 1.12276720648683 0.421954801375733 -1.11125283357669 0.920511136022674 0.755203709882135
1 -0.179025354866303 -1.38217255192717 0.00273968367224137 -1.04904062095674 1.61690693556337
1 0.849452212766493 -0.796564922925111 0.727034970608293 0.95576526657744 0.236872968832592
-1 2.40974316204837 1.27955500955466 1.13880326652283 2.02542532273708 0.427324073134129
-1 1.73506799602863 2.53222831749700 0.486744644541489 1.17107632698834 0.490456603607045
1 0.879856049743987 1.04645128396655 0.945084354562511 -0.00739092364116566 -0.861912473312377
-1 -0.187433978114481 1.57125391830405 1.8630740774928 0.694109879334458 -0.19923850486623
-1 0.314046125009983 -0.81232312186505 -0.155401743739299 -0.600629160846015 3.11671086994542
1 1.31493854513669 0.77005689680723 -1.24925243982676 -1.11976236508819 -0.565086476584402
-1 1.19701056568404 -0.288185314348477 0.510351450311924 0.557482869601799 0.852828339757967
1 1.13490983560049 -0.0294600351035202 1.38140341956119 -0.406160219893367 0.162664464209160
-1 -0.417720998033581 0.779133195448148 0.173528538303355 2.06171524854596 0.508438916513714
-1 0.785403643554065 1.38808916913604 -0.147593866042747 1.63997762171937 0.979772340338315
-1 -1.27327762563120 1.36966454515568 3.02048534038573 0.307584757176567 1.39882636024769
1 -2.99349734266971 0.87776087390267 0.192041621539989 -1.91137607533316 -0.276066214831515
1 -0.629893905297087 -0.0792687771174053 -0.368709956096687 1.08012034018048 1.02843107450090
1 0.563825914076468 -0.734221817525072 0.456016979223946 1.23978528269680 0.247569825414144
-1 0.644475670929627 1.34575620031160 1.44119434144938 -1.83389909907173 0.71200177749514
1 -0.239052130709814 -1.18531973571277 -1.25071190079457 -0.494928738729515 0.363331716984975
-1 0.185257686171791 1.79157011967616 1.99408368760490 -0.505620033589788 0.331173333249108
1 -0.335130273841472 2.28704236034560 -0.77022050856879 0.724093532989277 0.809938758887269
-1 1.31956048029119 0.814341759890341 0.310268964808848 -0.281105089741454 -0.810576252931026
-1 0.577268615731869 1.62245883005526 1.27303941972357 -0.619226213816116 -0.778060726647163
1 -0.246378686418477 -0.348231415076171 0.936021162477796 1.18951188187359 -0.257392527102367
1 0.0429486319873664 1.48317091723313 -0.299282746304858 -0.189710868198048 0.91023109359218
-1 0.314903246734779 0.938570337652229 0.723122615695193 -0.10952260363498 2.93713905766976
1 -0.454896004390216 0.642886561634303 -0.758930584880569 0.119158938492973 -0.0678606137362011
1 -0.475174683776128 0.969375142530102 0.973152828637296 -1.00730969966986 0.182717605589877
1 -0.627038223207418 1.59903593443137 -0.259448281883840 1.27173222965811 -0.667524430501455
1 -0.811478759272912 0.81790462100314 -0.282068465482605 1.67691113219788 0.620570279608793
1 -0.564230395469119 -2.166357149973 -0.895392040781067 -1.11851847351209 0.679971170959533
-1 -0.396488694637503 2.21687188667706 0.425288523563697 0.812709772112584 1.34417704517289
1 0.308377703054423 2.19611410714350 -0.130647985559591 -0.276502632352647 0.0154650472511416
1 0.564427323570339 1.05964014373069 1.10243175256432 -0.709680707166917 0.507270807349229
-1 2.72731608414547 2.69700261749453 -1.64733463332872 2.45709996307666 1.35735262929225
-1 1.38021630073516 0.55847768914031 1.3295602079186 1.99650590628595 0.543724429947138
-1 0.338933721776171 1.23411748110320 2.85836420304752 3.12281323855862 1.65661102055254
-1 1.24131892619487 0.85329169339954 0.897253229536386 1.52913146657462 0.889347806953672
-1 0.205732056385309 0.188250647606012 1.89897553222648 -1.13342239818393 1.61990742881149
1 -0.134700786278889 0.102603417742022 -0.564877426942394 1.96082034062388 -0.879266085727118
1 0.651964121419972 2.25870106661733 -0.111708447287079 0.488958950078368 -0.0391653653655361
-1 2.37559539359121 0.305991815645494 0.323107806468564 -0.094960886992539 1.35073961643379
-1 -0.557969418087809 1.55934922933372 1.10716456835464 1.96429573255861 2.45975625882284
-1 0.451844516253472 1.07477817983586 0.97616457955869 -1.15501419831705 1.34386884129552
-1 3.04852219697793 0.00643672887403612 -0.0822014084380381 0.86233249009616 -0.102729816127141
-1 2.72884436373706 3.79150545378932 -0.443973268573461 2.06264863942225 2.62012609872279
1 0.764394125972525 -0.938058199271587 0.0262713410944380 -0.00639859083262939 -0.182621139565173
-1 2.33340678202932 1.00073692638351 -0.443518213004156 0.370153918975288 0.738766250525343
-1 -0.817999884174535 3.29283512660239 2.18854883179323 1.86953898747962 1.76624399690710
-1 0.390904048380888 1.23764455836732 -0.653737533897646 1.57759718382773 1.51563010549075
1 0.440337356935136 0.70797018096797 -0.218953535477507 -0.478882194597571 0.135587337626079
-1 0.30026574004096 0.149257668899555 0.66656672120092 3.11576743963035 1.52842711230752
1 1.711856153912 1.28662324872415 0.339744913257892 -0.195208711994032 -0.326498301935917
-1 1.35940062135030 1.64161920152536 2.34001266496284 0.181750067029543 -0.150096496018192
1 -0.147240816906322 -2.82197480264226 1.3996285765672 -0.885165765076368 0.61574791741667
1 1.72715288503536 -2.30228788653616 -0.0698757731065841 -0.145839054467358 -2.03725987107583
-1 -0.0898239140432211 1.04489271121212 1.71881732978651 -0.222406605334358 -0.23908794281979
1 1.74623359928610 -0.618684766581251 1.15933200383665 0.0801588129340106 -0.916044353105643
1 -2.12347291214688 0.0126760795765734 0.463329907572429 -1.67211839499602 -0.190957017363476
-1 0.302937147515528 1.79172210019863 1.18741217877258 0.596766724690372 2.94182716602422
1 0.65779181438387 0.197401558014264 0.732178194719325 -0.416181900353732 -0.153010089476300
1 0.675123067828753 -0.166753746696576 0.44555756707173 -0.559315036219782 0.300744534213111
1 0.521608418723 0.365081433764558 -0.257705727845858 -0.528395215070358 -0.495200475252534
1 -0.214802061261767 2.30210095410597 1.08188877506446 2.72694109230232 -2.1618107552604
1 0.0719481074319464 0.0984902874503288 0.503886973504377 -0.359090085009821 -0.888869409016566
1 -0.817054153567698 0.363441229992182 1.00816069054385 -1.83266031956814 0.329634903680516
1 -0.42568419537977 -0.0542888824254515 -0.0408531640931551 -0.282712078574101 0.824049976012398
1 -1.35171355238331 1.79169605245497 1.64751337601496 -1.13341907478681 -1.29573825046580
-1 0.980883847513146 2.46300004616141 0.706360451979646 0.33579978865949 0.610984662806092
1 -0.85192157026908 -0.233726236603698 -0.982678871437048 2.02944473428285 1.16726228212613
-1 1.18739521991811 1.22319288702315 0.674122225994749 0.0728452777449167 0.731754208823703
-1 0.73770103641466 -1.19029998833388 -0.0626536862643978 0.213973847369499 -0.687599069241029
-1 0.388209807127398 1.49798198273588 1.47589335629446 0.182798324015190 2.64473533877978
1 -0.0401112205612855 -0.510496290475868 0.643707928769374 0.758996675568615 -0.270328801225018
1 2.27589501929961 -0.508222703609315 0.675938176045825 0.565200086550323 0.0280602842780725
1 1.70545155485622 0.478248117074365 -0.125048446866933 -0.086824953279304 -1.26280807579191
1 -0.937467245734624 -0.436772489917629 0.528369528099604 1.32999943800311 0.3516456415498
1 0.239922279411599 -1.10881640756921 0.413918992196438 -0.32411823786661 0.130030133802853
1 -0.925328379333361 -0.152813711239545 -1.79948836584419 0.774217260600461 0.638683380816014
1 1.36745687881841 0.99913667713881 1.50758205887597 0.84719155256936 1.39137805434393
1 -2.55173324977542 1.61151446794326 0.135055646260257 -1.797561185481 1.03521924562096
1 0.732719483782457 -1.82822110157760 -1.01824172974297 -0.964494887785763 -0.109408166337386
-1 0.759944347407062 3.3112353729709 2.34679768485174 1.71323479314934 2.06058716948647
1 1.72354150884638 0.66342528706895 -0.0646412103275567 1.07016977923320 1.30594295311682
1 -1.84732427225667 0.254213736475261 1.03571181265810 0.253586677699416 0.843238218406844
-1 1.50563020880830 0.8700086763245 0.441377021531456 -0.290161291132341 0.334953784319750
1 -0.388394043768994 -0.943398497961464 -1.27821365443895 0.0150126932587104 -1.74188485692301
1 0.364790685322792 0.424894102265959 -0.500992723627788 0.989978288979628 0.365051863345824
1 0.823809946388733 -1.51869045502210 -0.65213908462765 -0.876972452205487 -1.65966899457807
1 2.57601668288849 -1.82929711795725 0.462536627703659 1.56111888901403 0.733723803918455
-1 0.939181073249613 -0.426037720713263 1.92380366928970 1.57862601636147 -0.0206376502169348
-1 -0.0772354038480562 0.984680285106284 0.280979617035205 0.754944190949611 1.13165590549415
1 -2.13026106283495 -0.69653949244509 -0.202330578263498 1.53114138073397 0.369076697193302
1 -0.0650917116377015 1.38744740121117 -0.282722016951352 0.0809235606541682 1.10328566917318
-1 -0.761243362666084 1.51550113969962 -0.348494000848149 2.15736820148798 1.36962332702220
-1 2.81028120360076 1.85876466481383 1.39186796450961 0.175201475679887 0.802157809581748
1 -0.606309483956249 0.748769327754708 2.96813943031063 1.18748922400135 0.385162732272239
1 -0.602285075671483 -0.595554841022133 0.239778342824363 1.32339767211739 -2.48290559577996
1 1.44811958844104 -1.14322151779813 0.40330042351552 -1.43143466423919 -0.504254970600145
1 0.000447764046662477 -0.0117822766419575 -0.212224045002549 -1.08104561732162 -2.24493056594644
-1 1.03674255501042 0.962777181232106 1.65378119294663 -0.107486326876512 1.36493366082916
-1 1.26756239616957 0.56635323664513 2.44228376590609 -0.510785357180105 -1.80169638395019
1 0.0634394222038208 0.264037588574933 1.41453204335283 -1.02795582927850 -1.08119079281079
-1 -0.813918470490878 1.57712305565679 1.01362696753793 0.484409382763407 1.25809878383745
-1 0.739896562527069 1.70543204218503 2.63719343459307 1.43886256347651 1.46289407247937
1 -0.078344600366685 -0.845717395903904 0.141489953136693 0.516931296060854 0.658381290727344
-1 1.06167841204128 1.09455057088248 2.27425203251267 0.105673064982436 0.862997406851357
-1 1.80463271022708 3.48677711804905 -0.316643181995245 1.58149052640047 0.690284227578924
1 2.46699770813111 0.127812507124226 -0.116965993862359 0.401414812932948 0.621010465971481
-1 0.533723495497611 -1.33661186861884 1.54219778263125 3.02981656279218 1.08017436677788
-1 -0.0306215242866229 1.03039323769699 1.99122883324683 0.231413377392734 1.35202519986026
1 -0.122385586439134 0.732489872769787 -0.73000742403247 -1.77815755529109 -0.54330900662922
1 0.651217552578511 -1.03901139904754 0.386467333920081 -0.383315162813409 -0.780724706430052
-1 -0.343025658137585 -0.597355872459731 1.66453892953584 1.86788314743737 -1.07648289043726
-1 0.807851767103274 1.48606640599452 0.209020949028267 -0.0160279767542821 1.00894749231382
-1 0.158729148401575 1.56570752666624 0.480186375746577 1.64004130025231 -0.153991455413671
-1 0.307667366169642 -0.0645323600290496 1.55351749965945 1.19778476703941 0.518725036178116
1 0.0109609716905163 -1.37571042205393 -0.732331793663371 -0.290219051491472 -0.714073224410712
-1 2.00842043272723 -0.809953825427803 1.11555247755876 -0.590881413096064 1.47024858194924
-1 1.85692489480754 -0.0613595489284824 1.58007136351668 1.32827371391781 -0.00904564319266832
-1 0.810777371090858 1.00779692056884 -0.95674543332892 0.874492428056068 1.78642459115013
-1 -0.449188011262599 0.869993400394371 -0.0617605194573567 1.86855735990283 1.37702699206332
-1 1.30571254560452 1.56221565737390 0.0277560195432998 1.21480948387322 0.202577465236534
1 -1.54721229120247 -1.42983987671863 0.700985583170078 1.54832198643843 -1.40371052126749
1 -0.213308602737317 -0.140085953998274 -0.487446110356678 0.976008218109225 -0.242376750522226
-1 -0.0775721917295614 2.76517344009771 1.51224500049638 0.102601827143054 2.98868977934915
-1 0.238386229789006 0.724750599285825 1.62976731714403 -0.700200976785748 0.190847338483162
-1 0.794924161689601 1.6581152178149 -0.666590338856021 0.176068465132129 0.451555562738310
-1 4.24443597735684 1.50462660486261 0.970839876146097 0.0578397724975551 -0.122082499060488
-1 0.332685136864047 -1.87322689042604 2.08888847758506 0.922791542889554 0.828740713960375
-1 1.09522366718260 -1.66321879208298 0.842786107164735 -0.180682677573651 0.427512187993564
-1 1.81002026012979 0.743876489135714 2.72438185713703 0.739976606067593 -0.190556648437229
1 -0.070865298938097 0.102112291868075 -0.34870168521583 -0.0303311172545982 -0.552330452469873
-1 1.32277642202693 1.62355986660081 0.731077145023533 0.957264048814948 -0.310927247353536
1 -1.03930120213607 -0.71072180012466 0.260647378747369 0.873360103286201 0.185524766771626
1 1.54856396427316 0.489649050156496 0.911585330601769 0.138884955358721 -0.325072991928132
-1 2.03528458582625 2.22175461592739 0.256780765382129 2.73812567603138 2.19093997910173
1 0.70919300034697 -0.623080945701964 1.18791347603172 0.327834418796434 1.06442295288758
-1 -0.230621471139636 0.78082394896192 1.04217645549584 1.34766132526045 0.663601974832873
-1 0.273559810692386 2.06717337539638 1.37849604729062 0.264246602345223 1.93055017623249
1 0.85838436442835 -0.0144532592126311 1.04121426626644 0.884414645997347 -0.897412526228307
-1 1.57654792113648 1.17835428967927 -0.102712030942322 -0.276049961510818 -0.424654868301078
1 0.534980384021108 -0.404657637507713 -0.730380570959657 -0.485740636769964 0.5905594529277
1 0.864067131554878 -1.87459537268871 -1.22919241557025 1.13127940110755 0.505209887383004
1 -1.75444871012808 -0.596021192462157 0.881270894330715 -2.04205864576353 -0.676551948462368
1 -0.451553853994338 1.49102219547178 -0.546258367746807 -0.922655656088582 -0.642490247276213
-1 1.66465897966628 2.04664648531396 0.367750804396199 -0.764424261867062 2.54394029865943
-1 0.152149918437439 1.94600770081681 1.98249030355693 -0.692048516856411 2.25740496087443
-1 1.37484078500707 1.00619774734644 -0.139654620797342 1.06701163083365 2.28051505144636
-1 0.434084288851731 0.638666456333404 0.49896507595789 0.956951367401724 -0.282961725511320
1 0.239341360983831 -0.997727445825605 0.467859849871438 -0.0498748383509553 -0.0221444338596802
1 1.00951372213107 1.06083778045938 -1.68605486954900 -0.56968856833365 1.03191281599178
-1 -0.649085987570596 1.07241376485072 1.35109124052773 -0.510393154910634 1.75188719487634
