500
2
-1 2.74984758956583 0.71124436916715
1 -2.14784699894006 2.2838710379966
-1 0.564549725045529 1.99432354398256
1 -0.197994367891690 0.818539066133388
-1 0.422106635683142 0.521203317273896
-1 2.24565387568714 2.65371828096122
-1 0.715430701080272 2.43380580221269
-1 -0.084686575009349 0.966055045094398
1 -1.88479107092057 0.487603859970542
-1 3.25784157970285 1.72732174328056
-1 1.49424681828788 2.30215122880195
1 -2.101012387414 0.324911005969228
1 0.645666961868326 1.16462392373367
1 0.453226144806675 0.905482566130387
-1 2.15889562758966 1.33514875892309
-1 2.98713915713893 1.26578422189327
-1 0.741629021529244 2.16399012332551
1 -1.30741806535504 -0.321051472215983
1 -0.188525671420561 1.86427747054541
-1 1.13482667529806 2.71621321858600
1 -1.54363858778763 0.898599312671368
-1 0.112558993300517 1.88834223024688
1 -0.08521727218934 -1.35307879404511
1 -1.96764067980894 -1.39541885640445
1 -0.440745365934898 0.369111681053922
1 0.741293703958546 0.113746902657856
1 -0.397530978847103 -0.407383530736376
1 0.219848942754072 0.931820099139012
-1 2.37137910927593 1.69906374036712
1 -1.06835031803061 -0.0124214959070049
1 -0.776849469908836 0.152515281917531
-1 0.985260789580937 -0.0749335950926355
-1 1.32788176748431 1.33899225686195
-1 2.36102294113866 1.69955178714425
1 0.332999685140974 -1.45011375266834
-1 2.83804276176410 0.101904645722144
1 0.244393636307120 -1.5190446855328
1 0.866878812902835 1.36515674904097
1 1.54096609750824 1.16425574326914
1 -1.92197524847441 -0.597900713438147
-1 1.48051587205101 3.01072045715837
-1 0.831473111638629 1.16286878362853
1 0.971691307874684 -0.198132073102149
1 -0.323241709096635 1.0131645415806
1 0.869338578132041 -0.266441467930863
-1 -0.126824786537054 1.03855888475951
-1 1.07821667216345 0.3560999181264
-1 3.39460274700513 3.65450863785597
-1 1.03007581339389 1.72503658023339
-1 1.83541258572355 0.667191263974153
-1 0.311848846390603 1.51234307346929
1 1.38301722374277 0.795540968158501
-1 1.77747423667143 1.83770201015190
-1 1.89586315457837 1.73036997482586
1 -1.99965342470060 0.723803810261033
1 -0.594866903367584 0.293212572428563
-1 1.27978821976824 2.89367788607591
1 2.06040799130262 -2.66485711529996
1 0.84314943685108 0.0145719014267627
-1 2.30648412802433 1.51366535333061
1 0.866897567373346 -0.878962172175078
-1 1.80225329021417 2.00612877442213
1 -0.21748839202515 0.334475306476777
1 -1.62233001856344 -0.855131457687504
1 -1.18398899752390 0.73794255340756
-1 0.964762902750657 1.59569978204474
1 -1.25144786816674 1.19442552015157
1 -0.981937385572148 0.904346685227237
-1 1.59090952013142 1.83730234843409
1 0.320567547531701 -0.691842864315312
-1 1.59176765987752 -0.266609154224147
-1 1.20320731846677 2.12297135700730
-1 1.95610977796741 2.49203012361374
1 0.0101905456125328 1.06941973990800
1 -0.274585935924969 -0.526595137805861
-1 -0.613696340577653 0.450554950333139
1 2.15762012292447 0.693886785701492
1 -0.208383651045581 -0.340580640886068
-1 2.04859479260266 2.35846982375731
1 0.616855236500682 2.1132427206623
-1 1.19637567595727 0.258977082982771
1 -0.0206992706719153 -1.21070764050524
1 0.72712497852305 1.26151129355205
1 0.997209035866162 -1.41392419436407
-1 0.193753343724631 3.01880976635006
1 -0.715905105653512 -0.266252496932437
1 0.437767735376974 -0.0245510155531977
-1 1.77360561733006 2.82338067319219
1 0.714237071205841 -1.21120677134057
1 -1.63438561949907 1.27260373999399
1 0.943330863440118 -0.708528183836956
1 -0.670008133683677 1.72479873520554
1 0.801900129353196 -1.79830889251237
1 -0.979331085173749 0.606124210180597
-1 3.08658747550409 1.31712087416687
1 -0.438175803380622 1.03763498116506
1 0.244279573350063 -0.179022652388311
1 0.521737227792922 0.472138690783884
-1 2.81666497097936 3.01022669311867
1 1.08773029849974 -1.44157897155863
1 0.490454864276415 0.123229634409474
-1 1.03817883112246 1.15846995307078
1 -0.532499826964501 -0.129246126745841
1 1.65100429485802 0.321833666957928
1 0.458564547027815 -1.65462569982890
-1 2.39603605331542 1.12276576137911
-1 -0.469898965724285 1.27739411425721
1 1.07344796655639 -0.865251655380916
-1 1.26243832856698 1.60304154507308
-1 1.10375748193555 1.44196368856314
-1 2.4741804230752 1.33147366101844
1 -0.451469175238285 1.28137759813331
1 2.32677675327037 -0.0249737499084195
-1 1.70044903366017 0.854528506262269
-1 0.829899778784968 2.24203908398802
1 -0.0947350059902271 -1.50781170831895
1 0.230996098455216 -0.83067841706903
-1 -1.07886240988321 0.111585217307737
-1 1.90777073992829 2.90450103959966
1 0.257800943300953 1.53101469814351
1 0.45114962120348 -1.66829144717004
1 0.177322166124092 1.09466174016347
1 0.211274165212696 -0.663157386369156
-1 2.07484451123205 0.98784091742356
-1 1.95161907260774 1.74911031499391
-1 1.47204577721407 2.28794345074271
-1 0.645546460792809 1.54780534582721
1 -0.754998800394605 1.34536757017690
-1 0.832001666920384 0.948324324853042
1 0.279945918880785 -0.98206215930976
-1 3.57164934144401 0.0705734680363557
1 -1.39153676798900 -0.499265345418946
-1 1.96734730834544 3.43350625177335
1 -0.485917123880158 0.839333874762549
1 1.04055112856132 -1.53497000412659
1 0.560165097526082 -0.724432454121416
-1 1.11182049564313 2.41174072242148
1 1.05864506428126 -0.566874211458243
-1 0.418205511614889 2.83599431223578
1 0.335633842945436 -0.774400834509674
-1 0.450648475834576 2.09551921342996
-1 -1.04303981833444 0.242884806907427
1 -0.640192461636133 -0.36651368950925
-1 0.322442570191527 1.28969187650863
-1 0.210103057034364 0.0291461539023312
-1 2.03259754324275 1.20155729084979
-1 0.315014512346446 0.565416971693723
-1 1.46492758338699 1.39703993523348
1 -1.03749325116145 1.10173059626659
1 -0.429370063903599 1.53757196880448
1 -0.263402663432939 0.295113108323685
1 -0.734333955429707 0.988254776181452
1 -0.684552663547532 0.807437496331439
1 0.30828826421019 -0.177361277095372
1 -1.57992646698504 1.74152476045838
1 -0.346586731678745 -0.68338798327383
1 -0.947089313714774 -0.721575497830595
1 -0.715782849399517 -0.0921289905603906
-1 0.535376476675214 1.19136045762066
1 0.104435748340144 1.51059658335120
-1 2.49542229080953 1.92801532728296
1 -0.284307513373734 -1.40493387993674
1 0.61958092400117 1.34540466780352
-1 1.55906199682064 1.74051579442468
1 -1.99638954442198 -0.938218811853022
-1 0.0983463556414759 2.70296967220895
-1 2.53150252387919 0.356010458000814
-1 1.49046617524040 0.930518714919267
1 -0.0168601947253647 -0.682064662330038
1 1.07457511997012 1.41437219387331
1 -0.62408910659886 0.595096635490994
-1 0.774907899731086 0.101624769498035
1 -0.194651606772194 0.166196997526337
1 1.65231837240719 -0.710945132935065
1 0.106719896176033 -0.332295257403734
1 -0.455927270839652 0.153074121722096
-1 1.59272392925386 0.0869354867062835
1 0.437084155906334 0.407253802179212
-1 1.42586104171248 1.34742680704976
-1 0.0122047638802310 1.21524940557466
-1 1.76008083434491 0.851178619995044
-1 -0.375967552558192 2.21237873681130
1 1.57155051064395 -0.385646145954123
1 -0.729856672602474 0.0609964223297581
-1 1.49082440827726 2.03841564048378
-1 -0.00435512592817999 1.01400652423334
-1 2.89349398807888 0.217497789436498
-1 1.57291540840568 2.94734659738281
1 0.386937425493483 1.31108018979116
1 0.366480365468151 2.15872676590343
1 -0.351596444864591 0.160308549852816
1 0.498485525672103 1.06697226203077
1 -0.558439374334771 0.962125349076607
1 -0.0622829354909803 0.427503197927742
1 -1.04864941375590 -1.00907209678150
1 -1.40270854155908 1.23013617755619
-1 1.64423459791139 1.64235609133456
-1 4.07673530718972 1.46901953010657
-1 1.54911533191827 0.776722668944349
-1 0.336454952972141 0.786591154251297
1 -1.49918949921836 -0.0246218750800098
-1 2.47283020465381 -0.278702554374786
1 -1.38270762468602 -0.409967988837441
-1 1.53661262332111 2.03318535903157
1 1.01829966029571 -0.167286684912227
1 2.00771801406167 0.190826851060016
1 -1.38682835419729 1.65863264865384
1 -0.334340050427165 -0.133363316000473
-1 1.01784876967203 -0.073299021937026
-1 1.83703834543609 2.79704912856521
-1 0.450230920565391 0.628418981088946
1 0.747533484004421 0.612088491285325
1 -0.477162159482952 1.45548710389168
1 0.071397193550705 -0.357466075461583
1 -0.350096922234020 -1.57731318452180
-1 2.32165919328527 -0.374107073634744
1 0.125081832605843 -1.68983996687902
-1 1.87034387023668 1.28367252839557
1 0.615305673481239 1.20183605702003
1 -1.62524497466990 2.16529211947957
1 -1.95874006956506 0.374732108489329
-1 2.13192527180856 1.49205452930677
-1 -0.510474109772564 0.903796741438976
-1 2.65483217219745 2.67000967394813
1 -1.66335429998612 1.16913879741576
1 0.369671486300425 0.510654969194851
1 -0.614542035573941 -1.04311011417132
-1 -0.0662211809524735 0.545213953965655
1 0.514081614711742 0.0536559805024819
1 -1.42146244275067 -2.43634131468115
-1 1.02645260200256 -0.705518004942232
1 -0.159708283766933 0.807715507702486
-1 1.06587801783366 3.22202008334495
1 0.00996130214994572 -0.341068121369501
-1 0.512274029826756 0.560220427541165
1 -1.48203684703035 -0.531136725253013
1 0.698988613022364 0.0200461411882072
1 1.27018994465360 -2.27557992703777
-1 2.23302111575176 2.84378387209212
-1 2.51414973017604 0.71393265723762
-1 2.37593462568088 0.61543683182601
-1 2.73061509660321 1.75700399274666
-1 1.56950313301188 1.81564033894735
-1 0.84257791873455 0.144757500561391
-1 0.305735380444687 1.54705099003114
1 1.19322145565999 -1.73923182174455
-1 0.561738851493615 1.59243397215041
1 1.5360422833853 -0.805488197241084
-1 1.52120658485752 0.529700270448642
1 -0.552254730273948 -0.21049324847753
1 0.232378538784113 -0.560750250781417
-1 2.38656521307979 2.07108784384029
1 -0.238448789937553 -1.42707100017054
-1 1.84310569485855 0.97406948455152
1 -0.00490804545359902 -0.177853336898398
1 -0.930275382085341 0.234756694936168
-1 2.67436948363325 0.975312009806353
1 -0.41598884004597 0.641546927429189
1 0.703743655453624 0.656282153424822
1 -1.08813448420192 0.407560937077891
1 -0.247482264316998 1.11591620140814
-1 0.636786721873102 1.17845313184250
1 1.16464150195001 -0.393638542740909
1 -0.975718672099083 -0.599769968342207
-1 1.30475620738168 1.12608948311473
-1 0.44798457221941 1.49872657747712
-1 0.618932032156673 0.244150390635968
-1 -0.516652921450298 1.6778687158949
-1 2.38624904304959 0.530527479994274
-1 -0.790104807140386 -0.174895299104431
1 0.496029347909398 0.0504809093834642
-1 1.24171741446943 0.370905279746479
-1 1.45094596181801 1.08960999096129
1 -0.597932321383128 -1.55102543231597
-1 -0.788107986476095 2.9358015856919
-1 0.262877858127724 1.55647147725819
-1 2.09894743776555 0.277781059639789
-1 2.47369054573582 0.480078788463535
-1 0.932637945614296 2.52246668761064
-1 1.44114219385413 2.0157997517838
1 0.0057329006876362 0.735034415936475
1 -0.266482809324312 2.14580839627931
1 -2.01959658979789 -0.556810723237542
1 0.648312818520397 0.305722274707253
1 0.879247423066927 -1.92424227322679
1 -0.567486192337748 -0.597325877876116
1 0.95699632825032 0.777153794019867
-1 0.192886964485502 1.48990410401241
-1 0.573312574689532 3.23209006159577
1 -0.291480195141529 -0.95005085571538
-1 1.21458434779326 3.30287459820300
1 -0.436728767786072 0.825762310750608
-1 -0.0874142461271419 0.0782886357790622
1 0.497475351648599 -0.563643842497629
1 2.49736394948096 1.59071161561352
1 0.271572126679770 -0.893126575531803
1 -0.60295242755332 0.134750066294384
1 1.11729160553106 0.166144740440168
1 0.738592642054263 -1.19141372128693
-1 0.713389883624492 2.19128764835570
1 0.524619687136501 1.89869675538478
1 1.20020439135998 -0.820808358757615
1 0.481732363183364 0.42683618200999
1 0.858121335619176 -0.083254094663466
1 -0.141782614226919 -1.36875669483261
1 -0.293897605214912 0.500979984925884
-1 2.40918929997825 -0.180485840774998
1 -0.288737401155305 -0.959686426999871
-1 2.11842661640402 1.51445118896949
-1 -1.18378687204421 1.62988925671953
1 -0.671955585831625 -0.642104569889753
1 1.70035724719320 -0.497290516908077
1 -0.394195296768616 0.000477786400041395
1 -0.719479816065776 0.676602230864704
1 -0.85765945419084 -1.03523692195744
-1 3.16554165316142 1.73830664177797
-1 1.23638035021323 1.55586623144265
1 0.507824855710305 -0.895867209020952
1 1.08808477903568 -0.883213170497372
-1 3.26297703271668 1.1654732846839
-1 0.865645610153217 1.10093547132410
1 0.283172452276687 -0.141375281798286
1 0.817680634724937 -0.0179341019429586
-1 0.771136910996777 3.558766607389
1 -0.27535845779537 -0.097214021910462
-1 0.0899777983752745 1.6996860734287
-1 2.65066075831981 -0.59707656506884
1 2.17888822067518 -1.45079958969570
1 -0.633016513061037 -2.41372830145328
1 0.906013028700129 -0.68759407425032
-1 1.21582837339939 3.08640859632239
1 -0.747091389194607 -1.63138226596720
1 0.147303952621735 -0.0559062146831468
-1 1.98286083407619 0.0304428143086146
1 -0.769942920198026 -1.67291829514841
-1 1.96339471398457 1.33778277103175
1 -0.601464861344142 -1.08724236016322
1 0.00298433684866759 -0.0469100168228932
1 -1.33799264366838 -0.445611561694166
-1 0.0985475180628839 0.829278308264637
1 -0.64234546648695 -0.626742465846051
-1 0.303434238268580 2.76362893823512
-1 2.26514920548255 0.491605663620958
1 -0.754638599451324 -0.638145261189219
1 -1.24169173087651 0.246919974911549
1 -0.771488183280602 0.41460525121561
1 1.06753129709975 -1.03168795195304
-1 1.71174593338783 1.33202799416008
1 1.06271122536210 0.652220815287124
1 0.222167416311392 -0.815098577750198
1 1.23125210409075 0.734142467333171
-1 2.99169266889308 2.85817612275611
-1 2.38269183315905 2.70971996073031
1 1.65100318499167 1.32174463519837
-1 0.834961649040333 3.50589415045803
1 0.596502196951956 -0.381273095931292
-1 1.4273079767265 1.74454424267973
-1 1.40012449698955 2.65136636987214
-1 2.09456142508845 1.44296055783617
-1 0.82302375265669 1.85908592448812
-1 2.32919328686418 0.852844253592883
-1 2.42675281144503 2.52790930331977
1 -1.06360522868357 0.55647370446183
1 0.365701972549242 -0.575415221103175
1 0.921704114881156 0.253528882034930
1 0.405916715346768 1.40896376284305
1 -0.384722374365809 -0.114597197642541
-1 0.564467709659118 1.69481865316988
-1 1.52553501594830 2.64156447442251
-1 0.150301666698366 0.0769879131520625
-1 0.958258458204786 0.823374782984943
1 1.08493085263499 0.892167034918966
1 -0.0517043832488959 1.45502682045635
-1 2.09212021425701 1.65348892118517
-1 2.64090734398238 1.10353248399253
-1 2.35178223529372 0.472401920036427
-1 1.64832740952081 1.51832352779202
-1 2.62653193286538 1.34746112655121
-1 1.29392158571877 1.79865250491931
1 -0.57621826853766 -0.741032754676771
-1 2.76010876908751 0.571846173128245
1 0.348981700412598 0.719481877071715
1 -0.569172409911047 0.750504102405849
-1 3.31068306616170 1.00836571300817
1 1.10207431144766 0.131151304632411
-1 2.76588242877059 1.95025875961972
1 -0.100040097015775 -0.266728981871514
1 -0.575403503047605 -1.62703533043570
-1 2.17869080585239 2.34570919748627
-1 0.201810805204397 0.22036618525182
1 0.0849474022372863 1.95495532839154
-1 1.88753468241321 -0.670006950960227
1 0.295642886200834 -0.0155049903400071
1 0.275032840102771 0.713152359177461
1 -0.376430732904680 -0.140898042875822
1 -0.394844676057799 -0.821340926223758
1 1.30547282709272 0.205059681586546
-1 1.65254870172711 1.39555332299014
-1 2.22901790950112 0.664648008597955
1 0.107080140020701 0.567513904540251
-1 2.87020620758114 2.81293749294370
1 0.653104810945529 0.52379237092842
-1 3.5922103448498 3.13973685505145
1 0.31190576512199 -0.404920721778366
1 -0.977937817215638 0.63446381617891
-1 2.29397779950859 2.38642072986401
-1 1.41696568177114 0.311805924899869
-1 0.636781909424185 2.76034140243331
-1 0.499497836612493 0.537570272419334
1 0.133747407189672 2.26220875062575
-1 1.82495682474254 1.38172208768359
-1 1.55060885663786 0.355741251633192
1 0.999665095284953 0.805829469490698
-1 0.496009118892629 2.58227576152855
1 -1.73508400685111 -1.11684413324466
1 -0.102770194267699 -1.31688219250892
-1 2.52606845818881 -0.079534118499909
1 0.79480371506462 0.837232605939385
-1 3.47631168596966 1.30824961879881
-1 2.25313031634761 0.86109088532794
1 -0.505985137543365 0.143779238709499
-1 3.12048306334765 1.7737196855432
-1 -1.18462709988984 2.20670889152984
-1 3.11203301079451 2.17266200401287
-1 0.106583582112017 2.91602441578636
1 -0.161835245556556 1.99716204840638
-1 1.72106097147422 2.83637495594827
1 0.62712923738698 -0.67470787918096
1 0.239517835513829 0.180184504822737
-1 0.218916454050340 2.22500370672123
1 1.22569133960749 0.106874729688297
1 0.0843450330649906 -0.274976513452142
-1 2.72057338427722 1.51473003576578
1 -1.11302449230871 1.31491570849474
1 -1.32967851874594 0.357924357874753
-1 1.32402949120650 0.463824610722938
1 0.252546275522905 1.91475760566259
-1 1.26601830028330 0.611591662866703
1 -0.132598464350035 -0.367979079115355
-1 0.396495160468586 2.92667146364247
1 0.96306766463271 -0.95564937169921
-1 2.14669283997708 1.50492929781815
-1 2.88780794187995 2.25234636266059
1 -0.0746855236857178 -1.41080422987939
1 -1.24043273261173 1.22619658633484
1 -0.196534211666973 0.188100737907537
1 -1.31476157779981 1.85526002621139
-1 1.99726533292085 2.48971839194634
1 1.75575688166899 -0.476930841904688
1 -0.579613675788779 -1.10317706236956
1 -9.01945220221254 -12.2376318153050
1 -6.52973831856948 0.375509120399912
1 22.4289840181769 -23.1456548775558
1 5.26674197966882 2.09477031262665
1 -1.34202668105249 -13.9012830633137
1 13.0311625250586 9.00215594512127
1 -2.37704048484501 -17.8911499417864
1 2.4298775142571 -6.89242437638915
1 6.78250545086052 8.5296369630002
1 -5.35033178069933 2.95937236611056
1 -6.35397838745442 12.2138070586562
1 12.7743554627962 9.16085050735821
1 11.2315741017022 -4.08921574150068
1 -9.72484302820682 20.5323999527484
1 -3.72263490410551 -4.09995993767066
1 -0.231745346580206 15.3525380942628
1 -5.450528655229 16.2832186202508
1 -18.3771345107400 -4.32884842895926
1 -4.02940770979068 2.35366303888226
1 13.2188107941394 -4.61364089678427
1 -7.92000135870415 0.124630554540319
1 7.73762356682212 -11.6032344968336
1 13.4161851271313 7.10308264088877
1 -1.05241169550961 2.06894740281289
1 4.54495967882838 6.85000316029777
-1 -7.80459863724992 22.3600509595775
-1 21.5087064499693 -1.12110628315111
-1 -2.86884249169585 -3.00760471705324
-1 3.77019728664278 -2.62528178539460
-1 -9.18557055410414 1.01265236748281
-1 -4.85727980429758 9.27575488257298
-1 7.56953052777926 13.0632206370024
-1 3.79785536690829 -9.28179159753936
-1 15.0236522422953 1.45040214867644
-1 24.2713634900996 16.2872983481203
-1 -0.257276553034137 6.2550268054363
-1 -4.4942237071785 -5.26999840087122
-1 0.518278927454395 0.906746907776385
-1 -2.48214714013006 -1.1916712911149
-1 -1.71172399579645 -22.1965686502986
-1 -8.26350137549194 -11.9922235766235
-1 8.95631833816747 3.88725206348014
-1 7.91207601203275 -0.480154508555362
-1 0.82225611795265 5.89714204317887
-1 -3.08528648748599 1.29999005281592
-1 -5.44819081639186 -8.85728029459398
-1 4.02551092749868 -0.187190727072912
-1 -3.16410472290044 1.96820124296307
-1 -0.585714696966714 9.31809071424863
-1 -0.812070808154701 8.68519989017904
