-1 1.95240356770891 0.560296081633677 0.631756556796151 1.2905040439971 0.729258742091546
1 -0.630238716929772 0.389571967997944 0.203769550806288 -0.779621156060726 0.322764859323774
-1 0.72030818340873 2.94284239153722 3.56830314133771 2.45355060781656 1.09473927495442
-1 1.61552325154486 0.0484153425663842 0.930274421845721 0.631831223359427 3.01960595695509
1 -0.396342609221843 -1.00824776718223 0.17603290696828 0.830415945010641 -1.34068159199767
1 0.834405340528215 0.422694407562012 0.826836240859752 0.570428250678264 -0.244608686769633
1 0.180703139785793 -1.08478263250353 -0.647941945906957 0.951591385207493 -0.0894193860972986
1 -0.351932760126164 -0.548632519236372 -1.59245829136718 0.798322768677027 1.76089821143967
-1 0.464710400872669 0.356711224266385 0.957206275944336 1.38070589686638 -1.09176140605829
-1 1.07554577152902 1.12959512642833 1.88984686504443 2.2181864290293 -0.502422922803053
-1 0.62301608249271 1.80259892634317 0.869056072879647 0.702712824095376 1.84212691403587
-1 0.845315298082642 0.761337697959602 1.28331579988014 -0.0709386127626589 1.91265639596534
1 -0.646759616833005 0.101613270086566 -0.347339367855179 0.0112555905003645 -0.282798850109216
-1 0.117678692468783 0.437230784091551 -0.983739803066729 1.80305860888413 0.705396664051916
-1 -0.319192581131555 -0.522731802876095 -0.535798415085395 1.54306149140194 2.54721071986685
-1 1.74882734369686 1.63181433960103 0.0185283348825865 -0.641860558592968 0.457284703612348
1 -1.51447825114989 -2.11140997149204 -0.647002070617394 0.678936994995158 -1.40976619363009
1 -1.04361502805173 -0.0242500709140211 1.28758004812561 0.845313806663304 1.53735161485067
1 1.8167794396236 -0.250515877710568 0.33332732615129 1.18541770597935 1.69040366532814
1 -0.292997067019449 0.858147984660665 0.396987176964702 -1.28535299177455 -0.190846263656894
1 1.13790339905219 -0.798928648531599 -0.193894427468774 -0.825627605541328 0.590694270224203
1 -0.343822341075809 -0.235095055014744 -0.99812794924439 -1.33011987446024 -0.97581911182809
1 -1.05551574870199 -1.12952637938403 -0.00880482365716093 0.279578591785067 -0.312038700524928
1 -1.34265945963102 0.00167712066022856 -1.00486838937523 0.111166480827609 0.384288509153855
1 -0.0130541302920267 0.95131651022784 -1.19446190194444 1.24235710265815 -1.03126222475411
1 0.079209036814305 -1.93467507861945 -1.20175681048551 0.104118998234344 0.0781648952227306
1 -0.571924060479909 0.23494467743675 -1.63744836783218 0.215780525979892 -0.575145764595826
1 -0.832025064472252 0.94447653065231 1.39032268659901 -0.799061485087515 -1.00559776717394
-1 1.05779282563216 -0.522345253331807 -0.362833590424607 0.36705867334535 1.05661806462317
1 0.401575773206208 0.694309141708056 -1.06618664753216 -0.124518961643766 0.326746563728127
-1 1.56931183909480 -0.307241753309972 2.25353349847541 1.72928680852444 0.642783669847699
1 -0.539510980787476 1.43560769696453 0.377003421826474 2.16450979642282 -1.70394878856373
-1 0.655782335926543 2.21645587678053 2.52614391671104 0.206567933137828 3.66674123554942
-1 0.573088599548153 2.76185302853042 1.91668037811 -1.39801920665695 -1.26409687203833
1 0.152537067769722 1.39820451739067 1.03608495886392 -0.667528713253079 0.096388133355735
-1 0.833322583290552 0.906382978885435 -0.357003070649216 0.122342238463846 0.197453448875127
-1 1.08936366444782 0.433854493084078 0.93962299935594 -1.35032608146422 2.5740384164304
-1 2.68884518302279 2.886239174088 0.745873697515232 0.556968492545293 0.554847713897749
-1 0.235860588728322 0.537844963287272 0.454160086284187 1.40227015480836 3.41295477871672
1 -0.0556637922085602 0.124003601328333 0.337472559412928 0.397186240112506 -0.0266788567911184
-1 1.11420192061314 1.28978817201641 -1.48692286776353 1.78093495382251 0.688675378313402
1 0.759226834797561 -0.577175075799627 -0.546064848383706 -0.78220817872705 -0.809105175555741
-1 0.823050974747368 2.87151027466717 1.16257918928538 0.327590312998936 0.590884996484299
1 -0.621603365610158 -0.609083134536822 -0.264712904347169 0.666978861649826 0.421178875113717
-1 0.275899097092876 0.775442155313478 -0.911897943377412 0.47376170701786 1.16321101777685
-1 0.695334666952445 2.43151008860253 -0.146634251477965 0.276050600778192 0.110402685109548
1 0.523146336150877 1.68226088227420 0.359255498472997 -0.631611942451405 2.34071792338456
1 -0.486987818141761 -1.33371690747395 -0.660157325850009 0.102755280655462 -0.50349605974642
1 0.900350692015755 -1.02362823041357 0.72590192386197 0.92661517113124 -1.01397864345707
-1 1.67740575189324 1.60724208486671 0.394464299732442 0.911567812259444 2.7517240072116
-1 1.96992180093835 3.54632421443799 1.18221363308189 -0.183171823916461 -0.109428283269966
1 -0.098862539997194 -0.927218025969312 -0.0402319305476229 -0.87541692438166 0.37555624053797
1 0.593973631593427 0.304872667917538 -0.272218346932207 0.0935598105185296 -0.00678362949562648
1 0.837351905018246 0.868707343406868 -1.53875959678210 1.24024929445056 1.08030522062052
1 0.719455065995061 -0.308771137310684 1.15348547924754 -1.00382219856603 -1.11495230617375
-1 1.48681080351424 -0.30299373042171 -1.99598318678414 0.529689769167203 1.10860519267409
-1 1.30293149703104 1.15458858791545 -0.331119487284761 0.226228301213853 2.49424385541638
-1 1.41988425234030 -0.514170717835508 0.687797009320472 -1.40258832039008 1.93957792760978
-1 2.32820749501125 0.459687675200007 -1.33632189069408 0.551263951053893 -0.459041474558738
-1 0.403717331826685 0.920107815360378 0.726766878319818 1.48794577086481 -0.859906072717304
1 -1.04210690142639 -0.718066310461694 0.56168617399837 -0.196839898870398 0.385602666718077
-1 0.249750400080491 1.53083827942435 1.30999134199888 0.0091080210835307 1.61554381011076
-1 0.951155973321372 0.236810685306686 0.36741750549868 1.36644864068674 0.765319882233544
-1 -0.164963546665474 1.50358330887058 0.529712963023142 1.62140279447495 -0.418826907393895
-1 -0.019399500407844 0.305423448004296 1.30757642414372 -0.184910631215774 -0.104550091777787
1 0.0570125201127361 0.145469298544797 -0.775350696858843 0.423658541258743 1.72320898404860
-1 0.942324383981718 -0.309686445093560 0.61712396733568 0.577061785937355 1.93312654563262
1 -0.510574660871795 0.00109036841993528 1.50121180423947 1.10049427143988 0.711769464281852
-1 1.53135781809427 0.709548720115583 0.550846491436946 0.763758273331694 -0.0605565810245575
-1 0.979842453180613 0.261241269402685 1.42414209849693 1.31314549162021 0.144655746280395
-1 -1.01930086187780 0.431281745156284 0.686200840774851 -0.386689156775969 -0.774097395227344
1 -0.654204303109019 -0.809091318492042 0.958060972120215 -1.18642800823437 -1.48809954696062
-1 0.3544238548187 0.922457928849519 2.38417665444739 1.37136121638783 -0.427833604700165
-1 2.01145518357396 2.30117199850596 1.10815285936264 -0.657486684086539 0.518736884998395
-1 1.3444206406405 0.229705228463343 -0.43184158766397 0.306505608588566 -0.96716317835749
1 -0.126847521639083 -0.901747421800539 0.22730135301801 1.33847538371217 0.220439583972549
1 0.581992089104416 -0.696740334706217 0.580346261735765 -0.956082682198187 -0.642733228749225
-1 -0.293012545461173 0.196554409256775 -0.61423164286948 1.18704974791074 1.86668717880044
1 -0.163429707942810 -0.0275271940325156 0.116334012613571 0.375881019674706 -0.335507855900042
1 0.70285799056651 -0.215947156786682 0.35069372065444 0.697021074849965 -0.056557773734309
1 0.556686143799083 2.29934559459981 0.599441929040342 0.551012294348882 0.966509071851405
1 1.59189572146499 -0.157930645492944 -0.375737940300303 -1.01080384888502 0.727406836580169
-1 1.36086951778961 -0.101914751033842 2.34023735870012 -0.175788815564747 1.10907011367942
1 -0.371423851354290 0.790901331420669 1.3008608588615 1.94767412230187 2.32367281332786
1 0.421971518549455 0.68793655163211 -1.08315821713142 -0.897621018984624 0.250203022624006
1 -0.64272481651059 0.745974100596317 0.801502611564594 -1.21740904029500 -0.586356095312644
1 -1.72714417638711 0.294620766384305 -1.02040141548157 0.491196358788248 -0.877185403500468
1 -1.69917338963744 -0.00452675044951914 -0.982512756427635 0.473056162288006 0.822331860130804
1 -0.402438697642770 -0.511888889974636 -1.55840110411371 -1.59644131407882 -0.79338325157396
1 -0.762492796536077 0.109273265371409 -0.542380177558678 -0.47579214034717 -0.646122529150099
1 0.466612573422705 0.962247396412541 -1.38234123728188 -0.846157206163409 1.06921075052551
-1 2.23795251554423 -0.0642627980060786 0.296304380425543 0.523806555868997 0.810261695798271
1 -0.60056848604516 -0.19174039150926 0.156445058703237 -0.541855097992581 0.155638769910569
1 -1.8083096433175 0.817563058844321 -0.496104504105413 0.349403100307357 0.200791389634006
1 1.66972049344582 0.630507647183097 -1.52135331572977 1.50699087212876 -0.637715305969624
-1 2.77866726482557 1.27013663934491 1.18883964546324 -0.180994207457901 -0.910503271122404
-1 1.38506746662107 -0.613684573763266 1.41945253710415 1.44297217885325 -1.21903389185148
1 -1.70733930794149 -1.61660762757565 0.312204218621030 1.82884760240514 -0.918469439381679
1 -0.132412908604217 -0.0439776609511646 -0.911482621385786 -1.32233043429596 0.0976944701087545
-1 0.0763769119452772 2.01438255367323 0.0932372565020901 2.2226910269865 1.34486132695817
1 -1.8533908018237 -0.431516999722267 -0.441835648371183 0.437482404583220 0.0938196670560501
1 1.56261683060583 0.71894245366525 0.478812625645282 0.772725716602225 0.807294103538793
-1 0.0373696628120347 2.18162917726262 1.40749828960351 3.34142102267786 -0.255338741754951
1 0.996394081596662 0.632071188324781 0.595785651481747 -0.945010303073506 -0.863889130133898
-1 0.398724482872432 -0.139271364555423 1.64533708775114 1.62496000526403 0.645076201034403
-1 0.086985595318587 1.11291499712962 2.32944078189586 0.467159579220064 0.731959553505663
-1 0.404300270731748 0.277744177289526 1.10306708445831 1.54176738142408 -0.238629137988156
-1 0.340909331347201 2.10068474606871 0.768243447097293 1.81397910282099 -0.737402518430744
1 -0.375068124861603 -1.47444397346034 -0.0609498973032041 -1.17766964905871 1.38798576745315
1 -1.62612857108329 -0.326169295065454 -1.69511009398176 -2.29512882797682 -0.0400144968133551
1 0.554683737944917 -1.38378903042247 -0.600640323779223 0.227455655053701 -0.109617468116732
1 -0.268314233374115 -0.185262858642822 -1.29651188220163 0.553108719115536 -0.708294932558851
1 -0.131235155121174 -0.414377741278206 0.940238756951388 -1.63868295359172 -0.407936802639898
1 -0.141370010924199 -0.141879524642537 0.725732159000798 -0.214205474121361 0.176189591127172
1 -0.82414057526659 1.05821167318532 -0.533748107976762 -2.01007731640127 1.00165910992356
-1 2.374923250061 1.82316241062267 1.38969537551547 -0.144284248697428 1.13133756810905
1 0.413242331233682 -0.955968795700854 0.496079499227366 1.78936580137465 0.329765995303323
-1 0.157853743941002 1.83092570263022 1.18329463637567 -0.874053347836973 -0.318591346828665
-1 2.15194890889977 1.78550911728665 -0.890291035524416 2.26747799098248 0.156630688530642
1 0.619500624742479 0.090550787587554 0.456699056043337 0.187917833592369 -0.951143583448985
1 1.66340629386089 -0.539812555137174 0.537441987657562 1.82245542083557 -0.92959839251907
-1 0.97734844491071 0.271428604399525 1.2920658832308 1.72016213061995 -0.881613078902236
-1 1.19391488920990 1.34884755367089 0.924794946461362 0.955669930012857 1.15905676430880
-1 0.195665900298295 1.53528178918693 2.26565920008786 2.12604664799205 -0.061748466787381
-1 1.33304112129560 0.485470788062553 0.0351371848286953 2.28596605952825 0.273633568210244
1 -2.63453961231578 1.33175692749276 -0.462868366829707 -2.16445314869271 0.43793291474667
1 1.27579070425421 -0.361825383592991 0.235945209629121 0.0264884746650837 -0.47602587177577
-1 0.206901786423705 -0.458926896887743 1.51291468397082 0.509412676215613 0.335890190738965
1 -1.11392204335790 1.42524816302076 -0.164720360666137 0.590020255561197 -0.549347308526167
-1 1.09466029939639 1.83914903688700 0.59061191975494 1.79497046682654 1.52098637794672
1 0.527536666298275 -1.84446900319271 -1.00599524478769 1.00751902807318 1.68843223318163
-1 1.57180296228887 0.590788043822512 0.304849494278944 1.02883110021908 0.511250228331645
-1 0.7085217096213 0.0638534336794824 0.241658092636456 0.906313511186394 0.538326627568162
1 0.0639888744350774 -0.861497448337096 0.40376754077363 0.597328444392593 -1.41545752744849
1 -0.985513973281518 0.719462686086891 -0.517750405165718 -0.501035711763004 0.88595653095408
1 0.422099481026958 -0.859755300371948 0.470652347424694 -0.553966301850296 -0.141288124801200
1 -0.513928814475599 0.223541969407369 0.0424429340415145 0.911708030615107 -0.119275063841942
-1 3.08508404831037 2.25143414443947 1.11240101034462 0.328122445363484 0.899889426340324
-1 0.401815553856545 0.449940342420277 0.137189964767626 -0.93654885659366 0.92268181902684
-1 1.01420069809585 2.66522230618258 -1.03421557332226 -0.0465067216326527 -0.0685968694263727
-1 0.344367574854546 0.0380283521862402 1.84592458230669 -0.0911793775789234 1.10472855683316
-1 0.00965273317717275 0.304674952652983 -0.852161718831359 0.358296471579084 -2.61430035689887
1 2.34729774221666 -0.0949933375453103 -0.424838988528271 1.94074055962488 1.51260969541521
1 -0.400195067358527 0.477390461064516 -0.645785550348008 -1.08007133672542 -0.667727410874284
1 1.04565552177606 -0.253590771812311 -0.397644934050006 -0.814140658077298 -1.47173981345829
1 0.320477123010434 -0.153348678800964 0.80185090448005 0.247597896615395 0.0213270030892059
-1 0.409576477077261 1.66210718528889 0.161212549309590 1.97407861729899 2.88553103862870
-1 1.17075469319042 1.18523678133762 0.081885761345141 0.0369348060201973 0.0975970153820916
1 0.407992618640564 -1.37917307085467 -1.15130418679081 1.61941006101113 -0.781266571024435
1 -0.0154083793354382 -0.492172336592804 0.724116800846482 -0.311870513266265 -0.743946319459769
1 -0.817488164621294 1.01367826024158 -1.08317231125311 -0.161562261510492 -0.0782162069428856
-1 1.08067794159547 0.935038722181857 0.752133196025353 0.975137199639768 0.9625818707589
-1 1.00734433062075 3.36044993844673 1.65484440016714 1.15401999134020 1.28209831705641
1 0.311007776245708 0.601183934322493 -0.927271973315362 -0.240747384942244 -0.212261864547262
1 -3.0080194959233 0.705443077836946 -1.07786261368574 0.78543784963477 -1.16520264743280
-1 0.880930234226349 0.488769750194001 2.41882676829851 0.141576877982319 0.36710389618042
-1 1.44184818121028 1.49359977264738 2.88745700188981 0.411747614182808 1.57656801252394
-1 1.29820519775134 -0.618532258842768 0.0974667099187528 -1.14781451522270 -0.555322464787103
-1 0.545574140446859 1.75634889113918 -0.428918129131387 0.835175248034393 2.03741723609789
-1 0.6438328620391 0.735649596121683 1.97437224215129 0.867525025612639 0.435316258013847
-1 0.770482267120159 0.294611610626454 -0.727150889190869 1.08389717803287 0.512839769531379
1 1.20683870310546 0.244112434907423 -0.452220027054471 -0.0652086880119359 -2.83180250792072
-1 -0.42809365739802 -0.13709469720223 0.131862921664005 2.71745876867058 1.36320476377320
-1 0.35680196468922 -0.719189573408238 2.17114621714006 -0.104674611485785 1.94141942421583
-1 -0.635975704589361 3.10121118144947 1.07439161790566 0.671179496995566 0.681986626075385
1 -0.194707956568077 -0.261942654192839 0.402147403265015 -1.34468803381050 0.809903673135023
-1 -1.04135982356410 -0.690128825305674 -0.326011035821989 0.703323935179551 0.965397911281397
-1 1.58873122930994 -0.43420968018341 2.38843165974386 -0.578363917179899 0.737047612065568
-1 1.33746714480995 -0.134770144531767 2.8989453793305 1.09091346805455 0.89501371662099
-1 1.80716268842892 1.17560180273307 1.37934945698413 -0.256925174677348 0.422482686840757
-1 0.448191636716753 0.260985719028174 2.23684644485238 0.99099290307548 1.57651398002790
1 -0.212847305949859 -0.318751958725335 0.946048306547015 1.93181277711901 1.90107023142468
1 0.347431200641287 0.32974189294075 -1.08632096607717 0.99377763021509 0.261792932029882
-1 0.0248936024300112 1.81778658192928 0.461998781563910 1.36496877626565 0.1236532086511
1 0.587730375386395 -0.154587375482482 -1.17840971809054 0.00951416252223824 0.84831982272217
-1 0.713444550212998 0.330220026313839 2.72780259801754 0.0266951098922884 1.21482080000096
1 0.659821904105255 0.969042129973002 -1.17733912908556 -0.152760112402605 0.958178042142167
1 0.72867245832082 -1.83987284817218 -0.649408069978278 -1.28371896145231 -1.01160478404863
1 0.662213468924103 -2.80472576661755 -1.65910226336279 -0.0895314012111153 0.570792245072611
1 -1.03107037467811 -0.59133577962648 0.149144927992183 0.212836664667173 0.712104481520782
1 -0.0818725085521243 -0.402570233157734 -0.216248586510646 -0.386267066510949 -0.0742709236643799
1 0.465397297092353 0.155242137594442 1.12857186765109 0.0082421073391397 0.95666024828289
-1 1.31623251388687 1.56278912688838 0.557322559690412 1.12126086885267 1.66905851908540
1 0.99845558707278 0.438238877892455 -0.338527642798222 -0.735693806368888 0.0167782169089319
-1 0.204662379927124 2.02994383045885 1.99244360143255 2.57601868327151 1.68192778008366
-1 0.550898880323347 2.22984044524793 1.12858998731869 0.104310681938409 1.79800840783698
1 -1.27606739079211 -0.752432992987616 -0.168144818520687 0.195283461964915 -0.877427783815537
1 -0.622521296326994 -0.36367113597546 0.643096249784474 -1.11937725810919 2.02265579400025
1 0.638976206910633 -0.508201494204217 -0.612197424631523 -0.0806282991272751 0.595400414040482
-1 -0.879514884105628 1.01831194987677 0.613004843100654 2.54782020081054 0.85279948502266
1 1.23829524621783 0.611736863143364 -0.216089365505322 -0.156904364589565 0.113258467956188
-1 1.12984172098299 1.44618652396094 1.16129116342962 0.794491567063731 2.55193000652128
1 -0.135330544247378 0.181175934742008 -1.03464198120215 0.364234399057407 1.09408084892528
-1 1.96979455991019 -0.403275262859758 3.7520310047882 1.50128572866426 1.91671239232156
1 0.244231827204877 0.559955972147171 0.0298228164075415 0.310919246741582 -0.209209208156455
-1 0.283239512078067 0.876706316047797 0.284981949086928 1.45396722970350 1.99316202663949
1 -0.329448337327378 -0.0361776617073579 -0.900701255606217 0.888389491316889 0.87575228141826
1 0.9775169505696 -0.464142903975336 0.0387022054796558 -0.611270942980289 0.579136274543943
-1 1.84304905294331 0.330562771545118 2.90719676066267 0.137882935751979 1.00192070915169
-1 1.30817058392869 1.92210545863666 0.178363601074603 0.156181442487772 -0.0432776114279408
-1 1.39748461457094 1.56775082137901 0.0152966588975332 -1.53009116567027 0.523442039454198
-1 1.05415932992472 1.95695175131568 0.392044472808293 -0.778473274211073 0.181939201849826
1 0.514727231767011 -0.732528139370892 1.47667611203028 -2.05943448568715 1.23466064262032
1 -0.790828705687038 -0.839231387703472 -0.0767551378865218 1.79490514325322 0.919697407555155
1 0.112142097916187 -0.0793710775257518 2.10935152168378 -1.22343855131014 0.95628768671513
-1 1.56099228381679 1.07833990580919 0.0799412722166587 2.18545493798667 1.37248873380298
-1 1.85122539555400 2.42092716543545 0.909688446122358 0.908571638070577 0.509220053881154
1 -0.411570509594496 0.305479580950679 -0.451192927719463 -0.511664253034225 0.378417881346347
1 -1.90969202958556 -0.514232009501962 -2.01623775371832 -0.444004608318182 0.135833548700235
-1 0.737988159224855 2.48979671793777 0.734858012827025 0.40079737773108 0.274775865313264
-1 0.0951847038037175 0.867232467746706 1.07169972640432 0.3833337690761 -1.27118949510959
1 -0.635275538711656 -0.600740459668786 -0.508801926821527 -0.551809284932523 -0.0924090287264888
-1 1.22316434259101 1.31101833000169 0.89177366327991 1.76558495311707 -1.14393121463742
-1 0.166471643917123 1.85948178003275 1.45749994486494 2.08083266530051 2.55046501824186
1 -0.310261071533333 1.45149479374010 -0.778108151676245 3.13001259115671 -0.820013803587244
1 0.300142206815 0.822691946524468 0.210931672085375 1.22010539433839 -0.56430332242434
-1 0.0997874758140282 1.39783253124534 -1.02112910400521 2.65520234586761 3.00072194709047
1 -1.21967856291724 -1.20536759342340 -0.935431472769987 0.822587721164355 1.03769517475425
1 1.66388396178661 -0.525659179761198 -0.787600203948297 0.00850698274713515 -0.207029501015024
1 -0.333833052626534 0.869062965207692 0.576388311341986 1.28096752703467 0.701068188557773
1 0.551072712174478 0.243309862102974 -0.377709352466 2.9767434074874 1.01474745436048
1 0.124899313637112 -1.25905570147955 -0.693740535232508 -0.832920843386062 1.50838367635594
1 -0.927061490316577 -1.76683342486022 -0.0927404549545711 2.14055606441076 1.01539375634117
-1 0.559270636035151 0.566770843072898 -0.714274721246745 2.24593313510498 0.694756027443267
1 -1.32842885524757 0.212646071204463 -0.247793957967855 1.06796966238441 -1.70359879373757
-1 0.729785022285923 0.819528334191174 1.23473699652441 1.29634662950552 0.150074379995157
1 1.50708902610251 -1.41866877600304 -0.152288383454989 1.25682214607326 -1.44050916249562
-1 -1.27111753310122 0.758723421371369 -0.48929589216642 0.354727203793730 1.94736081332481
-1 1.26572989768113 2.08573201212771 0.994769214081248 1.85626868672891 0.476959261419923
-1 1.83891797596083 1.37321284081547 0.63357433836483 -0.693163168882937 2.17582375676788
1 1.09195312447645 -0.948229971482554 0.472437423703407 -1.65680833989696 -0.314133655755216
1 0.122113989142016 0.453219750756319 -1.07950898944652 -0.488586423532995 1.31965686505903
1 1.10209350018442 -1.04983792141639 -1.37812208266803 0.458843707719385 1.35248263428316
1 1.80231074680299 0.953488868417611 0.673184394983604 -0.0593576112512561 -0.910560816002757
-1 0.181684145690254 1.22176171017402 0.755902463583741 1.92915655476183 0.709550899381826
1 1.34335145095879 1.14305977488694 0.218357047946999 -0.408511494994713 1.64220950529591
1 0.466316390970243 0.756632294649867 1.54179663563707 0.946938504104494 0.296623508802771
-1 1.41796574322824 2.00947461254147 0.126785339396739 1.08410726985756 1.2241609427746
-1 -1.33463572063020 0.161018967203716 1.93799028866827 1.07804697334477 1.04113241338135
1 -0.0988588345746093 -0.894022143728378 -0.672083003270334 0.955841482085948 1.44310197125082
1 0.476561547607786 1.54494107302628 -0.184590690545220 0.780856314696617 -0.918432678696397
1 0.707719909671035 -0.553800335862397 1.66028865522584 -2.01007860439073 -1.18520733597317
-1 1.10984616508463 -0.555092990602828 1.85701258966560 0.182727430299673 0.0712137037160402
1 1.63816651311923 1.39351799923350 -0.513185024155825 0.872221054621119 -0.949029042705112
-1 0.485786888042533 3.00954864214383 1.01363984406191 -0.0429258267910011 1.37576237190530
1 -0.520498841526555 0.621152387703347 0.429957430870073 -0.368769864589977 0.204102248146025
-1 0.92534535018096 0.81669368748101 0.285726281768027 2.40366960874173 1.52127822556449
1 0.274347254836643 0.377788018053096 -1.25219401167303 -1.00740501921956 1.44137696943832
-1 0.893217594787333 -0.0609155512881829 1.92816856449556 0.437727852569513 0.827800798570233
-1 2.02465491681273 2.26155982327593 1.63906627179063 1.03494920658283 0.745085518015732
1 -0.440383750101088 0.546391841364877 1.28923722565423 -0.566675281341267 0.516139237153817
1 -0.899351226963336 -1.14992089367779 -0.491743427930196 -0.648663428766201 0.513410254716395
1 -1.24789642282088 2.23246672140703 -0.542346103745003 1.55088274762704 -0.272515385491398
1 0.440349094372427 1.24464707726816 2.46773825852661 -0.0572321201259559 -1.34139460237637
-1 -0.229948310381189 0.132856469920028 0.958849552849946 -0.160299414693263 -0.0779599189848134
1 0.365728360195457 -1.00924030421856 0.149698327450490 1.60620818561505 0.247149016707349
1 0.115605875674873 -1.0438134815494 0.413586363026719 -1.05002376712670 1.62790429352348
-1 2.07448616332907 0.601853220806835 2.54437877404293 1.14411753702775 0.990315921947498
-1 1.62736336638190 1.82766336785214 0.440622282961494 2.34873327195659 0.249778845955578
1 0.0985333798504826 -0.39661118615918 -0.835851997739069 0.361227986999264 1.04995665705317
-1 0.0563372328829022 0.314120969033249 0.699823837870063 0.0574179232879416 -0.333242625464467
1 1.07225703004717 0.0241188791253241 0.427258047751848 0.989684420574839 2.10702684745679
-1 1.88621190888482 -0.277408342150959 0.265807429139133 0.483517043938843 -0.187352645713298
-1 0.515266118240862 1.53509637513723 1.79401015507661 -1.50098391578632 2.78986948244016
-1 1.82161657324703 0.969615848477514 0.590331563273995 1.64514204578687 1.34041299495105
1 0.296670359238608 -0.00379571073226570 -0.369494170110620 0.537959354769752 -0.000764058917470401
-1 1.27431876436473 0.749100605492495 1.56367413385417 0.793135364001478 1.92603447936456
1 -1.31666915855791 -1.62064350911456 -0.996999339822867 1.77121757498631 -1.06994794065121
-1 0.663709802397361 0.0311927044820933 1.70972492096753 0.61328727483786 0.625135136297216
1 0.79980492615196 1.34201583344672 0.514415200927391 0.471962297823207 -0.457843050694847
1 -1.7099985862395 1.34365364345902 -1.46917251336808 -1.51670879978153 -1.72312551867494
1 -0.500360699345542 -1.70039238758530 -0.527099894700795 3.23113814628611 -1.70141385323233
-1 0.814249049065126 2.61718695453519 0.902753862635386 0.626712698389966 0.490962261705641
-1 0.300505280555334 -0.159191670500439 0.893573393023207 1.35650002840921 1.64314563023963
1 -2.50672538497654 -1.50517987646182 0.358841181897945 0.459393386339622 -0.751988564177065
1 0.577194131064156 -1.11541807097477 1.65663926121027 0.327959348979342 -0.965170696722378
1 -0.75310358185317 0.856912285388996 0.715235602041975 -0.280402946937694 -1.21077146809340
1 0.634642473387460 1.40219289209549 -1.15205843336594 -1.82725110886620 -0.339682385593996
1 -1.77035613113769 1.52123903078131 -0.520882312114792 -1.35438912908344 -1.19829082041908
1 0.0550313779199191 0.247027757834346 -0.499359044263719 -0.0202498268691139 -0.818254257018687
-1 1.58033070136998 0.0537196513672068 0.0602073183211452 0.763915589679149 1.12589043029644
-1 0.116682899240500 1.16557736656758 2.11594154694910 1.22316036676230 0.85327043767285
-1 0.787023326996201 0.839533707273025 1.70202699864454 2.33422129233635 1.76133595967122
-1 0.945788403517958 -0.0453952569687536 0.260272913192635 -0.473051515184361 1.40835109147037
-1 2.59651624709326 2.82751905985127 0.209135192143183 0.0719754419588472 1.46988349570854
-1 -0.832677062482718 0.200196296843603 1.93839894558948 1.80615036636289 2.34114633056621
-1 2.48143391576695 -0.731079879402269 1.19079414436478 1.61510867023081 0.295337640693504
-1 0.969827586162093 1.05847237942518 -0.371969870636434 0.590166389853095 1.65642040982864
-1 -0.692210472571441 1.52108838595012 0.181892443248617 1.24195180251084 0.82094750704606
1 -0.53545557599575 -0.855125013809921 -0.436574943219092 0.210598203849802 -1.84669081491283
-1 0.750815707713822 -0.712997509561957 0.307430429356964 1.59843308528449 0.953701974004014
-1 -0.90307606569641 0.416721920266239 1.79478634093988 0.304078968580718 0.0976784916623572
-1 0.800807273311744 1.04730038739079 0.923396485262847 0.582549997625702 1.17752326589349
1 -0.532749047050126 1.99233301323203 -0.94742143029542 -1.10785558631709 -1.01558371936387
1 0.151472426337763 -1.65124646542479 -0.29013964835847 -0.0597733392318847 1.19336816755357
-1 -0.59750091288133 -0.273081341287597 1.29587194456974 1.47629420583627 0.60118015301608
1 0.41449131008553 0.630076865770288 0.340038291125808 -0.195088970912180 1.11438397626545
1 0.701726315123032 1.29557110879610 0.289583446431052 -0.404824756363281 -0.81482207008356
-1 1.06334783764146 0.286604213640438 1.60861547128299 0.916232128725717 -0.0575101678471412
1 0.211148303625206 1.67270751983027 -0.44774259095731 1.86437780221072 0.96640914131199
-1 1.46927912578239 1.50471904441772 0.568701574026179 -0.291213364019039 -1.68518402927602
1 -0.614731438386229 -0.361740508040602 -0.977395529210322 1.32900236419252 1.33356821751850
1 0.145708103310471 1.23822663283265 -0.457088520290311 1.85424855222509 0.074670104131015
-1 2.01017072653877 1.51342882716242 1.83663053244167 1.97356002146073 1.12262831803878
1 -0.0890971770576795 0.112868753962132 1.46814794267965 -0.730196514105465 -1.69155466698726
1 0.837907557740631 1.67804931280026 -1.41582326738761 -0.659815498229086 0.0587918708777665
1 -0.297180480482681 -1.31299270808962 0.851531512435371 -0.779211574924264 0.438173183066571
-1 -0.379466170513293 2.77963851270033 1.51530939081481 2.05952301106913 0.651450869035075
1 1.39238329466223 0.0792584381352156 0.449464443322543 0.080006678630393 -1.316718681833
-1 2.06396122959600 0.773038562223427 2.46239126582051 -0.291980676186819 1.53413699463625
1 0.613513704118824 1.26922396961702 -0.250522352838810 -0.795213441910726 -1.95723978901096
-1 2.05248790962213 -0.757856358820566 1.50145259847426 0.875357259226152 1.48609373908161
-1 -1.53545531673102 1.21538498217811 -1.60702474454182 -0.146788925864039 0.393129342024127
-1 0.345805366441837 0.670176034613634 -0.447724801034921 0.918273817302482 1.95296475843707
-1 -0.131092982588674 0.0563620361872978 0.86906233102209 -0.757536756549628 1.96600665333752
1 -0.420255019110063 -1.28120482591603 -0.750422388877243 0.221322359101458 0.0395513603943091
-1 0.226203771133267 0.9384569451913 -0.415071155637398 1.05824807477132 -0.866748757991658
1 0.840428128492997 0.945977312165887 -0.167754648667233 -0.408883616767 -1.30426609050392
1 1.03245190947424 0.00483719429269249 -0.431875794474469 -0.828559371473743 -0.279892853827568
-1 0.580892224737346 1.93570392769164 1.88149526300268 0.777535927521907 0.450236735034296
1 2.37074641169443 1.38024146963471 0.150267087096848 -0.327917043249180 -1.92361087774517
-1 0.927616101873704 -0.832600054599872 0.0450717783195863 0.338243174744967 0.901152856492083
1 -0.526262818693468 1.11258014770091 -0.990958637169563 0.324103212679461 1.23197620912999
-1 -0.141413052344682 0.707106941976962 1.76903378672579 0.767847720439381 2.36788252976689
1 0.237466998076391 0.98520300653258 -0.688469298442691 1.00690101084107 -2.44703662357970
1 1.35863648709923 -0.521857724211088 2.27131905114735 1.03721698794236 -0.592842754597895
1 0.877125931408326 -1.04071095748318 -0.456011518736682 -0.202169103444156 -0.87784991647071
-1 0.818422827156735 1.74030902888051 2.64160018857586 -0.35726887567417 0.185381461906908
-1 -0.098859621618561 1.81431694659465 2.31065317127317 -0.801878850803692 1.01162743036787
-1 0.0792255712823573 1.35951168063943 0.508520430758186 1.49446675476383 1.77181151371817
-1 1.18084154243394 0.0735723045060257 0.122798860767772 1.32807298043501 1.27944009328848
-1 -0.0412141544111394 0.840471757184627 -0.523395675334475 -0.480047212524573 2.80117595749057
1 0.00282850494268863 0.387005107852491 -0.113036348740735 -0.70436746531554 0.214842739415769
-1 1.56540883281357 -0.227355764303130 -0.365643110857066 0.896880936992794 0.451190602837849
-1 0.493210044801740 0.0605602534790913 0.95101179319351 1.91950978280128 1.36966435721343
-1 1.24023977009679 0.855332851078837 -0.429044028831839 1.71417280150302 0.761223638243329
-1 2.30829317143395 0.528444199206116 0.192881887352712 0.822971146303825 1.52233668861842
-1 0.841092091414649 0.890517397877477 1.62547189706120 1.49949303025210 2.50676779080215
-1 2.21447859991049 1.92043349229875 1.72329851650653 1.28638634411178 0.913030431561566
-1 0.322317380209704 -0.0767801528088118 0.953354191586615 0.599642625182945 0.866068419952326
-1 1.70550924923643 3.42512914383517 0.346683309782348 1.33632911506429 0.127065071655916
1 0.33810121586398 0.63942724027253 -0.660865604733289 -0.237994788243197 1.10610786529809
1 1.35257776110661 0.551742165144289 0.219827981238979 0.212522471488447 -1.20344763454568
-1 1.37688328633977 1.77756220826542 1.18049736024905 2.09416133285928 1.07037199375660
-1 0.880976499195483 2.08769263201987 2.07734444517995 2.56542152440989 2.17606684560312
-1 0.744502470816664 4.63875497510293 0.731369594836107 3.62203934093365 -0.624247549960866
1 0.378643182272565 0.272933608091469 -1.92781530082891 -0.880412453201737 0.486056126883332
-1 1.4936288830482 1.71395410307631 0.232664821391108 0.0817266328432511 1.18618321101296
-1 1.79490115228889 2.74248643776035 2.43467989994505 1.87517392369686 1.82885218204354
-1 -1.42247335673234 0.707634041020934 2.68169476092259 -0.20023357250186 0.918021622837377
-1 1.42507466362234 -0.0180875984158627 2.05278731940571 0.261759940987913 0.793173083270615
-1 0.539855538901064 1.52304652424402 0.827772651123966 0.92001039715463 0.305408160899120
-1 0.601376070824944 2.43554498835824 1.74742868319556 2.52922089076874 0.777711780545573
-1 1.68421907312276 0.345219994689 2.11151438656812 1.56847595808808 -1.25416984842702
1 0.824547779099795 0.621911482933004 -0.240565225393261 0.442932068352182 0.561253313376996
-1 2.09489024032198 0.605700071591863 0.644040566583648 1.93263072304717 0.807031689116751
-1 2.33747776779787 0.790176250293861 1.20355667148707 1.29776336302528 -0.405410673758802
1 -0.302989449247057 0.203538649745083 0.197286692256469 -0.248980605669723 1.07051138681469
1 1.01304343262547 0.379885882496305 -0.0414756629026414 -0.668141703787712 -0.172004102915631
1 -2.86325584039509 -1.47552945841574 0.772124157691515 0.166060188517133 -1.36967226914687
1 0.126459273586249 -0.811225029672519 -0.276737070170351 1.77885594543801 1.73930003138418
-1 0.723068405828007 0.75697902100052 0.418855781017607 0.41151755345352 -0.334094909350603
-1 1.06519975284388 0.422635527362750 0.0329721481569453 1.16137045249879 0.330223584776386
1 1.12306291167914 0.290572577465805 0.853256105527157 -1.64304135664606 0.00963628558526993
-1 2.08528055072962 0.618256870433565 0.342546351010788 2.12561389516388 1.26990863381772
-1 -0.554730163129809 -0.388446531497996 2.41183496381344 0.801208286877481 0.256992543383082
1 -0.0535878945961227 -0.746444380858394 -0.0203184819405890 0.00152325505971340 0.403056010683373
-1 -0.470243315025148 -0.376163156716846 2.11704414355403 2.59314207228336 0.386246375060417
1 -0.841858032277822 -0.9176699694443 0.325618867793599 -0.634354830391866 1.64908026558804
1 2.14834494369234 0.702754146762932 0.969296194455957 -0.680632161903113 -1.10298258912933
-1 1.21521004205594 0.542705940542441 0.111258287080804 0.967686665108735 -0.619389363073514
-1 0.63411225060477 0.113191749467332 2.19047145785868 1.35234250107754 2.33536763630619
1 0.346967238610052 -0.368910674801253 0.557978875060196 -1.12513880667213 0.0547415667552929
1 0.73795597711765 -0.0965212184514548 -0.666982598486826 0.425654706004628 0.63379740974582
1 1.42311422653285 -0.923124128193335 -1.15461947572348 -0.615402970929839 0.547406256150396
-1 2.45725182839446 1.47125819151103 0.662795307223207 -0.325733468491479 0.166570723314194
-1 1.40721359899174 1.16721263475921 -0.88665636351132 1.21408641701342 0.836099733353466
-1 0.198372057425564 0.168707652507681 0.581531970204916 1.08856377537592 0.9302419322214
1 -0.365202777050308 0.379980599374531 -0.820821451950939 -0.667587584872378 0.060662930920929
1 1.57116104806374 -0.347162464621378 -0.0655531481721142 0.0217824291377650 -0.511650021221835
1 -1.73686431300008 -1.26256325428781 0.971348724146333 -0.98999605649646 -0.555186015730711
-1 0.604803675117962 0.486723559552931 1.91862304545718 1.81916050907816 1.25079604251948
1 1.61696238417862 -0.838350766818225 -0.600138186909463 -0.000525300597883753 0.259452565262481
1 2.47700015004196 -1.31464707787654 -1.07781999258697 0.660528604635627 0.391556245837248
1 -1.40005015369433 -0.627731939066038 -1.07845540450564 1.02042961875775 -0.180080998432558
-1 -1.55546612941650 -0.857696267993774 2.16617151475530 0.722996471429589 1.22201804030985
-1 -0.113684501072164 2.81260385530397 0.953572004171673 1.45997087760338 1.37096263351346
1 1.41163764953022 0.166352341499351 -1.00685186683442 -0.0864866131110203 0.916390749624949
1 0.403977052672779 0.400289389882052 0.864947991618919 -0.632314683017556 0.975481121844478
1 -0.050508958932024 1.10179319109549 -0.434858440514072 -0.226302599023002 0.796454517664837
1 -0.204598434428984 -0.385183491108351 -0.617999344289965 0.757983218007687 1.57029283617645
1 0.0448313323905577 -0.412703235772379 0.260596860242056 -0.264377004635252 -1.70459316273246
-1 1.03943917762497 -1.39152740993099 -0.200779480932081 0.564805336760353 0.894610978958239
-1 0.301637077223212 -0.344338448004195 -0.0390692601752147 1.7103762312797 1.89623575096019
1 -0.448628402028310 -0.138551974672701 0.379457523031878 0.0655345268403438 -0.094292824432105
1 0.323688946395874 0.350580957096295 1.56366799876902 -0.354145752339689 0.814566240701532
1 -0.455055045799952 -2.45320630425882 1.78996380163636 0.150393996333011 1.02018429458443
-1 -0.780200699358174 2.06586870191920 1.23100572651812 -0.414614118252914 3.34432207540523
1 0.148181048194068 0.112269931990167 0.198645539790171 -1.34103878572971 0.0727256431954092
-1 0.939502540423181 0.301979869278848 1.77784173196159 0.111931705262426 -0.237250999103631
-1 1.34331177802650 0.876238125969148 0.162747821885135 2.68218782122331 1.27085513651544
-1 0.783971144296846 0.280208818003794 -0.863729907552647 1.07089090727949 1.29971811100714
1 -1.89331785441588 -1.03665517248159 -0.281224925521826 2.02510555835816 -1.00332762918298
1 -1.06633264790426 1.46603531426322 -1.71034060993270 -0.0766219292976931 0.503115734387599
-1 -0.598759338864457 0.245983469614822 0.92002285467908 -1.11599623950762 1.9434691307682
-1 0.346783506832144 -1.04145307982670 0.251938386220643 -0.297616594615133 2.50586604741629
-1 1.53332353532407 1.18791002845187 0.701141389233634 0.682109808014745 1.00855866294535
1 -0.636644442329272 0.966008723822452 -1.62647030348101 -0.224011957267415 -0.182518042886897
-1 0.582689775511002 0.583023835119295 1.00418243780947 -1.91588986946075 2.84030843686704
1 -0.119488262631835 0.522201025577053 0.393556431311675 -1.59851257582019 -0.278969612174398
-1 1.02808764586854 0.671515500309278 -0.792246900895962 1.32196988784541 0.923745604572502
-1 0.727118519892822 -0.280831233966907 0.121656462220848 1.62355229483863 1.92942248458285
1 0.817212229320663 -0.351183784877020 -1.83675410969681 0.368204692498771 -0.432045171441853
1 -1.11857895238338 2.08325912142035 0.828205051775865 0.970680086041353 -0.464629573158041
1 0.74570225360893 0.849890083677513 1.94502406001518 0.820465099031119 0.748795022994649
1 0.181454198339843 1.41576937060508 1.27369891683676 -0.306772743914628 -1.29692195799170
-1 1.42324739365312 1.10309845400098 1.26948272934166 0.572873060392731 0.0962876618746534
-1 0.41102383886887 1.40785168794602 0.632601434482221 1.24657645003405 1.20400180567927
-1 0.548734661346561 2.35050038550154 1.00308576537161 1.50615688821232 -0.286563280645482
1 0.299900388883878 1.20265648660344 -0.862360103188418 0.739785567405412 -1.31775756337950
1 0.528199487831025 -0.624516930721167 0.0813582025644331 -0.619056658329315 -0.250131263122888
-1 -1.50096618195437 1.23479466163394 1.60949178518125 0.744333317128165 1.07445870087400
-1 1.31209720582791 -1.80048888587792 0.85167481945951 1.42929689341822 0.87009970135785
1 -0.0447674599229763 0.476915704366862 0.710763300856662 -0.816356767093013 1.26122657730684
1 1.05130051983504 -0.832302038630127 -1.26052776449476 -0.0439526071098755 -0.474732216888385
-1 0.356461614229924 -0.762623830431269 -0.645179663084311 -0.203596609793491 -1.44781927840697
-1 -0.05154820093501 -0.80395811743902 0.630662968782754 0.954792542053002 1.49582119896737
-1 1.37116469681062 2.21023375951785 1.77210218549621 1.93164541725864 1.22403453388583
1 -0.0934782597094714 1.36553176922810 1.18996327267733 -0.0803603254946362 -0.289801015927404
1 -0.811836223515972 -1.32785542320460 -0.503891184701521 -1.15022398335386 1.20293481375038
1 0.694111220135603 -1.18594983329631 -0.441129981920439 2.2666372692298 -0.814891541494773
-1 0.329613929315545 -0.837556644542976 0.0329590420330944 1.56879451991924 0.471780376085605
1 0.552214552118605 -2.05395334729775 0.494399853716953 1.55081171185401 -0.122869268147377
1 0.31080341671917 -1.33487422877566 1.38204785005997 0.565387083175938 -0.185824717693970
1 -0.70248737213781 0.85977154804759 0.922818665546095 -0.175581378579571 1.16526009748267
-1 1.69176974859671 -0.392585201569921 -0.166355221664346 1.53098906507985 1.32431249769122
-1 0.866658257092018 0.132258861165778 -0.665924948881324 0.477527869751264 1.31318956889596
1 1.00696167402845 0.00464067321895309 -1.3966687765417 -0.692457755608506 1.55791859154119
-1 2.14658433075725 1.05850521661398 1.24589859700026 0.355208098287741 0.953947883716396
-1 2.11261863393853 0.151278542325604 0.262428608945997 0.100066644061042 1.34041975536872
-1 1.44905022522032 -0.250918139493006 1.06892995065101 0.68802784550672 0.979424415504202
1 1.04058191214377 -0.367568729578983 0.0929226682964508 0.850807924534821 0.874394057713107
-1 0.927761550126145 2.56153073747526 0.336883942951193 2.94427061098356 -0.0654379621927181
-1 1.81797096363427 0.853125606545029 1.58676366625337 1.66072884908493 0.199028179298153
1 -0.274148420588238 0.474967634873269 0.545298486472786 -1.15236919832812 -0.892340996680828
-1 0.448935874245295 0.911005814970771 1.29215002202005 0.468972343296224 1.00327990957864
-1 0.313900567705893 -1.13146327929795 1.29942697932561 -0.585454163002265 -0.843197408094598
-1 0.786668237648197 0.0312643136163940 2.48660301659171 -0.450900353401941 0.34347594772925
-1 0.754071265109639 2.13028930609666 1.33474999353778 2.10382761375451 -0.0181190485931534
1 1.10500883855801 -0.170068140521106 -0.579287306418595 1.18245507646895 1.77594501626067
1 1.04808999042560 0.0173936755572848 -0.497862427104808 -0.564259598769756 0.00974256517239322
-1 -0.206885576417287 0.633781753746204 -0.0802846304122173 1.42068753435009 0.963531721417671
-1 1.8386432523222 0.294525941369347 2.32170399333386 0.162175130243740 1.03146698902035
1 -0.0497753849518251 -0.832879521669642 1.23155446340339 -0.962610271533772 -1.05460472552980
1 -0.152938381497861 0.421635334935112 -0.185950207768326 -1.28716049804406 -1.36727603470264
1 0.413470434570294 -1.48395779508578 1.2069889310564 1.16241470903924 0.269902959571122
-1 -0.304615861478305 -0.890742308134663 0.0156631286449966 2.26809215932216 1.49596975672736
-1 1.04265127360065 -0.102699343705539 1.04976824364427 -0.0678396930093594 0.369597520291018
1 -1.77540933800117 0.184320669904654 -0.526764072667408 -0.0523868667023876 0.268761414784093
1 0.536322288360027 -0.0556110968037317 -0.0261709448081611 -0.0133524091656969 -0.849740951326942
-1 -0.60476954072652 1.05570696294815 3.02179327664598 0.739281346149678 -0.681031848785302
-1 0.683466615682528 -0.245446112287349 -0.280040029431265 0.522584121123828 0.594834787284069
-1 2.48529982464299 0.970415851197872 0.546588178765807 0.673213466446623 -0.0501196595340919
-1 1.99943698436376 0.124246197387577 2.04424153478944 0.257522563406111 0.0871712075294302
-1 -0.869753212589445 0.196470965146544 1.43486997070444 1.76345394341592 -0.209818937193329
-1 0.189238605770622 0.764298903267387 1.58481834929777 -0.156230781136024 0.824327397657577
1 1.49556724781088 1.47427030956464 0.738628826544911 -0.685310294242896 -1.43267431416563
1 -0.428772349723651 -0.326893273527259 0.413140334429535 0.331062277110099 -0.623406043529346
-1 0.89175760115937 0.361972168970068 0.435777813770653 -0.915937278516774 2.83256780632582
1 -2.25122139559317 1.18806532676646 -0.956520366040789 0.00825372222239235 -0.167270329039996
1 0.55545574762995 0.722701305998018 -1.13426249764913 0.863110064267868 0.713008232135747
1 -0.174643337009772 2.43571697557517 0.127828312476308 1.11165983747070 1.16199935172042
-1 0.00914404171524852 2.17517601277354 1.92058224600482 0.891736599943773 -0.38639796175874
-1 0.435635164399826 1.95838612118746 2.74052684943694 1.5927558146392 0.942811907958163
-1 1.30655469710285 0.800572859468356 1.31474830487338 2.16181188928421 -0.0991868775741318
1 0.085760235202926 0.616468475912558 0.0747450496458447 0.170383497484576 -0.737162191201467
-1 2.02044069402857 2.42372588287599 -1.01115056538353 1.52955762989041 2.14588590652132
-1 2.82822397504627 1.96083722465110 2.49759305899356 2.4109126312229 0.517082691644857
-1 0.347953974828664 1.21706375376481 0.448630525543344 2.48190087096181 0.262083051170603
1 0.52879733015391 1.24764914478049 -1.62033458340816 0.723159414284 0.858618176486559
1 -0.07458857413902 0.70412101511206 1.12403326802582 0.618918096901411 -0.284828813554667
1 0.419451710335568 -1.50046423879573 -1.41697962761024 0.325515554488795 0.255970945577046
-1 1.28707090489477 -0.364900014210269 1.4301957390544 1.29112272387604 2.91187951851244
1 0.545713900343888 -0.473075030260271 0.298220683653832 0.47608099876056 -0.0135453428850843
-1 1.83459906816434 1.05087817949636 1.21675047098045 -0.596892265949668 0.355456936173659
1 1.01739483826964 -1.77633167548613 0.0332524529661076 0.718281448170054 -2.81023762578250
-1 0.269434064279744 2.76322869100381 0.87188232654687 1.63129765010165 0.218601048871565
1 1.42035679737565 -1.67615542165015 -1.01479262620569 -0.691363091300902 -1.04242991274597
1 0.216870385696445 1.57848501944119 -0.0618301076426077 0.633564433360496 0.0687129106671806
-1 1.34095056166219 0.527215230286011 1.28714157793445 -0.324038075856992 -1.04947630559273
-1 1.28599822235166 1.39346809726209 1.46931548787461 0.463164246398225 2.59290884025227
-1 0.423892832988071 2.21860272026526 0.202950777118882 -0.722107061288294 1.43376064211213
-1 0.788987556238373 0.406138416110413 -1.02876429891715 -0.0775088785666866 -0.544361513305441
1 -1.18279541562663 -0.414039665819176 -1.09530575985030 1.00468936151025 -0.375174195264613
1 -0.0630340621928858 0.449339343910972 -0.135856015098535 0.238232589119138 -0.418197023438047
-1 0.974842716418319 1.21345743157118 0.297938967785342 1.56543777234782 0.732706494715144
1 -0.209272905219211 0.778033359878148 0.0254354738769002 0.149446195352660 0.0355187085727954
-1 3.19064760201281 1.97207863302662 1.06542418989692 2.05192312860236 0.542506723858177
1 0.71337744704512 -0.9925602233097 -1.13165452981397 -0.446048129268711 1.89553539557801
-1 -0.663121692637344 -0.684959918243339 0.808487776783649 0.875172948367932 3.47457641832905
