-1 2.61828267197291 -0.207904781093616 2.18032042602334 1.03884641406349 1.70202981505629
1 -0.108865564636730 0.149467899444727 -1.37884478211059 0.0280872661399645 -0.728560247125318
-1 -0.505480659410661 -0.440887390562652 0.807005113542583 -0.787323919964992 1.14350030055601
1 1.55555696631823 -0.989618599713645 -0.811380982846164 -2.79776568144963 0.302607414730499
-1 2.07978724766074 0.78270514582962 1.82467416170518 2.20044488339096 -0.0175124713433094
1 1.13189669356552 0.0643732572721516 -0.352019573305635 0.71082672964875 0.00476436933151692
-1 -0.777776869050125 0.882795632168075 1.78357587101784 1.72398625045026 0.427542630278562
-1 1.11591097108469 1.04058585187763 0.201372199180750 2.45994245844863 0.310929546589289
1 1.32536971766553 -0.678233373915314 -1.31340127877216 -1.95097975804809 0.328906185286796
-1 0.574653222291068 0.722266104299812 1.43686063692781 0.980503892799548 -0.698459338533808
-1 -0.184258398835045 1.44673774019544 0.947080055359802 1.04502672723920 0.168961508653711
1 0.205924045329557 1.25877695594729 -0.642384218285399 -0.990317802251761 -0.162659811620411
1 1.85810772812524 0.0547983560309223 -0.536384761275664 -1.34714551882829 -2.58861512521079
1 2.04596400788727 0.460130695718363 -0.0225029622427806 -0.196713384633195 -0.557554060678136
-1 1.13718158749498 2.04056106222398 2.21629502087196 -1.30394474134638 1.28450139124639
1 1.56482553788646 -0.239803419587735 -0.794663354650115 0.324834193090301 1.05154577821543
-1 1.48936915015492 0.410938619185591 -0.729681538734521 2.09499615656917 1.87668700400859
-1 0.713178182821076 2.16121398609434 2.46013811788642 -1.65349933898368 0.601058132300516
1 0.232952695521701 -1.40532457115607 -0.0197985206847393 -0.716471836209836 -1.02648195770580
1 -1.10884666425348 0.633306382391517 0.00581604525429374 0.516476085393465 0.70753606284494
-1 1.67107521296888 -0.273765840402161 1.81667084507229 1.36637300535182 0.830566241015398
1 -1.34348763938039 -2.05969018353903 -1.45717699227925 1.22499728935497 1.00978034271403
-1 1.56685089945784 1.16785596594558 0.733837656080586 1.92203478121745 0.558382495759793
-1 2.03388719710683 1.87330874931818 -0.814039554464036 0.0646417821178303 0.796404419273332
1 1.51693021445505 -0.56983276963099 0.469670621023264 -0.182342059945883 0.531661804852001
-1 2.8718081099629 1.93381369581859 0.092941062952208 0.543987909691941 1.78746718962188
-1 1.03112174480435 2.79778108196268 0.810077462351286 0.0631719833757162 1.36508569709967
1 1.45983691331971 0.323850368089994 -0.39501568676974 -0.82455251765372 -0.190183683434006
-1 0.251172771290056 0.79721277293404 1.03242019620139 -0.228730548219913 1.16229740941898
-1 0.634264021795431 0.850722057620915 0.171158074884984 2.71516784870074 1.67094389071454
1 0.704770944204502 -0.727680498803469 -0.291519662002551 0.724027746994913 0.846594128480097
-1 -0.840738036291852 0.968276301684791 0.7484831527453 0.896178789644233 -0.657982464541336
1 -1.09210590550657 -2.61479320857319 -0.307319164348136 -0.113222448313791 -1.74859645323137
1 0.39118158725091 0.486044183676011 1.40710104946882 0.982068593115376 -1.02608264904512
1 -0.880012074116142 -0.678645194962951 1.39381699727463 -0.85456122796588 0.596715801075794
1 1.59842397543139 -1.48763075364654 0.209922593068366 0.103019906191965 0.235966016352034
1 -1.30387754949852 -0.918118253121624 0.45565824583264 -0.637894608782659 -1.70934771769742
1 2.38041168477510 -1.28945116400053 -0.104638009988765 0.893437960238926 0.109974265681294
-1 0.553627917945701 0.499090483931102 1.13133591533954 0.700148464144799 1.95086547198162
1 -0.126166833080581 -0.208052123394408 -0.798589702974877 0.467520247063323 -0.267247669016976
1 -0.186623430676241 -1.9562001220213 0.159737715761176 -0.431495873824942 0.83019594345729
-1 0.3800322538491 2.25412442896326 0.689352622143005 1.11834985494682 -0.272510745969307
1 0.399900629332699 0.535556591654913 0.76165348347037 0.581678557815399 -1.05415079946409
-1 0.636210997125073 1.63297822044235 0.0392228414124856 1.22219429340328 1.32133477497428
1 -1.59619066720444 -0.739878952331434 0.583089665139153 1.04199812854903 -0.519000891599968
1 2.06092116800911 1.54080669341453 -0.126879358659544 -1.06393402859299 -2.85753534077821
-1 1.8685193958358 0.557023077384522 0.883514689407269 0.504300905767153 0.93224952647995
1 0.49019945271034 0.0919269727451347 0.9759800934675 0.576036974232478 0.804411486150248
-1 0.973866446113084 1.62015883159064 -0.157409855010261 -0.237108057668825 -1.30130023286895
1 -0.158485313363143 1.68833079176161 -1.20066494500448 -0.636017688414638 1.07123655257836
1 -0.230629565267457 -0.126265976744733 -1.43244572540874 -0.417846091320141 -1.06863439781156
-1 2.63556341323805 -0.158687172557855 1.94737083076029 1.52149033505761 1.85847534513161
-1 1.67197836182462 0.753243690465865 1.65495945593533 1.42464821489060 0.233524433530102
-1 0.355087114431415 0.431745390841051 3.53114445325901 1.23157146181618 1.05489086809395
-1 1.13823287961320 0.425241627584644 0.836157705052254 1.15856517085142 2.68160541129735
-1 0.042006586554591 -0.223908071889753 0.391727881022073 -0.531255674041469 0.551968005508992
-1 1.42834135087018 1.67233984950863 2.24734340148903 1.79192694357475 -1.45676692076798
-1 0.719310377691869 0.553946971677016 0.235525484324283 3.22753739763356 1.28987565627631
1 -0.814423579158756 -0.245154749262249 -0.163437764494247 0.54282056258015 -1.20798820757233
-1 0.824629231342573 1.05209559481149 0.591541490066572 0.0402032090397038 0.347701513258701
1 0.0829785536083803 0.669664704633125 -1.46571368794300 1.49380812487193 1.15250460499789
1 0.478807074903066 0.764399439057571 1.07373255498838 -1.57932236963301 -0.761958944475988
-1 1.25531474912373 1.31664852903547 -0.783316647768997 1.50168367056528 1.04567444775715
-1 1.48797653404580 1.06972879771666 -0.527892216647866 -0.407513635586553 0.704852456734136
1 0.685004431442612 1.35724593286057 1.31534620981038 0.218493156258463 -0.998768094586022
-1 1.47845921080683 2.78009053165411 0.708361194043090 0.0204189559891856 -0.440491538637469
1 -0.531668266637136 -0.969360635482798 -0.280051724369760 0.86609497287509 0.706896812395641
1 -0.0332628884288637 -0.782258052997298 0.155348448314713 -0.773661590403081 -1.77468878298714
1 -0.358531965209578 -0.697353591588198 0.193197477754887 0.570008938471298 -1.47670346306930
-1 -0.130720905103414 1.27820120879708 1.9145338022939 1.52711165680680 1.03418054188044
1 2.17960121876323 2.46713793542795 1.00539405415497 0.176232785325315 1.04516111102561
1 0.817736520080925 0.448636064870804 0.119034597332838 0.429146108100415 0.0889965255491127
-1 0.577160960471063 1.86147321939544 0.0370238195964805 2.56522521534721 1.0741131981296
-1 0.623731822681434 0.655888921978973 1.82628511708668 0.754412760662078 1.18809322701619
-1 -0.343468561631077 0.0109490919717169 -0.44097999648282 1.32250605041715 1.80966441616187
1 -0.705999049411756 -0.49223438103422 -1.35727403086414 -1.26176861140045 0.459978860964065
-1 1.90110067781489 1.71821072963096 0.719818963831554 2.26735935333082 1.02850840082169
-1 0.759324286742573 -0.472042617930652 0.997170716799164 0.907050864189454 3.9160977125382
1 1.13700493983054 -0.410161337219089 -0.383616806222031 -0.477222723309915 -0.387957927631401
1 -0.12910647665426 0.377804681975238 0.70539202112421 0.622605728206297 1.71073348332037
-1 1.00520986688232 0.235294168832495 2.28334747209512 1.84623416723426 -0.458821126244169
1 -1.25282196420028 0.0242045012980875 -2.19063992386280 0.902906471172393 -1.04306932143674
-1 2.57438448893277 0.840522018771872 2.11375554490376 0.448946666703437 -0.768266446539642
-1 0.733811721551302 2.32551017444788 0.610227735817406 -0.801942740993919 1.58001941406247
1 -0.554077706131532 1.53313736594672 -1.91057361370141 -0.784424110225044 -0.110472629582628
-1 0.557227701431372 -0.115949463108301 1.76737051577432 -0.74297450909916 0.807700627443851
1 -0.509560417091784 0.546264908096244 0.446348843264462 0.328644050257945 0.564820188428005
-1 0.062819478326793 0.96165562680213 1.64138622924685 0.710607913986054 0.363480615527863
-1 0.0239993364180249 0.665743697710758 0.866924668558462 3.23574906654997 0.391631345863917
-1 1.23434479908330 0.215409985203137 0.397338365427933 1.05133425349054 -0.675817967789897
-1 2.78586253782431 1.05319324756603 1.56766477995087 0.743295633137008 0.859387447964107
1 0.741027313545079 1.12549277874492 0.410074086831901 1.54280336307077 -0.0712948911450748
1 -0.68999822963629 -0.688992352468167 0.101310018165227 0.790838425412877 0.328228149711049
1 0.0336578628367231 0.692527677857769 1.07060050664303 -0.328193278570239 0.323321321213529
1 -0.054567348157678 0.479936427292867 0.85776231913813 -0.65500856439597 -0.741545639640596
1 1.55824848767054 1.22591307288222 -0.65590847310932 1.08667600157663 0.226231721502601
1 -0.330404376435796 -0.554341387139496 0.512736364488508 0.181776295217768 -1.13620348999528
-1 0.837084451395517 0.168740269280749 1.09854594133277 1.37138156715227 2.47721512162602
-1 2.24333800524113 1.37911318614873 0.633509116480452 -0.485655770112042 0.985950446077575
1 1.27477413138101 -0.716021906108832 0.262646606514128 1.16750476487545 -1.14438232732207
-1 0.70496216480068 0.115197306346170 0.432118912395267 2.11807809451073 -1.19367117902523
1 0.123168477227052 0.503590772851009 0.0246696369670591 -1.08655458123492 2.26309585750481
1 2.04335185269122 1.22337296242107 1.0404074034754 -1.01594267436270 -0.552476588723909
1 -0.202530939732256 0.679834460912653 0.709114147386016 -0.508305519717963 0.678993845638342
-1 2.42214192172122 0.859977287211017 1.48586220005325 1.27226390816788 2.36713632312909
-1 0.338781141488223 1.55253896349941 1.83234373225686 -0.449570502195355 0.0458830725016247
-1 1.30339261195342 1.26247380329295 0.88198593308489 1.72584443747995 1.79634898924833
1 1.20760961019414 1.37085784833294 -1.25463668350275 -0.935929977133055 0.607452557688617
-1 1.82346495413255 2.41172287746387 1.40537739482684 1.21318207806608 -0.157392406956511
1 -1.50284860893508 -0.191188473595153 1.46409395175648 -0.112174086651549 -0.75279519052203
1 -1.46445519294980 -0.584814157718865 1.02888792685515 0.23197959169592 -0.206777508272886
-1 1.05281277334151 0.0371863714257049 -0.316095985570733 0.655459823095264 1.38664312279815
1 -1.27222382377564 -0.92850021937677 -1.67979451836361 0.377245077631616 0.157748452862819
-1 -0.495640168620585 1.92236853730177 -0.166927632447429 0.0914186681604373 1.14745392426438
1 0.750124694446374 0.867999492523858 -1.81899819237208 0.433893627944802 1.12175875470185
-1 -0.309391376242232 -0.91354521340754 2.4213821203635 -0.444283796320985 -0.622817224859756
-1 0.343370944182485 0.656700215754488 -1.16622601664556 1.94814084963888 0.250822593974130
1 -1.42477150856094 0.0441864243154364 -0.719469493743153 0.102543304279088 1.62755134283333
1 0.779023349824703 -0.670591618320867 1.31724648515149 -1.16559309057954 -0.824879082086202
-1 0.879821232255875 1.84880260226833 1.70382108683940 -1.43790986488452 1.27387509871513
1 -1.14373599964834 -0.371675073271811 -0.930702340754592 -0.480209662044602 0.0285600177494283
-1 0.451490277249103 1.71225236771588 0.774515762708753 1.98128824112119 0.35644027215512
-1 0.263367252193415 2.39715069914980 0.521197687519412 1.52096588925888 -0.013849304550977
1 1.14896796971602 0.561300940509240 -1.26508112229328 -0.0379586521151662 -1.13976232581127
-1 -0.606384270136898 -0.47540799932101 -0.221659314696654 0.366158377418469 0.071259595745278
1 -1.04114096820863 0.458885918869162 -0.482957797622123 0.336763882991566 -2.41229530849520
-1 1.52291724592711 0.86818702146893 -1.37056815979966 -0.137576032508484 1.04868311641229
-1 -1.85508328664366 0.529032398451569 1.22021645393678 2.16962738848059 1.39552066459874
-1 0.981425243565638 0.774183990080698 -0.0204782682892911 -0.218011424266816 1.93741118610378
1 -0.598272285647936 0.115386483416490 1.57054494901022 -0.40191646790427 -1.31470369699437
1 0.220162171580305 0.79118647686604 0.300971393238388 -1.58905330814287 -1.31380892296206
1 0.919001481368578 0.625552612682911 0.48570722943121 -0.592643029053574 -0.934974289952613
1 -1.72410566313129 0.0606164407080691 0.150507755660552 0.0805377513840501 -0.755474962277663
-1 0.976893102013475 0.664943718407323 0.255439517389061 -1.32536291299857 -0.726866035270407
1 1.38978859467701 -0.251537411603277 -0.655993374507308 1.41410271186329 0.431236038094228
-1 0.904677473019435 2.57729935448484 -0.307984125175126 1.68067191020412 1.04540962703322
-1 1.29687458857244 0.556026733953003 1.92061187213712 -0.53067533194445 -0.179131854164878
-1 0.932547959048687 1.70637966260355 0.86780330295198 -0.145139508203549 2.11024178898378
1 0.00541206863233975 0.610974384552337 -0.880666663030326 -0.621666402586481 -0.656762252340472
1 -1.33933856609988 -0.0962377113320729 -1.01585649727472 0.778219234115582 0.471497520795227
-1 1.82510208279881 1.03347444252832 1.07566318503706 0.786328914059837 3.55788850869254
1 -0.140455170499062 -1.8618824163059 -0.313796285303336 0.74194310403216 1.31354867632791
-1 0.707439700704238 0.276547601335937 0.782311895747815 2.06804104121328 0.306212212174668
-1 0.59611436611856 0.428868240276222 0.953581437678928 -0.0648369428736364 -0.240718092506696
1 0.403680879083672 -0.840553280609562 -1.50799377563512 -0.236565393964375 -0.59311816606475
1 0.445767691805296 1.36667290066803 0.120187632731100 -0.595191297729047 -0.556248151481534
-1 0.55495717497055 1.06037148246053 0.931921559771706 0.295783281726097 0.48643094419899
-1 0.523206485843393 0.593051045555502 0.620799655463188 0.99540068389654 2.19720253663210
1 0.856624680067638 0.466963002940831 -0.909174613455372 0.0369905411577845 0.588150721473695
1 -1.27076510097376 0.257039352036302 1.04549806507940 0.605748640025501 -0.660881085193056
-1 0.410463925866147 2.57727236471693 0.0259312299066591 0.752936785778414 3.62796876262692
1 -0.850683485373702 2.21980472588582 -0.9955465385015 -0.461501795111076 0.436992469403459
1 -0.584804716399795 1.07562653064156 0.0192597256133671 0.144187097176254 1.06814773666407
1 1.32233305060512 0.517301514321011 -0.434156091261522 -0.388456021894237 1.91139576435247
1 1.9227568358337 0.0599229457309778 0.749257719656367 0.264992227343029 -1.09138143719101
1 1.67169047697666 -0.101943775509528 -3.531056843933 -0.308945792827352 0.207575662639314
1 -0.17875433260632 0.793251925879854 0.855228998196156 1.55392117881128 0.357459593317029
1 -0.0222720266014724 -0.252469529481191 1.76573129157248 -0.467484682653292 -0.085737209799543
1 2.02760998002975 0.331463340856785 -0.92782639479856 1.26143529159282 0.760604474040009
-1 1.78484291588254 1.22418341931698 0.205973009678687 1.1789919660883 1.81126166414596
-1 0.925459167968795 1.15691440133917 0.735448809467474 -0.514905080911594 2.54360767177162
-1 0.609850113430822 -0.745086716658517 2.45791466806766 2.23283648160116 0.0631153651321682
-1 1.84921855164838 1.97738052449749 1.79952873907306 0.103463179673607 -0.243490960642437
-1 -0.714143840617441 0.611096507916418 1.76643867045389 -0.663197226010452 0.0404534600989498
1 1.88071147064554 -0.162738395839403 -0.942787985645519 -0.404258635109991 0.0671715001877036
1 -1.13196478561418 0.673617186960875 0.614799989335972 1.12450498159104 0.000291606473096038
1 -0.505099401596992 -1.39508278839916 0.076951707365448 0.590817617042536 -0.362968836902264
1 0.734753796987778 -0.600512352256278 -2.24683424245634 1.91423320698347 1.46799320231735
-1 -0.574021274731942 1.46576425331679 0.450491237018056 1.29820990770050 2.10899019852211
1 0.0681071303721123 0.543062814323903 -0.372772055956758 0.866392004675873 -0.412125462963854
-1 0.571272074175523 1.51710443490739 0.303946231534606 1.46806984924499 -0.210922742736284
-1 0.557122017705107 -0.828373200784882 1.38869449721302 2.35793334915810 1.72986854457664
-1 0.101081321692117 0.954611400650875 -1.08388226480001 1.52578354434882 0.957994510814108
1 0.728498052196042 -0.682993691685134 -0.997118075380082 -1.15823999129981 0.516260026041755
-1 -0.65755956902011 -0.147952649229619 0.99062305879409 0.913462803267712 2.34574077414862
-1 1.78630295494895 -0.301081580408964 1.17531280339095 1.04916908495823 2.53315694301281
-1 1.81700647180177 0.327820709658152 1.0080134847311 1.63799729013515 1.56205256982705
-1 0.698413776165523 0.0393529930609792 -0.155163059975927 0.119005999087970 0.527509791236426
1 0.388035504656703 -0.0350526727484578 -0.328958905012195 -1.20691894042758 0.00858391313714404
-1 2.15578347123242 -0.0286529910252498 0.849270830180478 1.27815949922081 -2.13873465430216
-1 1.38561199567958 -0.363922594688058 0.743327238846794 0.566521662258359 0.236654053940633
1 2.2157553975558 0.172335223670302 -0.143036294577355 0.554299705697396 0.415594027587275
-1 1.10854444057786 0.388530284334284 0.186508726312932 0.560421961460057 1.70398708896858
1 -0.742443595694737 -1.43529491011645 1.34251586313173 -1.08797328908675 -0.211252806478162
1 0.620910657687557 0.170781187537759 -0.675216446591682 -1.81035320644373 -0.249458509451181
-1 -0.313275041000903 1.77520809087093 2.35271414095943 1.45947726590289 0.267453463794837
-1 0.414694837092927 0.616694670110423 -0.66131149683349 0.889884671338408 0.0283742297372052
1 1.14451458615758 -0.668455129445544 -0.440585572152378 -0.0333809834944208 -0.0422530939379021
1 1.91773105166224 0.287039280268543 0.539579263241802 -0.912816999440496 0.121356045422036
1 0.749971143587205 1.45868855444859 1.36865621291847 0.693177002850039 -0.54253817984669
-1 0.433345912825472 1.34271048152585 2.33254303246419 0.506869748967138 0.704854702830174
1 0.34849925207903 -0.213583372649033 0.0241282648403491 -2.07195639248611 -0.276374701136394
-1 2.04118917797581 0.448738551804289 -0.0379048979155895 0.231760556375985 0.713182845248187
-1 0.769995239660202 0.881939626210092 0.00403929977167672 2.45832164469622 1.37649537259269
1 -0.00564351345325236 -1.62604056584509 0.589577363073888 0.82830718828992 1.06667567741938
1 0.0794470511127178 0.392383339393318 0.244705393867848 -1.35728566568878 0.00977491290505295
-1 0.523178780127661 2.42353303447761 1.05588353264514 2.64335487059384 0.869000494490618
1 0.266281187861111 1.32537707300171 1.00296858598449 -0.35920426165314 0.109273955664454
-1 0.98860479063915 1.05243141702003 -0.101562492286319 -1.26597559528262 -0.396985611533568
-1 -1.15164418193642 1.68352215413351 0.95636731187448 -0.255910232582582 2.05822807627295
-1 0.477796593387572 1.45916277014393 2.03845313264564 2.81775754030231 1.70997634047046
-1 -0.141367512714999 0.485891940202840 -0.13949377488284 -0.683934945548979 1.14415467889664
-1 1.17975799714554 1.97030703309214 0.817644870341182 0.586487875562423 1.94721716973606
-1 2.15006693016987 1.71743085157469 1.82791978507754 1.15226307014467 2.93652501804847
1 -0.668508491170795 1.60533281906409 0.390717528301141 0.185370940549811 -1.02290568219626
-1 0.113217116582323 1.13314538422795 0.700004512662387 -0.431068982066238 2.14849366182787
1 -0.593614379484753 -0.362271815488347 1.31871736912593 -0.281229346488062 0.860256132546235
1 0.622851897179153 0.504905984030246 -0.0792631547202195 -0.601304810738923 -0.647495831438841
-1 -0.393288990608393 2.17827646816000 0.731687384189882 1.59259816934614 2.12193811939111
1 0.217840164027572 1.00178385350525 -0.52067034380766 0.0233837755375639 -0.462726460692926
1 -0.29168349202087 0.197460566596499 0.476166670396438 2.04843880087442 -0.0778658621553946
-1 -0.182116682767517 -0.409941311961638 1.26890464146087 0.358374577396408 1.09014456305163
1 -1.13631107156267 -0.375431134316903 -0.786478490404075 -1.00034653323941 0.787139157716446
1 0.388001285346084 1.63882858162743 -1.13223392205523 -1.72608990745796 0.313250004082301
1 -0.843002214771235 -0.771823548481698 0.929832729926217 -0.167885108943625 -0.924953300331467
-1 1.99934719762333 -0.782269544245695 0.681206932925156 2.69845167201523 2.0178774184057
-1 1.18295021094989 1.78863693590488 0.95452791218044 1.50480049510911 1.82290345365479
1 0.816120381279077 1.60330131873209 0.192850190118856 2.28712514308861 -0.0692917517572573
1 0.132934602374127 -0.287392811312993 -1.62650621905513 0.0712131959418725 1.28591512715173
1 -0.75415943038669 -0.46241173016992 0.0421591797341337 1.22678316648263 -0.318547379513481
-1 0.0736743365038807 1.31337556204112 3.64224270968200 0.325413438365018 0.121902682267619
-1 1.20662233572597 0.930914570840606 0.63325891012742 0.535857686805337 0.93225285576158
-1 1.17601821278972 2.32752683880486 1.12865803832253 0.718864923154026 0.236578858164151
-1 -1.15668777934353 0.0851502367211499 1.04934165064386 0.289328247295399 1.55479907350009
-1 0.775417902692983 2.90871094091530 1.49962674747630 1.34878822284248 0.00304086154287286
1 -0.127704974490362 -0.271310632507724 -0.477327910473595 -0.922995046659908 1.22312266200624
-1 2.00686771735697 0.619306017766211 3.6284863031801 1.44251075689187 0.554577827700573
-1 0.981203467864844 0.764789404700388 0.622584184885597 1.66564745700981 0.622024141267033
1 0.76992740574558 1.68469754894608 0.163475317132035 -0.859483445710938 -0.177796783864223
-1 2.96362097052617 1.26979246437326 1.53576400588107 -0.492910460399666 0.995099328188893
-1 2.81167164357843 -1.17105396730617 0.920860812470147 0.369742662824303 0.860472963229863
1 -1.34761345541874 0.645486261029836 0.367172508920849 -1.93847232730410 0.00914319831959493
1 1.32498138038368 0.0673535416607832 -1.37534964371444 1.76434334633031 0.0837918871431043
-1 0.803041154505716 -0.729876351855139 2.48124342775641 1.2762155293554 1.57781835109537
-1 2.73046060501913 0.924211114071112 1.29767795319735 0.93944251801621 1.63191742439489
1 0.440024946570886 0.505362420386848 1.88145641402723 0.733340747114283 -0.240988458260308
1 -0.121106256867382 0.324962521837396 -0.490103642562567 0.864385888550393 -0.0280901247699290
-1 -0.219355949704502 2.24975715309885 -0.261501811208481 1.52041083055132 -0.775850864117954
1 -1.46260543416575 -0.981422078968575 1.72316128687607 -0.0355310429607551 -0.939512891190068
1 1.41790390405865 -0.322341881425466 0.0699167814615405 -1.14255259432561 -0.0687434785761938
-1 1.24109063562667 1.24107857287946 1.52070839560729 1.29740134187593 0.659204682178604
-1 0.203079383144069 0.122399454900504 2.16691287439084 1.60401502396879 0.333224656164350
1 0.121283355306069 -2.00801133650185 -0.942596577959246 0.390143990411951 -0.391988679298381
1 -0.668909217321898 -0.730227463018376 0.897793461413375 -0.00714707417930503 0.477133665941612
-1 -0.122143334743717 1.68307027365282 1.86168817197357 -0.0206511046370341 0.764789000983996
-1 2.38047087801733 1.68335561038834 2.64405717567151 0.183779474815379 0.286876932994249
1 -0.0559824573799385 1.27174827656815 0.168690677170373 -1.88666207712857 -1.00070895206626
1 0.976506080367306 0.960686168714577 -0.682890770185128 -0.221253042602521 0.366847320140893
1 1.80278365359185 -1.64343469514736 0.774907066318987 1.23557994622575 1.37791218214099
1 0.266370103591499 -2.44538932950631 1.58564056327996 0.272650323647753 0.0841996387585615
-1 0.65418980638221 0.333050282130146 1.94138580389406 -0.734126731632514 1.35950005143866
-1 1.48674280366889 0.244757183878005 1.73479268531999 0.320090157273058 2.49568153538419
1 0.354535688801561 -1.41933667454507 0.0980625026975383 0.338812327681242 -0.30656652340233
1 -0.859449645165965 0.293344011594681 0.191749449899531 0.679522316503807 -0.305733504106002
-1 1.94473879224125 1.37911681916243 0.478555818019979 1.61176010825761 0.669069736595105
-1 -1.58604179841289 1.88019465473463 1.66476660563484 -1.51845874522863 -0.0164723836902940
-1 -0.0151721644975285 1.12691694455193 0.799431177826167 0.634588634139907 -0.932992354931467
1 1.33903915354105 -0.704969807882366 0.212945109405230 -1.06323474136501 1.10343749754328
-1 1.16171256109003 0.546627764720317 0.99654088443775 1.76561548197031 0.940484478861124
1 0.0994959310829248 -0.739700796168311 -0.732994317005091 -0.0931115021457073 0.746952319593677
1 -0.0388953081150812 0.390112637827866 1.54156005256491 0.253160997255671 -0.109192513809613
1 -1.36453124285663 0.731789855993555 0.158759082828734 1.12000141711369 0.0146567017885681
1 -0.926787171982487 -1.35477393204632 -2.57985612135059 -0.124256249976153 -0.650413247644846
-1 1.95116522117719 2.23675631561045 -0.792741572094512 0.810331069413288 0.592069616058141
-1 0.173372925636168 2.38747380213991 1.56660228343597 0.646624978819734 3.85503833185253
1 -1.62904601151043 -0.397376641533911 -0.301479379183683 -1.10673412332257 0.745874126852758
-1 1.29564802315317 -0.605460928536973 0.281205921162614 -1.10827872857049 -0.710274113064236
1 1.65811540949702 -1.23140615092222 0.842359240810422 -0.581168503742273 0.556836554593248
-1 1.39955979693348 1.26951793469846 0.181643465695461 0.0407213116136719 0.62558621598772
-1 1.55968562978381 0.514517746293998 0.300264645837122 2.64068949278566 1.60815053932165
-1 0.549908116124915 1.71845797319603 1.43238415854541 1.31582729442148 1.11318268369240
1 -0.166298681305522 0.215297276613089 -1.61837262237870 1.09421203953597 -0.0264603925407537
1 -0.271853591247546 0.499370899441878 1.26154050831960 -1.18772702523027 1.70801428906141
-1 2.09747919870060 -0.104516384569759 1.89000508069816 0.939746957437366 -0.887602881291255
-1 0.753243204483923 1.51555922984845 -0.28347249628437 -0.105060119757690 1.96629878197687
-1 0.24202720890574 -0.133276155755749 0.497203603124232 1.24080553687120 -0.933694532682013
-1 -1.46610286593496 2.02379778616366 0.557482550725034 0.75322689827728 0.842047475149872
1 0.45718091389313 -0.0691970913480853 0.595069359507681 -0.134293562865424 0.484342832330773
1 2.78841160512278 0.188467898175576 -0.379937397054049 1.32528558950048 -0.532709137306534
-1 0.232611096910138 1.38969505369056 3.21180531030249 2.00559288281205 2.08722243337889
1 -1.94930728428275 0.241124555284475 -0.295746502778972 -1.09125173718246 0.549992003894634
-1 1.01039840101108 0.129130301840567 -0.176782732643863 -0.978803153620636 -0.336887899239827
1 0.0575745553861802 0.724102912425089 2.04515864591622 -3.48103057953611 -1.05214213533686
1 -1.74501203004542 -1.26250178054114 -0.281092306388907 0.917271332383166 -0.139454991855789
-1 0.940363326001715 1.86788437478253 0.655133778558947 2.31757022633620 1.71354941349521
1 0.284046036191433 0.781142721733748 0.738511333888289 -0.556713210865383 1.98895316757109
1 0.3393105404626 -0.642793134734986 -0.0900703078724938 1.08268535216337 -0.901709987832824
1 -0.198082660756473 -1.72665546807636 -1.62750175396981 -0.136530969725515 0.438736608541237
1 -0.68915170547759 0.731112417071698 0.848504764270671 0.101004105332647 -1.01667415301051
1 -0.731348648523314 1.44745710463633 0.103391110948502 0.536428805951742 -1.14284043800699
-1 0.535112151004929 -0.63819584267405 0.0226180625244295 1.06862303008525 3.03688155373239
1 -2.09866602540535 -1.51667338225901 0.991640552511087 -0.776784932742999 3.09713753156825
-1 0.883254961565478 0.125216526297498 0.621432549641284 -0.246011018919540 1.61441723939426
-1 1.88040014073547 1.54689225391934 1.97430978801685 1.37446194127152 0.68978082788344
1 1.77694633578260 -0.0520028997472449 0.61204554492042 0.818182949175114 -0.069998083991531
1 1.55936518004128 -0.653598613632218 -3.14651156079991 0.80004987682661 -0.58710093605802
-1 1.96317678188392 1.40898055381259 3.34938516166054 0.270572918101344 0.520699289752528
1 -0.624360718118387 -1.66534854314288 2.76533156659893 0.96137615323023 -0.127256303983961
1 0.900506035472196 -1.20821868287699 -0.578477820446897 0.622629004121456 -0.385665212034221
1 -1.57410101810906 -1.760448553315 1.929172935777 -0.255426342430925 -2.13959654710822
-1 1.41360660562111 0.637848196344033 0.960890944902122 1.852841183299 1.25976093696844
-1 0.212408748930003 0.306434685259178 1.24165070731757 0.226808161946402 2.56801998714455
-1 0.8113796752314 -0.679744482747182 0.537256285348028 0.624585898451097 0.135594544909916
1 -1.53045334900549 0.130214069658727 0.395999527215989 -0.194140035442885 -1.06488425779369
-1 0.838285604013163 1.97940830061926 2.08367696636346 1.45639526074392 2.79271572818987
1 -0.463297999673712 -0.129131247087439 -0.445566240610839 -0.387473339845556 -0.380790385155732
-1 0.0611397944890931 0.284458220803668 -1.35561267506335 1.94114685390091 -0.383332506018057
1 -1.25074416338240 0.980563735426477 -1.58313520889982 0.907678532147834 -0.77741116289872
1 -0.0437864954483649 0.466025595475251 -0.167009686365336 -2.67653367379326 0.084755361641028
1 0.906898775091166 -1.17623118193810 0.523292758922803 0.05145688608739 -0.610206721788943
-1 0.203617777523371 2.56732553815274 0.716820059193463 1.71779501908422 0.586180485957543
-1 0.285574081287996 0.176686880227079 -0.128127222831677 0.699846874243496 0.731875637447727
1 -1.29875246215981 0.385599618580574 1.03159428189865 0.584558915162843 -0.288601773006012
1 0.53444241977953 -0.459506356859354 0.507189603320172 -0.633394162338058 0.268722687751326
1 1.63748920417421 0.275005163864216 -3.79058948261473 0.592790294039487 1.13279412131339
1 -1.69832520160727 -1.64476871482640 0.519302033479294 1.34837074982509 0.364965075551758
1 1.19865166137221 0.451068386309324 -0.239640301441447 -0.477113276004271 0.121164308009429
1 -1.29867326453894 -0.299718376461575 -0.572295780812537 -0.743170662872339 -0.37354418069388
-1 -0.230371187342239 -0.149619121238115 0.0800525091018867 1.36248743370466 2.12756909532579
-1 -0.111383945376689 0.690752582021835 0.616315618661785 1.62958747702095 -1.40232887689500
1 -1.23359663589945 0.411816884024699 0.55450832924834 -1.38017309023558 1.56865233864394
-1 2.4959702289365 1.78823178046395 0.118591445530008 3.37621092513915 -0.995716479246973
1 0.0080792284257051 0.344179197751973 0.503488160899097 -0.304566624935126 0.856997192119496
1 -0.223049962852248 -1.69899913183155 0.356245442586280 -1.34173438959790 -0.135083563589109
-1 1.95002304549772 0.364242908351403 -0.678341671253803 0.155447648118426 1.09993539903065
1 -1.61449940367205 -1.29063308268944 0.363274517874971 0.219433217720855 -0.337161063282504
-1 2.2124774319742 -0.440146801752859 1.24525830136463 2.24669098571153 0.0435238720224568
1 -0.722072113799749 0.257794263374002 0.368478146405309 0.207626208289602 0.810072915676025
1 -0.201892517115920 -1.44911701101907 0.120293232699874 0.650888460451522 0.236331196679162
-1 1.3073370596431 1.58809406275452 -0.463600642283632 1.49851172864254 0.988645591558815
-1 -0.257690400722923 1.85741626666894 -0.0289046539277369 1.72895507645981 0.131274675690588
1 1.61775321790519 0.468813677278315 -0.314417405066284 -1.65085997071344 1.8219470582987
-1 1.50501952240649 1.50741971372166 1.39891663008625 1.43858775061121 2.50561959567688
1 -0.633973728480108 -0.326817161904876 0.654552461034875 0.997500096754306 -1.24602786268465
1 -0.207944123808069 -0.453000446730909 -0.0706199439841806 0.613351060919042 1.65255310589151
-1 1.27524824148928 1.25355630829504 1.21185873802203 2.05392838568705 0.684597169233006
-1 0.142825129236749 -0.185560969454672 0.381436429192872 1.29499929105377 0.311344568683214
-1 1.05306946906389 1.51303768831623 1.76932552324510 1.07638385577598 0.685173900947853
-1 0.479998927609999 0.53858128706385 2.12323560594101 2.07912956784631 0.441645166639858
-1 1.04132541801397 -0.0865305419567978 1.59371183997477 -0.16666258934024 2.52549309575769
-1 0.206076051912601 0.346181019148043 0.789379662372303 1.45251370949219 1.83919361870713
-1 2.11279817751389 0.151827712313291 -0.403798083174771 1.85337282937797 1.06538185532616
-1 0.199971595839875 1.65531839049304 1.13862181051391 -0.751399547997192 1.15833591507462
1 1.21142123656629 -0.723166295996224 2.04348375959079 -0.256082308645399 0.471139380558203
-1 0.507032751774244 0.735333724671497 1.90276195542718 -0.367998046875590 -0.91404918723177
-1 1.05272177199562 1.88034183893868 2.45802214935828 0.797452532228741 0.461033335306565
-1 -1.23079605998184 3.04358775405651 0.360732378629699 2.08594295682207 1.07818371973779
1 1.37558488265274 -0.233139321988943 0.999764458581247 -0.73215068231823 0.317992003277268
1 1.07188768068430 -0.000139788503070750 -0.591220119218281 1.59728848576332 -0.743050065584677
1 1.47532160785833 0.372207042593881 -0.0938325843020713 -0.782377981104034 0.968833816995778
1 2.25986958197598 0.0269444107487530 0.317690140296047 0.796309032275552 0.165449352847771
1 -1.29595608028537 1.22859782389989 0.540798000067351 0.206089225162509 0.72698465612854
-1 0.0639079766094132 0.250276126543025 0.94336188027003 0.289293342347404 1.65888655857952
1 0.95581178916394 1.46168221923567 -0.683641569969325 0.798336111711917 -0.0180194667280118
-1 2.75603816504246 2.92696490043966 0.917578642936663 -0.672890967971316 0.554021551055337
1 1.93394203570701 2.18475833577058 -1.27680926271058 1.03741900337040 0.560656739395622
-1 2.05678702118431 0.654753170662458 -0.808591503395214 2.5292663417695 1.67321785431486
-1 -0.504779469314488 0.54297424376335 1.66159161289384 1.57215195024714 1.51103193200495
1 -1.76182329688565 -0.281794264049111 -0.355192079026211 0.0925810536267106 0.0117408284461172
1 1.84411041267013 2.05910724627702 -0.398669708869301 -0.347349474634676 -0.00130422272318029
1 0.153381912336691 0.847187957723431 0.518505284032989 0.360306559327191 -1.02468908330424
-1 0.767115104357249 0.79214972376663 -0.514287813540038 1.19406090577283 -0.117989671363376
-1 0.281694135912287 1.74754645129036 -0.393463962540482 1.44007048872186 -0.202439618091409
1 -1.72107374141644 0.405195445668915 -0.07684698933872 0.174352147769239 -1.31253823383176
1 -0.253452637586649 -0.449880070539965 1.18790483037816 -0.201802155947255 -0.0108822484026849
-1 1.58376606636222 -1.48185081326733 -0.843173798459896 -0.363187369034224 0.396438344433791
1 0.781995878055557 0.174057139082536 2.41572133404405 -1.04162203381612 1.78974263562889
1 -0.0497427604632276 0.699946976194994 -1.00377933503079 -1.48843630538295 1.2668391867121
1 -0.347417935936258 -0.89088216229028 -0.0542371364676546 1.67473600849648 -1.95794777483826
1 -0.327282149600129 -0.274819000690059 -1.21096778331277 -0.638728068583565 -0.556763036512022
1 -0.792835852559743 3.11138491377167 0.647320270879837 1.41912886939072 -2.66156539466613
1 -0.192989515802752 -0.194529838597033 -0.375891952087213 0.241131045251798 -1.15014869749346
-1 1.31838894439106 1.30152129889373 1.61488612596244 1.16282874913215 1.37385745773425
-1 1.28666577700204 0.706367858238043 1.44085395145468 0.0955833358160872 -0.568108686000993
1 0.937484372874507 0.193984479438624 1.24079303838605 0.74903162370388 0.307968781215282
-1 1.56413065222385 1.73493469779767 -0.309867656564129 0.0620280631320832 0.176714235892865
-1 0.724882662233166 1.1450479183546 1.54261558770910 0.962518512338255 1.44981120208777
-1 0.0777582275630792 0.640556769939967 -0.688017809491948 1.61935758536792 -0.996855151201033
-1 -0.223930041901076 3.27376465306479 2.22580625115960 1.10853389082968 1.02718663064770
-1 0.591132371249325 0.28701509739601 1.73439005057347 2.34493898015254 1.68353829366250
1 1.07886331390415 0.176678759568892 -0.410349408885954 -0.291492626613252 -1.68300976815187
-1 1.06989868754346 0.885503989344618 0.252004843853521 -1.51097666006226 -0.658987344766189
1 -1.41235555431414 0.230284895024497 0.34773973566361 0.82682356792479 -0.0818909614178969
-1 -0.135830758546294 1.65514127117567 1.48434897392910 1.65489113148313 -0.220797100520588
-1 1.48238639755454 0.582558442838024 1.04040125015843 -0.0555515062643428 1.69024813531905
1 1.81575243610987 -0.455754434384913 0.89802116292424 -2.22506453309433 0.311293092733091
-1 0.77733070510369 0.717538768693664 -0.783078850753224 0.967966457409503 -0.720710230789361
-1 1.53808563695708 0.122596363639361 0.71596103386484 2.03881675377025 0.64640520316574
-1 2.0370393525887 -0.845098660040323 1.60171720001305 2.86995157231416 0.8247599097279
1 -0.297476565115764 1.58695856296221 0.606704348276733 -1.02823111515683 1.61865704270660
1 -0.271223880485624 -1.52259448796897 0.0880084139313329 -0.95216871280542 1.19315646680541
-1 1.71626603680324 2.04718285720400 -0.0527999820609037 2.69212629585496 0.643057570115775
-1 1.38536867247470 0.887217172499032 0.586352914366672 -0.0972817198514434 2.23842079615535
1 -0.199602151324284 0.133129352624282 0.355875540431273 -0.759540548842822 -0.438890556999855
-1 1.39520456832371 0.0751106764102675 0.644619764356891 4.2226178534335 0.545220255398802
1 -0.595068356848711 -0.163079546113362 0.544544618698534 2.00777714645248 1.84050215882211
-1 0.608449904563957 0.840372185598066 -0.581705204697029 1.43097902371893 -0.69604665665916
1 1.40165876701457 -1.41830969697014 1.31626375428479 0.611178288643459 -1.85908247729538
1 -1.00722345058543 0.959981657395883 -1.47566668774955 -0.258755544836520 -0.126611899022363
-1 2.01058621827540 0.85818155710044 2.27840160996781 -0.626541653359846 1.94152002256290
1 -0.580857426029840 0.816608803079941 0.121407436158745 0.0495702900242421 -1.13018559821339
1 -0.327040776448473 0.899885246061794 -0.703590384021711 0.735207599966597 -0.391678182421844
-1 0.106493001373410 0.116415869438755 0.126170368265219 1.83343699457467 0.184054221418956
1 -0.907102169826284 0.640382420347105 -0.689914907071676 0.574320043584075 0.921315041955863
-1 1.94783881829958 0.866988611778557 0.395597029947355 -1.85691421062006 0.888260656499638
-1 0.664826510725486 0.82210681548992 1.79219764042952 3.00827308914626 1.35727225980945
1 -0.376539902145496 -2.17451394402550 0.46609839021372 1.06450514524734 1.36249827720458
-1 2.03854014806952 -0.170011127780087 1.60667471017231 0.223549693416047 0.29363886095943
1 -0.575178411219425 1.01322874422415 0.179318858002928 1.06328488598244 -0.922581119489063
1 -0.700415172777445 0.0356930382675471 1.58583559699589 -1.75963892603170 -0.395255045816668
1 0.394953516949963 0.784523066821765 -1.98211906783172 -0.341997939471129 -0.630096511545548
1 -0.305930982073252 0.130341572278277 0.193888259410149 -0.0150477286823197 -0.38264533045885
1 -0.0333411625662216 0.629592278958574 -1.21986452497606 -1.64090718874348 1.26775822823079
-1 0.685421828132413 0.452554843761551 1.57034279209841 0.318721497741349 1.96275592565047
1 0.105729972279169 -0.98693361005995 1.85480830679909 0.65252748998177 -1.15201441042140
1 0.393001384149742 1.95417067672834 0.0685317331055602 0.844489767575682 0.433776591517759
-1 1.02769440477440 0.538480744614315 2.4523759078334 2.39216369806139 -0.60755554133556
-1 -0.184170873238305 1.60488666017123 -0.334518616351302 0.814475333824744 1.76668851538212
-1 0.683999053620105 -0.255318601595015 1.03379597418936 1.35177473069991 1.41636806229637
1 0.0956892703674776 0.152474800749711 -1.01383623514665 -0.513308223677236 0.181214589902839
-1 1.62097148230155 1.92065373068780 0.822747534160417 1.01779240707457 0.0284183972135424
1 0.355543921287128 0.324457781762852 0.210044181654432 -0.431170220949196 0.00932590910420831
1 -0.623318763564422 1.18640432942081 0.27908676991089 0.0955119752605857 0.0423960083343075
1 0.330632906871637 1.24297004167256 0.173465542489428 -0.520162486522183 0.204582365893964
-1 0.593907228813173 0.444907560984091 2.49068044433967 0.946429461737318 -0.00211656525251602
-1 -0.7843965897101 2.30643663159209 1.67363397399675 0.525226608413724 1.73066017693246
1 -1.85952962614431 -0.317945362813927 0.597279951324663 -1.16550037966987 1.69943169301171
1 1.74680215676412 -0.505914598331955 -1.24073800633595 0.76478547448145 -0.149898803621771
1 0.436277153229739 -2.18817010059253 -1.42421975917854 -0.569818151639466 0.452795201303815
1 -0.00553380701602705 -0.658562874407475 0.537713711523364 0.935331534687273 -1.57691739978407
-1 1.84298059411762 -0.249239811542855 -0.62371057673084 0.405857527180356 -0.235294742834835
1 -0.0320600644600902 1.83517222270382 -1.23420119777428 1.63387012117913 0.171785089297637
-1 -0.116524501925358 2.43475764352547 -0.240640037344679 -0.17569054195591 1.67173016322710
1 -2.17180042363492 0.547623812725733 -0.850011003303911 -0.706365470695382 -0.94813409979311
1 -1.83818651952265 -2.36626402722045 -0.065677840728939 -1.11620179221811 -0.0142056193243643
-1 1.36995363705915 0.933806100707033 -1.38142744877173 1.07592964961668 1.13922130034201
1 1.52109499306140 2.42334113121883 3.21221853896157 -1.32494275831439 0.444332495716492
-1 2.26059599131757 0.425071981627477 -0.377751591757342 2.00039278514105 0.488087470723258
1 2.30786937947169 -0.166048112758263 2.07196609714510 0.0378047037402471 0.616752874243524
1 -0.052420959035467 0.00202889219713504 1.16721922971692 -0.266429223357303 -0.524875245479722
1 0.239771138485974 0.706315634866966 0.51175879788614 -0.642737730776999 1.16987899744088
-1 -0.280125277868607 -0.400903621285774 2.90691792492047 0.96061393022882 2.53439981237184
1 1.37454679622904 0.445259354532381 -1.47219935253500 -1.77490272811135 -0.705899419351833
-1 0.535080173630862 0.287086105291118 1.85140036458490 -0.5981293370987 0.981366384303565
-1 -0.582873201226351 1.93433004205066 1.56717684198658 -0.962833058082216 1.59510776625851
-1 0.63855718471712 -0.0564191467114228 0.931557557307939 0.785702121059453 0.72927401663272
1 1.12969989928479 0.208535328843882 1.04876708502267 -1.64329270051831 0.474098868397456
-1 3.05628107476926 1.4570353045864 0.0805549852109847 -0.460520178454467 -0.838729284372082
1 0.826607377758401 -2.57641942435601 -1.11761417739496 -1.92212238950833 0.60797610271819
-1 1.15117023756653 1.58764951238179 3.37496494113381 0.863618329377386 1.53712264902141
1 0.553581157257648 -2.32188966376455 -0.330595147923616 1.69955083731308 1.26324414361406
-1 0.995743343807856 1.34077008586760 1.82742666606106 1.05575455756651 1.97812216268168
-1 1.45914993880058 0.275375262708336 1.54166633261094 1.260912415769 1.6666708391166
1 0.350956552813528 -0.928158362646098 0.711891415625283 0.0914537046278558 1.11598695144810
-1 0.450277698048089 1.10429302723627 -0.0417052776362246 0.688645961887944 0.617514871527251
-1 1.31856907432269 -1.04961481491332 0.295939728103334 3.19884669864261 1.53528060459761
1 1.18630918267410 1.73833823158107 0.662623627197613 0.00803529132717843 -2.96086866664983
-1 1.03595900853606 1.21525295782104 1.60338559268821 2.79028386199559 2.06531874353558
-1 -0.0477756902177198 0.85843676991755 1.64237780492248 2.80196312097751 -0.0849566747578023
-1 1.88615942187512 0.734205312540956 2.24181397034705 0.255607855536494 0.773429961775368
-1 0.943559151879146 1.52765439458616 1.79706709295851 1.18070779454463 0.50927086423493
1 0.343450411580075 0.421424981668765 -0.883345151486967 -0.0205634160468006 -0.537497279802507
-1 0.942395288160725 1.32644397286664 1.21090798810022 1.49008974746917 0.733467751362969
1 -0.254496495274428 -1.42866581741961 -1.30317407565738 -0.427040691801512 -0.401188409438505
1 -1.38278276255436 0.388531601811774 0.930489332196342 0.117780600382666 0.217045019366043
1 -2.03563788916679 0.109254482275650 -0.168570488574245 0.551508701972851 0.513260474610667
-1 1.56596124476063 0.157227356549865 1.66618747182291 -0.876843433107821 -0.643886071659247
1 -1.38748218445635 0.426414613766792 0.82277198303036 -0.118271962429406 -0.44036650352137
1 -1.31740295226656 0.648873937665639 0.602022900854213 -0.807700334833624 0.306620686468555
-1 0.801990498124478 2.99479302780736 1.50964421534996 0.615202691877654 0.890527954932145
-1 0.398846737051829 1.73903496405291 1.85945839584690 -0.287463264759355 0.698490709095712
1 0.984788194998318 -0.357823444319095 -0.461632121890889 0.420099055530771 -1.57095376663526
1 0.580874435632821 -0.243500290646947 0.704983635978216 -1.28456406693093 0.347184208606541
-1 1.9889052550357 -1.42546508155531 0.899572130587529 2.06083006943287 0.295973482033077
1 -0.836217819782592 -0.770223546838242 -0.334687427150377 1.69866980912671 -1.68825732167121
-1 1.30615723790390 1.11926620464174 0.590708677268488 0.787189183962387 0.070997301915489
-1 0.304752096759357 0.48382549711540 0.404753070518589 1.16115292204499 1.55962461147998
-1 0.224368883351912 -1.23833647747549 -1.28750783791069 1.23497605227068 0.179355693193810
1 -0.473586721715574 1.87802895882631 0.690079848573407 -2.50242512742503 0.326861280279712
1 0.324034194778476 0.564786920055318 -0.510942596950671 -0.144140720311802 -1.42980289661341
1 1.01200974204106 0.399902216562087 -0.289219986317789 -0.521007836585943 0.414850794603656
1 0.289810165594878 -1.15338289440409 0.957145939186555 -0.274136584350613 -0.372983041980109
-1 0.781943968177632 -0.51000984968373 0.656491588820632 -1.17492035100562 0.520816747523467
-1 -1.03924047685492 1.21952011373186 -0.219836390122465 0.711468068093716 1.09805083066712
-1 3.60539462101056 0.851294711625022 0.483330700074206 2.92321882739782 0.393787913624915
-1 0.448869247713158 -0.0342066683234151 1.91111458277046 2.07100834464460 0.224930622920268
1 1.37426582968140 0.0970774478282884 -0.204705823527054 -0.108102032859070 0.22912110847527
1 -1.05324914941111 -0.533360170250566 -0.902290111507153 0.473938633189013 -1.11953041468404
-1 0.466188198665275 -0.384423820145172 0.582493227667058 -1.44800583127683 0.326525707105268
1 0.225150016539936 -0.928359823807709 -0.343175330259911 1.59972412358913 -0.318431465885631
-1 0.6484398094633 1.99039923898289 2.19888041860686 0.89343449196512 0.279721808099658
1 -0.813394579239981 1.26800554253431 -0.0481769475318048 -0.0354354569919269 0.671082080386333
-1 3.55438378386063 0.938214312359098 0.891692079524147 -1.88449257069153 0.460399532528038
-1 0.247746063104476 0.299838794298667 1.00596186338463 0.480274735560634 -0.327827193575013
-1 1.77333084667790 -0.221588248078853 0.657998527456805 1.84636257128725 -0.58657104335947
-1 2.04881858003272 1.67051538813588 0.097727585566174 1.02495444400804 -0.668163058786417
-1 0.0376803172645428 2.58305438302894 2.38053690733176 2.6462808285001 1.32800331757123
-1 -0.166934736042989 1.9361795770441 0.152142654143134 -0.517787374498746 0.9686663911513
1 -0.370206728848804 2.88934977907238 0.747702061940883 -0.414555515463328 0.209907570862879
-1 0.578759045996423 0.54787153029413 0.960552559312576 0.894532636697352 -0.977885414198452
