-1 1.24511049754784 1.08579054375974 0.159549067142152 1.62931652901553 2.85040468299316
1 -1.81822904561558 -0.00445188467997284 1.50896938646902 -0.718168222662264 1.99876581098555
1 -0.419880119966409 0.809162199327517 -0.173461383796513 0.208627758918907 -1.85607985209799
-1 -0.550020486446311 1.78882432130097 0.671345887549875 -0.350744026133868 1.88828408509517
1 -2.43079633054253 -0.057128689865866 -0.436243647648408 0.333332168824207 0.111062770986970
1 0.0636350987033719 -1.13089842235510 1.03616034043207 -1.07752615219001 -2.06619643225786
1 -0.108574256118288 2.13463682267544 -0.535358542869088 -1.09897282872168 0.00799335624600777
-1 0.375740930017618 2.21861203284048 1.40255416280402 0.590088201167536 -0.00042946059640725
1 2.08574119630901 -0.0552968631032246 -0.709042352542838 0.0639207291957134 0.693072792521113
-1 0.943352644234794 2.93017113514391 0.46520182538478 3.08137516251729 1.58162826357921
-1 1.58569464529169 2.05018761936068 1.02885242525842 0.943106614253484 1.85869668583055
-1 -0.311325801481581 1.85145950454159 0.499970226796587 1.49403957438049 3.5384645765168
-1 1.34036258450200 2.73136133475565 0.944380944170086 1.83828999054477 0.573187886947091
-1 0.388901713956351 2.41886494961620 0.561312367889921 -0.381182748588174 0.94470968374454
-1 -0.0409712387250053 1.72079339077427 1.02049582919493 -0.187109710644295 2.72172376109115
1 -0.867478958222612 -0.0927877972598441 0.305046610549404 -0.281104364356095 -1.02185685834933
1 -0.837949567717576 0.0194904958861639 -0.93347474959384 2.0555092824684 0.121300706342364
1 -0.252300762811065 -0.853445806183733 -0.837530200159132 1.17737762316027 -1.13865864453189
-1 1.26369842238107 0.427586243441057 0.513785539734866 1.37539105513432 3.88959725015536
1 0.93136152393992 -0.538115383807173 -0.41194203243762 -0.111456573792958 0.607114962031257
1 0.387111945893676 0.50927659480723 -0.458316377956379 -1.14229931880872 0.0644681807915587
-1 0.410821998762722 0.813167126467365 1.68166615658617 0.625491364165521 -0.143785276075012
-1 0.150191361550338 1.39399129278009 -0.200494991292990 2.57954692496907 1.81413151716089
1 0.16412371636776 -0.885925420556306 1.07295203903012 0.85557187319247 -0.537252215104187
-1 0.387053915580407 -1.97252547766698 2.57102858228076 2.59588715619736 1.28519014454912
1 0.936794275648042 0.689123949556535 -0.262520510758246 -0.314565663199282 -1.80429016082665
-1 0.792710811338941 1.68814538113524 2.09605902140335 0.812974942917601 0.250823533068625
-1 1.89060395814952 -0.0312197843222034 1.11810410147997 1.13829191863301 1.78927337942820
-1 1.10717539540667 -0.124839457544526 1.07580106681683 1.74445990449893 1.49244298678809
1 -0.909349179844385 1.59342092740851 -1.36264058091632 0.403686846418262 0.726111070328113
-1 1.31997957667077 0.266076953020671 0.840177016654695 0.448709022032399 0.174151796907001
1 -0.413746231936579 -1.10834004194647 0.218530450701609 0.0864315713983972 0.697433203607875
1 -0.544104992190599 2.69588974045425 0.00644843177527681 -0.651311945182789 -0.381741351712507
1 -1.11109036530200 -1.96267195394874 -0.504005948673456 1.02008539753812 -0.321622808644089
-1 0.119402308198951 1.09277868597472 1.74898811805846 1.30841094958263 0.864877696946054
1 -0.314461020351557 -0.112405959251811 0.656502453797499 0.0861545351782271 -1.85962198780717
1 0.432326410832961 -0.896646611188942 0.823142628808266 -0.481013242374876 1.68359586844127
-1 1.16988646325276 0.896902779196173 0.62366551413441 -0.0369922175043212 -0.797693302397139
-1 1.50985801821187 1.56766084491443 1.87081024403782 1.22585403420261 -0.808797282702327
1 -0.908179095206248 2.05621563976153 -0.78623184300779 -0.0741306538902422 -0.51468527786694
-1 -0.414586839482529 0.98772698922151 -0.00735233382936806 1.24745826928176 0.0220324459907024
-1 1.51765888538178 2.54314088264391 0.162328491417115 -1.42644247922799 2.31238307510047
1 -0.68920859022965 -1.19021838931757 1.53978137852374 -1.59585551399518 0.30307576500377
1 -0.161664926468231 -0.0751974264921338 -1.13098071237973 0.67200604702558 -2.11323058138494
-1 -0.746417701958389 1.80034397659787 0.0173123996057452 1.19518039305576 2.54013009115177
-1 0.227141532265589 0.90345494327142 1.69385374455101 0.420385156675313 1.02919181262011
1 -0.0108634837685418 -0.81960423775047 1.4998397018478 -1.45483617914112 -0.6650287483875
-1 0.442398913828842 1.17227160979810 0.502385013532766 -1.00103167711903 1.63210656972954
-1 1.05886905484278 0.505347347751045 1.74945043456961 1.56362656694383 2.30497106324236
-1 0.146718179458417 1.67618240166852 1.17085819676880 1.58396981611078 1.64078430710824
1 1.00338062906870 0.858919554550112 0.395069263215187 -0.729682205157356 -0.334356833552145
1 0.795118921854209 0.369941794352397 -0.0489786729046659 1.69619110775634 0.159580938230221
-1 1.03684174638296 1.39500633528157 2.37856813350971 0.81960216239565 -0.0167655424210886
-1 1.97229472864417 1.52022329040391 1.74908158424993 1.55888536371661 1.45950475064866
1 -1.47979183842474 0.0837893319322603 0.72771271194398 2.59378018125941 0.0282384964499705
1 -1.65648325816653 2.39949569062536 -1.14663287562846 1.01245572279499 0.835555609622478
1 -0.433778437538331 1.33892316360936 -1.49962338232308 -0.306442668016432 -0.173187358071904
-1 1.01816814273571 1.22941569476714 -0.151648040569018 2.11830037398028 -0.428799320744172
-1 1.98009931622176 2.34232541148122 -0.951997453663468 -0.602176182954613 0.838577948113039
1 -0.599353019429726 -0.514924743101046 -1.37778372732453 1.46587035132980 0.244528914455904
