1 -0.216945109793959 -0.816759467465164
-1 1.98341628221299 -0.746986330394585
-1 3.34647891203782 3.64863973376708
1 0.184667190640935 -0.679112338997639
1 1.24287424817843 -0.371776542712193
-1 3.12081237861701 0.675282779138402
-1 0.0928173707363777 1.05466753841468
-1 0.408763898036672 3.54512606083262
-1 0.985665255680624 2.12647550621611
1 2.43554356383758 -1.10591746103935
-1 -0.189802833168317 2.25004886356935
-1 2.99102522391993 1.94954998370827
-1 2.06139442306556 2.66159504960499
-1 2.99491030994892 0.706964977702335
-1 1.53260412207350 2.02217011629581
-1 0.856004877314223 1.40091834131414
1 -0.624295257380477 -0.790992308250057
1 1.03490986755604 0.992493617698881
-1 1.20183563185525 1.46261463622711
1 0.58809873955396 -0.600887732472572
-1 0.219600207318684 0.981396791878456
-1 2.49560920131298 0.314404414887419
1 0.423532921577354 0.740658931016736
1 1.82174562340555 1.12443048846155
1 -0.144657339717484 -1.30338793613180
-1 -0.314485316127650 1.24047127144553
1 -0.249852352185813 -0.972096268259703
-1 1.04752482378966 1.62741793974848
-1 1.08253460828022 1.24805509145552
1 1.44718495095395 -0.585515152177615
-1 0.904574999610614 0.669874288337423
1 0.441992634081057 0.173994666604434
-1 2.08195276576674 1.56322793110575
-1 2.27932027609083 0.885331605809373
-1 0.962875911359492 1.41892625883057
-1 1.72829118460709 1.11814506420853
-1 1.50644891252320 2.02701516010242
1 -0.142982591702602 -0.0544925356521092
1 -2.20728189490707 0.475089525990358
1 -0.700155801540606 0.260057242966031
1 -1.74331127679989 0.0309057014484485
-1 1.08515624554808 0.807326612709815
-1 1.90929653753046 0.806713382999937
-1 2.81151476849718 1.50528542132711
1 0.423734175748775 -0.827044930635917
1 0.73080147890904 -1.24984799708860
1 1.0690391380058 1.06211981120635
1 0.724449461090092 -0.7333252241255
1 0.0686604468633894 0.0331509533991474
1 0.654643006682484 1.52979831761766
-1 2.08289413799749 1.63133627644119
1 -0.132503891617560 -0.517424367716319
-1 2.45628856202201 1.31344669102446
1 0.94241147303776 -1.29298203937271
-1 3.63651091392253 0.529432748803001
1 -0.30504776658524 0.515863897793687
-1 1.09007312057516 -0.0304345560444272
1 0.387935486724364 0.237863908171172
1 1.31105000166576 0.422216495523383
1 -1.18937825669549 -0.176020563513063
