1 0.152269321064669 0.404450759067717 0.262550572455933 -1.80929466186641 0.28280309351541 0.162477615077718 0.400010657106616 -0.230508271588189 1.06225130364498 0.223964500258186
1 -1.76440198075078 0.307303381216626 1.67455854273303 0.0456379031341594 1.01226321708574 -0.247695289427420 1.3675868799549 -0.822251544579711 -2.35560340524008 -2.16771213960322
1 0.27658571638084 0.577905703652602 2.01577322251766 -0.762182901711034 -0.238760099342074 0.0391522117741138 0.931966835828467 0.855935838867575 -0.0396462433576042 0.649663031003598
1 1.44670607419189 -0.612986212461818 -0.557435518917407 -0.575958911204193 1.37249445429530 0.154318615683544 0.889571315392264 -0.0863960083200383 0.676809296077645 -0.267142242032798
1 -0.890998002605112 -0.923486264428486 1.33604559080498 -0.342348124779773 -1.05410117818911 -0.846479362897983 -1.17808446530298 -0.0855751220235238 0.454920231040702 0.294180784263902
-1 0.236879993656307 -0.0477211977287053 1.46213075701764 0.973871790554967 2.30411437911384 0.949252556092425 1.14755708089100 0.615886488870864 0.927901966214615 0.523362330578102
1 0.0599556070053572 -1.22267343459925 -1.02805691285957 0.0645836529163032 0.234242950940694 -0.331390249100609 -1.75668673961291 0.200773920066955 0.93511253339735 -1.18064976816864
-1 2.78649527563684 -0.904432777378923 1.62161677635690 0.0962444933883264 0.772390983111534 0.0681456019191535 0.185938591026093 0.416076324509057 0.314081811320744 3.93203884819008
-1 1.35482424410435 0.527976262241134 1.31161716769911 0.998642328976877 0.347954267451374 0.549709780661533 0.0738339779982287 -0.353473190850874 0.123503583049160 0.58418516585886
1 1.13470694878769 -2.04901907745172 0.722040158087899 -1.03729343815960 -0.61447964855196 -1.16661487385947 0.51584587809513 -0.0372016928347259 -1.65237855204100 1.43489967529010
1 -1.09927706635611 -0.737241077255322 1.30523203314953 1.74290002810072 0.134072997141488 0.708808966990526 0.971520705267264 1.00700331663100 0.953803694871316 -1.01803421010796
-1 -0.592129774509014 -1.51234046337696 1.48873920323742 2.33849630130868 0.660422831560252 1.55697837616255 1.29118004892805 2.52831839998861 0.632001934237625 -0.0496251043649936
1 -0.00870088034468255 -0.436154714950945 1.07072599101529 -0.179839513747103 -0.876695705578828 -2.38973597641046 -0.0866421632418677 -1.49407276575015 0.0287842016939046 -1.23448458383858
-1 0.726316279638178 0.966470571062715 -0.585054687717083 0.915805361430207 0.0719251850832244 -0.147309795814078 0.799474499934812 -0.410332613198057 0.49973037111391 -0.56298762250352
-1 -0.900584619190109 -0.476711724800599 -0.224038435176405 0.295722116706921 0.919451831578063 0.0308508812405945 1.70994865871936 -0.183622759848552 0.182116952091396 -0.314149570566100
-1 -1.49767836341435 0.51167364613132 2.03568100030697 -0.321854675751993 -0.729481332686385 1.28371450239533 1.44390665185115 -0.128882003580513 1.86389381193065 -0.19749657121376
-1 1.30442928396981 -0.389434655927228 0.980303110481642 0.204181128107342 2.12760779596794 0.852194382433485 1.18688843080591 0.740665146827622 -1.25124824718441 -1.05380575144405
1 -0.379235703909356 -0.340322847135992 -0.440694632753781 -0.46871741318345 1.33034671251939 -0.0779736440130476 -1.00610427288789 0.812416886365924 0.858371079137826 -1.32544114644231
-1 1.76003877068318 0.514225280653331 -1.38138973593863 3.84349208446265 0.678925768343362 0.946253274377126 1.01689184567777 1.58600947318899 1.23678485950413 0.621351752827229
-1 0.669353370226103 -0.470629468414568 1.18259097254365 -0.82873437412617 0.67697285626895 1.81301612502528 0.938434121607485 2.21153678187293 -0.00822388729206636 0.9658531347812
-1 1.28991189057638 0.438066325260073 2.20388526579643 0.691423729323705 1.50012751093528 0.339057332010891 0.836854459801896 0.372042729847775 0.96320057906909 0.322411185817526
1 1.29289032497806 -0.471971456690778 -1.58803241712706 -0.260249140698469 -0.79405270056071 0.141791796775658 -0.437499381908975 -1.38123553010252 -0.197627427251304 0.135789632851207
1 -0.99529098656624 -0.215445104367297 -0.798409206526203 1.04233625606498 -0.429674708496561 -0.262475343335736 -0.0709240799909501 0.127344988781416 0.478634539216367 0.428108313917156
1 1.74553459179786 0.355819598145919 0.341037685549079 0.298985888015341 -0.0552391830505829 0.0503097145611167 0.290062898924498 -2.33158535915012 0.535400566728059 -0.662457425255709
-1 -0.327640201810037 1.28700053216967 1.46602721452304 1.13060721753862 -0.568818694045654 1.07965949086295 0.0132681988828751 1.97285407773161 0.766690565275145 -1.37505424227406
-1 1.16214163933225 1.10208834901853 -0.43283621119837 0.815302944216488 0.266113543437943 0.534129856097954 -0.90257436802765 2.12057463559108 0.134339171200116 1.30710752390185
-1 0.757154972635608 1.34623779960983 0.613544745123667 0.544297196629468 2.29208072626902 -0.597689633288881 0.690618936254436 0.592465743315168 0.93325640427375 1.11244165801008
1 -0.726862521531907 -0.481998045983931 1.33426279525742 1.69640625354444 -0.131247611087820 -0.552623378081202 0.177864710515377 -1.19985081888507 1.03906144455434 1.03062111564035
-1 0.654046352574609 1.34884268356310 0.0447085479171165 0.84809631215146 0.0878477413326088 0.000776840762330644 1.69598381644895 0.692320575774231 0.229186113996868 0.680378889050954
1 -0.0954205583762845 0.201735530485889 0.619703684842649 0.461923060454265 -0.456977205901308 -0.877544959160003 -0.717876293209808 0.847629648556665 -1.15888769998631 -2.16816209865146
-1 1.25067216740961 -0.71960209079696 1.15028288421349 -0.337142765555377 -0.534005173133053 1.40286919318266 1.67931150223045 0.212861812272652 1.73766280698954 0.0398622274631072
1 1.41217209991383 0.605481493707511 0.992348923877873 1.71741949872070 0.438069980372419 0.218358989043203 -0.832046545993681 -1.58143167293682 -1.02729387650465 -0.47928733528338
1 -0.239498369525263 -0.46990864479772 1.28804857146294 -0.208367585241789 -1.43209715869448 -0.616568607928048 1.06838579165572 0.358500149607277 2.21039233268360 -0.68363583859168
1 0.367479204941051 0.0195537383615585 -0.420738202553052 -0.606378274960487 -1.40743563759586 -0.384445352813663 -0.201876652504074 -0.223901933054934 0.225220272221137 -0.849804003861243
1 -1.13969986479623 2.05923343246645 -0.230527317738005 -1.06744994398100 -0.291066458171208 -1.11150749764330 1.34078612665343 -1.27735953090108 -1.08277872236797 -0.393933000070491
-1 -1.68797215745364 1.55773336855055 0.439889301857616 0.0863359848930892 0.705969394017694 0.382302939539804 0.946430283901782 -1.47003950070391 0.807893298507374 -0.519409717755934
1 0.42539406868705 0.157287468675675 0.46735334478558 0.854221397956108 0.32419413828127 0.00149407820607873 -0.805906443996361 -1.60256481250689 -0.116503144224082 -0.00440610691193481
1 -0.786439276752656 -1.34690948064902 -0.431614522740436 0.809125766106425 -0.144064705604812 1.23879902438297 0.171274508628829 0.783983786623458 -1.14547967548357 0.798092223261823
1 0.782409139999144 -0.0546143702381156 0.606918910263597 0.0158719170581366 -0.763520363023463 2.35951229951239 -0.00759167868270415 -0.090165029859102 -0.282722738921752 0.403308863952122
-1 1.03971503799952 1.16773382650411 1.76426186820261 -0.106043436499002 1.31848919718619 1.22227201711197 2.37443380079311 -0.468101568279603 1.85522744970476 0.0225680177049513
-1 1.59657643456556 -0.813633588592413 1.99159865479840 0.489380656253292 -0.365649630907786 0.360399848453480 2.97360031185339 -1.4335633613627 1.63915647691809 0.0335078360666224
1 1.54414527468605 0.887319895936965 -0.0200912563499673 0.747637018690931 -0.561228226387346 -0.896735816224972 -1.5646011798714 -0.959027694361958 1.78952083526153 -0.265930076403065
1 -1.07126664486339 -1.09686439569797 -0.193132143975748 0.0302276441807485 -1.23974933047008 -0.0997576791389644 0.398423473954705 0.355942530203231 1.04404112752166 -0.94810752909829
-1 0.916190891794412 -0.0424185825929414 -0.236001732171672 1.95663771106312 1.02943486205691 0.604690418210795 2.47213176630699 1.47028814740081 -1.49557008183755 0.423946079623309
1 1.6282111999857 -1.63430612199969 0.758451390625346 -0.0294293704922210 -1.69541517750199 -1.19385847289033 -0.791262498415154 -0.172684331831207 0.657897328319971 -0.966625815513069
1 0.0444897148819976 -0.391853411327971 1.70577908296208 -0.147039731490128 0.289867089207703 0.463805355925548 0.370297637061486 1.18541507359849 0.354719057405801 -1.17313912973990
-1 1.84265769429383 -0.782930157295995 0.346196729594097 2.39766817646976 1.53872499950398 0.442123064708113 1.06817123313397 -0.354153840084816 0.868381089835963 -1.65161505074440
-1 2.79802094434376 -0.704780092988727 0.723507138356738 1.99342326449117 0.403403737318105 1.85398628826666 0.219671410723346 -0.34161751962856 2.26807706139164 0.426148171353187
1 -0.215432505578906 -0.873723670233561 0.99072954790114 -0.896706023078545 -0.070633682959032 0.60051267693518 0.618046508972164 -0.88744757362487 0.733124565482993 -0.246273929310646
-1 1.14758950594364 -0.309082337072256 -0.142240668154121 0.212713538685207 0.279300168571854 3.21730540066243 2.15623827197145 0.981284239972678 0.77917077354239 0.372416958059164
1 1.11707366648014 -0.306698935306603 0.0338429598498944 -0.616433141643118 -2.00118729979665 -1.28567241656376 0.0115639491961457 0.162027588998937 0.118013221509016 0.0933149079376776
1 0.0735324320590285 -0.876222539182123 1.06695152889905 0.608791077142775 1.22032084567419 0.897982078130906 0.37221468867815 0.582801672123394 1.38999434539489 1.41641211191706
1 -0.574406078714753 0.00711343377174519 0.88077000541415 -0.0357498260466634 1.03791402847521 1.92052221736019 -0.959149603689837 0.584433521247968 0.0562691746581226 0.123830211382867
-1 1.26985329791372 -0.405398057532355 0.276685780882314 1.10458416030539 -0.926029598287975 -0.0948445711554072 0.330939492004878 1.09339747492909 0.61669283641891 0.316475569584819
1 -1.16555501493457 -0.0849453875155444 0.162990808639992 -0.933638387513497 0.330304446687270 0.435721633248445 1.11080034278315 3.55831814247471 -0.423633995424484 -1.08848254641306
1 -1.90662955941027 -1.19487231481765 0.207212975449424 -0.218167732751655 0.355173725221150 1.25234230538940 -0.338997417298650 1.30617330632834 -0.87932540512958 0.997606698606561
-1 0.673920554469435 0.587329053063456 -0.503393264413918 0.8789412869313 0.0216853741903770 -1.03082894041816 1.70075748009639 0.185887970594936 0.963833161424537 1.77752033112872
1 -2.31315591053758 -1.13540188108834 -0.79899944166392 -0.085949566227847 -0.750009111428084 -0.0933637517806004 -0.532379309860615 -0.765113993474621 -0.22927935778992 0.229760744391743
-1 1.51997997331339 1.04886726275363 1.8973508150425 0.366993191624268 -0.664534708697779 0.81455352584953 0.304487818563762 0.581403981270059 1.91375141344318 1.94268666399571
-1 0.931881380245838 -0.201468791393015 1.96710775481683 1.22751863556001 0.667394163590972 0.452964663682287 -0.0997394799940307 -1.2563295503249 0.87325463941808 -0.796249527868726
