60
10
-1 1.21593676505953 0.139881467956859 2.57892677677506 1.82632245770927 1.24273124519388 1.45019673547328 -0.198008886348506 1.03488785214369 0.685269586504609 0.634874589117664
-1 0.619684396020234 -0.329908771719709 0.926004093879239 -0.173774236377286 0.392708262587307 1.95952429014125 0.343066934228507 1.68068714791241 -0.218905315465177 0.367068847961126
-1 0.667415171677129 -0.35726960293072 -0.107731675154214 1.61473495625415 1.87838158406108 0.946552028838875 0.51180078406191 -1.92123289835531 -0.0286460921890874 -0.317160644145178
-1 2.05455904283871 0.44864444700294 1.13836409200011 0.222736655644922 0.811037877963688 1.08478945731438 2.33746737893231 -0.0130819336579940 0.885056645480471 1.52893752706474
1 1.59650883622163 0.655710154209534 0.330872257993907 -0.496787202531175 0.429362571849669 -0.173470998688738 0.50347212125165 -0.362300513993175 0.0797163304713697 1.09286871668890
1 -0.193915922954760 -0.744305301164418 -1.29146412770125 1.33616839525128 0.880267832861026 0.348571555690776 -0.158302338030147 -0.316806701692518 -1.48081645404718 -0.676213406167842
-1 1.35651372771674 -0.578609370398273 1.83182415041195 -0.500599762384495 -0.422104871417521 -0.453477807143111 0.102133074744814 0.140130827825962 -0.442798358600829 1.40850293237092
-1 1.62515967998605 0.0276274646104584 1.52275920636862 1.24004663960729 -1.14445295274472 1.74612683253935 0.061725916580311 -0.0287060774195589 2.03648931324871 1.0158390503713
1 -1.09090356713814 0.319716346791032 -0.229498996674208 -0.366362275781951 0.434887879820932 -0.892454014313985 1.09797698385798 0.125354434320946 -0.156467670013907 0.54032222021128
-1 1.70369202057825 0.206292969293939 -0.521524719842721 -0.827585686767176 -1.18121577032426 -0.0439766177087533 0.517863923651121 -0.082435500559992 2.03747961827351 1.74011410315084
1 -0.640277844743627 0.847282617218428 0.137622697567707 0.951805867273752 0.498164829916639 -0.244050882545721 0.353209775422191 0.783267352670763 -0.743321346583666 -0.104016715787770
-1 0.350720680828688 1.63000921355718 1.00417215152270 0.445164705614792 0.127070930110210 1.62105189927942 1.39244045607525 0.86063786167594 0.353663357686313 2.06378573276932
1 -1.56900122656840 0.565132998722768 2.06894493878665 -0.753060800434836 -0.954036552753168 -1.73694354211698 0.169340206488792 -0.692636036193249 0.58026307607471 0.909684039447781
1 0.0220804020106381 0.869492153815879 1.91648899100401 -1.39835192440736 0.255820097495161 1.53178352457701 1.89766342735515 1.20184237472435 0.0695543351554953 0.271556747701244
-1 1.76097514937186 1.99052400677498 0.109778393265628 0.453511107481713 0.906328065636662 -0.471161278789861 -0.0638082755559912 3.28125771768709 0.130561527524795 -0.133885670193413
1 0.465820348654584 -0.84285999934528 -0.889632031859141 -0.659653002193953 -0.0647297176991772 0.383148234194547 -0.0323294099085532 -0.238658101886775 -1.01198941515895 0.0496001379986592
-1 1.58384943523822 0.977084072541208 -0.491950890405062 1.43223629395250 1.44080518379968 0.44062153706738 -1.56636418453376 0.900663309373242 1.79749405503710 0.178784131197773
-1 0.41406789470414 -0.178200219972458 1.50091713672443 1.31164973601136 1.56953253048502 0.994404011591755 1.03891122103942 0.110324137307362 1.01430927340926 1.03764491269777
1 0.668282103666491 -0.331947275822416 1.60702993248498 1.81136147094095 -1.26146702661249 -0.860478077206462 1.65468946116638 -1.58399005445144 -0.202139774367467 -0.332734959707484
1 0.0408893723510706 0.614310176152823 0.0154102483464804 0.858345771817334 1.45189983879318 -1.64681198363419 0.198689665259816 -2.09723723268683 0.299997774011060 -1.66309186036082
-1 -0.327540942284982 1.46322372131019 1.45901478607264 0.579019318375596 -0.210265194654383 1.04274432408843 1.96258344797156 1.16063617988473 0.670728949838594 -0.638668308459468
1 1.8796139174769 -1.40755584724563 3.14464680596899 -0.936950242558178 -0.672044792908948 0.855230987651934 0.47902008921971 0.212431242740011 -0.977087657938652 0.287058384541843
-1 2.09099059520714 -0.185690198311569 -0.157472939505997 0.74932615345888 -0.105454323972564 1.81079646335188 1.3460975994886 1.47025891798224 0.961172573070229 -0.438366533511192
-1 0.0718801520711537 0.399509118963449 0.639264253637964 0.536541771239336 0.635994362090882 0.0739993677977505 0.150068254513813 -0.250436846099398 0.320721309181667 0.425439967911725
1 1.14512703770376 0.0585193269097023 -0.325315562702615 0.348822145720079 1.07591469760435 -0.113257140986240 1.20625951573803 -3.19472250961827 0.799401111602067 -1.91857908170371
1 0.255827199470581 -0.293687930498778 1.47046150261115 -1.58961170627777 0.0142580483595126 -0.842607586261552 0.796885265480311 -0.800757785615328 0.359154651461697 0.174231179668882
-1 2.00087063048364 0.684633966641587 0.319524943443328 2.95079010291546 2.35581727030003 1.24895821164844 0.918914292135443 0.177530788196694 1.45949343893257 1.14327650936342
-1 1.00319179022704 -1.45143043794041 0.916830712592081 3.66816031703884 1.63625426341540 -0.195308624452017 -0.199141294429692 2.08144350334174 0.185663302198059 0.892734877126886
-1 1.68209514030852 0.814295763242883 0.595778025419786 -0.801667808061835 0.235762072771378 -0.325063870239459 1.75086873975875 1.26150397723717 -0.813399947449291 -0.408455464736154
1 0.663071971742394 1.03235072215839 0.855967062790778 -0.485205274376571 2.29435735634377 -0.08186214045553 -1.10213023413789 -1.82591041044896 1.25020247214439 -1.85518892315824
-1 2.44720284329104 -0.0611834649949798 0.256178654657846 -0.112754272578451 1.25289360511426 -0.433410448937592 1.26391261371884 2.09523401404958 1.18718275111101 1.06371199258127
-1 1.66508168490927 1.62035557113468 0.0638159923203127 1.58242164442498 -0.878840066065438 0.214895953256666 0.0082590693604827 1.64112533677218 0.265583810025432 -0.130920001919635
1 -1.06256525811948 -0.800866811509877 -0.416035119257396 -0.177211612597654 0.252387534055287 -0.312679476769533 -0.556023534679255 1.39362166442238 -0.965008424239469 -1.63217269779951
-1 1.15417163329333 1.63839537018669 0.139679081045075 -0.223064448782430 0.450672505535468 1.59736232608524 1.62144004079804 1.58262991752465 1.62532884696290 2.25170803431162
-1 0.311656702695975 0.956294300246536 -1.08321627552095 0.683266167283706 0.681057000067768 -0.310572147204504 -0.00921922003534603 0.555082757728324 -0.488567642709197 -0.967589248317784
1 0.401067881267231 0.166013470812433 -0.387413459661647 1.08188915757853 0.663140083316796 -0.131430875139001 -0.528903276842345 -2.65628448719691 -0.634570833901006 0.54853166140317
1 0.311632470645764 -0.354076651863841 -1.44827905564665 2.10568668490949 0.434689417787131 -0.943060442698138 -0.257314593573953 0.117159277418661 0.194696518985871 -1.40070592135531
1 -0.569981889092531 -0.0458248788072728 -0.571369262325404 -1.26361722331958 0.301997633027446 -2.21595469232066 -0.153486125410676 -0.0379227620826638 -0.330941582521070 1.08668803465894
1 -1.5023819994602 1.38073219870035 2.80026224143033 1.29029606876372 0.00277862623642759 -0.663281667125473 -0.152118965554797 -0.248586889124154 -0.98963831840758 0.195506273831167
-1 0.9017300683546 1.22812838129842 1.13987889912120 0.335103257117598 0.280297484542656 1.07201548815431 -0.412659406706008 0.241475774882001 -0.505288257231214 0.61202406226511
-1 1.21341592984639 1.51520815287080 0.246760736242201 0.570676890757894 1.05585282674661 -0.527561144734996 0.213208799802920 1.76534870084716 0.142361413889606 0.0566424102187747
1 0.0571597740943202 -0.760692847736002 -2.32741597250548 1.22585387960616 0.358771027270625 0.165507384023098 -0.152666500516922 -1.09005253265041 -1.17419416872283 -1.83391803958476
-1 -1.31229404225024 1.63840293987767 2.48232057594278 0.293794647123452 0.506572716968225 0.347777980234525 1.01917289745677 1.42415159674869 0.27378883547288 -0.403026853119256
-1 2.10128447768914 0.629125307602448 0.518863530079853 -0.09551162434026 1.29722622453948 0.956055711589494 0.970075474858549 0.35132969708052 0.48768033604693 -0.510124612920586
-1 1.28305867995797 0.342571071480915 -0.120487804373443 1.16682143716918 0.654795240546314 -0.763659283971469 2.56542327107081 -0.278683230922441 0.258189872766041 1.38664783341312
1 -0.801647350933291 0.839546854406228 0.247299445449187 -2.20146018963745 0.644101255232556 1.38750293263060 0.19150339318751 -0.292537878600134 -1.67240832442529 -0.736883475340154
-1 1.01415345260368 0.282422251748755 0.656737011810368 1.15371352463376 0.404943070058773 1.95846242553526 0.980337444856437 0.690541036134184 0.924502566922546 0.418882353714573
1 -0.32321335280726 0.801973359901061 0.708703785103523 -1.24243542470891 0.102076737988356 2.18713741529272 0.666773462979671 1.09318563368551 -0.0676011051290216 0.538795024643955
1 -1.02042994610149 -0.613743580845359 -0.511445942736556 1.62899303246773 -0.140914299811021 -0.397409620104346 1.57610479077467 -0.314956053427408 -1.43395760969815 0.0237882319842718
1 -1.46703202635896 0.499849397195668 0.371749813324804 -0.471929383646951 -1.44618223003026 0.92739415125049 0.350464702070567 0.7917172833948 1.09749196594780 1.64868687666939
-1 2.34260234387649 0.498887916312371 0.90785281275313 1.86032971852021 0.256070139028679 -0.527707536679615 -1.40249844314369 -0.100358673223211 0.925293198574938 0.151816616319459
-1 1.49944323356397 0.855342520966386 0.405709212873722 2.22692210117814 1.20565036595043 -0.6042299647314 1.63078306472257 1.21793379030528 1.91101872971500 0.83897073078532
1 -1.36688167983254 0.377577016533589 -0.772422588587669 0.545389879663103 -0.974499803492535 -0.560702011356961 0.111784975298035 -0.465341619210713 -0.175550951035926 0.553651923449298
-1 -0.872222266929834 0.691335881633164 0.803424104509284 0.577675355156433 -0.283576136669152 0.56923911455703 0.382877909065475 0.042803487676775 2.0268212393632 0.233263469776664
1 3.09683249961388 3.19183874898990 3.19405784188810 3.09027153415516 3.26463840703045 2.96899291290224 3.04186015341896 3.1757913193577 3.12208052859872 3.28362316803556
1 3.41868377248556 3.26981138554588 3.14530576827426 3.11131682869533 3.41682787970238 3.01640278033577 3.17883055846794 3.06519333297664 3.10578395581471 3.19827960354834
1 3.18760753097528 3.02703692866529 3.18341301408426 3.19634058492324 3.02256491015224 3.22358705194146 3.14779053388228 2.98289691716323 3.20838497401712 3.14838928717063
1 3.24431335336289 3.30889020890865 3.136453508287 3.22277802475957 3.17499128158962 2.96630476135797 3.20109697095121 3.18368229035359 3.14738355542463 3.09527271309743
1 3.13463109956161 3.24934804352410 3.16094446948905 3.15003854749839 3.16763257343889 3.21836087670736 3.16174262239919 3.1188181642692 3.07472592353285 3.18685450337325
1 3.12060222718459 3.17189657637901 3.03548522281651 3.08215478976336 3.22392310126835 3.24849971649970 3.07449165160607 3.13018682327171 3.12493825504474 3.13277581215283
