60
5
1 0.433584474382255 -0.75498889302224 1.69545569502595 0.330728248365847 0.257995420485713
-1 1.54155789349065 1.30743074909896 -0.710728479188642 2.13735447603207 0.501345457867154
-1 0.033915183827484 1.47738335170009 1.07594469902346 -0.9796103680766 -1.86712947977139
1 0.143498513232327 -0.832778835788573 0.348897984428343 0.525016098490401 -0.860079735651322
1 0.596620336609842 1.25488824451072 0.679720987359809 -0.564907764248004 1.37840393014023
-1 1.05127449391518 0.586787447632965 1.88579426935666 0.817567170103122 2.69531364466697
1 -0.36494098715731 -0.827054977845386 1.46176490699760 0.262908874721188 -0.55993251475623
-1 0.74416783571999 0.396538049035873 2.32310399128617 1.01443512403972 1.20973480243936
1 2.14963503367843 -0.548640411791807 0.29971088059655 -1.32035418072800 0.547525831317978
-1 0.698728633277407 0.394929507068359 3.18291433308978 0.200613114743487 1.72272449970234
1 0.93279768210675 -0.271489268920197 0.271787354971785 -0.133141148943010 0.116183316965928
-1 -0.319655407476123 2.82550854888629 2.02421892547545 0.366633939797758 0.564699478716817
1 -1.67186012018646 1.13842180192621 -0.858129983890575 0.292004671140431 0.289554812643269
1 -0.483779847612932 -0.977086170394216 -1.13722403913175 0.94496789929874 0.328781849632199
-1 1.01224680173267 1.28645943127555 -0.667038095684956 1.62392708183082 1.63632398367231
-1 2.16191102228898 -0.0458566642923482 0.452717522693069 0.791796848682065 0.527458548058784
1 -1.28265927923718 0.814999974455927 1.08832363308160 0.0123645539262585 -0.139119665558501
-1 1.54373615574656 -0.456702627000703 1.58430273282556 0.862141633395746 2.42164292651593
1 1.01786774778765 -2.02648863123869 -0.795504979216393 0.482524294730691 0.699728247732375
-1 0.728075245874911 2.86473193790942 2.69799899649156 0.550446672112139 0.409660004644828
-1 1.07053555257665 1.25545474187817 1.00249026516094 -0.0444885875756547 0.224468910671482
1 0.0713820452232413 1.25859248420510 1.59115908023522 -0.740500022769761 -0.103818801727295
1 -1.61215740697648 -3.075143898839 0.0278795577946092 0.00532843402588929 -0.181817808493913
-1 2.26306250088253 0.422531088577468 0.472686493094368 0.404381737572859 2.38067082165586
-1 1.33788455867326 2.38561988230262 1.26166359917828 -0.402334066806133 1.47584094497806
1 -0.976278451845763 0.256126459616056 -0.605525643838 1.37367943622249 0.404569873550038
1 0.97210445011585 1.40400743986800 -0.305088956495611 -0.296796519968525 0.067487898263885
-1 0.501469914015353 1.84102123722671 0.313368022487632 0.775558039832255 0.607047366293544
-1 1.77111028949723 -0.705928863583277 1.38824512913777 2.94629896112025 1.69909712339060
1 0.36270050397928 1.04768809539931 -0.188360074751318 0.153834713014792 0.199569350209859
-1 1.79023130868616 0.532052959051607 -0.463991191754717 0.406762634053852 0.980163606444619
-1 -0.0387397799735874 0.104328237279142 1.97836961664163 2.36058724517438 1.57360116466533
1 0.454235255219643 -0.265487661650669 -0.570780801534891 -0.547221566639743 -0.885729234643987
-1 0.619644771671008 0.596248830781964 1.19881865346757 -1.04491465917205 0.842935092751
-1 -0.64241185423777 -0.0753586545926479 0.813793914040357 1.70546031937862 0.300265116123193
-1 1.32574034841243 -0.109539136722921 0.564371298824329 0.0440858392292519 1.91839577878393
1 1.74116285233162 -0.180018331484503 -0.421895840046605 -1.48683677831479 0.442780987748093
-1 -0.183026296262411 -0.0405458485924247 1.53164452718830 -1.0827948217651 1.61233600699328
1 2.02079055336000 -0.508341270674183 0.531763091538305 0.779285411981422 1.10153983671762
1 1.14851060842881 1.05487508700879 0.269006643296337 0.977163265800953 1.15136845087669
1 -0.254341803595261 -0.35545090899261 -0.0466876991331725 -1.67881881704047 0.945963763035852
-1 1.87594249703036 -0.306542167496309 1.10829864275033 0.797371810745042 2.09584544399650
-1 -1.83305737883339 -0.815461445065685 0.258138351474166 1.26855988861587 0.204023415140119
1 -0.492481467962463 -0.364635836116198 -0.177259417841579 1.82463993029575 0.317920844463293
-1 0.243309598287405 0.858807635513377 1.90993498419575 1.46966655706130 0.709035017902464
1 0.301376695131947 -0.256569363665689 1.30184612842852 -0.252434598856252 -0.549317987864848
-1 0.822761756721133 0.682598673242986 0.920783717870976 -0.957209919699588 0.884783041749762
-1 1.94369313357929 1.23002455989012 0.185828382689442 0.236033161108806 0.847699224971162
-1 2.93678875059148 -0.489536130137994 1.10458166691618 1.15057362397930 1.11521375058941
1 1.68507248116847 0.822297341202024 1.77969852102564 1.13607678276028 -0.413847329116724
-1 -0.138225056075004 -0.274064103288042 -1.07293672282651 0.471113008274495 0.732880177411079
1 -0.0599364212631123 0.249197645391606 -0.92822550085608 -0.0140346576743149 -1.39743674400147
1 1.32265905901049 0.433327346763309 -0.0271334820032434 -1.10530665315920 -1.17015637809285
-1 0.123178753257803 0.429208973282171 0.626118931669046 0.00614373130186674 1.89994570650530
1 -14.9304544558133 2.72360936888007 9.96162233362005 10.3194003901658 -4.828236673003
1 -7.08175921958425 -2.00600795363163 10.7162298019324 1.63168891921973 0.347965464279873
1 -10.8879193662304 -12.6318365009809 -3.61024869829105 -7.68487791277945 -1.54169053121300
-1 8.26473702659402 17.2318399278265 9.17586374101383 1.85655573210348 -5.73749409298339
-1 2.45212702125976 8.71320481066307 -4.28835250978754 -3.65530228832312 1.44938438673615
-1 10.3578633639561 4.05536822658144 -1.95144466767512 1.11021228979898 -8.68879662099638
