-1 1.16871412733872 2.16980461938098
1 0.564361125771027 -0.131920272760114
-1 -0.840227538598472 1.38143943183866
-1 0.463391630719117 3.03480374138223
-1 2.2166463831581 1.76434439079418
-1 1.16026252551463 1.31862148892745
1 0.603341216335751 0.324220766240605
1 0.693996218870415 -0.361355147118107
-1 1.75114896331611 0.727667159700534
-1 1.62287169406498 2.759032768166
-1 0.071046895302596 0.355482028274696
1 1.13975785523715 -0.565845843598657
-1 2.2151278327244 0.863052695051282
1 -1.09449272837043 -0.766706697226432
1 0.538466481966862 -0.601219400735561
1 0.253442557010387 -0.0433214766106946
1 -0.560985599218356 -0.0770353015924535
1 -1.18579054797701 -0.236138318318434
-1 0.127900562484365 1.06632792044963
1 -0.668048682012208 -2.05619609999503
-1 1.28280238992409 1.94436044838422
-1 0.602946794341376 1.69077812189322
1 -1.29385853850172 0.72253102545186
1 2.01090575624091 -0.474684715743994
1 0.493596110435463 0.184045549289207
-1 1.95897436672794 1.23377510330884
-1 0.550690732773372 0.78907105656518
-1 1.68379064207946 -0.103299670046298
-1 1.28355032359681 1.39497897581157
1 1.07483114089627 -1.52332636506898
1 -0.982250636082764 -1.04064615116498
-1 0.534108141036434 2.27409968490160
1 -0.184234086100712 0.213717578050136
-1 1.54127920299610 2.48884151206028
1 0.500030452856721 -0.69163664166329
-1 1.72268938739575 1.57033386191102
-1 1.23850270672773 0.652398690415714
1 0.215693808165579 1.32147538002562
-1 1.37338327164134 2.03372576347898
1 0.638007944244616 0.913667252503244
1 -1.97626846782156 -0.0861586018454815
1 0.210950196425839 0.625440406679538
-1 1.41695797416188 2.38710571144778
1 0.418102567079088 0.388705524366511
-1 1.16759698827282 2.04523544792419
-1 -0.503244236827288 0.308628058778607
-1 2.34057526110927 0.00557053177273348
1 -0.0571897592891721 -0.576261602338207
-1 1.33383212531424 0.230961981353768
1 -2.16973571467531 -0.271003178305651
1 -0.0636807529298023 0.644230072540106
-1 2.80281081322263 2.38239343118799
1 -0.952280458916103 -0.330400996732484
-1 0.874540657369773 1.55447542046213
-1 1.34973020604234 0.00690380957877346
1 0.883945490950962 0.316300165300251
-1 -0.402761426373487 0.198173068630582
-1 2.07042435752243 0.761287493480567
-1 0.54859172175782 0.324622768153007
1 0.0937830585520143 -1.76752340285199
