1 0.96445952660146 0.591117162474754 0.39178277092548 -0.38649417469111 0.953282923958334 -1.40022227383879 0.306690694872012 -0.0244788731701293 -0.274729884311022 0.253372991185831
-1 1.05276922773630 1.22561309869584 2.66089970331229 0.55599338170653 0.58461127322548 1.2550959633393 1.33565784291450 -2.68151168343173 1.00511215778838 -0.856326691162361
1 -0.799305766097358 0.226478212640497 -0.0288207142504854 0.493797936151373 0.570838977693752 -1.29959182202161 -0.092750442641149 0.890721136047422 1.02191592135032 -0.0947643688509614
-1 0.767992011219589 0.986409025158637 1.15004141271888 -0.521450183244813 1.8145476457126 -0.32953956774416 1.02586728817062 0.58869368205971 -1.13308028470692 -0.7530286641006
-1 0.0444772638634248 3.17291668039601 0.973357067815092 -0.355480088482699 0.761866548888914 0.365007444556870 1.20748290206651 -0.0630894185907283 1.58144248194578 -0.819412711950207
1 -0.920979929010561 0.275094140063767 -0.0126304533019807 -1.31242971513114 1.32305948924218 -0.620215793067186 1.75858803013628 -1.71449990171132 -0.688523250068571 0.473800162955564
1 0.662972243546929 0.942373030003662 0.909443327225383 0.984713369353296 0.0706831777169315 -0.295451159902194 1.92330357575195 -1.39124639928909 0.469551316186859 0.706550562839267
-1 2.38211190609273 0.0247939102198824 1.37802834709195 -0.79749113195072 -0.733937337368455 1.31458342508942 -0.62417993202161 1.40985030644281 1.69460067747166 0.392888411903554
1 -0.93659529252261 -0.65385912732425 0.3726355259143 -0.00705563828847003 0.201477353649618 0.847787323548973 1.21697479018832 0.187808208542912 0.0779343173308003 0.213226509607292
1 1.16869468826370 0.794607313195137 -1.03721559898415 1.32811691359098 -0.318948200406813 0.0158828021757625 1.44568935103314 0.66195317992702 1.52877447277769 0.0624801064899183
-1 -0.483046764129218 0.522330604092037 1.16774425507150 2.69625310848861 1.62061673819062 0.217961884279765 1.51175931694386 1.40859269814320 2.27134856436496 0.389681277866436
1 0.710054160009022 0.159157701777857 0.446979720134337 -1.67073567222613 0.192994772661227 1.42961385940825 -0.188602138518543 -0.541190543816228 -2.10622319521815 -0.415623775980683
-1 2.78714830579948 1.02072240345712 2.58002449392272 -0.443995602879862 -0.693234660543869 0.370352532999767 0.767473932530708 -1.64377965307091 0.176849438610172 0.869067813242901
1 -0.89563467557292 -0.990128111217046 -0.891110862558076 0.380453753888739 -0.971068257267416 -1.79300877753627 -0.624787458026265 0.188619513434292 0.265835487858533 -1.50139083417217
1 -0.871779453177035 -3.15535611317369 0.123621795193405 -0.0861941916484478 0.0974593792321573 -0.358672461695873 1.02341329176425 1.82380479980257 -0.375109746952734 0.616573421557278
-1 0.970196451733178 0.262451758434212 0.452000170305988 -1.56262708876236 -0.0801363843558 -0.343587916908260 0.0317240190615116 0.103582128490919 -0.614331060985116 0.699208541065426
1 0.870934065549305 0.225420346359518 0.557148053488045 -0.651793706962622 -0.203103477036396 1.05393006732508 -1.56477127365632 -0.234230324854393 -1.46162962356352 -1.94959971417881
1 0.714370073176873 0.546474504637067 1.04944153407766 0.929641543618544 -0.353284814938365 0.663339950189042 0.176493578540835 1.04984835037727 0.537754266737486 -0.85258453300702
-1 -0.654486176264383 1.06686471418683 2.58296313964873 2.24261904254758 0.570372244213347 -0.394521285325235 -0.270074577037617 0.711354744908328 -1.31816522862881 0.341351664573900
-1 1.43172938962567 2.01158625946896 1.76498595594791 0.911397247392653 1.38498718131104 0.223204782141362 0.919538086411254 1.86762432567671 1.10803349542742 -0.695517077045509
1 -0.222343133852724 -0.316070516443682 2.78280585386357 0.0999575445027714 1.25819860595961 -0.463124296532165 0.684473931590604 0.46715218372184 -0.75276053855611 0.9925396816735
1 -0.26235020266691 -1.14136958928419 0.857727154119728 0.815615912897272 0.148575686706924 0.111196705444081 0.42528973628711 0.114038110970528 1.52091652623022 0.665834664698835
1 0.688363969523931 0.835316289245987 0.593550968669201 1.72900535959119 0.566499091969628 -1.28667729210344 0.550406467064377 -0.212521369002390 0.635489669692849 -1.53159789695751
-1 -0.666735510140217 -0.0855469655440458 2.15062094449244 1.63241353738339 0.0763305930385999 0.0595550570235789 1.66798567406331 1.02467532747099 0.374315748410093 -2.30943256382462
-1 -0.101636632651871 0.308197297863301 0.138213751919664 -0.121332096594452 1.37977099759925 1.32076154987207 -0.97628856297978 2.45902523321076 1.30434727315339 2.32973109633148
1 -0.263937914432592 0.110552790137277 1.87280687615562 0.234116437468300 -1.42849128493367 0.424744604285594 1.86836385798812 1.00610873753670 -0.220536279860392 -1.30808106460038
-1 0.729793271782039 2.31300210512086 1.17306563968467 -0.227840234941942 0.484890117578223 1.16496712886757 0.766950215118939 1.71764502766138 1.29977320430472 -0.796023998527937
-1 0.927072476104617 -0.378247247720114 0.466579215083878 0.831894338729462 1.83189423643710 0.724803958492698 0.399114983994678 0.917180751995274 -0.20835678165784 1.94501402356594
-1 0.333855181103882 0.276355309149376 0.731094035968311 1.15411078860091 4.70559377785289 -0.664126087090308 -1.63915740305529 -0.262233489015442 -0.942786242212295 0.313375280151672
1 -0.128578998758250 -2.98258272881911 1.40643992509065 0.940947196022774 0.0404644790999619 -1.32967048970999 -0.642575940618608 0.220177549406404 0.287819443348943 -1.68996582225419
-1 0.111087310091679 0.401236172762496 -0.0280138542711068 0.057579003755329 1.39415385608372 0.295941027111056 2.15804103414604 0.703385826760831 0.448873754731498 1.13939979244271
1 -0.260731301021832 -0.423416355552161 -1.14648815436323 -0.22341113397025 1.2072532317053 -0.539300894743415 -0.96537406776226 0.525613094591362 -0.274704965480391 1.46259275561663
1 -0.504295615052274 -1.31803030035752 -0.871000241117672 0.168445829443705 -0.282112669390751 0.714257751207763 1.75373198149439 0.1454542080028 0.516896969360221 0.191047996005769
-1 1.83690926591954 2.80636277908838 0.983382842181843 0.76849783075765 0.60905624512307 0.446154594411115 -0.9179542196545 0.0989973520585284 -0.000830525008011063 0.563688938953167
-1 0.0382997083384660 1.72580703520330 1.08284819985736 0.354245733750307 0.779912027912878 0.657391576254851 1.50816744524810 1.25306085957840 2.81748271496634 1.43995330678362
1 0.589075585959424 1.42296763349719 0.0788328165082714 -0.252207158376706 -0.679176013175942 0.0359859653371934 -0.831611468840644 -0.579989060370842 2.34927712382775 1.95031289738935
-1 1.45331160554698 -0.457146869592431 0.093508059581325 0.275066387526683 2.01702530055125 -1.06902029714042 0.33108317304646 -0.292781839668895 -1.08830405955691 -1.17321275117565
1 -0.555011853023358 1.28403818231149 -0.801868942703495 0.335154067355577 -0.306314993742246 0.464200784823714 -1.40294372089052 1.43076621112071 1.85549470733887 0.948625062969843
-1 -0.144163719070382 0.854601675872125 2.13831987482876 0.0345339189386399 -0.0377181140307166 0.260369134366429 0.467409597005801 0.208580049278277 1.09704099850439 -0.599792623369287
1 0.209355553896331 1.55439407046121 -0.819534967282063 -0.244168589610993 0.752830154751392 1.45148893217434 0.305805391404575 0.788524153480043 -0.798339045956876 -0.150765586273392
1 -0.329273317356691 -0.390844291300689 -0.941165437958244 -0.637551053529628 1.36817549459772 0.494047224461607 1.15326863721377 -0.366397969432875 -1.17345966198815 -0.608973349589338
-1 2.72650578894188 -0.779889226213476 0.308764955603019 -0.131888676777385 0.622706153628596 0.240354466917776 -1.13382976057526 1.37767157618056 0.88220571030941 1.29183996385881
1 0.447249907339714 0.62771028661163 1.07266860154700 1.65360105599066 0.749227862357796 1.53323300911162 -0.343730914174249 -0.295478370879024 -0.200352310682441 1.16345400929781
-1 -0.498137227076789 3.04778993303285 1.15103741079693 0.552211079610981 0.536465488361834 0.125742837395765 -0.149979261461146 0.901879044650843 0.386621284899264 1.82220753068454
1 0.517470525923053 -0.342653594974192 0.82634333364427 -1.44784542097906 0.387444127592064 -0.758573862176108 -1.04494965462709 1.30444433720765 -0.386855972432898 1.33071473919446
-1 2.59433833078281 1.06869227978293 1.45803685496499 0.241410468125554 1.07506542347603 2.05862426783530 1.22760990346500 0.881670256732039 -1.04744808485314 1.48224370708449
-1 -0.611959148234319 -0.202036735523128 0.4932033473868 -0.144723695189642 -0.686658774613112 0.903797980728266 2.73660111607366 -1.00437525710206 1.38156230157389 0.347162092790894
1 -0.181470064369520 -1.09361891198328 0.612215605344785 -1.64766992740568 -1.53313434381182 -0.08087661060147 0.380746953626608 0.55646776568206 -0.288255487180784 -0.421564648911868
1 0.725278962961228 -0.385691256692440 1.89681258706001 -0.89964224943389 -0.446086109136933 -0.547450373236304 -1.13185329882711 0.721491640930854 -0.726649027562652 0.938528751097175
1 -1.14396759238477 -1.47583976147835 1.54346760960484 0.273283644545604 0.314949415840474 0.584296576345455 -1.97693070023926 0.628890898823177 -0.103436355229293 -1.06852995672948
-1 0.0493397628288245 3.02552217414234 1.44474124907647 -0.411665098275108 1.70152844201516 1.52516223857242 0.0449245604196502 -0.120563767384672 -0.121861356776520 0.844017299053758
1 -1.00286864531602 1.00477154453352 -0.546750370312162 -1.66452787103531 1.09380359287763 0.449402787607787 0.611440076602213 -0.0174885895916365 1.63555518528378 1.20444950654559
-1 -0.0990646002387744 2.27376880820933 0.368309273123774 0.61008289776399 -1.30667300205839 0.836283393017526 2.05312163862468 1.27178358081406 1.97439803978534 -0.329571241597399
1 -1.26361248983314 -0.564232064986043 -0.530779611305318 0.342176536475572 -1.79713738170839 1.17510027319041 -1.01436685742026 -0.618184141803079 -0.127296709996853 0.0475725563767663
1 -1.00543678974209 1.64480935344625 -0.65837013453668 1.48935616501644 0.605178413196267 0.919653005753464 2.99107990939087 -0.160826364586637 -0.00749601182774677 0.0960233852262064
-1 1.50627736023885 1.64489431575780 0.217056101304959 1.82781987194342 0.743590879993023 -0.670240787048884 1.23491326361031 0.216642311159079 -2.00638679777211 2.92171789377860
-1 0.90835412790332 0.446142249566828 1.13340790145609 -0.0579957981333551 0.838281757305412 0.272704488452822 0.90676951391964 -0.620019519933201 0.865194882604614 1.79684522544083
-1 -0.354400255537115 0.381382693091453 1.22650181215749 0.275280057619322 -0.0668198810558278 -0.545240454945527 0.376065753434409 2.25938974466811 1.26893346747071 1.10594154521612
1 0.0118256910569511 -0.473451492068799 0.289737786432567 0.873663915292497 0.0561521172952142 -0.231884148537573 -0.994842126108726 -0.419972508896715 -0.899600599852062 -1.19462132685849
1 -0.74112015281601 0.667346266884674 0.983963900602216 0.40775545349592 -1.73142567147686 -0.288794756415383 0.967555774652614 1.65345481153061 -1.0269833993988 -1.02451437314902
