-1 1.43443614700367 1.40317553343771 1.72859168369433 0.647065178891215 1.44239286123306 -0.971573813865292 -0.376244905957467 0.750795499327012 -0.529211452357017 0.764100969384034
-1 1.52835271267161 -0.72734672105558 -0.315274469565110 1.31720053712769 0.343432118263895 -0.0237734476703866 -0.211950139834417 0.76641554273403 -0.109453836167222 0.0612819832691325
1 -1.75196835393060 -0.0533529681877074 1.14367579601273 0.313624250209054 -0.347423318020993 -0.225990409790395 -1.17766242979970 -0.582959132689148 0.748881288588773 -0.661255750992793
1 1.44431511035601 0.911411429873682 -0.75540503874098 -0.135755859992400 -1.49238224910462 0.68100825714925 1.34541461423115 0.590442108685338 0.0197858570188235 0.817822940798286
1 -0.0957894284564606 0.134754942020937 0.225226315909104 0.0368374844623186 0.420510153861378 1.11210124703168 0.577100476318773 0.97365096306171 0.298669798078177 -1.37075610520261
-1 0.488835385095916 1.25458089895431 0.470977016688208 -0.195984385210391 1.43744524617044 0.0714878659711665 2.36651070133102 1.29087589129728 0.749062411489586 2.71160221322943
1 0.582902663163484 -0.408592385235947 0.650678934397989 -0.285181019363056 -0.736254279111533 -0.51355224917294 1.37392739029112 1.35275182191476 0.591796381221941 -1.83453540508362
-1 -0.0524501147416743 2.47486600425933 0.939102039488635 -0.218345941992031 -0.0152366509859110 0.631392533687394 2.80458125306463 0.660891718350205 0.148082516333619 2.08374081222986
-1 2.00402929051807 0.764612061136737 -1.00423519652889 0.822106993906679 0.677215773117582 0.278207107850096 0.944825179180922 0.263719436173329 1.11032969959863 1.50970539876464
1 0.409152408426918 0.32748381500024 -0.816322766376765 0.275719831272146 0.293865865122314 0.786774493041055 -0.211834923039059 0.143368671621413 -0.843709075190019 -0.571374884612636
1 -0.626186264569185 0.414379758941364 -0.579349193328684 -1.09302757548693 1.15740255910740 0.533035769102502 1.33289107064813 0.391112576364197 -0.507295439716792 -0.429679924174681
-1 1.28227373747100 -0.422100398453781 2.58886896094564 -0.00638200652809406 0.0775998869667772 -0.671173606884444 0.387341084782439 1.09910921219256 0.787867815233925 1.37884428835166
-1 0.985284331582579 1.57348588524432 -1.65220363346956 1.74498638727677 -0.383053828148505 0.672743687349449 0.943385068325388 1.46748867970929 -0.77440865434044 -0.753879959649503
1 0.251325739756583 -2.43066074572893 0.170762888994919 -2.11699251764517 -0.033717621130427 -0.642864400878543 0.271473813927323 -0.39853365988731 1.26045400325413 0.317190800988609
1 -0.638031463855605 -0.24842193017819 0.950086587628613 0.800271333460492 -0.364157890015106 0.405626797515903 0.840637448862568 1.29091569573561 2.28908683407311 0.157560229437178
-1 0.200763139336985 0.814574005255169 1.58971348447406 1.25860561243173 1.26559009148257 -0.0733825390280013 1.77510746955013 -0.848613634462275 -1.12139981967326 -0.476630030516123
-1 0.0294118913435953 2.17711835917722 -0.964485060996628 0.407170924625663 -0.390792664788841 0.653276581056785 2.08023362970518 -2.29949415743501 1.03864970583950 1.13252733269840
-1 1.11322832357483 1.79825810701101 0.874920117684322 1.45149900429951 -0.316931003857675 -0.0464325850178414 -0.0357289783616451 0.620362879436044 1.01923097334517 1.06186459806167
1 1.27572346319406 1.98976201059604 -2.08738895454802 1.59676668503005 0.70281229137466 1.07735261263085 -0.0700764959698852 0.242697735344365 1.19904798549773 0.316423053226844
1 -1.02626143513429 0.766111631041117 -0.285507394874514 0.548031631136331 -0.103341863118541 0.992197619141558 1.49421717054984 -0.240688358179799 -0.00756825450502113 0.893089085699707
1 0.224053397825937 -0.327458043364707 -0.711797772784752 -1.37854072921235 -0.346170016854707 -0.053804821356988 -0.00173240583649932 0.277780288398601 1.86882127870126 0.740624394558037
1 -0.25145147354604 -0.493387481063123 0.126017568184085 0.809674421760857 -0.256366562755966 -0.144492330049544 0.220888235229294 -1.74474405433334 0.0671863671650229 1.23934561975645
-1 0.0957128330873925 -0.000919395361223097 1.39483296625983 0.575608644243954 0.0994652235242748 2.86458306333494 0.406302839626448 0.504661600394521 1.06292366716805 1.59095993628086
-1 0.890780917273026 0.234822764783302 1.69373479116231 0.759043208524845 -0.352034054607788 1.17772369058144 0.0362149503437567 0.117457079835512 0.805597102565294 2.14877120391413
1 -0.240016744725613 0.90850938706238 1.62012671208304 -0.909706689317031 0.274846918826353 0.494544959528451 0.96968573778806 -1.43311760656200 -0.312364598675784 -1.07926914919402
1 1.48319864216600 -0.62977593161169 -1.75718905570152 -1.05976488561329 1.90283213285650 1.01530616677444 -1.83031100481046 0.814451189143278 1.59840504994101 -1.57082122681129
1 -0.117007112001802 -0.478023560844147 0.561530849686933 -0.72388857231008 1.69047529528740 -1.33420507136502 0.230183242815777 -1.44370103862760 0.0894224593533505 -0.246908605307758
-1 1.13356786969203 2.06725602358317 1.33103836672704 0.642725611363653 1.48341996330773 1.47925756640259 1.47463006911764 0.252695186199717 -0.0985914926334512 -0.152934296091260
-1 3.83258816404077 -0.532950972833444 0.221445746589717 1.39569750456113 -0.972331601477177 0.889678546944924 1.28095647738930 0.714692375958662 0.584448593198953 -0.392408091588395
1 -0.423877574332555 -0.643068126226713 1.10813271124300 2.11762579544338 0.464506302144675 -0.282985379874228 1.13702288069841 -0.36996857085832 -2.36896321987737 -0.215440050389969
1 -0.420339411015915 -0.0457871784780838 0.106871431129751 -0.843698973759244 -1.37012336016834 -1.03884614164661 -0.926004294569229 -0.145377003607522 -1.0640645733694 0.0959869952886276
1 0.391130544623414 -0.961009153585984 0.694114857738868 -0.397988267308381 0.42062369920951 0.168504347042747 0.942004215216134 0.855387130246932 -0.788903110717358 -1.47254162239368
-1 1.24476996287040 1.84440760717019 1.22505196329671 -0.242220336773128 2.34240921802898 0.417607809236597 -0.890177422408651 -0.480421886346744 2.31630848708478 1.32825273839488
-1 0.696504218945865 1.43672658362132 -0.292123439088333 -0.331190112955579 0.218522385330035 1.13874515201915 0.705566922343813 0.90951520758285 1.01345257438054 0.0208660170686725
-1 0.922240340813973 1.16171955212854 -0.0614654127455757 0.957559210270944 -0.374091422377044 2.66652211364172 0.563924471461299 0.728383004072439 0.699084315360208 1.41672598127037
-1 1.32684409219781 0.493276009874201 -0.825695114959965 1.45421429769872 -0.278253544613555 -0.240669952149790 0.542638372110982 1.73592620371171 -0.471691095718977 -0.144436449624876
1 -0.495493836769231 0.823008862484874 -0.298544412094507 0.040159454942077 1.87981978474232 -0.0493956812383415 1.58084776302421 0.283521257817588 0.677376888713089 -1.03836776783700
-1 -0.883534343385224 1.46696957652049 0.781676100453663 0.737710632690125 0.205271837161813 1.09082316673053 1.37496337548961 1.00022620170402 0.787227767371781 0.567153557278012
1 -1.08409595871596 -0.0982459303619779 -1.30434552582140 -0.671448894736158 -1.68997107680206 0.616779246162921 -0.960876395917365 -0.744768261074679 -1.75890958871316 0.67953321774417
-1 -0.0908961442328403 -1.35382129239767 0.542396326985442 -0.344238824163187 0.541742708575631 0.406144742650248 0.100902875356324 -0.980089134674417 -1.54996071718267 1.04086524916149
-1 -1.13938363388779 1.72951549071600 0.618890407903231 0.928368947320232 1.15281909810052 1.91286722171027 0.582225731398318 0.317185408155089 0.145203407338678 2.1332850284298
1 0.413924992320656 -0.0760070391803528 0.689406784098414 0.711199114230744 1.10549692735027 0.764265771547353 1.21380875754226 0.301202235240384 0.0280557477197401 1.46324841126087
1 0.603099568377927 -0.113965547193921 -1.51381872653247 -0.0724975789727285 -1.24727603262495 -1.11041020867009 -0.645130148503045 0.117680418148379 1.82739919140083 0.332837548721188
-1 0.898537946671532 1.97309533283939 -0.228885375733132 0.438380205720332 -0.201965331066148 2.16815295634561 1.54966466453150 1.01458929677625 0.962792043322049 0.53291216988117
-1 1.33176846637265 0.661841084014325 1.60021742030469 0.858421682583885 -1.49818968632814 -0.068751737095423 -0.572249762116134 -0.845104114554495 1.14830584022514 1.42139513080937
-1 0.213382447185991 0.101915399672002 1.00674097270828 -1.24830968964624 1.16380613747516 3.06860856183251 -0.098336520476273 -0.0360244220277903 -0.495245162745055 0.783812115951005
-1 -0.367318472656236 -0.745408847535744 0.526636884520301 -0.257166094374493 1.90036722911111 0.970363220932728 1.37610438835649 0.87380192024617 1.15570930252804 1.39198837173277
1 0.544444623974291 -0.691524580820116 0.449467693236383 1.94379578085413 0.299071998269668 1.99078057389070 0.64831512554145 0.796007590697661 -1.61130369154828 -0.833630238772252
1 -0.159573628532556 0.20362638278574 -1.02843066243542 -1.74487725122104 0.573485798226461 0.283515019625386 -0.265170587641052 -0.331719634798254 -2.54539928461359 1.76233785462472
1 -0.0264194695135672 -0.222427644276521 -0.524693276800306 0.626813913416938 0.531865933161004 0.361133798109362 0.80273577300285 1.01797686119111 -0.0562678172834851 0.921711365166127
1 0.420945542043845 0.208004662496938 -0.220212234075035 1.53521557994548 -0.923432379560069 -0.887442661783287 0.843494016427581 1.24710349335705 0.318569137573708 1.00124003380633
1 1.43730179370252 1.42299594992095 -0.279891184420546 1.30352258231691 0.865181216279231 0.325251252345271 -0.359369518195218 -0.897689262576188 0.655683721608733 -0.994532326308773
-1 0.263381091418988 0.96661606528437 2.45927734380790 0.071714697031028 1.23529736041354 -0.558092061835682 -0.509092233805792 1.34230673556767 1.64965125141385 0.535996502120514
1 -0.972356677919312 1.06865212484772 -0.942678442869726 1.47486515597264 -2.36509879821543 0.0753508837285268 1.58207243356938 1.13011441979745 1.05713357928987 0.129628577788224
1 -0.438542872300053 0.221926743571695 -2.52939200067994 0.143281455924853 0.318014556858168 0.159584157381950 0.168926095132600 1.65780817118671 -0.208092115064634 0.601236006076114
-1 0.932357828322997 1.44911768587512 1.14234739591711 -0.192152787946844 1.13813066524808 -0.265129051809015 0.679248021116625 1.14286649244640 0.236207183889749 0.0144936474934246
1 0.697538163177259 0.997333750736937 0.330701928274077 -1.86493694321996 0.299656110153817 0.338102906339377 0.0451651106242599 -0.157266384310230 -0.230759179380827 0.273421048756517
1 0.398571065606557 0.154065554263325 -0.141620194277927 0.925366522371597 -1.73937601957708 -0.409927871484916 -0.192244424486585 -0.465680721134738 0.728595666192006 -1.87621353732001
1 1.75725733637631 -0.841358071044085 -0.0702488648094148 0.400396452980323 -2.15045590158785 0.492086240272798 1.28589328750456 -0.246071717197807 1.26567208746462 0.0260572702349114
-1 0.212066944564003 0.351851532821950 -0.00711501699658768 1.20784945605931 0.975375064318553 1.58863196130561 -0.228727877558120 -1.38049925200001 -0.58774666142653 1.07211028244597
