60
5
-1 -0.0294549410540365 0.239504410499284 1.2559950403618 2.04467039946499 0.257823171241062
1 0.709450460313441 -0.179968163803218 -0.346194780368056 -0.34958843094586 -0.0135473701347008
-1 1.60322071190662 1.5351740632245 0.531448778659225 -0.48600919710829 -0.0693685931538167
1 -0.33565201316151 1.0174870552258 1.47869607978781 -0.281751176251374 -0.486811628329481
1 -1.14282255115725 -0.929625146397677 -0.244026815830128 1.83524464936188 -1.80285107529892
1 -0.940911172359424 -1.08101104495523 -0.614665738963206 0.106604447466967 1.41993599276158
1 -0.250173879739388 -0.570285801746551 0.69148425280981 1.77302715904092 -0.220165222510554
1 1.96036730570713 0.62376978678538 0.524977937215142 0.414478804270899 0.181400319905908
-1 1.99428992445242 0.595617943244684 1.54636398359592 1.28006540059624 0.627249083099608
-1 1.55287827137087 2.55132426486648 0.967229407182167 2.40547726434181 2.36521581473120
1 0.113245480359073 -0.896838090440274 0.0693959702725493 0.763158421372789 -0.759943852071288
1 0.607934315061074 1.05355731559068 -0.157668651538848 -2.54937376146652 1.18543221109362
1 -0.701342069554844 0.288278540358178 1.04569607324399 1.37027001127647 0.234741090369061
1 -1.21395072943087 0.284399967100877 -2.11885923450851 -0.732407402433363 -1.62774356825442
-1 0.75484661801545 0.552207173756482 -0.768189341250978 1.38085082844159 0.752993553124499
1 -2.19856230936529 -2.05320285740728 0.312622985349374 0.318755874324429 1.36276220739502
1 0.580037054642342 -0.59152024489766 -0.398040213613203 -0.590444253821159 0.518775522135407
-1 -0.233916800114231 1.11651547156387 1.19673513785543 1.71262918885741 -0.241757478826920
1 -0.737734977109604 0.470980954936475 -0.781543752567358 0.931578643515297 -0.394334249652503
1 -1.37046389730421 -2.10060597489993 -2.42654366316225 -0.766504779785059 0.324933311971171
-1 -0.297852438581684 0.933904790110815 0.00929982827516151 0.526776299564688 1.66591016801778
-1 -0.256012572005992 -0.386110488803974 0.439201379831177 0.00752238083517065 0.165451612122957
1 -0.578774934323664 0.310682184062266 -0.415177668487595 -0.475981438582044 -0.514423392098117
-1 0.0651490036902912 0.377336652449912 -0.0863702313051957 1.66116099857289 2.68418559431245
1 -0.420921397340137 -1.13301336752019 -0.67549511302907 0.659933877223317 0.384278824870926
-1 0.8580248510562 1.48044015286102 1.62812051918276 0.883651818794686 1.15264381195472
1 -0.0916993567236261 -1.26368680458805 -1.22060995769052 1.23356182270849 -1.28264540799219
-1 1.00969803866398 1.86318071436797 1.99446024130114 1.03552631507621 0.469744730600617
-1 1.60613127183135 1.89033969333732 -0.119882956542568 0.649098815232033 1.22319919370401
1 0.48875784079028 0.475638398055065 0.0875017801440648 -0.487689551092354 1.06670410362807
1 -0.417567926971438 -0.435198556874798 0.54984686426463 0.688451342300645 -0.220192983973911
-1 0.470403509607396 0.369327349957659 0.130704759846359 1.14026530014368 0.433142659013919
-1 0.906289691975244 0.411119354798629 0.577759715747166 0.663061755473432 2.28576487886646
-1 2.44521310726606 0.407506366902024 2.30230688778354 0.77406781839117 1.83433244397585
1 -2.20817207628444 1.54244450832159 -0.291796103896115 0.502768405235558 0.704201107421196
-1 0.124760433409102 0.492757370241654 2.55124192028596 0.0952077408099374 1.28020946770395
-1 -0.0729526031980474 0.118454704270165 0.152336429328128 0.432945470753199 2.22687451139885
-1 0.468653440972146 -0.52616128759677 0.596753808105847 1.22252713436107 0.415794641772608
-1 1.59282139696543 0.498100310239296 -0.493014740141713 0.549948541453092 0.843410996527248
-1 -2.53643179314769 -0.00316552586946983 1.46579269703752 0.127172268780651 1.82840450776231
-1 -1.04849224267037 1.29431404473185 1.04135640542377 1.13796017157138 1.87776662013466
-1 1.78231947984693 -0.296642610380888 1.06738209357493 0.557151580345787 0.865065711465823
-1 0.552024791568762 -0.20968242533222 1.45247536423807 0.607252355803782 1.98766555208018
-1 -0.23900117758097 0.407987479469236 1.80012676215988 0.060625727434822 0.581905025140651
-1 0.750887237614259 -0.456297499496575 1.75063867603601 0.797342018407124 -0.00971974143171894
1 -0.531810740914775 -0.435698329644771 -0.00830716230566741 0.0154504053731044 0.789812002855764
1 -0.338310371272235 -1.79213916363211 0.369657536028743 -0.584102383975853 -1.02837974683172
1 -1.51865422786375 -1.59241507160003 -0.514356502348854 0.645774841167782 0.192840582477991
1 -0.415200950620177 1.01084829684576 -0.056530506524845 -0.448720994106505 0.663214845330794
1 -0.969223916304042 -2.01408926217151 -0.4105881979479 0.913782528488128 0.54161397563294
1 0.350872588757537 -0.0385547480685243 -0.712603122820159 -0.671867767109551 -0.553890395778523
-1 1.01525426682574 0.201659831954440 1.43309621128096 0.243534094862314 2.18409341115104
1 0.485612446616329 -1.61565756300144 -1.01247688324361 0.556169970487613 1.00516487437837
-1 1.52092230772716 2.37668730177358 0.311657152060057 1.12287911181614 1.59220283092273
1 4.34564252912235 4.28561493681592 4.5638281812475 4.51765263615666 4.40858046259781
1 4.44431540549346 4.32440713519286 4.43895198316452 4.52565153180008 4.59235736148528
1 4.46548022205977 4.3248945126523 4.39907554972955 4.54505736695493 4.58579145649116
1 4.51171908186426 4.52070431319955 4.62865035070038 4.31821252412403 4.58704385500407
1 4.27081418356326 4.51663438850693 4.55972973985538 4.51200951195563 4.51615206458423
1 4.56391894307868 4.30830871545682 4.41583298768124 4.362183920547 4.42280554937382
