1 -1.15096887624068 0.342938446075216 -0.894595020852993 1.00393169440246 0.968553218758592
-1 1.96316395376712 0.916539529999979 2.41264400907108 2.14462505450246 1.30260242944039
-1 4.30685485812578 0.352054651721277 0.521155885679037 -0.612919038724976 2.76445144587287
-1 0.844512354883602 0.753774520937613 -0.076658954077518 2.26453210423441 0.951017384040658
-1 1.58841253664990 0.929987870429763 0.901741875429516 1.66578825621436 -1.14912945530855
1 -0.10070354079099 0.484112863362843 -1.81825475808333 -0.680597970491911 0.78405730802828
-1 -0.314969181983400 0.997041794748474 0.631492143255388 2.46385744973464 1.10053870322530
-1 2.4833211785055 1.02204542658656 -1.06277447443089 1.18729783146154 1.57403946907178
1 -0.772238776744643 0.550396020521841 1.24514894426617 1.15376307444786 0.89791798970377
-1 -0.0144256524992243 -0.610836094193356 0.114332428880911 2.13481239975769 1.64278998801379
-1 2.02920245112789 -0.700436055545352 -0.84891001438409 2.60753698753963 2.07375129650654
1 1.00842145414322 -2.04743983046054 -0.335356738455062 0.825433040823325 0.141011295896884
1 0.0944632205621647 -1.48016158395181 0.756106191898205 1.24833917768643 0.00657939572482042
1 0.300476373726855 1.05517479936352 -0.558288091749612 -0.747408409102538 -0.919690530266057
-1 0.923449317341025 1.69385623645461 0.602906591024838 0.709189175168053 1.42357540470183
1 2.54303304902441 -1.84355013282216 -0.263344353629631 -0.841427316879682 -1.49744022434727
-1 -0.42225569306704 2.54005016843908 2.28868663611761 1.18362810815736 -0.986795415728525
1 -0.44281825392508 0.659242256838073 -2.24687336417335 -0.436405969053195 -0.616124610634946
-1 1.82831226211724 0.686063417110679 -0.809232259922948 0.608434314976397 0.648539181025363
1 1.36297073624239 0.770040385611852 1.50229893015932 1.69221477164602 1.32229393541299
-1 1.28595537137989 2.27449473748766 1.73301958604112 -0.175932268357485 0.228830030825338
-1 1.39999127838766 1.55410508344095 2.27774093255126 -0.454111717145528 2.94129786003888
-1 0.57456091591628 2.25247904476992 0.228298128923148 1.15440472541734 1.09156258427447
1 -1.69389464902787 0.0684543886673234 -0.281440208318550 0.583725859943259 -0.878680150017862
-1 0.166760093841840 1.13572546517266 0.225841254960003 2.31184602890843 1.70846022882056
1 -0.403056571659519 1.7586200311737 2.30904050301593 0.215887688274910 0.0160117960540512
1 0.0288642772973504 1.30306401007385 -0.590979728231058 0.65098477321793 -1.39173015996133
-1 1.07867873241502 0.747223738800912 0.984075791355557 1.78259228967136 1.80010173423769
-1 0.994165623612534 1.66140812211276 0.219850938033656 -0.531675645968534 0.244552670257268
1 -0.0436013780881851 -0.769437309440191 0.121457100524188 1.21769770952584 0.758966222360815
1 0.0907460066347931 -0.360611623255681 -2.82406920469356 0.852363730739213 -0.297178916100512
1 0.660375517310271 -0.825917439005311 -0.736196768485648 0.252623288818783 0.61507414271119
-1 0.192095004812488 -0.759982747637126 1.36152297284691 1.30557097213752 2.38436588828139
1 -2.51844289044389 -0.639271013572353 -0.269218452761315 0.325349345883912 -0.118693952392925
-1 1.04650378452028 1.25537582272739 0.726330205351443 1.96874817909684 1.07219277758750
1 0.552843562758646 -0.914507132440617 -1.61884171725218 0.730210910120365 1.14641139526417
1 -0.764623861235399 0.144176217611454 -1.54336899886544 0.56307224068256 2.08637507932322
1 1.36927852645233 -0.352133720168217 -1.03024599207071 1.29792328615321 -0.143439210573239
-1 -0.0107692789503467 -0.210847689581123 1.37987850811957 2.02468078476553 -0.346543667477345
1 -1.19171947434140 0.808404639834594 -2.27222306279526 -1.35679527430542 -1.1043480329987
1 -0.539030092521931 0.508986130656652 -0.483036064959265 0.553532338834488 1.34967251160813
1 -0.974247521973444 -0.142174100534940 -0.598846769828389 -0.820117153444964 -0.995152139218557
1 0.182796485900760 -1.53290960531207 -0.68470702553642 -0.467472154852696 0.871814650687016
1 0.0264055118511235 1.61971608677335 -2.08184418604010 -0.556516770949033 -1.75003368878031
1 1.56590131947994 1.64116164142250 0.0748539914966234 -1.02688165853741 -0.358582549752172
-1 1.07233150457847 0.25251343271093 -0.008032196991275 1.36808009374972 2.05749222105328
1 0.594950138645467 -0.888264744121458 0.148853148551867 0.319949541989027 0.402767165305961
-1 0.922026475737296 0.104735980995560 0.690213582463602 1.27906287275576 1.53409986443668
-1 2.35833127027797 1.86032974188342 3.22154165522432 0.30764215635761 1.51620963224065
-1 1.22125656300243 1.88124679276198 1.76350538360081 1.06372267206918 1.70634967350180
1 -0.76315429408268 -0.244674881025415 -0.209459276260797 0.868637557009238 0.227261026973922
-1 0.640659374406347 0.9175742554889 0.270951795894727 -0.376871867879724 -0.297157437098214
1 1.3681334902096 0.177997528064600 -0.0423348838245317 -0.0848358610255367 -0.497962132819688
1 1.21164189343109 -0.510067465721135 -0.318499086445067 -0.0518018905446002 -1.19208835446136
-1 0.286470184774398 0.937413048686628 1.16145227652890 0.62271856946 2.7644501715466
-1 2.1713671589947 0.280136481790785 1.34273684633126 1.5836387458569 1.63972832829723
1 1.28237512490887 -0.993230935365261 2.13677589134383 0.0147908156947542 -1.09464151217765
-1 2.00037871522825 -1.71146007766087 0.571584173921447 1.95174670405790 0.329562997510072
-1 0.983960137031357 2.03556290693368 0.044560938156757 1.57587438769888 1.69664501392882
-1 2.73051106465243 1.19467800622988 1.26668150814167 0.538544147699194 0.84964214955943
