-1 1.02995992637831 0.529321787642267 1.98222941876416 1.19854964576389 2.43188910130993
-1 0.555591646957288 1.35244902158598 0.73980154229904 1.46839773575471 1.61033445974117
-1 1.07497001793406 0.746650240714049 -0.860739595339757 0.941166712761103 0.96530475243058
1 -1.15565939562623 0.417747485184936 0.893306686244137 -0.163488230677972 -0.401054160148974
-1 1.63203976433480 -1.43173050108345 1.08464141428612 -0.961325621709716 2.49333203709340
1 0.900212751412488 0.602884750865276 1.21745664644293 -0.968543235869193 0.602114802813385
1 -0.0113865879693187 -1.20644198895750 -1.58475368947139 -0.767567950481196 -1.40489268701998
1 2.23476290884906 1.41538916997959 0.70976496436855 -0.839925521807073 -0.741967637265405
-1 0.616734757335126 1.47783570932218 1.64173924824162 1.87807223002252 -0.194622623165233
-1 1.22937014468138 2.06885720935555 0.743271944538582 2.22477008828144 1.55929836357942
-1 0.204514230482691 0.836091817011647 1.32961390911632 1.70564686458112 0.62324833955787
-1 0.859072190007511 -0.330222437320887 0.522585758985966 -0.290423066396728 2.30644521550777
1 0.531156342372969 -0.228777497172092 1.14356455422066 0.185712693394724 -1.63299697138179
1 1.05469103455766 -0.509613091037186 -1.17974279363299 0.24117889858878 -0.478691595393232
-1 1.03160675267651 1.87129593058832 1.48249824496239 0.751860584763359 0.206611750500368
1 1.58756850003567 0.822980612811322 -0.302672321660372 0.316254960855919 0.0113062670440175
1 -0.503642686746305 -1.17424091268026 0.733510933837697 0.458036413545878 0.871810606192169
1 0.151827775096035 -0.0944421829523418 -0.172781476385513 -0.828753601440902 0.486574605331446
1 1.08285944511410 3.36644553464971 -0.389559668595215 -0.599465393203116 -0.431758893905644
-1 -2.22725014859589 2.43161254721035 -0.700019728350711 0.756983437633163 1.21820325389664
-1 0.602729631871848 -0.240775074505934 -0.885973371839161 0.967864094302034 1.11024732468302
1 -1.26857577134471 2.00275977313002 0.344648626966169 0.915076781105016 0.0265146967705073
1 0.801775277831146 0.907543383147265 -0.160321166689580 0.213204557340509 1.53920135373813
-1 1.13371519471674 0.0138701657656749 1.25634711207402 -0.258936800858423 1.10390511506259
1 -0.503505114640095 0.546830890113569 0.372416969480785 -0.318843558009223 -1.09028833520668
1 0.125233455700165 -0.640284594293257 0.462343854327248 -1.06082663752787 0.685600893501607
-1 1.04903190346390 -0.116740943394233 -0.398434342544802 0.55782863040851 0.723675859990929
-1 0.0532052196246059 0.110888389497079 0.690424565586737 0.545530256850455 -0.840977882373192
-1 2.12927677069543 -0.295749851490268 2.70386092515237 0.666007037180553 1.03754974855082
1 0.180723773149087 0.703012613579894 -0.919863645402206 0.756525916056564 -1.20871075612229
1 0.00805293065507801 0.0968070010680782 -1.51051871222105 -0.0246469414981238 -1.03650386053298
-1 0.780195659081184 -0.243175927242515 1.16097290856866 2.77731189012432 1.36581285842452
1 0.670891504843064 -0.258267398896417 1.09723332136471 1.78446831260641 0.409267710978423
-1 0.997808387075285 -1.43765392963735 1.62649705389354 2.97921829083166 0.929985713094194
-1 0.580620734492449 1.89496761963850 2.41765266036549 1.59870169884248 -0.219075658298038
-1 0.207853014564106 -0.102116042777562 0.583344814857379 1.31289896422264 -0.304529698538999
1 -0.818540874144717 0.918161728782431 0.845131422561802 0.336636863614703 0.639762127252585
1 -0.834475019195572 1.24463771820097 -1.16727166895562 -1.60932178655621 -1.09839488054684
1 0.996464717690039 0.385353007407521 0.173663010586807 1.65867713173889 -1.09835547311388
1 -1.57890533861149 -1.24212482210201 1.0890752219078 -0.682561871769668 2.58297118772635
-1 2.10910154955052 0.438484745775762 1.36939642029181 1.36724352565221 1.35507368905289
1 -0.289436884206842 -0.447199339719633 0.641383783431616 0.179128802825208 0.088997241538164
1 0.829432816211766 1.07959002446757 -1.04153044822879 0.150302952372134 -0.0983689116688912
1 0.965837121884455 1.34889136244201 0.57168267990687 0.0116218357750565 0.394578986430503
-1 0.539294310139885 0.99107757336377 1.16638976012678 1.10394407316779 2.16125876975574
-1 1.91517814687738 0.00293822773482078 0.72100702639105 -1.09555405465629 0.174441083994837
1 0.914918206723198 -0.937851518237197 -0.267083365910261 -0.497199904809615 -0.104108295684855
1 0.874255742728782 -0.114555560090285 1.30555168266276 -0.800339443530303 1.67854014646747
-1 -0.0881368902321189 -0.849836229376428 1.04006504697734 2.04719991234864 -0.58225009831616
-1 0.695637662373463 1.35085239883443 1.92660612361549 0.404231145176751 0.869769741328843
-1 1.80015332586164 0.74615629726247 -0.705328685207427 1.00677542421838 -0.922979559840593
1 0.382587147734074 -0.988832983092698 0.387538246434585 1.19521690815793 -0.680345841371378
-1 2.05973279151403 2.46280065103932 1.40912691784723 0.506870885618379 0.939288598354482
-1 0.891910634542639 -0.138634835561366 1.46974133225944 0.176630084655052 0.550382199675023
-1 -0.17607107481098 -0.0402614751787441 2.17089288107195 1.07594227151548 1.77397887849472
1 0.533947507893968 -1.50961283758066 0.636976875258122 0.326860792269861 -1.86474555659769
-1 2.04196296458988 0.55356809113403 -0.563748361223389 0.00198954360265580 0.334593779791024
-1 -0.688033262381606 2.00581712274730 1.00282344989289 0.248744794749251 1.17613422650632
1 -0.275954241913251 0.531334606118108 0.347480080824103 -0.719941026296539 1.60902303737573
-1 2.18023513679668 -0.808530579936024 -0.33452924274091 -0.175015366377691 1.94466653993294
