-1 1.04499332780677 -0.172915560750888 -1.84559318703979 2.48083832538974 1.59944459148093 -0.171174253713673 0.734624911675519 0.38079135832485 0.147633416700604 1.38451310227644
-1 -1.19117748638416 0.276614573195214 -0.0385770946031445 0.735417829076235 0.774637710988708 0.233145870736337 0.855204812655921 -0.557762751862215 -0.469748852932677 1.70658790611627
-1 0.282410472727935 2.28833385933187 0.400598804681097 -0.458116512074303 1.43255528200381 2.00689282367656 0.271925817673008 2.11309965033434 0.0068094839741889 0.948545258970254
-1 0.775212300519754 0.955998800054626 0.523389131627214 0.893041138406799 1.76021921656303 1.71742149852943 1.22324372078198 1.22094974185196 1.93860005009132 1.45048461045476
-1 1.31925197039539 0.203284682131222 -0.484073887989982 -0.0413988596929959 -0.0760694040943147 1.84900954942765 -0.81016571208811 0.430921751751123 0.467303117039361 0.54493636246144
1 0.542570438635485 0.50062682098558 -1.23683886947853 -0.0531198813480267 0.76601507133922 1.55666212695439 0.64095647493531 -0.420968824476384 1.30526048090596 0.666751860956378
-1 1.14801342295628 0.57807871284508 1.10479600417574 -0.0687487343333474 -0.562032816227993 -0.138146448039661 -0.436876839276712 0.917786742778564 1.56507067220797 0.39192765701415
1 -0.728069722876562 -0.885403916666716 -0.232893326591362 -0.78907932165447 -1.07531028028283 0.202740302242675 -0.27662890108868 1.83580551910394 0.129331516493021 1.25199494022133
1 1.33475356339762 0.448068210784184 0.848328057388946 0.393019016811503 0.132493000953459 1.80630763899990 -0.425189955156798 0.97713103646926 -0.305554289721902 2.43779790259253
1 -1.05180070292560 1.18296519775693 0.467833292806657 0.289426025097517 -0.661634805259177 0.248009414916353 0.0717055638281598 0.545991351725066 0.875488617622134 1.6266025508936
1 1.55718871061612 0.613135280182866 -0.133001352219082 -0.2466211356032 -2.07642780697238 -0.265793801865577 -0.382399558521055 0.00314869819625846 -0.334000906468979 2.47235966568201
1 0.254582144792070 -1.07193298485053 0.596569026878746 0.687689682663534 0.428404443966527 1.19462765344262 0.53836797345033 1.34565093748075 0.405375733407793 -0.938900282746928
-1 1.16650158711255 -1.57011247651185 1.25782969190325 -0.686554421932676 -0.829828088833488 0.903379873578519 1.28923277032027 1.47637705059573 1.57414757566943 -0.891317979142725
1 -1.23922371185648 -0.255403018161595 1.13887173451887 -1.94871970201278 1.70136949675474 0.242546718558991 0.073140197987287 -0.0412759544473407 0.0793292463915839 0.0468249674694009
-1 0.384407995400994 1.07380056415649 1.01505766858368 0.070652902123312 -1.20069064582342 2.23773512712468 0.527854001199922 0.530300992558125 -0.938099119747365 0.0904141361745106
-1 1.49793284400908 0.291202660489323 0.151037798246334 0.37042540559499 2.02445279589430 1.72423978345266 1.78357522538454 -1.34301032239198 2.12868305558306 1.12951685804473
1 -0.834238689180784 -0.170705830811417 -0.460208795414947 1.86610512287570 -0.595114526778058 0.292457571215358 0.66813072460247 0.513211110598911 0.410717124011241 -0.880055603616488
1 0.296229538146009 -0.461175615817439 -1.43978147579324 1.08394441804377 0.811541786693093 -1.34905073753386 -2.16593453775047 1.39427441347622 0.0661145925335064 0.727154791842664
-1 1.86494849776354 0.218623631878323 2.86250008254373 0.745362953649971 0.380352099756727 0.75989699206226 0.765886425972692 1.20238955577952 -0.550521627145721 1.44299405064549
1 1.12368326629452 -0.452837658574316 1.53364176753227 0.389190802185613 1.17345726937886 0.292614944936729 -0.188303859721479 -0.465727769151602 -0.426751962670421 0.493888851000143
-1 0.311438960790037 1.27185716402174 -0.866295260850286 1.25368104704586 -0.125346959521558 -0.26248647380359 -0.610684003270656 0.490298214589763 0.414143070264227 0.345527613893623
-1 1.06681887939395 0.0292663537827856 0.431663423596019 2.36126201038263 -0.157897211964187 1.25897185703724 1.85163224201835 0.118214728093487 0.612031319630091 1.23790362082906
-1 -0.684851343994564 2.5783815180493 -0.229895531959229 1.45660870874246 0.176374847678783 1.61601728060056 1.05143036361738 -0.528724926376469 0.189502748778494 0.299247083891018
-1 1.60290697740274 0.527705098746716 -0.394099985938399 0.162194361404363 1.02704672829726 0.922272413855494 0.71354883512289 0.230270849847945 2.06754644667452 0.434804235445695
1 2.06688934053513 -0.384479419574136 -0.0763039684086086 -0.438228987107411 3.29762578972266 -0.195226513534132 0.192999341960997 0.233861479062788 2.95282552726889 -1.16133660947940
1 1.02957453971185 -0.243865643091241 0.528655168703393 -1.06785416484256 0.206736560049833 -0.118126205600373 -0.259595620513415 -1.83267798052348 0.0459248641840868 -0.669200675787344
1 0.998127037980815 1.81787707115232 0.0208365516024876 -0.113189732935937 1.45640283469686 -1.03425613545067 0.455082816277245 -0.173517024337312 0.069002844922166 -1.67471228458471
-1 0.308525609139275 0.617196078712299 3.36294216218102 -0.61660436134365 1.2093118088689 0.191269647821024 1.63457154868752 0.763249427526486 0.642351619931939 -0.0508607513649333
1 1.65605482285100 -1.63427483880739 1.96775880650106 -1.18366729448736 0.194538434042339 0.254690027432771 -0.845787603678113 0.608326816196714 1.85356352542055 0.33829227851089
1 0.214223631590729 0.0969823503538975 1.08386349252168 -0.286163600538067 0.522099334191735 1.00966878046562 0.662942889555625 1.03762112914691 0.169655289220638 0.536425285609245
1 0.425068860069178 1.21618533409665 0.468760585744975 -1.00254818577903 -3.39057223712523 0.725737303427235 0.820470369450711 -0.623364043350129 0.94626755991192 2.24875987595505
1 -1.04201670779495 0.480598430158592 -1.71161834257055 -0.337366691466685 -1.10215169878836 0.295154274330761 0.216531148346254 -0.498799270467483 -0.0928550344278126 -0.271866418891977
1 0.500556539901073 -0.395816215774106 -1.29079011679633 0.936042739266719 -0.575914828725445 -0.87723222220981 -0.9568708689917 0.109264276923756 0.711281258728547 0.0541471974258596
1 -0.0762069171183676 -0.714534419438432 -0.041098748233363 0.0559322186510266 -0.0205765039504279 0.190687415940476 1.45217497336965 0.870131077680001 1.65159284738128 -0.539082092240154
-1 1.66963238916605 0.479984680027736 0.595386885679422 0.789998545346637 0.0871735376848163 0.466212989651656 0.798111364677494 1.91902059928876 0.200802978252951 -0.0210473658408159
-1 2.66528251615633 1.26750627785081 0.559941684654975 -1.00662547015481 0.313869548743882 1.11606136537050 0.472328192057485 0.0419601440034212 1.18060838911853 1.57202292102360
-1 2.07255459142446 1.27667543444826 -0.858276667870104 0.311450628668071 1.92720195208763 -0.405603982570685 0.589839870309354 -1.10245440841235 -0.21005222822035 1.37684021385797
1 0.320252341039012 -0.219187305425124 -1.45447179756236 1.81373814647576 -1.28370752567538 -0.833818775749647 0.752861401298598 -0.724118105293211 -0.187494193722998 -0.779073753216388
-1 1.44884762451448 0.531364111134603 -1.5842147379574 0.875685343812892 0.821410857619797 -0.0196471164397587 2.62178904290887 1.16404084641984 0.686529060518499 0.723733723170951
-1 0.70492503447034 2.67203785520622 0.0139786394633555 -1.05217898103406 0.818490198305089 0.18919548257146 -0.134624172876020 1.19026522298896 -0.69179702666995 -0.94279477224336
-1 0.808450470042678 1.90815210066449 3.25466012006507 0.439509446219596 1.43555774858721 0.589075907071085 1.07767678151741 -0.431330090431627 0.405596148134636 -0.759565933269469
-1 0.250669050190294 -0.903667296955407 -0.968243898253971 -0.131162926532913 -0.523823880842202 0.952351456434709 1.76438765987825 0.701553331099289 0.570098656528926 2.05742669095182
-1 2.26113020930305 0.276428898289739 0.94178183486629 1.00374788323064 -0.943149937650414 -0.793650845311874 1.31447186153529 2.76146926433668 0.322023241324335 1.41161171745248
-1 -0.299825167927880 0.0842755499380411 0.679215843382183 1.44350705009825 1.07262270595568 1.06754348966801 2.6385522745477 0.302468955988974 -1.53410659810376 -0.843673227886374
-1 0.665414853768828 1.48771167578109 0.977157717464236 1.5221763898375 2.44265004698144 0.226717502547640 0.43144873618156 0.798362105668142 0.690711380952508 2.23767549522058
1 0.281491037428005 0.759014803948046 -1.38844071450013 -1.23473014174001 -0.575236299797035 -1.59434502079044 0.748171652445705 1.05444856319398 -0.218464377926326 0.481473202596904
1 -0.131099216642804 2.51463300808438 0.608012005455118 0.389068176979121 -1.82339035559875 2.30562918236551 -0.40103932964418 -0.96250824152984 -0.708186869151347 -0.784243799993225
1 -1.22968857864133 0.608704490222697 0.80678212804483 2.06699701702303 -0.572700511279159 -1.27978504062733 -1.35647345158944 -0.118955178144851 0.305503047182178 0.256256272361195
1 -1.82131853536386 -1.18062911805707 -0.118345915303806 -1.21550212825159 -1.04090995853079 0.0763979071859292 0.97903906153432 -0.463362531792821 -1.43764113401491 0.494031346967264
-1 0.461038059966243 0.168891456198422 0.238111572784803 0.460368382518371 0.077548595397273 2.29774434236733 -0.503953706006691 1.26999402520176 0.432519711823378 1.15925832488751
-1 0.0174103122470091 0.954988136465854 -0.101523491571024 0.439472781682514 -0.270703591778006 1.64974920691291 1.33185828765256 0.595924282312098 -0.577272759761918 1.32483074744837
1 0.329501226159477 -0.684433623032564 2.03661821539565 1.57829666123395 -1.06395847892740 0.366170793492495 -1.41157820963571 -1.36966360050831 -2.61572077618828 -0.438367888491484
1 -0.911457033255772 0.468414063166873 0.0675413391910853 -0.977867003312466 0.496645988902575 -0.80344429138934 1.27291432312719 0.40585641396531 -0.56745832653229 -0.676083475882777
1 -0.532359931062767 0.977457927614135 -1.42020899234904 -1.12589182614515 -0.409665197076544 0.316877552890360 2.63299691057067 0.285654752159577 1.54289322039778 -0.237261138007882
1 0.264509779451705 -0.217494357792115 -0.530584604503606 -0.294332095460406 -0.245095553397396 -1.02608212464237 -0.331436662279752 1.54060564011414 -1.38566216902365 0.883347089831006
1 0.0196230469708294 0.304810147277053 -1.43026107264714 0.279931535973851 1.55776186491434 1.57913368589653 0.0199053674533696 -0.339944796006725 -1.00255111015225 -0.688054346100752
-1 -0.672742474571259 -0.492899168232087 -0.507415514758239 1.36292548121252 0.599131632848309 0.385386901777763 0.527343932866123 -0.133427186490188 -1.19714469529988 0.419302035401685
1 -0.562269333868405 1.44805797287410 0.490551115386175 0.50106355259111 -0.984757668319474 -1.58814423769969 -0.052955156011303 -0.507281903950247 0.236407691023851 -0.580240349861632
-1 1.95765976599036 1.70223207525473 -1.82234598785287 -0.531540246402352 1.21835235635781 0.661009672743082 -0.844964420823376 2.05840028267885 0.267367058228715 1.25655216444033
1 -0.0597346681568213 -0.994565110016474 0.129217574831463 0.70671437416314 1.03821221857718 -1.00525444136816 0.476243953934367 1.90294681215862 -0.492870010195954 1.22485358536738
