60
10
1 2.31696732067281 -0.274947038801425 -0.275536140343738 0.641229931545174 -1.84898402951077 -1.28298780289992 -1.56836758529425 0.264321743282427 -0.442075856914193 -0.730500474238864
-1 0.121374006116788 -1.82308450215642 0.66430564026433 -0.95074016308684 0.781118814800975 0.390937344288506 -0.371990178731981 -1.75648185500527 -0.261690970804387 1.66154678524418
-1 0.75557365791412 0.442416283120443 -1.88915706327721 -0.220563410007389 -0.328148178786885 1.41191240700731 1.63488865619646 0.221559147378008 0.582898861897784 1.61563457330229
-1 -0.818229444738571 2.34006896592690 0.490614192920556 0.971861613257082 0.640367171054743 2.30595840908884 -0.301168427276856 0.985047292093587 -1.05872085722796 0.0412672342736988
1 0.347977424042797 0.893850659432754 1.27748357389186 -0.161672974669843 -0.443140556188008 -0.48761887435002 0.24762157377026 -1.33500902599210 -0.855637519353271 2.19782024460418
1 -0.0347904981510107 -0.157070691119156 -0.0404850932762210 -0.229165090043906 -0.552861279850246 1.18544469514457 -1.25699589971005 2.33130346369409 -0.0239255900944343 -0.45086355753458
1 -0.912462618030809 0.289581939476160 -1.04766266998263 0.165440892672418 0.491223819192534 0.196625322024835 0.278892697689006 2.56143276556900 1.11100508782738 -0.891804674770684
1 -0.762744926220196 0.971847259445521 0.746889096361002 -0.357026677897225 0.0286461454121199 -0.109646195143049 0.127924278398731 0.326909375623429 1.0542916005219 0.299083503849138
1 -1.33603062638662 2.26191811264923 0.481524224931953 -1.09493066898242 -0.424535186518904 0.522709198406778 0.136936256928419 -0.116747618477718 -0.13267617899369 0.0603534281809512
-1 0.189898460836893 0.848315526613291 2.19934350795947 0.67691728604623 -1.91386592526771 0.949836423147643 1.53948937755640 0.447126457464835 -0.90737965647947 1.75631910283270
1 0.309103278827204 0.24148486200284 -0.38814187690176 1.89967836269301 0.937637077950873 0.696851207407199 -2.37529252720984 0.333225565941159 0.0708234344481778 0.982026580236608
-1 0.108965125464967 -0.444076091544534 1.21795163557752 -0.814872434265112 1.63912150604549 1.61384101253535 1.50410270429829 2.59954503347053 -0.592131844697722 1.20090352086340
1 0.209354056009097 0.155006029726402 1.22072085256079 -1.16098530084929 -0.339370441407829 2.05501861951044 -0.0396896231270871 -0.147781626819452 0.941114717440984 0.391508022773675
-1 1.88435056811757 1.28265873233336 0.684615285949788 -0.377447985105332 0.743555054156694 -0.179735269081402 0.721989604538863 0.389902929701463 1.20285954050830 2.15273782464889
1 1.07511752555858 0.217663376375755 1.85179118014712 0.00417400995114342 1.91763927344235 -1.23308211149413 -0.455948376624679 0.180023652341559 -0.503733750245414 -0.610716466476828
1 0.810169469139801 -2.05417420240247 -0.51687164376222 -0.687143306863581 1.13414825182887 1.24550926512935 1.10107432395561 -1.86858586340847 0.649750498190102 -1.80881725601272
-1 0.721449996437749 0.568436443591208 -0.0228863396098905 0.965539813583391 0.983478553149041 0.189724995810725 1.04866012745281 0.367371329440711 0.281647554695952 0.167022829247188
-1 1.16464203532462 1.28605480798841 -0.136623356699506 0.244729253684941 -1.14546898887022 0.957984864404695 -0.209771657429747 1.06522816214770 -0.212870675697856 0.922268764994717
1 -1.42002919078522 0.0913814268754806 0.636218370847806 0.291263687640112 0.334809651465934 -0.545985952113672 -1.01526425825641 -0.410383007442936 0.86019133168012 -1.01758511595419
-1 0.273129490754286 -0.977830916141354 1.48727021598773 -0.819007283850691 0.833146410497393 3.43610595144132 0.683513102038707 1.39275751248194 0.539710638162518 0.249449535537372
-1 1.83568033516976 0.633556987558302 -1.99532271665877 1.40804328587648 0.438483506168607 0.0671957216605847 -0.0264504224587093 0.306175588217276 1.42748389019183 -0.835213297734498
1 -0.177733429372556 -0.554273873341106 -1.19153483311663 0.150475518179233 0.547055370369479 0.186464788254643 -0.726556049470678 -1.02031852930718 -0.069089751636004 0.835947097600675
-1 1.13658857937551 -0.383297717841347 1.35197808096755 0.105736522444637 0.824867126441964 0.209508025382119 1.17209218923222 0.151161282560821 0.0212385727599691 2.20869166588304
-1 2.00097258631891 0.688065983390763 -0.186768847875177 1.23607782538121 1.13102479985438 0.330611526009323 1.50504525529768 0.455065757534722 0.99309764029532 -1.59418376351383
-1 1.04430773226593 -0.581814519176195 0.492665260995047 1.21755146128651 0.489365013300771 1.18906926436692 0.944833303810956 0.0310279465478078 0.605046783861647 1.64711708305869
1 -0.705453820339685 -1.29363129771989 0.0905128954176906 0.247775352710269 0.783986339823049 1.2372736126128 -0.904890509978688 -0.996698736907273 0.922388393547218 0.378012491501799
-1 0.0720853073891389 2.30860074625425 0.240106798557744 0.392299926487815 -0.0350883815597635 0.381254688058844 2.45920881536801 -0.777717019235202 1.18495464370748 1.81049316681493
-1 0.4618744192866 -0.69806924375785 0.700095831958801 -0.443919013936274 0.986978029426692 -1.48935341363387 -0.0373748746132809 -1.63630858646502 -0.771376734662039 0.553164315684414
-1 0.372605036810912 -1.58240543772121 -0.118927233498658 -0.441413001294806 1.63882778209567 -0.450989328542667 0.988071395751364 0.6270631888199 1.35247546310418 -0.58678076335629
1 1.20088357650707 -0.606718604494008 -0.690936906138412 1.00169051242523 -0.231593408646883 -0.219114638525867 1.30881818445144 0.180055234767969 -0.642298223738234 -2.45916228076534
-1 0.756134094658023 1.20761681951078 -0.211527340536174 -0.676628604803467 0.367534490398423 2.42687762698306 1.29183332193516 2.35106543152016 -1.45725193003996 -0.18739297081394
-1 1.45010027987691 -0.167025429151502 1.93345517257937 0.567248713269018 1.81785104549754 1.55649887332605 1.77991964797778 1.82844152147190 -0.843901317863689 2.12418622294828
-1 0.855108612393635 1.17124455416285 1.21584262572203 -0.408795883428733 0.0101801065240115 1.58430371210583 1.00998391876709 0.687318563565772 0.529349115563640 1.37553364162155
-1 -0.547664237213375 0.0773988559623212 0.508827204058758 2.82456181107247 0.794314405990472 1.67518772512170 -0.237709260918592 0.65224054162832 2.11090257128723 2.26480270576354
-1 1.35257322848751 0.882886691626858 1.26488731659656 1.01037455989847 0.912452281290627 -0.293906139368881 1.12867308333918 -1.06401619142331 2.25731616150723 -0.751497155586938
-1 -0.422859630582206 1.18305610446193 0.497060861682993 2.25884571386641 -0.233175275468830 1.81915878133526 1.30971781967762 1.64366345423557 0.692631960189893 1.05310319288322
1 -1.32566373043488 -1.18590099590916 -0.484347405112762 0.959644612764662 -0.631296296339064 -1.19746813595257 -1.45038833108298 1.71893145227028 0.672416649944894 -0.718973621081206
-1 -0.157938174794162 1.31830857764722 1.77111933592572 0.367445746193691 2.25547933516383 0.795317118497487 1.2091064271921 2.35464291801384 -0.484708829735698 -0.610504211525088
1 -2.16345896314356 -0.967306625771215 -0.117890110956397 -2.26725193789301 0.45850354200622 1.02288746706248 0.0411289077450971 -0.602195980566123 -0.189932490096820 -0.185411293148884
-1 0.653041622196822 1.56336353458596 0.692606021068638 1.15392975839618 0.998190874843372 1.57166698816512 1.48452777933075 0.306170007108833 0.962862146898083 0.915629927265746
1 1.13037605264006 0.504567235309663 0.583791379767247 0.353254640878863 -1.66280747280609 0.0526363938325494 1.21273369581321 -0.553775199036673 -0.557005893021565 -0.636121027269513
-1 -0.264144945056129 -0.682499003083796 -1.24041065158538 -0.592958787659058 1.21985062774759 -0.519418074338184 1.71541890604790 2.20975327517835 0.345751580668574 -0.245818043128027
1 0.651830111977817 0.864520639020941 -0.760813597796637 0.0995770988938407 0.326809110454258 -2.05061017886087 0.354272843048417 1.32429266456693 0.133473888135921 1.33787602238245
1 -0.986163845829156 -0.368350985547247 0.212905300565340 -1.31754752490791 -1.2267243184217 -0.0279490611712804 1.33321597444300 0.872425935289372 1.05781695033454 1.19858838944819
-1 1.42067114028036 1.61504482572538 -0.132113426765212 1.39699026284457 1.14907391463628 0.368641108164812 -1.03380598925555 0.667790683289905 1.58239231367787 1.17351044586930
1 0.671411372747297 -1.45379139784819 -1.21291753139366 0.327619315258535 -0.265440853545459 0.309161295493728 -1.45988760797793 1.03356138476397 0.757573834451123 -0.142249264423959
1 0.340465243719394 -1.34239739414511 0.515062350469543 -0.813012523969475 0.478026866812814 -1.92005555069314 0.586131063634136 0.97691990360584 0.0146317572755012 -0.23998844540624
-1 0.604071659287404 2.18298702555226 1.40720069340697 0.484378574333611 0.993079688199803 0.0315698101966422 0.812453355158212 0.357383664791241 2.12793678956039 1.40408421241030
-1 1.47342962106358 0.991542686469886 -0.181018584314236 2.5870901105114 -0.0584261709125199 1.14313363983300 -0.553263811762354 2.45627686191380 0.77789141813491 0.886581460857137
1 -0.136065393652864 1.6526701008351 0.244992206887443 1.18833741177984 -1.57419573333359 1.27334046088681 -0.85793916030773 0.525895278921035 -0.402603606002931 -0.873641597389836
1 -0.140847149237594 -1.02798164026742 -0.413629201465091 -0.668071689087974 -0.955076244169745 -1.25598542597642 0.77697799485972 -0.716942350687289 -0.61961823698401 -2.10352199047113
1 1.91868646078801 -0.543212619503934 -0.159733430502661 0.0608488531717459 -0.400573318103617 0.243155718283436 -0.0487174680435413 0.541145456499385 0.663945545693526 1.21935050731837
1 -0.351286721340358 0.872368446460029 -1.25928820528515 -1.36017555124331 0.422138266131549 -1.07784785551498 -0.0810316234825086 0.8590222202334 2.10612675282177 -1.22888294299410
-1 0.919248444427684 0.77711913506667 0.940265890651424 0.815901396691235 2.16472100449345 0.591810494607752 0.97227749537883 -0.710889435530578 -0.77030814809021 0.7355304103027
1 3.15056880705335 2.99345132001458 3.16659474604296 3.11517302607936 3.17649733493563 3.32661996525202 3.17514204047882 3.09409430771356 3.30574356498919 3.02432041972097
1 3.13937436804107 3.08668594480012 3.19276491382251 3.07774262140111 3.20351861258291 3.25170743670688 3.32260407770250 3.17862834323723 3.08939143880407 3.15878425230275
1 3.28668770000652 2.97587064234238 3.11283105827282 3.10304644920085 3.12793632867223 3.102694566324 3.01041614531303 3.27184198779508 3.2507483632291 3.03039738803671
1 3.13417398399359 3.07493044552396 3.15078034290806 3.24314023080945 3.11067179083647 2.92694785754607 3.17080724279138 3.19796396279651 3.09759087111246 3.18434920475918
1 3.25655584434665 3.17706867303692 3.15313731622133 3.0435250498887 3.23394163641989 3.23931221437771 3.11669959510558 3.28411966541018 3.14096885402349 3.11203951287115
1 3.11330287098048 3.18737034057908 3.15329648666880 3.26727960725427 3.10401660262707 3.22888995245963 3.21672318961442 3.12424337496955 3.1636672768191 3.30884392132974
