60
2
-1 1.73956945611509 1.63457498153887
1 1.46148411344344 0.904273102049463
-1 1.16263912034946 3.12433970891199
1 1.43460743562728 -0.688523420371318
1 -0.654158040222458 0.329751258587912
-1 2.65142895749870 -0.0366446485168328
-1 0.432926507301644 1.56184576624034
-1 1.09686283277157 1.56809147851197
-1 3.90732301715181 1.13812573584663
1 1.44489133021047 0.184262010612378
1 1.59183638258992 0.430918456431966
1 1.00910789885536 0.642707786893286
-1 0.961876677669488 0.883887939359103
1 1.17581019893457 -1.94737813543951
-1 4.20154667498064 1.58566616696956
1 -0.246898421007789 -0.932765615493733
-1 2.29133147487119 2.00562633844013
-1 1.73077285016181 1.64437418553925
1 1.74939055833275 -0.542343004369889
1 -0.217166188143104 -0.668404900489568
1 0.0877446658536135 0.747376922576604
1 -2.42169656742464 -1.57643239538438
1 1.09072660005445 0.275855158519163
-1 1.99353817253469 1.92292105596403
-1 1.39908306415829 0.873902939225167
1 -1.17545736284266 -0.926815367352559
-1 0.19845791341013 1.22665913467239
1 2.88060087594072 1.40419163748927
-1 1.11582162225288 0.876125483857296
-1 1.49706199359292 2.66645206635858
1 -1.18831105449206 -0.0767469613551924
1 -1.49448423091762 -1.78898379426533
-1 -0.123662236610363 0.972026311170825
-1 0.43790440931754 1.23484753622175
1 0.630861827418711 0.453007224996212
-1 0.480065103829359 1.00882147386202
-1 1.03490708708369 1.03951736804652
-1 0.070623366051571 1.56129775566165
-1 -0.223111362200826 2.33680378189407
-1 0.84604045707707 1.99307511083691
-1 2.39492689179736 1.54219474688609
1 1.28830938383388 -0.383865373297098
1 -1.51366842292780 -0.192574398907815
1 0.649651895208389 0.726559293567156
-1 0.798108208092187 -0.446235507580349
-1 2.53877070698444 4.32872145592364
-1 1.03279179145134 3.00551726406267
-1 0.66189211422358 1.98249262104982
1 0.676393467521841 0.0123907783643709
1 -0.41856992695939 -0.298426613415954
-1 2.71016922987558 1.09334822598475
-1 0.148602309882381 1.73992446670618
1 -0.0376645360904973 0.205013971989180
-1 1.18060554064649 1.74845638773544
1 -7.15243721824787 11.9319756327620
1 28.4424504080953 -0.144623863192749
1 -14.9869511386828 -8.46973647316022
-1 -8.71812897992919 14.3403615474065
-1 -1.82628628076706 -6.38601218151083
-1 -16.9461139288097 12.5093847389934
