60
5
1 -1.69933402333938 -0.0138991654641547 1.02008016675024 0.701668145173726 1.10575163266822
1 1.48925144953707 0.85110543248031 0.554825472083703 -0.0853903497193786 -0.239030289721082
1 0.309655416376334 -1.05529382205399 2.24141077242039 0.342665141280504 -0.6412842608294
1 0.124002065024582 -1.07992372742918 1.60494470248804 -0.261600010461818 1.76725433285563
-1 1.19812305628232 0.421868758203820 1.54853105542198 -0.124176595416305 1.37662914268680
1 2.55884457953431 -1.83818243172112 -0.226311365200490 -1.02624091671386 -0.302637962868725
-1 0.262405681116106 2.51459472547855 1.94662850433016 1.82441846732866 0.503246662004369
1 0.487416131992643 1.93271424897793 -0.853903024379005 1.26578043971837 -0.98487435178528
-1 0.897425859750723 -0.886520695307296 -0.780643171444308 0.487093857569311 -1.11731560520678
-1 0.564887261601798 0.979927279373273 1.25016391956985 1.05436828721373 0.106074720895885
-1 3.00252753483698 1.74905611222192 -0.491648139063827 0.892322286704532 0.980731321314345
1 0.923067998929847 -1.18080239970370 1.36607636529946 0.00247305630585226 -0.720686976203849
-1 1.46143286668381 0.927054937547866 0.313650557613959 1.59905862437177 2.54970704121192
1 0.207838057410081 0.107730712617939 -1.27695085788163 0.0120332486198281 -0.837585102195828
-1 -0.578270892527606 1.31458080583747 -0.156894495954150 -1.25506596611743 0.165537284992362
-1 1.50115538872724 0.900410395363 2.16348921005687 3.16574026032378 0.956517331644008
1 0.258287755875706 0.458061882491449 -0.120228025947861 0.239291035761366 -0.347722562999675
-1 0.952462621799878 1.05837041108912 2.13252539756042 1.82529166540449 0.0553120723987883
-1 1.41672163557735 0.162851464286323 -1.12034167050792 0.514458572603639 -0.307390279782568
-1 0.383930273737974 0.475451588833458 1.63873275960527 1.89309646490423 0.715762035990567
-1 2.88212260727086 1.30892724901782 0.0662811438174058 1.47359939055197 2.20914178854588
1 -0.768232981745518 -0.333492131583069 0.13129968255719 -0.373359150805279 -1.20181495115658
-1 0.949983474068933 1.27987100931813 0.162684058999230 1.38831736659598 0.130258668960614
-1 -0.266236006865655 1.8184947121505 1.27487624999938 2.30723279440596 2.63815886384989
1 1.28190864059750 -0.80399222446913 -0.0129385858692879 0.00885339126060442 -0.448138583222782
-1 0.641574895621465 0.256275497642847 -0.175091924267199 0.406802738763559 1.96480502974765
-1 0.156409886330339 0.673016855865919 -0.100903783118934 2.55594300905589 -0.260806738985034
-1 1.47432734673801 0.0374736847839511 1.26621154641111 1.77480078341807 1.03794572456133
-1 1.30608858224630 1.30140930156267 0.443637635974312 0.362311496810204 -0.657418872421504
1 -0.0906329418302449 0.384938685602554 0.156473322360788 0.51278118431087 0.647875095564037
-1 -0.74879522535092 0.841454671914051 0.833889269710432 0.989252790182487 1.24051061863384
-1 0.512577030530859 0.165680361617972 1.81081275958452 0.0279956717940598 -0.0517796617903197
-1 0.242582742286642 0.547612427523034 1.94518292310058 0.779596363614693 0.229320413763513
-1 0.264931856352548 0.759048100204523 -0.653017573276705 3.18524622131806 1.8769596260633
-1 0.944622146500997 2.09703330606672 0.335218478161146 2.03724630363131 0.499254036365179
-1 1.80715324518720 -0.383784706127103 1.66488296863190 2.83557961680848 1.37381735858021
1 0.128435133700993 0.409252971320085 -0.688912980362271 0.202511083874278 1.41561955179077
1 0.610225170021887 -0.592949416930283 1.07845354887665 -0.873983504877001 0.529054921744617
-1 1.35870800447868 1.68007415347901 1.29876306399314 -0.312449277889738 -1.11745761604423
1 -0.477546288241256 -0.623424206123529 -0.200637413002169 0.849567369468406 -0.0301584895257362
1 0.808850859196387 0.341572240263635 0.326214422018692 1.33317838956851 1.63417058172
1 1.48511199125480 -0.21288668799603 -0.629880835747382 -1.83143248660721 0.568805426529595
1 0.615114436903792 -0.845506873647932 -0.0889143172284893 0.200783324676571 0.521665659324085
1 -0.513886029912103 0.211499895697901 -1.33439388446384 0.62557429430835 2.42746037313303
1 -0.618987602280445 0.660827200134282 -0.355443960826276 1.69659806690704 -0.0987915403726872
1 0.653620532105871 -0.74350942069132 -0.599560251312595 1.12418829443701 -1.61212930011794
1 0.652456647302007 -2.80011320375349 0.868141185914916 1.18563058991072 0.256472522444233
-1 1.31718670507956 -0.0571107823385235 1.94787139976629 1.15019476689876 2.85411745828337
-1 2.32793902752711 0.277983055954604 0.910013360761272 -0.190740185373930 0.64418072829333
-1 1.11324943399483 0.53568714429778 3.32568330722288 1.65433471665099 1.53674749017699
1 1.64350916386457 0.781139939920984 -0.357238812677762 1.01710306972910 -0.331183037130156
1 -1.12503300116434 0.0516726517933487 1.33293481585236 0.000857088588777026 -1.14487864552933
1 0.460012265525333 -0.285307519330043 0.00988974283033492 -0.109206851596835 -1.17990490579464
-1 0.408452970949273 0.927643609538694 0.232453915371609 1.94319535210567 -1.04569128069555
1 1.51022809810034 3.49776030119875 -9.45096599125492 -13.0334019261306 8.32407955359505
1 -4.36737547864756 3.81815771386559 -1.01532791555093 17.1248111052395 -4.89295553073102
1 -7.16016729484146 9.84174178580632 12.6308700535999 0.786154833933002 2.36840433952254
-1 -4.73482717496484 -9.35102559244384 7.8846508565672 3.69041202352549 -7.68865710402305
-1 13.9399412401708 0.508514313708454 -14.3542561778293 12.4051351071149 9.03768196512793
-1 -10.6693178795616 -0.105727522756970 2.31369318574537 -8.88309154991432 5.08073832733857
