-1 -0.361577403776636 -0.481823051804665 1.80695344108715 1.39718857012038 -0.0593196197506348 1.20400110749487 2.33231561028872 2.34370585299633 0.275282985964988 0.714648733572299
1 0.257759145870416 -0.49034819570556 -0.658622437710137 0.407477791306296 1.07939351544216 -1.15407685312455 -0.788533904369347 -1.75094169490958 -1.74746071555738 -0.484704256338641
-1 1.06567912988277 0.439159856459998 1.16135983679670 -0.64680409313364 1.78906847209178 -0.293390066983668 0.284981977601282 1.20622724505616 0.889658588321945 0.368361012495172
-1 0.406673374181153 0.213700553818643 1.40614441025971 1.49631637244638 1.61495683307651 -0.213324077680473 1.82629026567975 -0.345884368541849 1.76010305872468 -0.143009390171220
1 -0.720057937561875 1.73343748790899 -0.506161144883056 0.84785585251675 0.695459168055051 -0.180169352990973 0.127898084673146 -0.132164258126576 -0.204700423951579 0.848907993379188
1 -0.313047876588645 -2.12955908242354 0.579082373073199 0.624579644135701 0.992962656544727 -0.906466398331671 -2.84833315748595 0.286906069078198 -0.13027835468785 -0.934109960120214
-1 0.898217471345488 1.40147345166218 0.84156118062327 3.21418421457189 1.96270136195264 0.948946389878047 1.24530010703395 -0.297227194189879 -1.07908396137489 -0.781443327981026
-1 -0.263235760222537 -0.00999421740691242 -0.540593448246648 0.543852496668861 0.141869247514853 2.95377924376903 0.115802870527793 0.101404574720135 0.431450727371808 0.0126097224495246
-1 0.784471124288262 2.14696224569838 1.34723647254537 -0.412460926032690 1.26319823310455 -1.92660350142925 0.0823387248505758 -0.205926090257446 1.8906383303136 -0.480332042649796
1 -0.763192699709854 1.16284585531735 0.778179688789923 0.856361943163294 0.891598537854704 -0.44008552720622 -0.965047667467325 2.41564891775804 -0.58723255566605 -0.721685000646361
-1 1.37730826908216 3.16404615893712 0.783627032990368 0.599515092574243 -1.20405244698622 -0.354856721714801 1.95181484845186 1.31802230347969 0.667193812922063 1.98759614127017
-1 -0.215439859577705 0.330939607844087 0.72062047065969 0.472583624379912 1.03446375583526 1.34285567217562 -1.30264333078532 0.517935952462045 -0.124779936677015 0.583089830605426
1 3.41353963406291 -0.561288432656999 -0.287192553117362 -1.11446078759089 0.423690397874683 1.1778040348082 -0.555353367368994 0.726501048163275 -0.0668562102456256 -2.19706363683615
1 0.981953956821666 -1.96086402875571 1.15738837666953 1.75057414469815 0.606989870119873 0.839710155210716 -0.620189417388929 0.940048607718794 -0.40269770117163 -0.265021766293931
-1 2.05832097069501 -0.302576562296503 -0.256039455127405 -0.123334285605377 -0.754774563072832 1.45640814659851 0.697983644327939 -1.08445158671794 0.403199916465663 -0.119274662782134
1 -0.770953616842756 -1.26665359608860 -1.53608471984288 -1.59543348055519 0.161074693850117 -1.26710018292122 0.736500980780351 1.25641554875262 -1.23872777757698 -1.70162388468007
1 -1.46030296558149 0.476182374287918 0.374426578082324 1.23677168385151 -0.0656150929463179 1.24739981656615 -1.10409625867753 0.265348850205431 -0.32667668606251 0.113741342875566
1 2.54175298161086 -1.32607396981057 0.581303915533053 -0.0186235380728173 -0.452224236279085 0.0589946599915603 0.505812843301856 0.657253269681796 -0.875729680466235 1.04174288544857
-1 2.47891213619028 2.59204379888416 1.3459534113125 -0.954753009288287 1.30774458076176 -0.182735963537091 1.34893616580183 0.447197712754268 0.51299888433801 1.1092057664384
1 -1.25470412926811 -2.15816226706522 -0.012579802680965 0.383199966058365 0.837056944663907 1.07324406268699 0.178502030907551 -1.31008151593131 0.489982197316161 -0.485475635562165
1 0.798271782683236 0.525398634932874 0.447552199778104 0.59198157647859 0.628998630297138 0.288529334093592 0.0469255431367124 0.589734032550079 -1.52986029863118 -1.45027552187240
-1 0.588453994524356 -0.435441499506599 1.14515642391850 0.962138400344112 0.414021462272133 1.11332791346774 0.773491510259482 0.609865436212917 -0.359052798715514 -0.258362790381389
-1 0.68076303038556 0.457034065887975 -0.310251155502469 -1.22733634359405 -0.315107486402112 1.50605021099290 1.77099610198414 0.850841396818763 -0.727222311514094 0.195237822937734
-1 -0.541237495169353 1.80294412693231 1.59402777393004 1.08560292441907 3.43398200479805 2.22787617378301 1.13108098349137 -0.128780974900657 0.574104487763776 0.381156424756858
1 -0.100521154233735 -0.945206995421898 0.775150190618095 -0.147558079577896 -1.67048898878879 -1.18006562721738 1.46177834218191 -1.99970869008252 0.0183972452481785 0.753535166233237
-1 0.236257628017712 1.83721908366505 0.878736847476718 0.0228714548781969 0.331010429985234 1.84616523408460 -0.411329129303092 0.673130535451282 1.86671948745855 0.539574703661237
1 0.955389233066719 -0.105938546368345 0.06074042159174 -1.39525709973784 0.502450040538745 0.451889592734536 -1.04020330678359 -0.933391021122816 -0.0102405342682718 -0.550671482676501
-1 0.514612792463999 -0.00960240932941259 1.10234718264812 1.96692270680301 0.949894844367958 0.866800745414783 2.38379354843794 0.345975765699032 0.975876576736659 0.855033412583587
-1 0.120044709354058 -1.40354186602283 -0.390673668868793 -0.630892061367142 0.418232514216051 1.26478789772991 -0.28430076989403 2.44752518617063 1.52611800345939 0.329665563234191
-1 1.73249137565866 0.249083239194345 1.21438626531103 -0.402661304916689 1.17265506043797 0.378077721055453 -0.563130199576436 1.37189283373041 -0.381597489021665 -0.368322714140697
-1 0.258825404054915 1.44453347259847 -0.755536393777797 0.829988643011902 1.27320720566083 1.67772068851461 -0.153179986131198 0.0561936594829119 2.04598847738952 2.65121028034448
1 -0.226169081333376 0.709555095390222 -1.93416527285375 -1.08198716877073 -0.40899991193084 2.37310306000489 -1.82577958627247 -1.55705443503443 0.723883749830622 0.301064614542339
-1 -0.350323866221954 0.100465383802373 2.13649408019753 1.40794496811320 1.79856824246122 1.60039653512347 0.96817633133396 1.64172148237593 1.69824209049970 1.16926009311811
-1 -1.26085598629050 1.65599920869430 0.287373255049880 1.63323248131506 0.962258830483815 -0.25081099317577 2.48246263545170 -0.0872718891605407 0.944695695891702 -0.842955598952045
-1 -0.0294466760381157 2.15030869434376 -0.130806131840316 -0.150174719629589 3.05448458252621 1.10465930327841 1.44459957091842 1.03612498742852 -0.080573810093314 1.70046771471223
1 0.519017110134478 -0.286240769652482 -0.430437199882739 0.382677605730578 -1.75036696550183 1.26395321423464 2.38674836880379 0.731011628946115 0.648013078196511 1.00200192071694
1 -1.54524735416323 0.651159874440804 0.259055225495371 0.909511104026772 0.6922268482972 -0.92363394879672 0.727960957979198 -0.891364101590684 0.101039525377793 -0.454208260455427
1 -0.0747365282718484 1.61132709862438 0.602224824078266 0.827613971977165 0.252654390938726 1.43336318259384 0.114892802205533 0.829444219712068 -1.56475921896004 -0.375946619983201
-1 1.69159778944052 -0.468312946452924 -0.355703269288796 -0.868311639704274 1.70291634569625 0.695586113565388 1.48352331385722 1.13070597771543 2.05276277381134 2.08596462168643
-1 1.08819288892141 1.82777724787820 1.95461343062095 1.53273450123504 0.72766668015117 1.45594451597958 -1.02899118748419 1.23305918210681 0.693960495108884 -0.386118163828325
1 0.280642588150799 0.223199123243817 -0.75276534100336 -0.523147922714145 -0.383823967353034 -0.618066027774845 0.152475158879014 -0.309239602902344 -0.356480639784039 -0.460914131360196
1 -1.91634029000568 0.866769866312807 0.00268876167192538 -0.510886139070407 -1.67226212790756 1.00707100418396 0.849630954461959 -1.21228258844732 1.91668978283166 -1.90155515745017
1 -1.71068099871735 -1.22672215241784 -0.0208051496544041 1.27827395743083 0.313110245792517 -0.169291697180569 -0.285881281397184 -1.05020928858983 -0.623250615282871 0.610382225735752
-1 0.450674162998834 -1.60943815284950 1.53060853515056 0.637743750412042 0.307600495892579 1.23592304981366 1.41569660183931 0.111798262415595 1.83690746759459 0.329172257652173
1 -0.435220541425646 0.108231003989684 -0.434626480109762 1.05174800015991 0.59922225376885 0.452814218327009 -0.209954632593830 -0.214310781667877 1.37301736161411 1.43235225908156
-1 0.96835694409004 0.926995716497077 0.574794866116171 -0.139031361213899 1.76708473580399 -0.250346689918192 2.07823615683000 0.172508210351257 1.36635934276549 0.0411099304503625
-1 1.50540338961637 0.835824553934081 0.560636111415398 1.20011624450155 -0.0362011275423755 -0.625033132584677 0.795833174581733 -0.356146975142123 -0.644282351193067 -0.373397063207905
-1 0.830087549566659 0.674821998206542 0.106127153031815 0.74608429731755 1.39833437940262 -0.445817423090946 2.15591948961126 0.634465292585612 1.08539621745618 -0.50565831602273
-1 3.11198930339077 0.703024539556421 2.72642331962612 1.35008056628661 -0.0221834689773204 0.902040827714595 -0.256421154642092 -0.877198195999646 0.465043620554873 1.65273707688370
1 1.05690413822409 -1.76064940791007 -0.637253085086906 0.372046021814103 0.801651490807695 1.62139286139751 -2.55274578820163 -0.219809053526957 0.387635086764796 1.73241256269265
1 1.10389906400847 -0.160154652299775 -0.505536958979398 -2.46408323945022 -0.342078296389622 0.983942230947824 -1.24704834718742 -0.266524428857751 0.836913527697195 0.917596473048575
-1 0.453959296840441 1.52892722178719 0.826045349288672 -0.749697914787185 1.24120692359347 0.234646562895041 -0.0243261729800489 0.274082444213197 2.11535956503109 0.62710041267316
-1 1.61318773723303 2.13134954911999 -0.830978201871176 0.460861606273826 0.498523062270335 1.24405377984868 0.917392342007911 -0.850684687803427 0.851016484205271 0.303949007847654
1 -0.723712028642207 -0.0550909428979838 -1.09464770592568 -1.51649930364906 0.938894699615163 -1.09737553911124 -1.69859016453137 1.39579343122113 1.56244952876143 -1.31861120810634
-1 1.03536904275969 0.724038906087095 2.88449380373581 2.52903851754078 1.29279183909082 -0.0768260953237931 -0.0832683222380474 1.04916995880038 0.918315097727291 0.846054535604247
1 -1.01397234998586 -0.505001729944082 -0.076613660217561 -0.527251433414618 -1.31290574459357 -1.33404943630839 -0.00223355850005789 0.250516275033816 -0.445311668460027 3.12947784313991
-1 1.12258622847941 1.72765850273099 0.849416673504098 -1.38003732724145 0.747136685386144 1.75754036818014 0.0979103269597732 0.828967386055306 -0.843825699173625 0.376920707457712
1 2.04444541145420 -1.37753786469521 1.05893995738414 -0.526047344245398 -0.105858435770687 0.651092563127057 0.369750095629449 1.38573036529605 -1.12266534409359 -0.0649520927745103
1 1.32362334276569 -0.141422939266297 1.16040529422601 0.906849274131389 -0.0874012448461885 -0.921154209871866 -0.801145606478616 -0.520267729082918 1.38830078545085 0.376046252805845
-1 1.19402502282528 0.548332908211101 2.13840670095409 1.28225157715128 0.738209157992096 2.22969333878255 1.61452798266009 -0.385299986519503 0.652408891041212 0.0498497535353474
