60
5
-1 0.398371502998406 0.352787203265625 0.577166381021539 1.46887626627873 0.283528102136456
1 -0.131111471732627 -0.238539700869763 0.835804257287323 0.0628376637511419 0.193172068466119
-1 -0.845298693071395 -0.201223406140248 0.945370096111264 1.58173379111762 1.00618028031678
-1 1.55122700181588 1.00402554316380 -0.669643127465628 1.10593470794652 1.03460772449981
-1 1.81692243129194 0.637395800316258 1.71828025495568 1.80886234393590 0.55458949175632
-1 0.546879365010809 -0.253678078928384 1.23525609032483 0.361867386371203 0.512319279830296
1 1.22603974006014 0.607211772753985 -1.88939756793992 2.09760532488525 0.717840237096672
1 -0.213827427747540 1.52574779539095 -0.0920931178188852 0.862695155320635 0.342516190311538
1 -0.424349780818858 -0.229199247871146 0.317636245741971 0.39431621118734 -0.656352116256404
-1 -0.467654553539251 0.0745684128334969 1.51214303035409 1.14259663848852 0.440946754286668
-1 0.99332333221948 -0.147330149178247 1.27461427791245 -0.67917579244279 0.212280101055399
-1 0.968873512839414 1.11165701469410 2.04266599833279 1.05221524110005 0.883599532408149
-1 1.97314633914387 0.612324858615506 2.03840357340729 -0.321761169466346 0.0495678435322349
-1 1.28062770077959 2.51356067881727 0.873179817909868 0.739564593609787 0.0966642387583393
-1 1.18121832921651 1.43904904713659 1.00885010594293 0.736656677067585 0.719402001373031
1 0.377697014577578 -0.69500383834844 -0.564835895353719 0.963497942543302 1.13861887059107
-1 1.44982599651199 1.69674047952508 -0.411013521606884 0.789272730906118 1.21246292819601
-1 0.979885011529919 1.01077696064565 -0.330779121434932 2.30160415803691 -0.173690878571501
-1 0.79250363031197 1.58980670845093 0.0190644743663104 1.16778037108086 -0.150856132389171
1 0.569622356309227 -0.471895459906852 -1.68746148624152 0.269015172657573 -2.04794974338292
-1 0.903356188995369 0.99102654271653 1.1843595722356 1.23581656672290 1.58298995349666
-1 -1.22135353166641 1.29763742234403 0.79923162069328 2.68003212429875 2.04966438974545
-1 0.642221151795381 0.116404066201126 -0.357220938801877 0.94455375412812 0.720127673604897
-1 1.52350723668119 2.34721124392382 1.36018469334333 0.460356771485554 0.900968532777495
1 -0.695554627632532 0.536577362431259 0.541130446312725 -0.850881261806643 0.227135606171107
-1 1.14772113744719 -0.442758581093196 -0.669512294943242 1.53574432670424 0.610775267795850
1 -0.718842471941944 -1.48179855763816 -2.06530818349908 0.191631690788097 -0.707532281965852
1 1.06884038217373 -1.82400934221431 0.917564102199275 -0.0849858501876184 -0.0172551276856008
1 0.305901329806732 -1.16905876221292 1.41687845382926 0.360856321918695 0.503731375603395
1 -0.337825409729044 0.650194384075491 1.43022087882541 -0.958136423943632 -0.0426706118583286
1 -0.112109628620681 -0.049643507986128 1.45262274632254 -0.0359815534215946 -0.591220167598744
1 1.18348784314750 1.14105368287138 0.152811837223528 -1.41897617309281 -1.34301083846351
1 1.36445273891548 -0.247969368491186 -1.03514109535834 -1.38229441520765 0.161968206052596
-1 1.75063259066945 -0.193234243161575 1.5179964066593 0.731958588341564 1.53324516205358
-1 2.96185782318261 0.466522613580609 0.542969620222788 0.662109419341569 1.58126872292649
1 -0.584991969470971 0.702161813525576 -0.434917433785181 1.12628464403927 -0.883117862855795
1 0.717279917548234 0.643259958856996 0.49861497798834 0.533530108630575 1.15627897362174
1 1.83495324178167 -1.02490434867445 1.53845730439329 0.246365696082849 -0.505009162266645
-1 1.65344649455793 1.23357354598061 0.0404844625235731 1.37471346525264 1.10773079937094
1 -0.0573457686439608 -0.332395888255579 1.92744766201954 -0.736974851894005 -0.564181462378293
-1 2.77293501045464 0.482695604156194 0.930367712280536 0.458576948663027 1.82594467231875
1 -0.0100469351829542 0.588989127878305 -0.322757152232523 -0.0783313091381845 1.78232852232991
1 0.340288301134985 -0.260934977173200 -0.263326470621922 0.452853413354919 -0.664702142627345
1 -1.40404340509677 -0.823536862762945 0.902935706675996 -0.76215264521247 -0.576746715957091
-1 -0.103299181695245 1.22680155280814 -0.147088127404099 -0.199327045594001 -0.186991341496496
1 -1.00516704219361 0.252415041723988 -0.776571704111892 -0.106099711866403 -1.00572036327616
-1 -0.983940071218323 1.51143537640193 2.55537026343397 1.32432756265113 -0.482627093535104
1 -1.68891783588278 -0.680979724074065 0.222623483568819 1.35573818397313 0.154256643096350
-1 0.979546170914378 1.00109446613964 0.413182304358039 0.445386891431676 1.77786597369615
1 -0.00367201088589139 0.698163328534355 0.55718803078359 0.153685826524692 -0.753225902038522
-1 0.512663905509359 0.040849914216005 0.876638655504447 2.34670637130834 1.53765550225478
1 -0.374087860963500 0.232780532404860 0.317837288647410 0.151209887634597 1.00807380366976
-1 -0.87645924651137 -1.38836181208200 1.92792329976668 1.64461692551937 2.69999294861177
-1 0.89930209790505 0.341654503489260 1.37240768067362 2.28836075417767 1.77144389522676
1 -8.21020490605377 15.5103770659540 11.1875685098861 0.940092119776875 -7.64437000721331
1 -4.87368737962685 -7.31472384755003 5.10462594860272 -11.7928176077214 -6.09078871704082
1 -3.02723314718576 -11.2776967305107 -20.5533689089096 11.5411289813922 -2.10139319154687
-1 7.18525234211106 0.164337043927325 2.08279829550705 -14.6337984688989 -12.2270239799268
-1 -1.40857485334896 -3.11734636957304 -5.86502167863251 4.34042014865933 -7.80136848807178
-1 -1.43265065566189 1.13823672129939 -8.39019887808653 14.0836131174644 17.1964928588534
