1 -0.462389692986284 -1.68002580793647
1 3.01000774783187 -0.772910959093173
-1 1.40668818118772 1.66892988778991
1 -0.468058667199593 -0.790700956454503
1 -0.59354945734384 -0.369211307284544
-1 1.26821355771165 0.175844092205401
-1 1.03582898031807 2.36203978078377
-1 1.46052739590171 1.90635610926973
-1 1.51873458787914 0.896104548912343
1 1.45409458528204 -1.15972925604704
-1 2.99490227760202 1.99166684971627
1 -1.01071516874185 0.261445394187414
1 -1.27215436944718 -0.175429660738659
-1 3.09243025692408 -0.373583102249041
-1 2.23515727028568 1.13470763452683
1 -0.0946441895375843 1.29844738400305
-1 0.38182586105544 1.26506768832389
-1 2.50011269847706 -0.0905069227303976
-1 2.46991110857977 1.98107798804690
1 -0.183504956526235 -0.00611010643142149
-1 1.42048952264596 0.519742407139302
1 -2.53733476716422 0.0427178249882478
-1 3.09381619945179 0.305092247374564
1 0.46511566726404 1.33667607500511
-1 1.55507606590496 2.57522518554820
-1 1.95935140379121 2.80036134677139
-1 1.26029741336197 1.16582090928938
-1 1.81901888375931 3.44965906549487
1 -0.512388451834896 1.59697258011536
-1 0.721684514889349 1.13586771510815
1 -0.132364928812813 -1.53172609102046
1 0.56520984065304 -0.953927084821399
-1 1.94919215232533 1.66909776691572
1 -1.45143477409933 0.648297369486677
1 -1.14303750570055 -1.35218877120655
-1 -0.394363288732715 2.02410292794005
-1 1.25662757846783 1.89770462075062
-1 1.76419028742168 0.118901021449182
1 -0.644914763692649 0.120116385520608
1 -0.135447141836929 -0.5320299196847
1 0.043772121171201 -0.231000216931646
-1 -0.398341971152154 0.813628067185475
-1 3.33137285673576 1.57708848396342
-1 1.92599415147392 -0.549114432365403
1 -0.0254366876586657 -0.0619327359894985
-1 0.936204572733938 0.153948901430806
-1 2.25840565152352 0.787603547171627
-1 0.521428082067777 0.587065037096954
-1 2.44388963052861 1.68289673144685
1 0.640915391750488 -0.0290170928788572
1 0.0195535177821631 -0.32914410741262
1 0.846300576550677 -1.03696720360265
-1 2.48007794990781 1.13793590978997
1 1.01506073859690 1.73878078949131
-1 0.506791499085922 3.01262744383317
1 0.286355441741814 -1.08161176097614
-1 1.72731856519879 1.64420780202949
1 -1.23069908057879 -0.0881430747642006
1 2.58158643001533 0.117099577540224
-1 2.19760126651582 1.60350393776979
