1 -1.08535550275927 0.588877790755053 -0.0743651631118754 -0.0951148967034128 -0.0897640653142666
-1 1.40533296408347 1.60054946808722 0.367763059619672 0.960237379863868 0.663161148245023
-1 -0.462386546457652 2.22289551282783 1.62305327022398 1.66556458861656 1.78958137780566
-1 0.906666579828685 0.120253657145222 0.0188228064509545 1.94997482960501 2.53174198012245
-1 1.77306921779517 2.35006595667757 1.52104661977913 -0.629366741400702 2.00858858227685
-1 2.19460856133314 2.61836810898596 -0.380544868979135 1.21119407970032 2.99694398329969
-1 -0.244215364698927 2.00823824828151 -0.503544064442943 0.0608170875567644 0.223437876074632
1 -0.682818679177962 -0.245794712145331 0.739571293295905 -1.54050041019224 0.958345509289118
1 -0.984726760252647 0.542785266338722 0.360609710996281 0.039732661538521 0.813141712420153
-1 2.00271527313799 0.0404732740738236 2.88722891587925 0.490423319855598 -0.38644943270056
1 -1.03934106596412 0.273476975774310 0.729203139197912 0.147019930451497 0.636139009229708
-1 1.81043266024316 2.11606244702894 1.91527083196736 1.45897509543258 1.28904732960975
1 0.603405026419828 -0.225566765722888 0.640732545488358 0.199348710266878 0.977231886700386
1 -0.309537993402693 0.158615535854216 1.41040292737894 -0.0892279917821215 0.20748805892618
1 0.239885635589662 0.0160004532107349 0.302592730002562 2.72963066574053 -1.32292549338390
-1 -0.555239815719357 0.113405762656315 2.04968477675031 0.933042765828446 0.518778972100525
-1 0.174148806588534 0.781729361764013 2.06814676744915 0.532292777391366 0.826318896462954
-1 2.38689166091469 0.217388365692949 0.696146268943198 1.54469988820972 1.11924121329493
1 0.653885597081296 0.693520458324848 -1.07114398093885 -0.143765054903154 0.163088175724797
-1 0.102370476256717 1.11703002226739 1.18589933665488 1.68989483330467 0.745918068048819
-1 1.10719038081514 0.258945886167308 2.75020719303036 2.15016804098975 -0.965412373990606
1 0.335659513358744 1.54395792840918 1.54122381814267 0.669055058800195 -0.191281338577958
1 -1.0381685869274 1.42114901727275 -0.145682062641278 0.301083377752616 0.59201539149351
-1 1.82509541166623 0.549047140437503 2.55011132308636 0.852381928636975 2.36588195772251
1 0.780314553073601 -0.297070510376845 0.713984363475783 0.524970389782873 0.544803765576231
1 -0.87660195892364 -0.598452388279317 0.0453980244016274 1.80638121700840 -1.25162329330486
1 -2.09762730887167 -0.457679326843707 -1.87901887784461 -0.738091885485584 0.198408901494617
1 -0.00966433828911117 -1.36350704299311 0.127864737434065 1.39556613207243 -0.216570683376664
-1 2.37598620709492 -0.0992045231043588 -1.72104453976923 0.518122437305325 1.81143397518350
-1 0.211826332969976 1.22367300597461 0.639970463521734 2.50159079241376 1.98489933740235
1 -1.44201466730136 -0.683526048931368 -0.167417049028373 -1.38553112426639 0.442406389119264
1 -0.263976063417064 -1.18811883426811 -1.10139133480595 1.47521411557922 -0.69008232852667
-1 1.38193251752636 0.550647841617047 1.53746181104654 -0.30358000831718 0.743888864114186
-1 -0.268244570175798 0.662372446053849 1.29679790633646 0.849190415849898 -0.214525915656507
1 0.994210684839716 -1.93856116277131 0.163210914941418 -0.358475142074947 1.15125377891891
1 1.04579685706894 0.701806369676319 1.24878762466001 0.765998352743279 -0.259468839036922
-1 0.52484644658375 0.84102229292416 -0.775958994531459 0.818148888487337 0.514081566016044
-1 0.464841643357007 1.45941238528533 -0.409990146034983 0.782329706957867 1.04448450730750
1 0.704776973387514 0.985296487455668 -0.643810685089296 -0.00535230410180541 -1.60962614275337
-1 -1.87406712108355 0.364288148276143 2.75350361727199 1.72208874652032 -0.125464056272502
1 0.907318761552045 0.545720970349617 -0.110225873714296 0.554392273030803 -0.780612403972699
-1 1.94013999987138 2.69012812488310 -0.762095539509736 0.589119358861825 0.0223106873129768
1 -1.41241240200277 -0.615907264000921 -0.185157276069735 -0.98433578649055 -0.571035682311882
1 -1.20860718473913 0.172968246776758 -0.574368478686896 -1.86251686392455 0.745705043393634
-1 1.33580649885061 1.15707900200862 1.30516101145439 -0.419569064112714 0.126196485437129
1 -0.171057718754837 -0.254180310805920 1.04898365643206 -0.418117138308875 0.46890115841324
1 -1.41589617370244 -1.63592888061527 -1.44959953406286 -0.829242978685334 -0.156889311615826
-1 0.717099760974663 1.25690128224561 0.258579635437547 -1.48642087442784 1.56110082467706
-1 1.81181514032603 0.176457713572960 0.633602872530401 1.39778940560681 -0.201471214386113
-1 0.494977847499265 0.248923908709107 1.93018535379232 0.639051682113593 1.14549623077678
-1 1.49531543923737 1.18737095299425 3.11159373324997 1.31146935780735 0.78840492068755
1 1.11235992436474 1.15207263997439 1.67463913370778 -1.92937386518879 1.83769426314249
1 -0.0699374874611569 0.118984691617106 -1.71764998610305 0.0268242835243400 0.555735239946879
-1 1.08725367015438 0.100859565093017 2.78291245643608 0.999678044526309 -2.74307424657157
1 0.966326800984962 -0.20803926174597 -0.732045102716105 -1.96505075913376 -1.80696530076886
1 0.361495060147513 1.52094274088743 -1.29983161777388 -0.296463710788487 0.625092293885065
1 0.0151756405971157 1.11191533391930 -0.428888293359042 0.168492021176892 1.12208180172268
-1 2.97896916889041 0.364658945948386 1.67289360806129 -0.39945413722838 1.63610274330522
-1 -0.0653145385359077 0.535630978870133 0.265905689056334 1.12325864132007 -0.31580817822519
-1 0.374093867642451 0.692223098791565 -0.835310786061457 0.665990257315459 0.343130504616234
