60
10
1 -0.651855785582805 1.40432403697860 -2.30814588646156 -1.37854265269328 -0.356794981359378 -1.16219858100446 -1.49411003964620 0.804270628725854 0.526410567246003 -0.657088755703575
-1 1.54055931994695 0.587484958839603 0.218690133565972 1.44999392713772 0.349216155550126 1.33635533814128 2.33165648264704 2.07209521872421 0.497183796308922 1.09022319122362
1 0.0765483926556078 0.0137608198274534 -1.48497222835047 -1.55553069611648 1.14857777364570 -0.0918334809310379 -0.138454550242443 1.37451270690239 -0.187328226415147 -1.22919353783723
-1 0.371326222237131 -0.838115363098598 1.19189766042838 1.93622663523128 0.303673967919912 2.2753877329097 1.23139478125173 0.702219842621147 1.18831774914533 0.0860299854591812
1 0.444431133496151 0.416746886966487 1.73450106486292 0.175150129158465 1.00014954452872 -1.81392701017754 2.21130768483175 1.73239434388355 0.316332660241905 0.87894278200455
-1 1.71920215961927 0.360080930643413 -0.569609693526057 0.832929472319273 -0.581252688222104 0.574333053454933 -1.38966212352034 2.01565617156938 -0.110903361895949 0.197566650962968
-1 1.55198554972543 0.397385918623714 2.23042893497200 1.38287437146071 0.496226300293482 1.28969333816138 0.62123761262966 2.17170544877884 -0.0101534360285943 1.37518503860410
-1 1.31168257829908 1.17695595260498 3.70000706340537 -0.522609740171818 1.25763790280907 0.164219129967998 1.34320780590509 1.31134624110984 1.01471045834201 -0.27327580788392
1 2.50611091030092 -0.409464771944631 0.0777379938639429 1.48318366759005 0.190061489753059 0.169142840442352 -1.80017482735688 -1.02098397720084 1.42355064137121 -1.63494475095508
-1 0.242578045041584 1.46607668732039 0.807154822381109 -0.825661775674319 0.703850661183146 1.45900763911792 2.49904783069767 1.26338212575483 1.85835798565126 0.277566769275748
-1 0.145406764949942 -0.119475707878506 -1.16249748141709 0.87351896684368 -0.86805721847708 2.34992452728137 2.50638492122804 0.499348700854362 1.17231781143404 2.13409432540312
-1 1.22285383481091 0.97778618045942 1.94302387302667 0.844784796412595 0.624270722496052 0.308922045658655 0.163083387315555 0.188106602872331 -0.471900425948335 -0.701009721133602
-1 0.925643657210072 0.962512458228234 0.765354970151216 -0.0884611963719824 1.71481442721784 -0.294017356350167 -0.89645156432076 0.665215751197417 0.291886299063405 0.635461954062939
-1 0.917745919359367 -1.1836465250995 0.100279620379013 -1.23350381685883 0.403975709372959 0.405358041118482 -0.277830406419947 -0.949646498575086 -0.109238312591432 0.875937607517305
-1 2.58351961829372 0.834916665072192 0.912917144908015 1.05578824808879 -0.0456948332912799 0.92659061159211 1.52648714938269 1.60319548050104 0.559298036453246 1.78438588023026
-1 0.164269063456522 0.233320407781459 0.98933558285332 -1.03851050824151 1.10462738936066 3.60801814384547 0.934705163236152 0.169815676121796 1.19471489844905 -0.384640975492501
1 -0.62253631343908 0.0142917409085912 0.901548685281364 0.659369159816341 0.132327297003531 -0.531349262936747 -0.477344073561279 -0.0182347503404055 -0.762837265174346 -0.345553946224124
-1 -0.742131961662676 0.674298770614765 0.759322966778075 -0.169235219074863 0.173557752501861 0.322659427399989 1.23214343505932 0.0751696936533744 0.543350295864221 0.445436569664525
1 -0.369280257563802 -0.122503906785175 0.188482381858635 0.485073238610811 -0.335908423870872 2.34200888098669 -0.91711168806132 -0.839508768911009 1.2902833311354 -1.1060176696611
-1 0.572420423223762 -0.0492096424918629 0.912897428793291 0.682042387674107 0.763976173539684 0.129534659447470 -0.201478431057061 -0.101708580639143 0.31662063651673 -0.660087872154209
-1 0.616896597971489 -0.252841493819493 -0.91609550081258 1.86308548311231 0.748098028697065 0.785699370146477 0.95613676725982 0.640248393629769 1.13672423353225 1.40062576284794
-1 0.313626384463613 0.583261044360447 0.0272681708123451 -0.561678886809551 1.29866954676846 -0.250494374515943 1.24833253860674 -1.52979194007699 1.05331206173947 0.422030092975893
1 0.308080524595605 -0.766690114335158 0.690854283028888 0.152751810300603 0.433593445926375 0.385385874830249 -1.11605120823633 -0.945611127074418 0.581349016559875 -0.778559730758462
1 -2.19966087389724 -1.70560162932475 1.32637199801720 0.872730077111437 -0.804722005333 -0.470008145943395 -0.747432778460102 0.729823360865424 1.64461384680659 -0.72772265681108
1 -0.198393584810565 -1.23339043895257 1.05944568233463 -0.209507240566901 1.04441007417765 -1.66769318588231 -0.778676945394686 -1.00771609618347 0.674603227478911 0.774650282917212
1 -0.201571141926709 -1.22664800992320 -1.05396244916205 -0.199497843075601 0.996218895155642 -0.0662600209789893 0.710933783146154 1.32210378033954 1.13152877831781 2.28449835852791
-1 2.87760680653933 1.77306160768623 0.652083573937297 -0.771701111655602 0.993591346612649 1.88209785978296 1.40217916860865 0.754653237881276 2.90077623511854 -0.433692108225403
1 -1.25224993046765 0.740946875771211 -1.70301719220943 -2.78863110378645 2.41860392993594 0.384393045747092 0.495624958485609 -1.35914367356055 -0.139070015413696 1.27458294864502
-1 0.181917304530059 1.36567652158189 0.876017661834132 0.36177424832076 0.463725367972014 -0.715413036759072 1.99634031871499 0.283550216899199 1.77263915061950 1.34604899498751
-1 0.260566472531132 1.26976879318055 -1.32271393184102 1.38003801369676 2.2753255494818 2.762991489078 0.257876389610593 -0.173909831811668 1.73183004717620 0.105288344479832
-1 1.79921565717344 2.69103918357128 0.475923592248482 -0.535007333200788 -0.806549708725151 1.61754330834782 -0.491223794395729 2.64850567601696 0.311223569580214 0.767870589208568
1 1.02745252544814 -0.723312440838564 0.912593413391542 -0.463757895737531 0.391951608290417 2.55071615888179 0.287380342159675 0.191699765626848 1.14076472925372 -0.785770483466387
1 -0.231523432636438 -1.46628375826129 1.10995802909964 -0.267311924892131 -0.142176093468692 0.703696981486654 0.639269096684428 0.601526106602277 -1.10554013111463 0.384526597062562
1 -1.75338029404924 0.0579163423846751 0.60688524096281 -0.644642288888235 -1.45335567977073 -0.507905809541421 -0.0917816372180024 1.03120060929792 0.185511072778520 0.0460627215384646
-1 -1.25918093354037 0.589452847894909 2.45491866967380 -0.630798173634615 0.524707393834205 -0.754329792798737 1.38088447089299 -0.428196087435121 0.820835691963028 -0.106494567685862
1 -0.717493269197414 -0.796480243842038 -0.806731306644264 -0.398805675516672 -1.54198314307182 -0.160707666358056 0.663238752553259 0.95934085140919 -0.122612055237331 0.330493845097912
1 -1.57030788866031 -1.69341598330229 0.756380201448887 0.362957023150739 -0.0998954570711643 -0.0319987134020914 0.660928962435581 0.553772054738515 -0.758876989698486 0.593415419349846
1 -1.55439800166254 0.550664250391265 -0.0264518476629267 -0.177428291309143 -0.255259925762880 1.74586374928489 -1.39148794178693 -1.34668799832591 1.00163986378652 0.534587675226417
-1 2.42638948141906 0.339601446689234 0.440173491144647 1.07156828726419 0.990926569048288 -0.0845036605347983 1.09719867087931 0.916015955160701 1.55487746270421 -0.377521991470547
-1 1.32775877633169 2.96516710527194 0.801926960688081 1.26903654339101 -0.593995151064069 0.316664296400051 1.47334444790792 0.778990044859114 -0.691201088215298 1.43387349366717
1 -0.386669669964279 0.222126114600826 -0.894013545941017 -0.168513695829308 -0.659825030360843 1.10019731802778 0.256894890140152 -1.65892498498824 -0.814005346158002 0.185089316400163
1 0.236666588871343 -0.153398548630977 0.849281090649873 -1.22590935542494 0.677096356514216 -0.459036412324626 1.42062622707743 -2.19083921825802 -0.96056745371303 1.55321090607259
1 -1.45027464003082 -0.417974564434449 1.56163641500509 0.681339505727189 0.801939157371211 0.0246272572554856 0.435897102576452 0.668390990982896 0.847242726359917 0.41396845378488
-1 1.88940454861862 1.16823300283402 0.263318171902302 1.23874382833391 1.73213879497433 0.560603564584647 0.897409595196732 -0.398716063699616 1.14230207856123 1.22502576542564
1 -0.315745463900271 -0.0806853528799707 0.172164792609847 0.681967071179974 0.902334905626063 1.54619558191316 -0.325179322091824 0.350782861107082 0.363749593278225 -1.48969566914523
-1 0.995994690500262 0.930164350551683 1.05335987509085 0.862952546555406 -0.200366714287679 0.065654258096297 1.10213886510015 0.98820284203818 2.49293261921565 1.31047330212826
-1 2.11333521761993 -0.346209221640484 -0.72426677445595 0.860344631295414 1.08307822024841 0.472799536235801 0.879538913026188 0.433462324657900 0.897662433828761 0.349126907683262
1 0.402782969625646 1.02756493479746 -1.20903784126176 0.177463634785417 1.73178722039476 -1.23058987370219 -1.92344213152712 -1.61515011132230 -0.563533317430023 -0.666705093095593
-1 -0.0939980301350767 0.266323466308557 -0.462424670204641 1.97540926938681 -1.55757631146483 -0.58036039723816 0.998436739994694 0.899603931384475 1.86996495050514 2.00868288871459
-1 1.50209750666367 1.41791149086114 1.85545500240451 0.659374940413057 1.43930593711654 0.990805141878692 0.570161596624388 0.141505296384537 0.112070435771486 1.82634432392447
1 1.44498998238303 0.0794102882969495 0.411164294337252 0.0201934216367107 0.0917539348504466 1.46569474300144 0.113696249535479 -0.179481983435396 -0.823660050503804 0.535536380736507
1 0.881039640978054 0.268928994754011 0.13599004890297 -0.577002929430587 -1.18595571362053 -1.47081384759689 1.73451943442593 0.468047834104846 -1.07778550426959 -0.553449138353281
1 1.77474913192559 -1.15846277202509 -0.686962057692005 0.299298592181558 0.692947380421851 0.0524459984865717 0.764690281756717 1.26739078761833 0.378587135635973 -0.172204300890277
1 -0.5624338532744 -0.712022217173014 0.643199843574564 -1.32516121162838 -1.45866023079515 -0.681495721035727 -0.233406675720428 -0.916964442220106 1.58987505327560 -1.12170724007035
1 3.1776700496636 3.29706984443768 2.94682084678545 3.26681312761124 3.12116052651545 3.11563910307635 3.02796980894940 3.1957202919493 3.17708729279123 3.29125033604494
1 3.20163828798838 3.23507015789675 2.96238917692097 3.14178413252025 3.15526358010686 2.97663826879855 3.28931323573173 3.10461896365854 3.2751152249503 3.01575733976625
1 2.98866364319653 3.16893041322074 3.10383661527959 3.01219926779457 3.07950920951889 3.19212377454679 3.0284528397868 3.15968686352394 3.26567238813265 3.12931965575312
1 3.27342744924501 3.08795294716976 3.08435299058439 3.18579324642479 3.18119298873932 3.02759157893046 3.10843609013021 3.21646103950345 3.22914576398896 3.13714780130405
1 3.21487297758694 3.21923737393801 3.21631628144077 3.21982907171378 3.0083308264682 3.17598528809145 3.07041864074530 3.30799865083148 3.22985227589638 2.96383426423678
1 3.19053175977919 3.26445676283927 3.10240683920621 3.24687020083123 3.07133051593981 3.16860393933806 3.28504531679092 3.15777295929457 3.27620226562922 3.43889347632852
