60
10
1 -0.107317344961510 0.916335483817749 0.525459276288485 -0.307110234509175 0.547187435721573 -0.78282754709262 0.822123867036043 0.59848022640705 1.00871256884599 -0.849747900452557
-1 0.465265202280676 0.945755592414419 0.746563100537036 1.65343977941583 -0.151351158030878 -0.967745605455893 1.2658579468102 0.211782321672188 0.846160591019201 0.0736191998202544
-1 1.58953932411305 0.96831106729669 0.485325705174225 0.479358759000603 -0.00129089778732649 -0.0741744308160568 3.04452588956276 0.861627467283933 2.42841319762333 2.63288474276476
-1 -1.88466078396720 1.14077285580536 -1.24294027518347 1.86914649349136 1.66785547124484 -0.149628823629007 -0.0335538864806281 0.0252784239080158 0.277182944197675 0.805246559517721
1 1.81288252150634 0.584483886946292 0.571543695637863 0.470187444950666 -0.657528483539601 -0.585559065512294 0.138757949538365 -1.11424494284667 -0.999529632369358 0.540911870288175
-1 1.89737196484398 -1.44879833455809 0.890064291001623 1.55206163224558 0.476280950661613 1.7889151207885 2.06076472985206 0.389007729022342 1.78825425429465 1.64778298727287
1 0.91962425774708 -0.269174897329062 -0.825085434406069 0.0764779173360047 0.272273315474182 -0.449481652973757 -0.593640835538532 0.264023376348354 0.746267199312522 0.198542726752155
-1 1.79512537269785 0.927670870431514 0.115581886974634 -0.255812361351019 1.03655857764448 0.720626618819313 -1.37762325081361 0.470867297038658 0.508992808447557 0.703204792882203
1 0.164526159132945 -0.827704735207983 0.768698892515343 -0.577262551549424 -2.04099630872517 0.424959732763981 -0.488951534280288 0.215170077005114 -0.060849993712111 -0.21167156390131
-1 -1.02260742440895 0.235224748482523 1.84646582632060 1.59146492384693 1.00311319594426 0.182149525141543 -1.02581728932311 -0.776829941071663 0.0273677494955623 0.0587013826576247
-1 1.17860014114981 1.19552463580995 1.16491463189419 3.34657223366821 1.07151860774554 0.6203405288162 -0.616235694036799 0.812193872580624 0.414145408278266 -0.479308984068636
-1 2.26428369977735 0.655013159586632 0.266277401305425 -0.921599957202275 3.40994390783404 0.415574818888542 -1.02161709580613 1.11041643613982 0.309232280018562 -0.203930876986573
-1 2.14955363557727 0.88816933896452 -0.418783662202583 0.161621701285472 1.97291683781661 0.335918161974134 0.385326633837922 -0.441857240249808 0.0532603772608163 0.195293119875298
-1 -2.04235841509597 1.02981977353164 0.468065247477371 -1.85164465706830 0.508492124303727 0.702971885720248 1.8800772641982 1.51818225253593 0.887122115841174 -1.27287138271288
1 0.240152925831565 1.66207552553454 0.75807090358004 -0.145534409931462 -0.427054025033487 -0.248664388238007 0.827551951065241 0.568338590522478 -0.0924773291511999 -0.162759835412694
-1 1.20897834132829 0.628292411383775 2.78634391922218 2.50660722120033 2.31976294700796 -0.630819359061993 1.45321758527747 2.44655694455358 -0.804297032214227 2.31322733603454
1 -2.2081326810101 0.33686417323167 0.247070586623126 0.117006389759281 1.15629037486445 0.388379136365767 -1.18911957220650 1.58765034127565 -0.0962107082689902 -1.13304311770532
-1 1.18145556191012 0.162783683032674 0.0835150327846667 1.17430971071506 1.20650183975905 0.993335808137954 1.30700557389487 0.099436376917981 -0.699319578113477 0.221622882125244
-1 0.647286946948841 1.49117341214996 -0.943166115546895 0.771205187712793 1.44301257245431 1.92807881935364 0.365387346443289 1.3272750728204 0.092835335764203 0.476079904769313
1 0.176394978219138 -0.493064421212813 -0.0234628481950070 1.94146878833527 0.428933694198238 -0.0575666773219055 0.789811021087607 0.405107573450874 -0.0997075739653568 0.71780389509491
-1 1.17263652121755 1.62758451081016 0.840747089970022 1.88203108201186 -0.772179876587172 1.24473633353601 -0.00126815246739387 -1.13669818888525 0.75619761593957 -0.408955191612114
1 -1.42633699279067 0.226530519140493 -1.52174900307008 -0.555462950268166 -1.46912745026437 0.202539037590754 0.571038813394515 -0.682091465234868 -2.48608403264138 0.250246748953156
-1 0.219532426769201 1.56459873506251 -0.233937194994184 -0.689272716137028 0.527246560713972 -0.597615701283008 -0.153541235180741 0.455419157418029 0.85925760372833 -1.13947666248735
-1 -0.153884278670918 -1.52665603163584 0.459719567523769 0.338650632158108 0.448398375326174 -0.667680486387728 0.265374408297233 0.643874368773081 1.23657187850955 1.31434156792618
1 -0.158227304291738 0.398380028221250 -0.618086502096014 -0.0630361252826067 1.34931747355028 0.513222251077484 -0.607290579376934 2.11363727735679 1.61413857512161 -0.686270183916103
-1 -0.864712138942042 1.98708182514419 -0.732515345794338 1.86701148617156 1.55506569995125 0.166368123393793 2.4558549453966 0.738855093413385 0.905993747741562 0.273867737219409
-1 0.367747551745264 -1.07605805594131 -1.51302640562212 -0.0473532359179568 1.98304635936393 1.28407547033769 1.67830389983091 1.6773024805341 1.7402771164779 0.216020038443643
-1 2.58275895614210 -0.739380051574259 0.829159613501262 0.942779459313587 1.70834984886708 1.10019020255451 -0.375172311097699 0.608398520890639 0.12713139134781 -0.0485165655569221
1 0.414821643634217 -0.610867874555282 1.77737489371131 -0.973722568843044 -1.53717481620121 3.64671669669231 -0.741758477970117 -0.231238762090497 0.365783881229455 -1.23908715769992
-1 -1.21491655349406 1.04734359367485 0.302928842026237 1.28844912846738 -0.187986367775865 1.87286796881662 0.337357834690839 1.05798384599356 0.294072819338796 1.52074099531409
1 -0.63418047688655 -1.35631195362794 1.78755823594891 0.462714353428721 1.83688656069434 -0.686398611412504 0.338553199295293 -1.07335921145625 -0.0447669973935086 -0.891548887028314
1 -0.731125214058262 -0.951589486521472 -1.09347750341664 0.802594331312705 -0.110365390330724 0.341115797401521 -0.0280414658721273 0.565408327995641 0.113898461715029 -0.626180088754016
1 1.31636236121469 -1.96772148828018 0.556686203373205 0.0923332259803797 1.07979700449512 -0.410529962963218 0.739359377264433 -0.0468731584218125 -0.995272214743552 -0.288655288696424
1 -1.69633343507691 0.394599161142467 0.811073214917571 -1.02018755952194 1.11880250043523 -2.14085714380143 -0.164480832748679 -0.886823448485078 0.552575343608339 2.35849491508786
1 1.77346916041878 -0.443786601536409 -1.81130561097019 0.83234524815947 0.922753317042084 -0.510508433221534 2.16219573789457 1.10167443058028 -1.47803413674208 -0.244011728563221
-1 1.14903481314660 0.267553146898609 0.270125964168139 3.64859587048460 0.0892332200786983 -0.264477732211317 0.239775050446544 3.28314064134984 1.18114513339298 3.39998343771251
-1 -0.222150971340970 0.66702537590511 1.08424654038958 -0.416740247052048 1.29209790455796 1.70046973824521 0.0794168259501358 -1.32689531487008 0.00758791888769572 0.51011800045802
1 -0.237908291938795 -0.70097695918337 0.153551435429466 -0.969216593408632 1.10318521613756 -0.95474876477988 -0.715492823621105 -1.00994699223399 1.26719651310664 0.0137860917607005
-1 0.378040892315013 -0.22958976485032 -0.474976785363942 0.647805526807942 0.569911263030836 2.33656766726427 1.17858292469664 0.826554064347464 0.559765883916149 0.830617368682882
1 1.27522966997867 0.789886384055658 -0.77759359976638 -0.0684630469186959 0.115328250734975 0.936797054618763 1.19276763914231 -0.463215753968716 0.809398712512565 1.85233341266008
1 -0.629602389902518 0.192903242897936 1.17611924340278 1.14640603856127 0.158360257360747 -1.23409686007141 0.852396791907465 0.908094546897266 0.83838585532984 -0.306648871894417
-1 -1.28724029923465 0.6614284303052 -1.80842602126968 0.238268397631899 -1.13142816384392 -1.15757651678875 -0.496360211639317 0.19158217381499 0.775652252905016 0.40582573998675
-1 1.28569636129433 2.60829951360662 0.465189879366454 0.766636512348762 1.72486569616496 0.820824054499307 0.970463413608905 2.02259275621129 1.29808195055312 1.02419680018318
1 -0.888769921311115 1.55560987734431 -0.257825271498160 0.0873654888615335 0.698927820998923 -0.0186455025248888 0.0578576850520414 -1.09821271920015 -0.798986756820634 -0.916055853781725
1 2.91898109764671 -0.0712788013128884 0.061860181864336 -1.08422109722936 -0.526833976372462 -1.78848074087517 -0.29075847839464 -0.136709203493079 0.0596659582996065 1.21329136268340
1 0.225269097709452 1.06904264552655 0.34091572104856 0.883762601698203 -1.41050538867979 -0.869140250243335 -0.261485724163241 -0.482455073910352 0.446323299411945 -0.62034031558474
-1 0.976758494381238 1.30784126874028 1.03113039656428 -0.115728948933255 1.58554757975188 1.52882827155303 0.306633282629484 1.01071114202940 2.52641301455546 0.218744819220281
-1 2.23161223740868 0.850890632790248 0.129758116798411 -0.474936402916847 0.429213891759663 -1.19146152954904 -0.425975053152807 -0.0810538861882584 1.55606120105187 0.213795573273417
-1 0.980703241500996 0.625514148096773 0.990936860339767 -0.448280359601453 0.575910383278804 1.55156663562533 1.71064110580820 -0.664655476658363 0.411013023269325 1.05285404671583
1 -0.758186257654684 -2.26187789768241 -0.0437414297248139 1.75015984718346 0.0733937526218253 0.373195223802484 0.488655856931756 2.19712683990369 0.798552655068492 0.934028072676456
1 -0.412258442917318 1.15935309417223 1.88238296252850 0.0868809070360975 -2.07330296379513 -1.78840949533989 0.0981385650055512 -0.110564860659902 1.97807106987593 -0.557950183277461
-1 0.933600100442048 0.478858549117526 1.13196114549899 0.224704470657935 2.14077176982852 0.722952197412896 0.109372752907380 1.73205978583098 0.298519505461059 -0.574885468677104
1 -0.81450600613953 0.120578879453066 -0.856243946839435 -0.78879201091697 -0.259370687810448 -1.74606412265893 1.27999466900462 -0.71525336359825 -1.98481756893083 1.62877160485219
-1 0.707899468166992 1.48443981842744 0.467823030747689 3.02405339595829 1.92397547628987 -0.730912859693932 0.801076224898122 1.41444934362462 1.47019542481650 0.734663038814181
1 26.1942996597638 23.0865240518611 -8.27837290213851 3.37616472791446 -20.7942070549907 -19.6907887548368 -16.2653580579108 15.1948004918908 10.3917076850982 -3.29731487281672
1 1.71870823489074 -14.7805861143165 6.94011890845218 -11.7395664695043 -7.90855135702893 2.17535839550015 -16.8207461133594 -11.0644950637907 -18.7571944171422 -4.81054891068555
1 -1.59923623233678 13.2309158900006 -18.6711075916866 13.1451608778289 10.2704502908672 -4.38971136786437 -4.64686781526076 4.26238366276383 -9.6268572425268 0.9901424081467
-1 4.05584587580748 -6.46267211987649 0.980847245218826 7.35868881302367 -11.7904828444401 1.74376530881773 -2.19433956279866 11.6396627410529 -3.28163970560571 7.31850580384458
-1 10.4387709738194 -0.879873813844631 -18.5508214552849 -14.6842869745624 6.99547310121765 8.29593941131174 6.5893263843677 23.2530818887722 -5.40881240314405 6.97912699345275
-1 15.8740850607925 13.6542621842162 12.5953765706338 12.5019687041791 12.5403550324357 -21.4277101229174 5.34846700566182 4.15366943412445 -9.33309869581695 -11.0339095456350
