-1 0.0812652429904351 -0.494294699217195 2.22141660958774 2.18097667073082 0.156659001828227
1 -0.549332805890925 1.37212665500488 0.44641260703715 -0.270775815005137 -0.926905800295567
-1 2.61678244166603 0.0713104138748801 -0.29167494734667 0.978942622990188 0.432440503906334
1 0.169775639787996 0.602147685368898 0.913625611079156 0.416852089226217 -1.82561611198429
-1 2.56045158385248 0.12794889811469 0.500033124706808 0.629148857267825 0.151197359878624
-1 1.01932623394087 -1.30236822010482 0.565323003270128 1.88883623210992 0.815032019870199
1 -0.574906713571395 -0.4176892620029 -1.42774906003275 -0.153297795185663 0.947911098713545
-1 0.455972441001453 0.726391310563187 0.911714777826601 -0.159036417498692 0.134740607097577
1 2.07034313675115 -0.480362705461357 -0.0753154166161591 -0.130560185417365 -1.38008444394681
1 -0.399537592027141 0.316635386665212 -0.771800526662516 -0.136234375561467 0.97272088164277
1 -0.339322842581981 1.01935119642677 0.303669279605648 -1.34611087993335 0.690155887779668
-1 0.0746473108124466 2.41282749327951 2.01156977051329 1.56395937104128 2.14513207640324
1 -1.52737304978146 -0.273237880677318 0.7090596254912 0.796142268152895 0.674687015604885
1 -1.47975587729362 -0.00645178559589348 0.120331850813241 0.930752110642404 2.2392367162815
1 1.56963427394794 -0.129934514063157 0.780328804686508 0.498751952419416 -0.550100824890823
1 0.688879111154756 -1.11459367864009 0.303514264945943 1.37739190148096 -0.858161492603162
-1 0.942944107497176 0.223400616361394 1.40647683745299 2.17563630895634 -0.404980235756457
1 -1.80788333519512 0.415511658106634 0.555216318773943 -0.357340719117997 0.744538441916234
1 1.40698149348170 -0.0620572864455609 1.64028034964509 -0.22073402471968 -0.229868801598108
-1 0.400499521299921 1.92968012074259 0.470470004947274 0.436097881020984 0.591168011270963
-1 1.10943291778049 -0.420360907718946 0.653081748170722 1.43402338547011 2.41255091566084
1 1.05552552794552 0.791726624410906 -0.913623709816228 -0.456833177355518 -1.04692843191668
-1 -1.59470998042896 2.28076152243553 0.0718831483586788 2.70382258486825 -0.088178946717028
-1 0.064436747790016 2.37044972138192 0.552616154963177 -0.143730804683438 0.216108550203232
-1 1.22065267307627 1.33358337689746 0.455456218850358 1.17415448227679 1.24671373212046
-1 1.52526674834369 0.524041191364123 -1.73421279739042 0.995017773964297 1.52489001166512
-1 0.619119126947642 0.699067269699229 0.630572833271618 2.20275398136735 1.20185260717860
-1 -0.491224362018255 0.410418304324268 1.01359285070574 2.35238518684301 1.77828153473996
1 -0.00168499757076410 -1.10713370311061 -1.05223228936503 1.02593413872515 -1.31128736350027
-1 1.12088649453968 1.54483610989548 -0.534715786183631 0.465871568266791 0.913551532177529
-1 1.31189562688743 1.66845204593305 1.08808035483168 1.43585950477272 1.00836977309871
1 0.911505906501335 1.14190752371877 0.0691684736807841 1.38475498956614 -0.318643269642762
-1 0.549710609226155 0.975082227577695 2.90047784741014 1.58156827534158 0.49679304493453
-1 1.00045964821035 -0.68082062629522 0.182634098127661 -1.44734274766079 0.92455108712848
-1 0.169776085632984 2.64862244540688 0.500135790725475 1.21925945668999 0.581242267149855
-1 0.399051172530905 0.672644617952154 0.908572447076452 0.0916496360674366 2.33102023920342
1 -0.759565090459476 -0.263801895802597 0.295562070260272 -0.324922062967062 1.28621905771379
-1 0.682579448682375 0.0368428869398748 0.338970351100496 1.07509013182793 0.484082350706594
1 0.861712556255084 0.560167273277929 0.0170497265912048 -0.0992239489534364 -0.351543200988711
1 -1.49665874337705 -1.17918642636122 -0.325367529795239 -0.220004004808449 0.102117144585110
1 1.36147414524160 -0.938809588278356 1.08507008406898 1.47918225713528 0.0526156399100233
1 0.445690897101035 -0.938994016523162 1.32002395628223 1.65998712190515 1.31800140256686
1 0.964743844163592 1.78684394441404 -0.721933196731776 -0.764902931203515 -0.714102513224367
1 -0.7432719058688 -0.0549336897481336 -0.630589696172782 0.121009702885756 -1.42391831133995
-1 0.0692803879110775 0.782982742536477 1.64950387160954 1.14869728563264 1.54764922258594
-1 2.81715403304266 1.88420355016672 0.726911990253992 0.646265632279369 -0.188710306892953
-1 1.51752488103894 2.85127297256933 -0.118442367186722 0.144849796579592 1.36492725149137
1 2.15244474036841 -1.54203789822171 0.179751631274899 0.725851323651473 -0.166979416558695
1 -0.569307216407195 0.60787518720105 -1.04689736312096 0.529455553350061 -0.946556901597963
1 -0.288538248169977 -0.581834631752952 -0.284236081825018 0.870916749983332 -0.364391524098629
-1 0.764643259877623 2.37637596916156 1.1424847895883 0.943764384199448 1.89102968065528
-1 2.29824116343267 1.73992975374413 0.922273350954834 1.21414347581477 -0.126167666142087
1 -0.935440732824537 0.150897752926282 0.806885383609498 0.623970448561362 0.587608040706509
1 0.888554262641417 0.241919269371925 0.26473180812814 2.08418959252582 -0.428540165400805
1 -0.127218728279010 0.429952889264214 1.67458512651645 -0.483660837827897 1.88505310028204
1 1.81201331491427 -1.24186327696300 1.20231567743363 -0.693786448972488 -0.682550603414458
-1 0.159178185250782 0.953909571510366 1.93368316307003 0.510621486292951 0.675103439077372
-1 -0.454676575442575 0.679496935390563 0.482696930267869 0.0278779865591849 -0.0739091036010358
1 1.43997576103463 -0.148959450031727 -0.0450868227635672 -0.423371473936708 0.742221488480027
1 -0.0530437525266334 -0.335750083582456 1.577260687641 0.253948516651423 -0.378572911218326
