1 0.380823015968287 -0.804914260950615 -0.0255679899924387 -0.902829652404916 -0.379565593287043 0.711199472078951 -1.21289873074148 -0.0713740328274091 0.757072181224353 0.349081479945403
-1 2.23786154263375 0.153475130941497 1.19408515085219 2.26869169973263 0.475230523274371 1.85379804233633 1.95666833960728 0.12446759350309 0.769647982971384 1.35225261209232
1 -0.72991627840191 0.111369629452592 1.13013602302097 0.110022131116717 -0.838339355029459 -0.278905568709653 -0.895782624375006 0.420461455171244 1.54784494123349 -0.648739093618753
-1 0.760781394484806 1.22370923452457 1.32901079526611 0.92995744101925 0.379018365060586 0.304997343946948 1.19406975016827 1.40308722615368 0.180050309512065 -0.496109927772847
-1 -0.563269998725887 -1.20628968593616 1.29446198957984 -0.00518859773817038 2.63710952267172 0.816030673265512 1.36227308716696 -0.237048176454960 -0.593899450162339 -0.500982623413753
1 -1.52802785885520 -1.50131081035795 0.25670176075621 0.453256403129366 0.211259210429088 -0.385469973089844 -0.938377493754156 -2.10464705869836 0.124936461566594 -0.0863878397149442
-1 0.599295885955916 1.27291353555823 -2.60405943380603 0.916245318407726 -0.142070467242587 -0.150978218183660 -0.757391889110374 -1.15882679704626 1.44088196042876 0.131618109449773
-1 -0.465395132511563 1.28202411009589 1.36267333935213 2.57810923093256 -1.12377230099187 1.06167219099549 1.57737379060899 0.102848381180168 1.13728897154553 0.641807306682945
1 0.88347051258545 -1.1717328334361 0.203962856742322 0.0270679867059745 0.615435705896396 0.3818723243964 -1.50039002414098 -1.01355820172584 -0.266381656527302 0.939678298998918
-1 -0.534565621743237 1.08267806010465 -0.544991372108076 0.166933407443996 -0.0356969919568006 -0.0426314433489986 0.811950691699643 1.11691561221090 0.94109896127165 0.350480386339275
1 -0.139785012353022 -1.19957910229536 0.448674222624258 -0.442019758528888 0.831176838412057 0.523654689870824 0.654101720367923 1.48607403373999 1.02978728427231 0.613373984250185
1 1.06305870321444 -1.73060223656345 -0.299289473616601 -1.88266186451373 -0.917503822861638 -0.748248891812318 -0.123780804162869 0.626590286175288 -1.5495357156007 -0.756200191004732
1 -0.830471511585343 -0.0927110312548912 1.22243698695391 -0.249114029547402 -0.171572409812193 0.509989343309286 -1.88610808807570 -0.207978135457877 1.07688434150012 1.10796069670650
1 -1.10368415433532 -1.03554012222755 -0.696107088614555 0.594443949681167 -0.359076295542521 1.06758967892933 -1.76004462157286 -0.432528609851616 -2.00993123605643 -0.271393658956419
-1 -0.0798335970807404 0.197583755169964 1.05196813170078 -0.199887975380561 1.44356772078349 1.45837076527135 0.311340499467089 1.25317741444308 0.957374473254663 1.06071620419010
-1 0.723983672304582 2.23307867887598 0.0220063128049440 0.302172172584622 0.0129738388961402 -0.567405138315127 1.82312308444742 1.16931016245739 0.304135770733281 1.44520022073603
1 -1.28915934687447 1.10391973240019 1.97970764190551 -1.40802088227921 0.191548401550192 0.574613259828901 1.09868157406460 1.22280234148813 -1.88164358900116 -0.643103534369852
-1 -1.12710777786218 -0.0832579296585944 0.235071340005967 0.360091877031787 0.558953983575370 1.07261556902481 1.19464126854182 -1.47614368358371 -0.137080624191472 0.591528405219801
1 -0.476769701397469 1.44559705418614 1.12109458479197 -1.21012105798782 2.29355748643381 0.283327497873327 0.545113381499081 -1.58321518607464 -1.19540637052386 -1.07353110988613
1 -0.238325279304865 -0.0701871471109092 -0.852614498342081 1.83544907097855 1.47634789173945 0.645919320549302 -1.17787183425968 -0.719892372222684 -1.00460514931252 0.813646478823987
-1 -0.79683093955103 1.76357159146307 1.54078203512214 1.54031988920166 0.263688684585306 0.454197835108685 1.26888816651459 0.994719007933574 -0.120923226571077 0.361827141643541
-1 0.376328801610897 2.49162231916301 -0.439334205711096 0.267260816426333 -0.689974489322972 0.0978282968268656 0.327993863820097 -1.02694696202006 -1.47407182986972 1.09506456156836
-1 1.16060937090670 0.32025753566255 1.03934115028507 1.17308936926117 1.25313452844841 0.625505094427477 -2.13583585637292 3.17712806204523 0.101828207092048 1.12122993854274
-1 0.535130694419561 -1.35237479174245 1.15450297670211 1.24991953907104 1.01572195134528 1.08317053148939 1.57922675841601 1.61248798944562 2.24705919347056 0.342795066600357
1 -0.0727489093388894 -1.20373205721827 -1.14116538333287 1.18642762851893 -0.803871172752573 -0.471459183679333 1.18895513363034 0.0361748525271428 0.0544228207661652 -0.959667636447558
-1 1.19077609641888 -0.697056240425132 0.853191935526204 2.47983227407231 1.15723672936854 1.04082067394701 2.93819813497431 -0.579476371633966 1.71379393893401 0.192286515788871
-1 0.0286676551368683 0.674062109992643 -0.337800187230533 0.260625859584952 0.137164331582761 0.286673176395855 -0.658571626576646 0.883612547858777 0.349828307772959 0.827254165826906
-1 0.246144622251419 0.956605692682772 1.15592399930493 -0.0124697294423269 -0.33933930473424 1.88179413115118 -0.605621212609103 0.132528724326635 0.381631761918231 1.67210937956357
1 0.246628577537842 -1.16923684031199 0.31817133937472 0.247594946579978 0.281906163727161 0.357933896191106 0.220493972617547 0.482538593510381 -0.97142944268735 -0.500352973297047
1 -0.709108296213532 -0.110011535235389 -1.49801459250193 1.07253279981493 -2.30331979708928 -1.49593097300842 0.0551197163226137 -0.464607464666338 -0.264153629587586 1.59930317939482
-1 1.49725426222305 2.04006023103876 0.394540982480171 2.15985280058178 1.37123562865296 -0.0440710831212373 -1.11095135216315 2.65642251461795 0.0178350024852066 2.32463569574140
-1 2.22230594693778 -1.09970128733315 0.224029177972888 2.48470570314502 -0.302749467203023 0.407753217339689 0.248820062941136 -1.32065914407173 1.60290317021213 -0.254697396986905
-1 1.09371507684819 0.510198532329907 3.16041029271414 -0.523688279178895 1.26369915036777 -1.51692619740009 2.97738700320559 0.756919485007191 -0.81111380963545 3.78379844928883
1 -1.01861439850936 -0.641893474789401 -0.499401885449173 -0.199245515797724 -0.934918230493818 -0.770885027655676 1.31667610801872 0.502168831052533 -2.01421020211048 0.468391411765336
-1 0.356116243537465 0.817721389380407 0.896611643019125 -0.651951940009447 0.98051549750339 -0.398249638911243 -1.5909104191418 1.57424920079342 0.132314331700138 0.162397760842439
-1 1.82305139682906 -0.887135630277414 0.0976595645802472 1.42681108358323 -0.654817878283729 0.819480681841473 2.1823158981464 -0.614221223382631 0.129208332450858 1.38632670711950
1 -0.710750507471085 -1.70498460801573 -0.83196725265384 -0.415567016951985 -0.634988773556881 1.13882179873765 1.19289012355924 0.00381751503514245 -1.70557004142892 0.598039700615912
1 -1.12136267761191 -0.420156993508109 -0.363444781131018 -0.819295543188455 0.291538058463688 0.859771785889515 0.058778354415285 1.22987544059738 -1.49905917298251 -0.9306165390219
1 0.282356703548458 -0.46606968557693 0.549174944209303 0.0611370553438575 0.102462444975029 0.942660057548053 -2.082006100798 -0.287141724224013 0.105672006466005 1.07097297782963
1 2.05569865754494 0.267250226924945 0.0951122405034453 -0.268217903348447 -0.279200069979059 -0.736908604095035 1.35600253641900 0.00968706702908353 1.325178256308 -0.323231791627998
1 -0.00742133981768136 1.28641807945191 0.209879797554189 0.341429301855897 -1.62857377639326 0.734301423021343 1.28008185737546 0.0183603939197904 -0.124581584316021 -1.1912665637264
1 0.350091877226860 -0.478974278045606 -0.474963492488275 -0.110198164406191 1.46016795932851 -0.383391367545976 0.350013589673855 0.844384564567282 -1.10106067431470 -0.0869210829206879
1 -0.75330647813345 -1.33388913570467 0.939416290071047 0.116487673386543 -0.520224984469269 -0.816140745049392 -1.10194947331065 -0.706406889442901 -1.32467644106637 0.499379502260655
1 0.0572786936580014 1.21063087853060 0.365375430059499 -1.69560788230801 -0.211085010451362 -1.08873347406465 0.653720407223103 -1.23633010224170 -0.175076847281876 -0.299862414145728
-1 -2.01424143263829 -0.777993838701654 0.0751386644361612 -0.670462839905473 1.04527729041869 1.49629879782931 -0.0948435827675087 -0.298962291736280 0.501111430891084 0.716056957048771
1 -0.0936593830737425 0.458324324677025 -0.456011528234834 -0.419378817659515 -0.246060434494198 -0.749443354136291 0.720202502357992 0.707003991577533 0.177827156552471 0.643911837043785
-1 -0.524658640897948 1.83303369544675 1.36106918120738 -0.470120450336719 2.29118038744876 1.69224643567355 1.16080372321559 0.536491311483214 1.45506246451768 0.747285754893582
1 -0.0229099905618848 -0.158942734982418 0.650008801282089 -0.710542703254983 0.258965384878709 0.133010509815022 -0.132126819074139 -0.224230812706761 -0.626717029736067 1.19735049027136
1 1.90255350674936 0.990614713161132 -0.435653955333319 0.223569255251286 1.23159778135365 1.23572827309682 -0.462867118094957 -0.252877924743003 0.314734714392866 -0.937133416412652
-1 0.842351519901631 -0.250912659775174 -0.739027260960647 2.16134256788907 0.192506282439555 2.03111985952966 0.167118849121275 -0.0918830612976613 0.171848332088963 1.80137308688255
-1 -0.910743263919232 1.18369824565955 0.90282518259517 0.235993571980831 1.66384502957764 -1.32400223716727 1.33197246295496 -1.74529986283850 0.650707221444787 1.33010960354343
1 -0.4215936323638 0.0249028593292224 -0.155810103190899 0.271551168973571 1.02899001682812 0.118711907560261 1.34201949612501 2.84839194467246 0.54252439949579 2.08276499116650
1 0.933559476578080 0.236212091260162 0.951123681950583 -0.123642167126601 2.30667530504647 0.417901543921993 0.132938648840426 0.972027749688262 -0.79750489360382 0.0787270816618796
-1 0.117682995824148 2.99077639891223 1.12740238280160 1.70030515041860 -0.509291267855633 2.40025607134596 -0.266820707358088 -0.223508344661407 -0.0995798229804455 0.694828158474168
1 -2.39042879307576 -1.30884002750089 -0.242067667298931 -0.228346461340534 0.90613361777521 0.0790093723084357 -0.453306053133828 0.570559433057028 -1.57014105249194 0.152381644363504
1 -0.503044771542173 -0.081711834077451 -0.761421584795994 -0.687561259298537 -0.380611342512404 -1.91381374903828 -0.352937851214535 1.12444446091698 -0.151377707811887 -0.335886931171769
-1 1.31316279041152 -0.71194091850022 0.606159673619813 0.781484684306532 -1.73161378876153 0.959131755087665 1.08897019785938 0.313027517213094 1.53036586504794 0.634215645115625
-1 1.30147786340137 0.0644955808507579 -0.318697385935403 0.65754007445279 0.529603567055791 0.518697833210017 0.551984226135139 2.18562877748708 0.332134494880197 0.968081389914262
1 0.877672538207724 -0.220940067073736 -1.44538244685500 -0.354689721754828 1.18424847695962 -1.42721540520023 1.19814871647525 0.232733991742594 0.0910414025893391 0.134014950322632
-1 0.737132515594695 0.667755381275696 0.55123117904458 0.811829068034585 1.05318844315324 1.24302400438480 0.874011808908622 0.103334484743567 -0.380732516970045 1.05133547916989
