60
10
1 -0.146093524594389 -1.11660804927418 -0.485569010697104 1.05698922329079 -0.711160100093683 -0.383189044405357 1.47891430676491 -0.316529913235179 0.495573519639974 0.658279266927902
-1 -0.804800655128686 1.76107255727143 0.565468913544714 0.185527059382262 0.597428389055251 0.879335703946214 -1.71998687998947 -0.206200720193435 0.255110208780951 1.26058067691585
-1 -2.55636359630766 1.83223066848426 -0.99453495938297 -0.430015751207336 -0.520078893288528 0.311193853129297 0.757664786746504 1.80301825202790 -1.39950292369886 1.05980572654684
1 0.483905992011887 -0.815007293883848 -0.355309999806238 1.19381154947956 0.772160581116341 -1.39126064535587 0.276711698637231 0.130266339363524 -0.0218659452961420 0.31645419159659
1 -0.859663292650156 0.283963958833692 -0.126937352393674 -0.917067448189255 0.232591238836113 0.74793216968407 0.612488865506463 -1.43940596430907 -2.41787054926587 -0.78269694275342
-1 0.176808231065818 -0.504844340104353 0.854521863782394 -0.622960562810502 1.21878175199822 1.09003833224389 0.251148492326820 0.239328312431740 2.10440603777923 -0.00180147726869206
1 -0.515930791881038 -0.176300131578155 0.872837870038713 0.532007012606025 -1.78764212523189 -1.28780210504818 -1.380419583949 0.777655061790403 -1.22991167688169 0.60176835170425
-1 -0.600305978853433 1.35984324081029 1.38082394660593 -1.09151875920749 1.99813968685212 -0.967482124483875 0.0291198754434138 0.894300617295566 1.13081781079223 0.85289936527832
-1 0.367262006079673 1.21976781424444 2.56524004238406 2.04735874727320 -0.279390574221274 0.934062104017291 0.394372274403296 1.54706321876124 0.58526415787112 1.46643112323185
1 -0.398063751464382 0.691998488452523 1.18522238105535 -0.894892570370011 0.561719735186518 -0.966725574583749 -0.187651997388927 -1.31487795510799 0.0445423875520169 -0.0128202821787689
-1 -1.40662877444286 1.78950177264655 -1.14009089212421 0.778114946736614 0.375020871519444 -1.47474067811914 3.30317050144356 0.891212753072203 1.18821981336810 -0.178376688715743
-1 -0.714466422292642 1.15239235572395 0.970449351638934 0.767833569861296 -0.0575838135817971 -0.656163633371132 -0.431623837505869 -0.438590903341933 1.14559984402699 0.0144464764826613
-1 -1.15376839253055 0.453157268306918 -0.900463490419032 -1.17750908070720 0.825379558040183 1.92359544070217 -0.950388247075361 -0.225881756146443 1.14467156170492 0.548243454094539
1 0.694751053145108 1.73800608939977 -1.14190578478822 0.693090534951515 -1.50503649932462 -0.644813438906796 -2.30200808189314 -1.18555227109317 0.39045452827439 -0.91310975876811
-1 2.15857913661346 0.651107295947912 -0.996463117875383 1.53447381495107 0.122682304476358 -0.268853196280254 1.45402733544394 -0.126736501562862 1.22033370224384 -0.259409925820293
-1 0.842405061774784 1.5463478111798 0.0772078481952447 1.13419355658165 1.51541273298027 0.939747705084297 -0.535585525661093 -1.54732391631089 2.10175812084439 2.08265729974259
1 -0.512449399707642 0.846374639814877 -1.03683686885592 -0.782103490513857 0.0587573732967761 0.371564725343791 1.87960727224849 0.0957020194437763 -1.01180801688181 -0.676242290886652
1 -0.374032174883897 -0.70553000725658 1.07992055524113 -0.779785543237515 -2.07752123007263 -0.131511463930735 0.89604735436215 0.759567911279644 2.21105686081831 0.537754115074002
1 0.255704539771193 -0.136092561007264 2.88075237205121 -0.638153386765753 0.0150180535085971 1.08450752010176 1.39275965705688 -0.728013952191543 0.67845120295084 0.393506207632158
1 0.242017729349316 0.0567637357958385 0.844178091868955 0.239950189960775 -1.58891522825323 0.0651056160033483 -1.08395110434350 0.861060918775353 1.07470206128316 2.10503097406756
1 -0.9147526004669 0.423721299570752 1.21377317575617 1.06822980529436 0.47814191427698 -0.514965618333959 0.267339015689369 0.181773892975186 0.812150057202507 1.39582758357942
1 0.129969759243565 1.21326770503037 1.20675433268129 0.103466901708578 1.23410384300455 2.47920364559441 0.0777103991720332 -1.66258048147787 -0.795417094049518 2.00379277399447
1 -0.71546150206348 0.578883963287235 -1.79748973882688 -1.92272376803650 0.728391005788061 0.39350431394023 0.268521986359421 -0.583454854455858 0.749615854401459 -0.238048502999541
-1 -1.34783410504989 1.89921365096070 0.416303474819092 0.225298703984647 1.52252229790078 2.01013261104008 -0.104631066515556 -0.378510885628926 0.463929617531403 1.69482277620629
1 0.386709978520868 1.73860335781774 -1.64978724806107 1.05836077840865 1.36426201479954 -0.0567384300703368 -2.05461239710471 0.167575948980252 -1.71356830727029 -1.16177027761163
-1 3.00674915702246 0.452714613512407 -0.518511394040045 0.453163090440025 0.689180486439579 0.291829485546917 2.35349146808156 -0.339424935573669 0.693073385409025 0.626298077448656
1 0.421816540406033 0.760119741912133 -0.739891509632136 0.66903932406968 0.557973258655082 0.0055606164447711 -0.794204882840784 1.32127918526762 -2.01701116950355 2.12098223380243
1 -0.595794517137732 1.02314454357944 1.34889526171416 -0.910427907623783 0.0965548662860961 -1.44873271524511 -0.128098481108327 0.992146337522242 -0.997955595006563 0.156043459838702
-1 0.218545472096654 0.816887571135145 0.792847725004935 1.40073427005998 -1.43219824771958 1.00695903618344 1.27807483379500 0.998155552764187 0.566643729390639 -0.967921775479403
-1 -0.684725372671638 1.38163483194193 0.884864812528296 -0.216586226432000 0.0931529732156503 1.86299310923752 0.285017970813908 -0.0289112113350237 0.579038626017027 1.70375340192763
-1 1.42921927865101 -0.0150158006274130 0.110499671261458 -1.07853361822969 -2.16035199683240 0.263421720909707 0.0476889965979205 -1.43497090470557 1.24764836879689 0.803627591673514
1 -1.26136011349851 -0.08186516604464 0.358598726301347 -0.428866581105044 2.29449386591728 0.710566331152568 -0.149624576502111 -0.533739431096619 -0.210646787486012 0.515409613997283
1 0.706204951015135 1.77519329174602 0.0530696913974434 -0.234458700283365 -0.80991568751671 -0.714754088230543 -0.250636703457083 0.392160327438169 1.30549313721106 -0.188302282167954
-1 0.95452675864280 1.35009815531985 1.66929426350487 1.33252717988904 1.08941154658382 -1.00610721950067 1.38902978916914 0.493395163139911 -0.028417473830059 -0.0934854811429517
-1 0.897831030387444 1.47777466939449 0.428306407360709 0.590666853744764 1.88413536997762 -0.138054067675485 0.00422561932666754 0.592194811479103 0.142770429494667 0.924688992572987
-1 1.53162078881523 -0.507401453933286 3.59153499373354 2.07120616266968 0.394593916959823 0.452360642299353 1.9356917864246 -0.0508874333262771 0.188277345663433 1.61407980597203
1 0.622967960513404 -1.14047179200228 1.57516826497740 -1.89797683884947 -0.503419881698185 0.568381218011451 -1.12063007522142 -0.213605697075252 0.560169152553217 0.959686983980618
-1 0.518692334364635 1.03884946155166 2.02234638820693 1.05831824370306 0.502774400511208 -0.0777001804785072 -1.20562499386274 -0.403265146946756 1.52259128947478 -1.33871554929197
-1 0.738337390758651 -0.268896076856583 1.51117666985945 -1.16038175534963 -0.399144439907185 -0.168831463908917 -1.58890822211372 2.12297748310132 2.86933733063339 1.48357849418278
-1 -1.31559123253704 0.327694540499569 -1.69866722841897 1.53836968352704 0.950420548513809 1.60033887424084 1.96831632083038 -0.0790813864002797 0.740619204805782 0.895657505430535
1 0.709785146659684 0.189607887042338 -0.162949319646322 0.863305522690954 -0.679066713351232 0.205406448133274 1.14906286301189 -1.04803234036353 -0.665603441168427 -1.72889103204564
1 -1.08288421473698 1.21413325801838 0.300150773221729 -0.0818468471873431 1.53626887804591 0.221839748495091 -0.353018957498436 -1.12519167828523 -1.09283363169368 -0.874606300507608
-1 1.2506944482063 -0.688247748830218 -0.0164479701822309 1.95936517543036 0.782911332072805 0.540990047965318 0.626019952132478 1.99900368886474 -1.18387955220996 -0.508602917384433
1 0.620228380041244 0.550043128425374 -1.20422114374689 0.702173097238186 -0.717396037221972 -0.825354457335807 0.588473883782322 1.42983714114982 -0.442657285850379 0.251795812992288
-1 1.26770603897893 0.666757198347013 0.425120037152328 0.819231525596426 0.939339583286275 0.245070170803561 1.41536475993911 -0.301396388815713 1.62113152918021 -0.264187882087700
1 -0.0614717644529819 -1.10762856746338 -1.16805597084455 -0.142957755320095 1.12104595978907 0.407863622693071 -1.09814891384467 0.725635841833052 0.740211745225542 -0.82026474774667
-1 0.57267868782577 -0.554029747806084 1.48069283257101 -1.67089345594553 0.336915340601474 0.903309495524521 0.634009529901254 2.79803297213338 -0.716903237353418 0.162154867767074
1 0.520272332779458 -1.78504365656689 -0.718579324831311 -1.54059406317920 -0.211509817631506 0.342900307468458 1.85219220785660 -0.914673587280618 -0.236703734614294 0.794367588580545
-1 -0.547647669215434 1.14760325387925 -0.0884838616806647 1.22060366304846 1.41574499396317 0.947328368611437 0.318125670015911 -0.76054345617052 -1.55980233398437 -1.44415564632843
-1 1.28106468000016 -0.426304758448227 0.528001886171187 0.878112784240137 1.3638197393534 1.81050257091394 0.150307973448695 2.53507366416604 1.12115442241077 -0.0753895737137563
1 0.806853362882194 -1.86277954626400 0.643002713723397 0.0972541524598213 1.04700808708088 1.04364573274516 -2.52187041174261 -1.07258284854157 -1.20174078929242 1.54654499737400
-1 -0.0316278524987834 0.991549203434715 0.620757378774255 2.08235326407504 -0.038367703477039 1.29495301961203 0.189951892080242 0.96495945689864 0.0196140419611298 -0.918940513765634
-1 0.852489617480082 0.305874782038914 -0.0832481891395118 0.177238702604969 0.210205709088656 0.871509074117958 0.79843029911565 0.109595997826935 0.425894552579629 1.51771077120310
1 0.0596454232425591 -1.02911677792249 1.11889595381578 -1.72049247789171 -1.15352149136254 0.119270882949527 -0.163178298374278 -0.515679499813906 1.75587205150448 -1.60829943714623
1 3.05609848980627 3.06315239836080 3.09550039879942 3.16113326851382 3.28837593148137 3.18692986877379 3.01161790420658 3.10705569028786 3.26423292786567 3.13045360943830
1 3.06258578972930 3.16931769543414 3.15869014871519 3.27184489187016 3.26784497687306 3.29039720229232 3.05857810173283 3.18999071866465 3.24813930311818 3.16598846551738
1 3.16043640099770 3.3132202351379 3.1378166713405 3.35344558125267 3.29163796966115 3.04834417007753 3.22827747803131 3.1701704788235 3.24900468819916 3.23179709707052
1 3.21308582746489 3.00226290708628 3.13536084209889 3.29393416128558 3.09606234977416 2.98805297994809 3.22121384245875 3.15459701666947 3.07265977560493 3.1749027689155
1 2.93442965312542 3.04472384434107 3.17613848253452 3.39660031870597 3.21885761775822 3.31998762932996 2.80867523111042 3.07539011568142 3.16047168178998 3.14050921257626
1 3.19617331312798 3.13300483370173 3.18030120352568 3.04031824470131 3.22370687827354 3.21252094911579 3.10452100798343 3.07949808504731 3.22539689128128 3.24411470288861
