60
2
-1 3.84194368295089 2.07685395955110
1 0.00242827916790054 1.30201956824281
1 -0.352871090063748 1.58093771018648
1 0.373454548985732 1.19095640463763
-1 1.37075458166962 1.1455522049038
1 0.637769245953132 0.798445715629561
1 -0.499959704843087 -1.42051986104957
1 -1.17697538186140 0.355191198330597
1 0.0994361922839187 0.0686724603429795
-1 2.56262663759971 2.33122648118776
-1 1.39168256348729 1.43083547598852
1 1.08213455120334 0.549995954973728
-1 0.758716563708336 -0.473738303873611
-1 2.38873968084282 -0.374476764229429
1 -0.445902651997533 0.952344827471224
-1 2.73070439026452 2.79946184362634
1 0.191285031758140 0.154362153533828
-1 2.344673444865 2.77963114889638
-1 -0.139922198566138 1.39663151105281
-1 0.275505411732317 1.64227485393293
-1 0.677055947877468 2.70065877042691
-1 2.43398787374365 0.252177352004373
-1 1.59282356247316 2.47439453511706
-1 1.57664996326170 1.76443169882759
-1 2.34884796318818 1.81185445758828
-1 2.25337893457798 2.03986655626207
1 1.12377695110366 -0.90486932812924
-1 -0.212679180736525 1.57428123999317
1 0.145916993506151 0.217385097737988
1 0.93894958703652 -0.510607657967031
-1 -0.581457732040362 0.414915068872501
1 0.333281187943355 2.05669797008652
-1 1.11773826184319 2.97506123544177
1 -1.94789122807440 -0.222030962896130
1 0.201909786387832 0.730018384928563
1 0.419916041718995 -0.352473127098215
-1 -0.390698070865379 1.01297541027442
-1 -0.0469704792307584 2.63939554294489
-1 2.25293443296513 0.350427458896025
-1 2.04807363184344 4.13133395337333
1 -1.81206857170959 0.561779886162447
-1 0.610559511007853 1.19504995351369
-1 2.5422300634762 2.16541753972421
1 -2.02791732080383 2.22281214710122
-1 2.54671810964565 3.73619523827141
1 0.681488300545785 2.09269690422640
1 0.94768690762594 -0.651029095832861
1 -0.252770001849873 1.29862508761532
1 0.303779944567035 -2.0413386130858
-1 1.94558176038158 0.45520290076502
1 -0.989688174364937 0.933974078392176
-1 0.476150970141994 2.51866332159099
-1 1.81901177300403 4.27660564283945
-1 1.95512255261676 0.681623090140138
1 15.8796132105813 9.3078477075509
1 -1.92469452973308 5.30884394138393
1 7.38956445135103 10.3433017481154
-1 12.7745089296802 16.3387209957487
-1 -10.7504757091248 6.0223794830338
-1 16.4606001824708 -5.71655865015611
