1 -1.14099245001395 -0.102032537432979
-1 0.93314128340675 0.696318194488241
1 -2.04070294714506 -0.106820305579813
1 -0.560132376887756 1.36736024864848
1 0.581517483781611 -0.835269516308152
1 0.330643190458408 1.46568759217803
1 -1.14245733758783 -0.405111994447637
-1 2.94503464305988 1.29263860496236
-1 -0.362962267018168 2.62173512061228
-1 1.41342607886064 2.22456541851347
1 -0.774301743489643 1.94726545635004
-1 3.05459079534493 2.0675026746452
1 -1.05360470921756 -0.06590432864498
1 -0.580256677230317 -0.570266173468878
-1 1.02539333746293 0.207072273500206
1 0.0634485977963767 1.17009986231654
-1 1.20054634996112 3.50898508796572
-1 0.37907483194469 1.93646624201494
-1 0.485269464323479 -0.124220884378992
-1 1.82168225166128 2.36215537122798
1 0.542955475617851 -0.488973364323439
-1 -0.000577668120415931 -0.276928199998058
1 -1.42950119253870 0.182202040856255
-1 2.10142920462737 0.914744364255501
-1 -0.167098339586089 3.15514213959116
-1 0.741005270602785 2.06950162832578
-1 0.58359320330563 0.0586193415159824
-1 1.11462033385973 1.23849455907172
-1 1.91721255293233 0.208924975252198
1 0.872074462888114 -0.686833154275058
-1 1.1610075367094 -0.302071754342899
-1 1.70510543023232 0.911691203047555
1 -0.614158453117426 0.562247131055605
-1 0.853057562537829 2.98058648865296
1 -2.89052311811971 0.860857931743953
-1 1.95504865800748 1.03994444134138
1 1.35036851359605 -0.528992546018498
1 0.763712243430115 1.40005214597049
-1 0.791867962250066 1.20195944118245
1 -0.152992963767787 1.22069449257062
-1 3.46867584706671 0.575245440494475
-1 2.8070290965855 3.31468031148566
1 1.00156422706457 -0.914974827464086
-1 1.20270022399468 -0.786258647723146
-1 0.435944146978934 4.40664254655279
1 -0.575550712906273 0.80896537218686
1 0.230821367321250 -0.07507222796437
1 0.493652321045069 0.654836524118679
1 0.195474644271392 -1.78034532816954
-1 3.02728312746608 1.8060293216874
-1 2.54397690708427 1.68867620504058
-1 1.89950298546165 -0.688361120509115
-1 2.90945461683999 2.39920162463962
1 1.86834150191955 -0.825835569057701
-1 -0.178509178626989 2.57536199277834
-1 0.870234995856998 0.665326969962764
1 -0.113148220321032 -0.432497331783948
-1 1.32064376914612 -0.381767154318145
1 -0.830332705540616 -1.20690780240455
1 0.70767226121556 -0.987760760642334
