60
5
1 -0.408443770386599 2.27385103453994 1.50094832373538 -0.151917565472245 -1.14067079251786
1 -0.723442654452617 -1.00324419550702 -1.62220639189536 -0.665658120275491 -0.353995288004087
-1 0.980670344427978 2.25915131134336 0.71049324176611 -0.460974732152108 0.80013399519023
-1 2.16509848385201 1.27256823230984 1.19812199500775 1.65835826216873 1.67340183212895
-1 0.169975893207936 -0.0916862228806373 -1.23344532677735 2.44976410418983 1.49166656770788
1 1.08003209344258 -2.93870896772154 0.540079569413195 0.933283689343707 2.29774361695703
-1 -0.595946801200004 1.97789406488598 0.0718711622441222 2.17982466211811 1.91762361290814
1 -0.457172398914627 0.27767545094143 -1.04558877236316 0.184848023571824 2.02219031679691
1 -0.187250229761387 -1.13595422848212 -0.171397869941696 -2.29970146395533 1.03004223348603
-1 1.92035562042809 -0.539795715701204 1.67542217205953 0.81421068486574 2.29955734535693
1 0.356739579445248 -0.29832416591861 -0.389622772375414 -0.539088736692582 0.112654703145799
1 0.459227278775106 -1.46057167319647 -0.0103130835767697 -0.597718488607348 -0.418283365629682
1 -0.487374532897932 0.235833476253987 -1.50164407465017 1.04439272013098 0.470274145400135
1 -0.660787714065109 0.66293556479687 -0.117241958256923 0.0316294869202373 0.205717495155622
1 -1.26640725410526 -0.812048085403328 -0.734022664403786 0.716028106664827 -0.919190266292206
-1 0.550021091367065 0.99834127022949 -1.13338075067685 1.04944989095115 0.0205155915928287
-1 0.125479230720706 0.84153178145779 -0.117779865991069 2.09834962910764 2.14478238310907
-1 -0.635453987805491 0.838631149296763 -0.417248121993653 -0.791947120793651 1.41148923446723
-1 2.02610633349530 1.93088364442616 0.096367186828599 2.35083279185707 0.293945048655626
-1 0.797494677986162 -0.836735291249126 -0.902574475238836 0.80479239066367 1.07153123356494
1 0.794929658405934 -0.408854913970217 0.544602479551024 0.042416494114689 0.0483962336840962
-1 -1.38083418953056 0.828532986425594 1.25794667254339 -0.385444612503501 1.68351527148810
1 0.0236930381102884 -0.198022890346852 0.340174976287172 0.928022536704253 1.17875043399246
-1 0.251642288154661 -0.467895460965971 0.591994351460344 1.1197112457506 1.49571352851907
-1 1.35267646442209 1.98792811018573 1.52689245321311 1.52004935139060 2.63808807671235
1 -0.527866379198683 -0.0307513413719671 -0.168949093699127 -0.132794797637931 0.819738249674117
1 1.55933155984887 0.9868856892449 -1.17543603204892 -0.960138463506974 -0.76535356047719
-1 -0.121883655691706 0.494453681047781 -0.492270864429476 1.67006125809400 3.12488951198853
1 0.146456500318867 -1.23781429539786 -0.127415177051523 1.22123081206346 0.178821966155800
-1 1.87132436716935 2.51152168173838 1.81444851520315 -0.371148416873241 0.563327195544729
1 1.23013396384400 -0.036624151403197 1.23948121202532 -0.365097518226471 0.222822703667937
1 0.116614266093588 0.088134599285283 -0.937600476368742 -1.33868614159155 -2.3269345728412
-1 0.852658143805072 0.380078099742734 0.0374169402793028 0.89946449649754 0.549449855590762
-1 1.03136043373276 -0.616926894783642 0.632890989535894 2.05049676904252 1.74284575431483
1 -0.500390584593985 0.399485330902031 -0.00124511640355538 -0.382939040287336 0.322653497768298
1 -0.978237838126101 -1.01622521208459 0.51669814932663 -1.57747521417211 -1.96669237502774
-1 -0.902350655546977 1.62127593292922 0.0574744299865583 2.96705469225989 1.55633721447055
-1 1.33921057622060 1.06069480160313 2.48110572377458 2.02012207670252 1.65419254726724
-1 -1.07494270150827 0.464787167481229 1.67613294296363 -0.0141860446142194 2.78356532084376
1 0.441439690805564 -0.0470807094548792 -1.18871559369817 0.841444083320764 -0.110540416881394
-1 -1.32497915660818 2.85064771015651 0.266743583263369 2.57543490781061 0.28600433016995
1 -0.491949529207293 1.77928998016344 -2.15516859449646 -0.141514187588927 -0.223195160722555
-1 0.876890138636913 -0.458713954901461 -1.05688858265769 4.96929318068082 1.74223468519015
-1 -0.778092898680576 0.211872146857102 1.93603811696221 0.185059120717106 1.51752163444950
-1 -0.0873746838283334 0.683517755454009 1.07352706921422 -0.44768231188671 -0.2616873616998
-1 0.210310829445481 0.73024675226562 1.82939705293387 0.961995762003316 -0.430735477144075
1 0.996609941052035 -1.94085236204783 1.89826391763823 1.02144463799234 0.559453436543512
-1 1.03670539049227 1.32256813961982 0.868566620162078 2.50469541699466 1.69066143210313
-1 0.963354872966034 0.393458801963599 2.1211667878718 1.20929553780872 0.831736750088087
-1 -0.062165770898122 0.855257656890875 0.454998588470641 -0.389964309802001 -1.57125334567928
1 -0.781520733169339 0.916347062612262 1.17813699773826 -0.04544973432367 -1.29996690305677
1 1.38293606623132 -1.50667335831623 0.458703272278154 0.410997272927628 0.117452327564608
1 0.48813879798815 1.07039198389189 -0.930596791107319 -0.851950170467454 -1.17329392069454
1 1.09867707679747 -1.87928748179426 0.813460121830204 0.675433205326789 -0.863349956068453
1 4.43891471374823 4.3083813664906 4.39808914709175 4.24561836482835 4.50784848280319
1 4.51533404693308 4.38227692203722 4.56841304014886 4.41317866892425 4.43752923808474
1 4.38763995738722 4.42861741758703 4.46928344597771 4.38394015728152 4.54560665207078
1 4.49661210188602 4.52666168558459 4.29899457346179 4.58868981175484 4.53911194283085
1 4.4533952782396 4.31747499982345 4.53190382973713 4.50809412426864 4.41214532746805
1 4.4511380767074 4.48732925702108 4.35867092813689 4.61965777845356 4.3069231315595
