60
2
-1 1.11562807856456 1.81639857789692
1 0.629801394106417 -0.0734151476306021
-1 -0.920552617769842 0.748079555632432
1 0.89298369019412 1.08507656999338
-1 0.0208575415235934 0.132976107943515
-1 0.412805402516292 1.19063530951102
1 0.097268779104259 -1.47064347609203
-1 0.777925048379611 0.626057652268395
-1 -0.230947584701518 1.72402371336843
1 1.72993704695798 1.38872680073598
-1 0.966982967725305 1.03231296714318
-1 1.24361754514454 0.000536692301834396
-1 1.62739927228381 0.226010263389353
1 1.43524769673194 -0.712086564675154
1 0.723811189597896 1.61510737403637
1 1.19550250108484 -0.209734588800949
-1 -0.498649759665632 -0.00325558950807547
1 -0.0476870045958315 -0.366154974927523
1 0.246255508218309 -1.42552486181113
-1 2.60119169967152 0.444922287315262
-1 1.11716583868118 0.401873906240167
-1 -0.652344190455387 1.38512442711646
-1 2.26885704744937 1.55812702572392
1 0.206562067100408 -0.897834002990162
1 0.225223222667797 -0.196492175764775
-1 1.08142190180678 1.71047975522250
1 -0.422817382535508 -0.934988652037387
1 -0.172717854974773 1.19419588497181
1 0.468561935019248 1.08022675805447
-1 2.21263097189277 1.85724105042933
-1 2.41075872696854 1.40425555958043
1 1.17624561531438 1.01589185864887
-1 0.695103723746103 1.74956611629782
1 0.418803920686431 -2.06887468607622
-1 3.45248666835943 2.5259103764325
1 -0.0272223699306065 -0.76918181321979
-1 -0.0343861014409439 0.373346797628241
1 1.82204395517612 0.272427037168669
1 0.956696006358053 0.560010315510148
-1 0.690575912402074 3.77805152425641
-1 0.420713005101135 0.892728394242308
-1 1.52760597510698 0.973472341670045
-1 1.39748309377951 0.461443860239509
-1 1.40633907029522 2.31017722914401
1 -0.217630478846064 0.602058269464658
1 -0.516874400213158 1.20562153852124
1 -0.107668786866649 -0.363489480534425
1 -0.388416805937551 -0.556860899749349
1 0.0051014176901365 1.26351708171822
1 0.0999746742989922 0.007898865473737
-1 1.13486546611732 0.0322606401188386
-1 -0.0647623411003395 2.69927836990454
-1 1.72736388477071 2.70644119682243
1 0.706559527772448 0.454761663206611
1 7.03457293904163 7.01478084392232
1 7.27967828018207 6.91789525222454
1 7.1272755621315 7.25573192710625
1 7.04524190050152 6.87422241693917
1 7.05611615632262 7.13623804831518
1 6.91737033584962 7.01829460303619
