1 -0.71325870091468 -0.580302571803462 1.30538485768184 -0.586677935927513 1.00683767089399 2.14134779453694 -0.500635209237052 -0.666862129586318 -0.341487784024644 1.08884923763359
1 0.7057071006951 -0.663182539616513 1.89386572993309 -2.49805607599954 1.30070049321264 -0.211088281062251 -0.517031802302271 -0.304475045204245 -0.554975266126403 -0.81471102314987
-1 0.921617373005586 -0.434957117412835 1.11981131420260 -0.43371640952774 1.40088099523438 0.71747889576056 2.26748975832510 -0.186840149612845 -0.102750873652221 1.28004958476368
-1 0.667237512052001 0.96829421736694 0.714105120382126 0.76572339552007 2.11065639043752 0.611337392887055 0.744693169276866 -1.09978265397121 0.931410687134622 0.0331249922669337
1 0.114949067698100 -0.28491444254328 -1.51325775180654 1.53536580168599 0.421070169120614 0.544020188432447 -1.55236038365502 -2.72691838458703 -1.49593470217522 -1.21464295320016
-1 -1.19299234428473 1.54923110381988 1.20570038228685 -0.387193380474744 1.69820922145182 0.772264383266042 -0.812367251109724 0.220603864928212 -0.133183240806307 -0.216974783675172
-1 1.18903909208822 -0.664185230535519 0.836120523676847 0.0267371102529468 0.922020924834059 -0.319608514283279 1.78072150909666 1.38658981697566 -1.22915250806826 2.08235556616003
1 -1.46176348313280 2.11762167851182 1.23227876205788 0.997076076986873 0.275683407146741 0.00732682325179433 -0.954863644986513 0.079579305663683 0.642252801875336 -0.357554260820020
-1 -1.41993928644655 0.752646624875326 0.173013217724155 1.26764172050776 0.620749935608435 1.64910640978588 0.329139708908821 1.58786772676434 0.936146872697029 0.7616552166067
1 -0.574168424661125 1.02927398002469 -0.320515840225334 -1.06547512924492 -0.790605198926575 -0.487878380997465 -1.33127706324589 0.126119661197367 -1.77639168946265 -0.238182804627392
1 -0.785191237899979 0.687734728848207 -0.558343259379151 -0.873614975975209 1.38408539259619 -0.460313801416016 -0.211175262442139 1.06134676423143 0.154731638039963 -0.780019143401261
1 -0.309837357107501 -0.181451051323606 0.618535447389635 0.558645846643484 -1.29730641587698 -0.371437672829313 0.188035057455219 -0.0881993830718472 -0.623680831696627 2.01991735944396
1 -1.10319783594061 -0.487284281000469 -0.918001320803156 -0.75495278665353 -0.130908599441924 1.09422705614036 -0.128195256859520 0.875708566590338 -0.448743478893518 -3.07634273214781
1 -0.779378206763971 -1.28642562335194 -0.93268110776655 -0.307891824856559 -0.304214694607795 0.532546381383263 -0.478987856164326 -0.0857132117176548 0.934160314823227 -1.07569846125489
1 1.23724120634519 0.813203625648748 0.129537262141958 2.22612820718650 -2.70402579903028 -0.735526162197189 -0.461832088517451 -0.755092419310702 -1.13538022622622 -1.04744232082424
-1 1.09831967855355 1.43955982940199 0.801538581756653 0.70693184529089 1.06050716966481 -1.12619781042179 -0.227895809714101 -0.658149165619226 0.528591982901195 0.437070780402593
1 -0.206518064379278 1.27958043775591 -0.223696614202887 0.383256897206268 0.117772377053985 1.32271199821226 0.273219678031495 0.388107767976651 0.0437875624464752 -1.68155102068041
-1 -0.49430272812636 2.13803797063102 0.4873010597648 -1.08000987552693 -0.767012242342808 0.214323764736329 1.60309224337433 -2.16229490787604 0.715103641078166 2.78022726362756
-1 0.882620068293278 1.64869625064963 0.602574204525401 2.77836351343203 -0.23572056068459 0.719209303654793 1.45560502000052 1.65323917262727 1.57434279527478 -0.445372637751158
-1 0.312452549559651 2.34057271659846 2.450059737267 -1.31096867200455 0.49703071527444 -0.90789039998764 0.437705047097894 -0.083141067068707 1.06065826526875 0.181271633407254
-1 0.573600966033547 0.0774524001458284 0.822220108394041 -0.846722996318012 1.28045048935865 0.602610227556954 2.22960006817075 2.69409563827301 0.486191158062503 -0.506913537013876
-1 0.0708531429877797 0.681303734340272 0.82685244094073 0.90367643943878 1.13736101525001 0.865379581635433 1.4026248183694 1.07754179669886 1.42287607483872 1.06992162922783
1 -1.13341311693375 -1.95898127260616 -0.840324111181123 0.0498013127144232 -0.848126808182917 0.347260967767628 0.679544941512092 1.38881404687450 0.685584638682765 0.552060947138489
-1 0.427229697704544 0.613249316519045 -0.293637480575652 -0.00569314375859586 -0.246508060882646 2.14291385053942 0.139576732562968 2.25961643870656 -0.138386399320705 0.773690060903274
1 0.439054803472175 0.160188594882796 0.575372817126224 1.56125691413041 0.0177585268612422 -1.24350866024532 0.447694372104264 -0.381778330200334 0.966615559637223 -1.11782530990811
-1 -0.135905815088949 1.95205794911942 1.01845460672192 0.15949968531709 -0.094582542535912 1.3003938169383 -0.194995640683736 -1.39359454241076 1.76718096342063 -0.796986937180528
1 1.18172122963899 -0.183130739452811 -1.0878515760575 1.201236095661 -0.254090615175834 0.500251258437227 -2.21808499638672 -0.278212261862419 -0.0250731287431721 0.076272270855557
1 0.515270058880247 0.123105933411431 1.14564505889912 -0.256930454384495 1.33890823221467 -0.143861729506261 -0.436960387672295 -0.254624888975849 0.782457524662426 1.24572088777634
-1 -0.25375207976178 0.531028295887711 -0.778101033925356 -1.68294837631343 1.45771649994365 1.26514844339882 0.330433628560253 -0.653931827307807 1.82301520067321 -0.348284456543877
-1 1.58263235857084 -0.354691826286763 3.94018453898661 1.15903435124136 -1.56917144084090 1.12859952949435 2.08538053344006 -0.254842031195750 1.55012123560669 2.37590784112878
1 -2.01947210861827 1.45839173209806 0.203269290568145 -0.14750013652752 0.679286060276586 0.264069885655490 -0.00151301632374628 -0.274107856055853 1.76479435793942 -0.202005819961149
-1 1.22806977491511 -0.102092649095471 -0.581380230416497 1.08837038125742 0.262292681325762 0.281630244885796 0.405413381318552 -0.0977757639283792 -0.0420586100682111 0.82417893956166
1 -0.348845503259671 -0.201317428917657 1.79433231970029 -1.07656330733528 -0.412779509212889 -1.31871006538231 -2.55914204823648 0.912631758999317 -1.24973840427258 1.53497880614474
-1 0.0104235753248423 0.764151970621138 -1.08098249078260 -0.598293940095271 1.32559894713698 0.640981318221905 -0.474579249282884 -1.02121778514756 0.365733183723004 -0.0687908567991584
1 -0.645981049632797 -0.230009904239249 -0.434735361341033 0.116696454417210 -1.00401647706707 -0.0435913031726918 -0.067747238611533 1.85107153894313 0.158242531327866 -0.303253075156921
1 -0.291166516277563 -0.466832728258981 -0.284008755491625 0.460705171498064 1.48954453393788 1.17041247750293 1.38770678609515 -0.752510269450154 -1.20188931779094 1.76436251998292
1 -2.29475250931335 -0.281351212221728 0.954945463336467 1.01357233456748 2.23653499024876 -1.52701949953482 -1.31540253785499 0.93061234865937 1.29761132330265 -0.98075028142037
-1 1.54975202894988 0.197507133542714 0.943118413847686 1.64857493675156 -0.0511759219912682 0.926264371595984 0.874372680646634 1.00260547577726 0.384188697489585 1.13600460926588
1 1.57173976520494 0.372593867331788 0.180575208207719 0.201247410654285 1.08205934208614 1.03486837274188 -1.05455756474506 -1.52184134772207 -0.246184020015035 -1.08519043920599
1 0.514592132907405 -0.132302600744730 0.269352467028217 -1.40669089520904 -0.96379986179948 0.68061340797106 -2.82551196502242 -1.32514516918598 -0.264022547705680 1.19489038068057
-1 0.315599011852443 1.19286758095974 0.505621837778846 1.61531647304744 0.512645966914573 2.09339434869724 -0.239361987700273 1.16979134913630 0.69669972737022 0.280834148637289
-1 1.9263479026529 -0.887326034495152 -0.336934553979131 -0.367465779799433 0.464704650083487 0.479599547067481 0.63153334109726 2.36695567103306 0.0073176861508214 1.35731820705488
-1 1.38093674240573 2.64272047511591 -0.826437116868321 1.1533583810547 -0.0399444581856815 -0.494252298717342 0.764553487215568 1.13321171261145 2.62516976280101 1.10554039136799
1 -1.73314196703104 -0.940792890529538 -2.36355704732528 -0.402142115190718 -2.00754016272727 0.0840720696217449 0.488737831202516 -0.0916009472840213 1.59325164158710 1.07547488615738
1 -1.21059068160801 -1.03080553380861 0.0240102847783773 1.43089741535995 -0.587745734093009 0.496949121775888 0.15141778518003 -0.0110023113246324 -1.35162771072868 -0.723111235762173
-1 1.37142946580931 1.95056515186056 0.726727082758384 -0.588794238259007 1.06370446100536 0.794247926212912 -1.38778108371965 1.59723991840540 1.30739714529824 0.946764242031527
-1 0.385818286580528 0.262173442300430 1.03558800190491 0.488861959815326 -0.0607585388234405 -0.364037323149953 -0.385860006140273 2.82858545321872 1.9292376030488 0.393615012530127
1 1.26845026440943 0.0543960538418135 0.938301224576766 -0.133109942270768 1.27651510635711 -1.5446326224134 -1.05933938419309 -0.62331975797982 0.424809595509089 -0.431783128816544
-1 -1.07792052826286 0.0249886491593919 0.668964383148244 -0.572798277684958 2.09480532031197 0.262387625130067 -0.439115839695612 0.824371042290313 0.513459943067448 1.34433097560449
1 1.15479166750047 -0.395155954571978 -0.0217833273907540 -0.570585100762828 0.532218315667759 -0.531449459150311 0.233905073642769 -0.432945952648292 -0.410588503616268 -0.366050641103081
1 1.30486475803284 -0.598211056382887 -0.87768582557579 -1.1723326293449 0.464379469321937 -1.00308136056152 0.221147389726035 -0.339096546198650 -0.847956243295793 1.29212422854512
1 -0.0473621930395425 -1.46281829748897 0.0406053034793668 -0.0100097099596884 -1.14101144976909 -0.561613919883788 -2.15619220731664 -0.926768404692191 -0.764746525364802 -1.68927498502052
-1 1.61264050748000 1.72691985516353 0.798259818596547 1.5835453941113 0.535274726318508 0.00858952350017628 2.59128752599584 -0.0490032179733515 0.243771747600018 2.39907653043215
1 1.43697516576153 0.0738740100223283 1.32132026270547 0.690064602478579 0.239927486844175 -0.0715349537803842 -0.329449423175322 2.26780526001096 0.631092572938164 0.208521910836402
-1 0.217862139912152 0.568407750435645 -0.259154218546715 -1.3839570026074 -0.454783647092529 -0.0769782842325492 1.25206467705633 1.59056797264579 -0.690792783013145 0.866423829736903
1 1.46410188641510 -1.38696603853293 0.166921197536778 -0.395069247343369 -0.0487314893143719 0.358887273533148 -0.337063065254413 1.81604590868891 1.02936018633206 -0.254655901799978
-1 0.0906068874358863 0.726869368046825 0.960927735203674 0.391408126658459 1.06454767463573 1.32452675906728 2.73873245742139 1.23370196360113 -0.331642305153526 0.904925782002868
1 0.759854098950367 0.349195152519985 -0.651052720072632 0.233050007431524 -0.252169119231113 -1.53284542076341 1.54968691245346 -0.553407505435562 -0.564721967954676 -0.311763797174054
1 0.0652940905386176 -1.25674592801091 -1.68871176874063 1.20327393603254 -1.09581794515263 -1.34641211185643 0.235580010200291 -0.82027262129783 -0.768939274853388 0.946736941834005
-1 0.761672573319128 1.63210666727181 2.62840707789618 1.55866539461632 0.510464455738231 0.0285654753599012 -0.172577076142285 1.66666825863466 1.86789257905429 0.222280345986664
