60
5
-1 1.52953859398179 1.34376792507015 2.96460126206160 0.830134338855254 -0.404733595793969
-1 0.379181530569154 1.03971732037233 0.518990953599471 -1.02538216848165 1.36059057765752
-1 0.48154327016474 1.22124613942674 1.17177575027482 1.43014810202154 1.72052250704436
1 -1.05644891199869 0.954786461168155 -0.297197828718872 -0.730233324877709 1.32958108007026
-1 0.065186270475341 1.46699583215901 2.93211837311981 1.54829557700482 -1.01574290732685
1 -2.38181853207424 -1.00264967990761 0.6176339565781 -0.502487760407098 -1.60561476890153
1 1.66417937809314 -1.15475029093754 0.857554936415187 0.274741266802506 1.19935472756090
-1 0.399645058769273 2.05961635082185 1.29794102840066 0.216467486481577 1.20356165050232
1 -0.205230942155629 -0.231669814594237 -0.997927082296934 0.276622196121835 0.937452049994398
1 -0.531711574293052 -0.965895058544894 -0.0562257505644814 0.832281185299016 3.03211248465172
1 2.17443978710711 -0.694380602729339 0.160900762404348 0.861095485214352 -1.55460704458502
1 0.364175862131463 0.76580848417674 -0.233273303366265 0.843941747220157 0.729436313534031
-1 1.36362010504005 2.44365222518102 0.692155958050662 0.7706080008666 2.21080858245875
-1 0.293914475390426 0.514589730898574 0.382697716978448 0.936505140151103 0.074718581035126
1 -0.63014995436481 -1.38101710759688 0.809822531145963 0.00684281677443457 -0.601313439664264
-1 1.61064464255556 1.16441844763721 1.24374638392631 0.272621933875743 1.08430175800138
1 -0.338536558507096 -1.15233536730710 -1.52224427392571 0.417285064710781 -0.155627567855241
1 1.42798960202482 0.565740961681429 -0.41722235688858 1.25812139381030 0.931837366464098
1 0.590930779407663 0.140988958074297 0.591400059239357 0.71143435120644 0.613228060577612
1 0.0113091462552689 0.181256952789648 0.546186594980259 -0.598274251156105 -1.11016245713721
-1 -0.57917061334737 1.61092583202475 2.11630923155488 0.848991372949877 0.740725432834186
-1 1.09907040998727 -1.03933213603926 3.89729554028757 -0.299334660788617 2.35892399062817
-1 0.660049438313586 0.770471038504421 0.775918393737502 0.896203275648831 1.87033764773328
1 -0.00220393792738409 1.09490667904503 0.164203322232276 1.17909951324775 0.0219399269920272
-1 0.0230752546396439 1.93116217065153 0.299989460168410 0.635905630935537 1.48696874596331
-1 -0.235091711636756 0.607061063244908 2.07160281029865 1.83464505725786 1.00764724527622
1 1.86197935127160 0.952684718830287 0.884275106521727 -1.69375109162125 -0.462766519509578
1 0.303721109541498 -1.17187993544002 -0.983817617811969 -1.14813117850811 1.00214575138614
-1 -0.220018781249832 0.98046353345549 0.390191479137974 0.804185741948583 -0.445979603370693
-1 3.27902877381036 1.08119793154357 -0.302142150912387 2.35037537376911 0.933645872439574
-1 0.893517510700683 1.10385211239009 1.72407204557463 1.54737147929467 1.80560428207345
1 -0.858564519092937 -1.03054113946573 -0.529975399092367 -0.202668956723114 0.275738722425881
1 -0.310441552277264 1.26690240328098 1.86346881440513 1.94142449961050 0.95113238543773
1 0.0595703845246908 -0.85033061086084 0.492961106592997 2.17881830823628 1.35290146945218
1 -0.619728948426308 0.115895078131069 -1.95434073853703 -0.22186593815039 -0.606329200151341
1 -0.57521986760478 -1.11084097146663 0.070780967344808 0.861478360983445 -0.997014056054627
-1 1.37887025871598 0.575408001604866 0.837726212639 -0.0718438609005893 2.17464154943408
1 0.078633677065194 0.00776411830251282 0.271408285819478 -0.431710944468721 0.810289945572088
1 -0.66152136612075 2.11444525001336 -0.458325282543952 0.148766651504820 1.6609649747989
1 -1.08926444758573 1.39801863131997 0.539528036350726 0.195844524120009 -0.200489154530225
-1 0.42352170590917 0.0800704438206902 1.83357044372358 1.16662298538598 1.74123095261613
1 -2.13511200422478 1.13173700010122 0.225641428490271 -0.348656798351968 0.995065434879802
-1 -0.0387106514248569 1.51064127701623 -0.349967197821614 1.14403855657788 2.21959181843586
-1 0.373336538027102 3.27768125084448 2.19567254816957 0.0690034652110639 0.45073140269788
1 -0.0660282081159589 0.525582277764368 0.717011969953214 -0.538612531989486 -0.470994022976414
1 -0.148944265052193 -2.17552695459974 0.377341885857336 -2.49219098087505 -1.54287068943153
1 1.36861322902755 0.542124217594803 -0.797499078572273 0.213538490085388 0.954376083857675
-1 1.42930155987353 0.221503203447286 3.31519392101064 0.0496858179767731 2.41214178149261
-1 -0.378158624334629 3.82036827218275 1.56763668467067 2.00834497036884 0.823226276536458
-1 1.07713015874525 1.09954333811070 1.01750428045264 0.317669091980642 1.0873800238251
-1 0.0748821135834359 1.98660941151933 2.32782957070672 0.30456554842523 0.905131319570479
-1 1.81478535535563 1.20086155288103 -0.653367028595727 0.25403703788012 1.2558046644468
1 0.750429064427493 0.856278348462669 1.11405226611274 -1.40922987194510 0.78580302898334
1 -1.25259603405891 -0.79590528390568 1.81563663282566 0.997362871036184 -0.627965052423868
1 -4.77489539945295 -6.69064515640154 -9.04419081700033 13.1353652719725 5.75563863245152
1 3.30792083340590 -13.4996470240364 -11.0860460144330 18.5674707028322 19.8772528317188
1 -10.7714474626716 -4.3085982606091 0.558034277063513 -5.89295969691333 -10.2923708096403
-1 4.7274842269734 16.5730601877530 3.46910283532157 -0.910856975886086 6.7169058026225
-1 11.9501246752801 -4.9622256421331 10.9322067277694 4.88100757255785 -4.08158087043401
-1 -11.1161110186879 -0.258948967857693 -16.8877379098473 -1.12927302347705 -6.65240692797275
