60
5
1 0.600400940551542 0.226563450145243 1.11661704226737 0.342914145921757 -0.156754793162810
-1 0.0175758414302915 0.936265501100165 1.19455050773973 1.62402969800025 0.324978696256067
-1 2.26692018835120 0.177024710795612 0.228656458880617 0.426664454176838 0.582476807938481
-1 0.521846969312678 -0.0908491347992688 0.444584164150781 0.768829817976255 1.05717785313318
1 -0.0683027272019578 0.970450924602858 -0.380797356765421 -0.104153366862979 -0.156625318094044
-1 -0.328328089605196 1.43440810616091 1.04739289883833 1.02886574324496 1.15641705496762
-1 1.24840196485891 -1.03034421339552 2.18270965256569 1.76257667773633 -1.70789615618305
1 -1.69477696150481 0.00115684208710023 1.38029605187981 0.835575745631334 1.24781958801749
-1 1.34579964287462 1.82324712194093 1.83846642645792 0.462907008015438 0.837253994827046
1 1.18037384772725 1.03833001894951 1.12884533800469 -2.35443731213171 0.0713787593108955
-1 0.0905038727498922 1.19606140222395 1.10962525255891 0.695616697762891 0.0765939500589413
-1 0.78789634500724 2.39709069133350 -1.26630973416432 1.44287377737171 -0.622958338282593
1 0.0458101230583493 -0.752628835301963 1.69317809635287 0.416784578274275 0.539776025830145
1 -1.22297684641746 -0.785623903011241 -0.156896847079456 -0.872185697021952 0.395674366629980
-1 0.803161554119856 0.885430299965062 1.64604761396216 -1.05037044029339 1.21636126625155
1 -0.944075774995074 1.99287734854292 0.568123479723007 1.46954860005504 -0.392884689840482
-1 -0.656146180051857 -0.39662957425121 -0.377381298891938 1.66772222122035 1.80776993040942
1 -1.17711389477973 0.0162181197126915 0.623665306169157 0.41520781506354 -0.180011755936205
1 0.272107712238694 1.19557302497653 -1.13296893012377 0.515361085094673 -0.767947391561489
-1 0.606938323980758 2.32015891472999 0.374615872733520 1.50636438384778 1.14622757624234
1 -1.10832158911109 -0.990939863904752 -1.25370984410140 0.824159172232883 0.0611730460669805
1 1.47638147106938 -1.29824549830715 1.44778613271464 0.651538022641383 -1.30551087108421
1 -0.240099599991678 0.593902933956907 -0.691233621487861 0.49710745139047 1.29764669503083
1 0.77440219166243 0.67312688499077 -0.269379261477627 1.55421326741975 -0.527449740588589
1 -1.00754717927799 0.175205609937783 0.612831238832765 0.999761894612285 -0.444864733004922
1 -0.742360398675119 -0.190164829466133 -0.111166057778679 -1.59537684458421 -0.0888022702144056
-1 1.08356249719509 0.549942260548151 0.410167991796414 0.588246262413249 0.536050848278411
-1 0.163104912605901 1.18678422516941 0.772467024476211 0.884971389282754 0.671583764220135
-1 1.98376806010740 2.27813213266925 -0.376480232302033 0.857502531564858 0.679657513564832
1 -0.215520410762281 1.06881888774541 -1.68636345001817 2.69420174640301 -0.297131158360061
-1 0.601894016171468 1.38154576937352 1.23997174189414 -0.377884319106332 0.212478786926395
-1 0.154825862068703 0.280840598270251 0.643108204112623 0.91328225896228 0.0795862170441204
-1 1.63637991204302 1.49410043337909 0.82113876086709 3.18734695623865 2.55036329582055
1 -1.21674810777869 -0.321657881490831 2.15352123352063 -0.0615089457822688 -1.97825051239971
1 0.460844777189950 -1.91227201977301 1.34938737788842 0.55337439939034 1.12911604598463
1 0.614780715018592 -1.20876388703863 -0.473723025205274 1.83368452317448 1.19880888354427
1 0.175924973435023 -0.365850209299552 0.221079590385355 1.49385341387021 0.766822202776668
1 1.24201218249861 -0.896388556305362 -1.47921782129197 1.68692763022734 -0.874262179219694
1 0.0550140234121153 -1.30661150358414 -0.406925492612863 -1.4989869801062 2.71029967249916
-1 0.783044236484729 0.175754280479765 0.368192048303257 1.07242102520836 -1.08121673638006
-1 2.5740146898281 -0.182289911239408 -0.156202338039210 0.967427077008502 2.72787434377598
-1 0.869719807676498 0.742054742602794 0.859147734109734 0.573352044102225 0.311279136075142
1 0.750689464174634 0.501267441545649 -1.32017770702781 -0.6186836876487 -0.553505974984267
1 -1.37352489846322 -0.472802868526879 0.515779851761535 -0.180736908143113 -0.721728136433153
-1 2.10144092141079 -0.534063166957265 0.524600692888604 0.135980578793852 -0.80646233151542
1 0.639959801063678 0.264873552614422 0.308920071195564 -1.23444820197253 0.40143125714334
-1 1.15949215380259 3.40602238018113 1.15676742272675 1.08816737903741 1.03579600402077
-1 -0.618286768361238 1.23036143983967 0.955287292670524 2.47613121676433 -0.678151868125663
-1 -0.295353628416463 1.28732977360042 0.641298132315459 0.448502048247241 0.763543780482883
1 0.389070710939691 1.54665212719134 0.723392652332407 0.518360211886013 0.698077055639267
1 -0.378009003307577 -0.395475649945956 -0.359572586912217 -2.71088114286459 0.826823288282582
-1 2.22104026387692 0.644217934483598 2.22727219146834 0.8515463996382 1.54984483401389
-1 0.0171585998251625 0.194567052104543 -0.321232022070684 0.528491221122877 1.19752997318701
-1 1.53148686627752 1.76853253984935 1.37797889004046 -1.44329148805291 1.20796429247615
1 4.34196920322309 4.58507452786066 4.43226887510427 4.37904607674083 4.37402927506783
1 4.46637489931013 4.41867430083785 4.43051990158884 4.48742598394867 4.61408601130935
1 4.40581753545384 4.40213452181135 4.35782369159232 4.27470712895261 4.40780323975955
1 4.5314506704233 4.55629725883220 4.50020809946492 4.47433053954919 4.47885724641221
1 4.70845250378084 4.42657585549554 4.40552615948102 4.54191788718258 4.57277916434432
1 4.34239581555101 4.63771004002648 4.58914189687862 4.5820271746892 4.53728700854945
