60
2
1 1.36095841225058 1.94888259224558
1 -0.694403254621663 -1.57410923487439
1 -0.439933981381929 0.282026929327281
-1 0.377497765268102 2.81162421628818
-1 -1.11960117250126 1.40107062416428
-1 -0.138204890324588 1.53246521723321
1 0.100467669116740 -1.47264887246647
1 -0.050099261286303 0.122354721426164
-1 2.96180528951508 2.54753340766271
-1 2.89543349680885 1.38337897137513
1 -0.187434112604120 -0.439104013647669
1 -0.304486705941469 0.271623191251591
-1 2.18100242150437 1.15341966850314
1 -0.0531069795171685 -0.648563822005668
1 -0.291932388073608 0.975519275513167
-1 0.00165077204994701 1.04936809230641
-1 0.718989431281294 1.60410837531478
-1 0.220632308246814 -0.365230201666265
1 0.0513102817901894 -1.29020546248678
-1 1.46830156280885 1.72167659329461
1 0.212987218869574 -0.675963286312754
1 0.987729494438909 0.153211811887497
-1 0.911952051670833 1.04234943509840
-1 1.57490612440878 -0.371914573973545
1 -0.116002900616008 -0.778663254855654
-1 2.40944612511482 2.20089683761863
-1 2.42885824749644 2.39332087712381
-1 1.82053872045386 -0.000966559704253411
-1 0.847599449934662 2.14132645096436
-1 2.15423497532774 2.59231141546228
-1 3.29287428298508 2.78198431727101
1 0.292071955410696 0.0400064000484858
1 0.513774491890652 0.365041545311128
1 -0.613778162154198 0.641022319151695
-1 1.94626985060578 2.3022481148472
-1 1.69519092182577 1.88931270327729
1 0.259366233739217 0.407367823185802
-1 0.832592175032479 1.88167004375763
1 0.412430977446505 -0.801063961868438
1 -1.21862322939341 0.422992510906943
-1 1.16921698579814 1.47232852046471
1 -1.15536200023055 -1.27129766797593
1 -1.17159523914769 -0.767623956150429
1 -0.426256481435314 -1.55969797638623
-1 0.282507889961939 3.00525047617549
1 -2.03867912192656 0.146960656154741
-1 3.37561781987543 1.46860989470082
1 1.15381287356962 1.21770906709874
1 0.68672095615357 0.838729090830676
1 0.124920534976728 0.522125527160353
1 -0.344131718498967 -0.666636130908318
-1 0.446706288373249 0.915322120210942
-1 0.675984133368867 4.18467459480507
1 -0.0786834456664642 0.0944566427552617
1 7.12754097243226 7.02306125199707
1 7.00892449270901 7.08137413087589
1 6.9883892513304 6.90397775703704
1 6.90919001886443 7.0308385879667
1 7.20664019619403 7.13365971885863
1 7.18282899040151 7.05653401662981
