-1 1.7388145584896 0.220832557630675
-1 1.86373730429905 1.58738114215299
-1 1.26340638062503 0.109031345490341
-1 2.08844600597918 1.64679187461025
-1 3.1467294536484 1.44854509676710
-1 1.17866293123212 1.97627554948942
-1 2.62496334563752 0.869462361563232
1 0.609869107372889 0.508716932479442
1 -1.28647297839915 1.07662268967057
1 1.17922036887161 0.823550080454636
-1 3.69526878769636 -1.84624758545689
-1 2.4989902328536 0.838309571866917
1 2.64332376400953 0.0104594396732515
1 0.86330047385097 -0.509568539364887
-1 2.01744839727555 1.14539338140630
-1 0.631035523229078 0.870344790203052
-1 0.800458873778324 1.50301779697616
-1 0.634645946995223 2.39945241559664
1 -1.04058607588151 -0.327244628242423
1 0.0983626560117254 -0.805792507534823
-1 1.98418633219369 0.946228941170326
-1 3.24654315199271 2.09904095075434
1 0.00620764639589331 0.53948445874326
1 -0.895950087003266 0.978678038576074
1 -0.343925209440783 1.29140150656843
1 -0.231369488821851 0.667139797142653
-1 -0.324851931446099 2.17949119569650
1 0.977748423785726 0.349954771402482
-1 3.54480870146216 3.19556328410997
1 0.989645481861524 -0.761191310432059
1 0.231639294403892 -1.52111974923261
1 0.665998271537561 -1.13277653466428
-1 3.01052880378244 1.07531624769025
1 1.21536236098344 -0.300417282920663
1 -1.74317742716867 -0.988782316191578
1 -0.261171692803946 -0.224024908572992
1 -0.0500631281300145 -0.857286474035124
1 0.431809151957643 -0.00167510260950374
1 0.105618658612468 -0.669978417404942
1 0.0436785923009106 -0.265932689924133
-1 2.42099546247663 -0.555164834643234
1 0.569966858948636 0.0397272693201202
-1 2.74739970375158 3.57133309119373
-1 0.587333603590412 0.909432040314021
-1 2.83015674001804 1.09508081332610
1 1.33891711059082 -0.476481643000157
-1 1.94259179420166 1.38793966407973
-1 -0.0641160062979158 -0.0592127131844133
-1 1.43704411656788 1.57864653402729
-1 1.98026214946638 1.46270214306202
1 0.932083351170114 -1.00326259601193
-1 -1.41095053538391 1.49556289797176
-1 0.714748892831374 1.32352840778578
1 -0.281993752630143 -1.46644344476321
1 0.360258627639292 -1.66818636965493
1 -1.11171027339011 -1.81656862497557
1 -0.677182404763416 -0.928409769036838
-1 2.61987481482166 1.81796396084498
1 0.60274682782729 -1.45444988723909
1 1.30030564279996 1.84115495784046
