60
2
1 0.676105177697956 -0.846545222852354
1 0.0880968157199605 -1.46470386766635
-1 2.07575869347551 2.11975007644401
-1 1.63201038579274 0.643645550265076
1 -0.0203195325203733 -0.599833048257739
-1 2.52467980935631 1.76277052543036
-1 1.17809890580545 1.20466065980182
-1 0.179333538394497 2.12925217055637
-1 -0.321568562444090 1.74633863047784
1 0.807105339619106 -0.567927348891393
1 -2.77860844612048 0.286550864996886
1 0.234870582180696 0.832251587273327
-1 2.03397797792501 1.07524794818305
1 -0.435429165089593 -0.179178480992857
1 0.0304674843646293 0.109064980437348
1 0.302668397145010 -0.267390194295911
-1 1.59220380434016 0.983007742267119
1 -2.10379256962986 -1.39844964932581
-1 2.71450798939854 2.78830616479322
1 -0.578381636306019 -1.17985656401658
-1 2.5917844996775 -0.193826881062704
-1 0.588188945063083 1.17353579732420
-1 1.84506955242662 1.01294784912162
1 -0.328752214761303 0.195289177840627
1 0.0301447365015824 -0.327186843852884
-1 1.34204135770168 -0.471943267165666
1 -1.41498453996931 -0.600372910596603
1 -0.434378039301028 1.11553223116765
-1 1.88020785431550 1.51511598534542
-1 0.858460097375145 3.33140070616
1 0.495062390109402 -0.218483222326345
1 -0.153463648987229 -0.525549876823115
1 -1.47146614703102 -0.543203537840896
1 -0.202488950196279 -0.29125573041029
1 1.66394599585474 -0.501982164237984
1 -1.08637977963056 -0.123800288542062
-1 1.07357730293056 -0.484427070929136
-1 3.1874509217165 1.67143719453890
-1 0.968477583187245 2.28816909343591
1 1.04980234915072 -1.03086116683506
1 -0.503457799328229 -0.0934429859110273
1 0.0770526130732096 0.941968877881346
-1 1.72406758606693 2.95828583630222
-1 1.22557206191054 1.61591714323093
-1 1.34164036076226 1.76266469812727
-1 0.677541348538188 1.70691278811633
1 1.66725827397366 0.566859490792145
1 -0.320290699676297 1.35943663930104
1 0.582170832776185 -0.281657124221956
1 0.593596588886656 0.755648418820606
-1 0.8219351602891 0.444170872466338
-1 0.291438640996127 2.05549660140074
1 1.65196345108938 1.91587069817273
1 -1.13818163665386 -0.523110614275474
1 7.12078950028041 6.9596561176106
1 7.09762600497875 7.16217405482843
1 7.17788862973529 7.1094524167153
1 6.98689372074516 7.01417830542587
1 7.14106227879503 7.24402745360887
1 7.18019574368672 7.09705033285322
