-1 1.31107144633191 0.988278983199806
-1 2.43989630275485 2.33402863268822
-1 0.752253941851577 2.25714130836974
1 0.635164095722913 -0.64615058830903
-1 2.56890550015206 2.14271606318835
1 0.837500947486447 -0.893837166137133
1 0.887374231796373 0.502033681067774
1 1.55923774933585 -1.06149069267754
-1 0.0552071186619503 1.68879288534671
1 -0.498788707007317 -0.109705284380442
1 0.011882594303791 0.97545973421411
-1 2.8371358050629 3.41295431229305
1 0.982314004387363 -0.255680044070627
1 0.80763041450273 1.95183788292836
1 -0.818926483677927 1.76498650447048
-1 1.53635486747317 0.342290340480674
-1 1.72571041203363 0.829790113077828
-1 2.82945413781027 2.2476427534906
1 0.764770700083179 -1.13503721135526
1 1.11600954714284 0.178522205032391
1 0.517692293934527 -1.20452491613871
-1 0.885088464017475 2.04615773969657
-1 2.65361582293073 1.92430468441471
-1 -0.391835776479144 1.87416711749585
1 -0.654680482279072 0.0995010530134638
1 -0.349463717320663 -1.13630384253198
1 -0.510530335679263 -0.130826283395594
-1 1.29500859007138 0.608799466147701
1 1.31520671690242 -1.90188328595544
-1 2.0857064763278 -0.00146656617460916
1 -0.883824839226193 -1.82605909412176
1 -1.62865123229248 -2.67737103518716
-1 2.27297147710423 1.11063039516472
-1 1.83583403912442 3.97978758377209
-1 2.92704792683226 1.69638013800438
-1 0.253926902000813 2.95187075615995
1 0.122850453194784 -0.258904789953718
-1 3.31286964046538 0.650520451460188
-1 0.586641541894892 -0.48731218610196
-1 0.387680589771034 1.73248967337404
-1 1.84002960850819 1.21121848900496
1 0.486157920377832 0.645277751421555
-1 2.02762554245478 2.30908747590573
-1 2.21762521058646 1.29811763930427
-1 1.40150477481389 1.88321723397692
1 -0.0226041486773208 -0.75992735533289
-1 2.58996016843367 0.781288955544632
1 -1.83803183746555 -0.76717540505706
-1 2.09980778441674 1.56371677696914
1 0.191361058120311 0.448052379058468
-1 1.21772941304104 0.862435393794827
1 1.92584397503174 -0.340596179561749
-1 2.65001044926776 1.63537863234461
-1 2.19647297384123 2.87516553687185
-1 1.04245768961080 0.874583422242771
-1 0.213600054763781 1.78061587254899
1 -0.350890784493982 -0.54246462793936
-1 1.22340687493489 0.423339487966561
1 -1.08931446684470 -0.480501754640666
1 -0.833886369525841 0.428688000108316
