-1 1.09008403113911 -0.425794246116088
-1 1.02554949875219 1.91548594797750
-1 0.293853778908647 0.508582792400839
1 0.558103091390066 0.0688718931126862
1 -0.389506815075225 -1.15693467209827
-1 0.948034569281705 1.28587278928495
-1 1.76329851681830 2.19389241939166
-1 1.55541475425172 0.253003316022496
1 -1.05997264875902 0.471314758760039
1 -0.312903720814096 -0.443374077733605
1 -0.47477156989452 -0.705247169686909
1 -1.41219492627909 2.25018796200405
-1 1.01796502301255 1.95010715363593
1 0.629078958663222 -0.483366870130497
1 0.59935792308576 0.279263561403258
-1 1.69968727343817 0.949371552347843
1 -0.116812024886354 -0.509626459993298
1 -0.0323389570859546 0.0613561106761452
1 1.57610885967714 -1.90850803975694
-1 -0.632790915968605 1.68808935607245
1 1.70085093178499 0.172240558621915
1 0.3431332566878 -1.02707485848578
-1 1.63452009312119 1.23063744719174
-1 2.10168615634304 0.764891001713755
1 1.15103083441519 -0.787073861293298
-1 1.96200597831677 1.21172783587939
-1 -0.116707703272658 1.20932006519078
-1 1.11800609911256 1.21291144733833
-1 2.21084505128489 1.36416206311874
-1 1.01055882090359 1.89956751201619
1 -0.620002073367365 0.875275919835135
-1 2.25083078805586 0.108888311695275
1 -0.232335458234307 0.473548404482827
-1 3.12836548769435 3.83938765900963
1 0.736891292684643 0.378538694840345
1 0.170148325948412 0.126992339632699
-1 3.08704877803887 0.796665298224773
1 0.364199014796804 -1.08324111612664
1 0.0433322212094048 0.260091693844397
-1 2.00634769685728 1.88000982347298
1 0.863980530267022 -0.0543005646505
-1 0.0869629783084884 1.01605985578401
-1 2.57843299871179 -0.171903524064304
-1 2.63217411320799 1.45278829262135
-1 0.855913405171156 2.22748106056084
1 0.401509295573206 -0.846612696865456
1 2.12832462993772 -1.52783780637438
1 0.609572293592756 -1.47625131546843
1 1.04048634085914 0.839440477970441
1 0.333621792894122 -0.284187912574781
1 -0.0407058857972041 -0.0371862563310087
1 0.0737785585927834 0.124514221871130
-1 3.13219115613286 -0.503570133921353
-1 1.88536735703124 2.84016871808307
-1 1.60560907919726 0.806099740274755
1 -0.182033177430497 -1.03164014128514
1 0.0676729075241685 -0.421353296431347
-1 1.16401158166604 1.23967788390513
-1 2.40017324808122 0.723959468789695
-1 1.32898636765766 2.31154347862513
