60
5
-1 0.365868721751658 0.373522448315829 -0.301523726713521 1.20671114035620 1.70236295079916
-1 0.65232617778614 1.01678465206379 0.724811004254072 -0.577637890354306 0.393026645929036
1 0.953855703322695 -0.382301321686323 1.65433573297670 -0.602690984313800 -3.17668056254442
1 1.57545780188413 0.101648424676086 0.428991962104554 -0.867892013074234 1.61306278157129
-1 -0.102580451274763 0.679142977213337 0.5901149930829 1.29148485425814 2.95312480645766
1 0.358751919949166 1.76969732547871 -0.126410098218367 0.231865185164541 0.541137804471956
1 0.39504687849108 0.49941255655529 -0.248883152737408 -0.224998371971047 0.547366179340409
-1 2.00825102581619 -0.122542911590552 1.35802374206711 2.60597476574207 0.776192092327674
-1 2.60534653439484 1.69156283932931 -0.34562560449804 0.932154066954508 1.20936453941537
1 -0.242887666276824 -0.205072870272236 -0.844385970786446 -0.747725806764371 -1.55905620319724
1 -0.57935294604856 -0.67641215133176 -1.30125944664269 -0.298661176581508 0.173163154088673
-1 -0.514987858486542 1.98612443047053 -0.916382517466625 0.16093940721248 0.530473051417101
1 1.83702538078596 -0.249304088760927 -1.09271194146732 0.487372504521428 -0.586764958620973
-1 -0.42554931512556 2.31962914353013 -0.429448788659306 0.299794318660128 -1.77524491658942
1 -0.518927658879743 -0.568047959032716 0.706233619318989 0.133092171267978 -1.13932801821577
1 -0.330724497603087 -0.253803718510723 0.666652350089846 0.522793382185125 -1.71144464918902
1 1.15175749031959 -0.403171924167152 1.92928652580512 1.15236490028129 -0.405090694631506
-1 1.19115750144907 -0.618359262381088 1.14854335556641 0.241701891993011 0.289205444756267
1 0.194340003253031 -0.0663542331650451 0.0467181534159171 0.217398348506115 -0.812853905802634
1 0.0918065023052827 -1.08744389686880 0.93707662707653 1.07982707929447 -0.260415601364360
1 -1.53657915324819 -0.832423405866507 -0.706110358700012 -0.0868870018306366 0.739159889802928
-1 1.57969424145770 1.25577809315040 -0.209749095521011 1.35356811748040 1.00076905388712
-1 2.19643331738057 -0.0149504579985892 0.609826961455994 0.674750452498481 0.82506811250218
1 0.50358899791569 -0.160530298825941 0.0920932067761827 -1.16978368871864 0.0180050239033485
1 -1.22319672992973 -0.262780514622214 0.580916288664876 0.608241021313709 -0.210003322579414
1 1.27626860666258 -1.40526522456902 0.0226953088524265 0.584261968730526 0.793708399847375
1 -1.96062142691483 1.11877521810645 -0.588741574724276 -0.380982917595286 -0.19074115237696
1 -0.997980609191618 -0.551943378864979 0.99705838700784 0.859102099962305 -1.53453209369997
1 -0.0115578791761105 0.0319739083988807 -0.42323289290236 -0.067054145233422 0.731513939749414
-1 -0.659044667683485 1.32424360995153 0.778514234793187 -1.91578452291121 0.573544529214260
1 0.146618839394448 -0.565778180373949 1.7614679811779 0.745314618673134 1.04642644532295
1 0.153470722616318 2.29140030097489 0.251728487969022 -1.33094378232885 -0.736375450775559
1 -0.938364116702965 0.145001753194504 0.697976440753841 0.497636987286257 -0.0855749398631888
-1 0.274261497874881 0.398910266797808 1.17415093729022 1.41179908208849 1.02043216820026
-1 0.166640257493958 -1.32335886963879 0.731329251229968 3.09997078650649 2.22182712680519
-1 0.625701152263464 0.0561470047612223 -0.0879221367421731 1.30479667734374 -0.0559675186370477
-1 -0.452564505479227 0.287286343828378 -0.526791999036762 0.354325887934852 1.58738763103275
-1 1.42838161002022 0.746261927183208 0.35602388406475 0.0120332611378242 2.43967036661484
-1 0.945729623731953 1.55463268717928 0.72684413592045 0.334579594268100 1.11507940509099
-1 -0.783466773819797 0.92611706622664 0.562148649913615 0.714000873492598 0.752655433893593
-1 2.06710112355046 3.20391278583947 2.03312315912824 -0.186860265864234 2.17415305570143
1 -2.02535475303009 -1.34786262819136 -1.084153335918 -0.211283405980786 -0.479320348689954
1 -1.50479100866033 -1.24507332916155 0.102320732970719 -1.05995601315071 -0.300664695256639
-1 1.39370672031718 2.89862271101457 1.51864198362398 2.96343658272121 0.91344722209254
1 1.33492842506702 0.989094729213843 0.980691909282282 -0.110591527628020 0.361795662290927
-1 -0.36318297482528 2.50496436772393 0.569383324848393 1.17094214799794 -1.23684931221654
-1 0.644107051950877 0.995572213300772 -0.0875921620584909 0.572017759700768 1.09499685932209
1 -0.161991612257922 -1.01345931780226 -1.47632543741914 -0.207241650511166 0.243479791288656
1 -1.31890379931606 -0.0561102115568592 0.114377676301425 -2.22813747830462 0.444731069117094
-1 0.949761609437608 2.68303724916768 1.51832872433107 0.620464022814255 2.02732324460934
-1 0.624532197796392 0.777963289065639 2.42210807701444 2.1283306164562 0.958415452556703
1 -0.790162291219013 0.191117476380594 -0.357553690542877 0.860513620569754 2.71594808231413
-1 1.26029803858959 1.24888728346066 1.72959131396988 1.43333085392391 0.95125359127434
1 -0.298183784914756 1.11399490081030 0.410204410787436 -0.0638184821094989 2.10139932971356
1 -1.33528370379905 5.96020022041002 -6.27070962449148 -0.4811238143789 11.8964873546561
1 11.8439631090805 5.97033615902006 5.04179786897854 2.57479750845068 -7.01239739791525
1 6.05281464424329 4.28914671873365 -0.646410410963694 -6.41742954608593 6.31836358004282
-1 19.1120462957654 12.8308399838267 -11.6733988433590 -5.7286120863426 9.08635873658438
-1 -0.877296220328373 6.87102503834977 9.30549501383127 -15.2997313901526 5.85254652636415
-1 1.03023709979993 -2.73956542040651 -0.582892803471373 -1.07373692964588 8.2762751358916
