60
2
1 0.994244161758372 -1.21922217371046
1 0.252250803397905 0.292031739778452
-1 0.293888109315712 1.67388492262225
1 -0.426347288402803 0.184380711786761
-1 1.43286783708325 -0.579581513997707
1 0.325853593107368 0.11592266994121
-1 2.21437423979135 1.58431118402663
1 -2.11977320294313 0.473681339840475
1 -0.239003088600318 -0.230107689589041
1 2.18360718884330 0.4566885122122
1 -0.746013204579912 0.57705833317479
-1 -0.483601739222609 1.83083598740787
1 0.399982754473989 -0.454320722651139
1 -0.648638328149095 -0.0582454560367439
-1 2.25773535287777 0.701006599608843
1 -0.433184181844899 0.480050608383458
-1 0.377490487597093 2.10327780675551
-1 1.45739779227497 1.59311776777430
1 0.761974020798278 0.834123001328156
1 0.786300396460357 -0.816350277969873
-1 0.194063543105396 1.80134322715825
-1 0.426123345634584 0.675605610792523
1 0.191866800835087 2.53085158430925
1 -0.642088148385754 0.581052701306067
1 1.41131447867559 -0.332449646075021
-1 0.67303867129949 2.46143606776212
1 0.110134581910574 0.305826025640074
1 0.5042397553432 -0.246661694479406
-1 0.888935441148997 0.701583593704428
-1 1.49434035818939 2.52662153218972
1 -2.06507086589883 -0.0874085449699366
-1 0.988798656050143 0.315545441484805
1 -0.991741034434763 -2.06322391970105
1 0.117917593901131 -0.316151164602591
-1 1.92754227661990 1.56461178195681
-1 0.461223659005518 1.80060241768025
-1 -0.00769026895431857 -0.262463945753864
-1 1.81319422105660 1.83916056827902
1 -0.504455439785249 -1.36853243264414
-1 1.41640380777194 2.61865101199989
1 0.479589336688739 0.266537408932266
1 -0.309231337740458 -2.11719871288242
-1 1.02464476874720 0.989187592622267
1 0.723581265139382 0.827589021745085
1 -1.38890752789432 0.068830290852247
-1 3.48891824094083 2.02370146550924
1 -0.106851762526114 -0.638358052273092
-1 1.1918542278681 0.436695442148083
1 -0.0163902643464813 -0.953838138522415
1 -0.445893159076486 -1.18344350927011
-1 0.794694388115459 3.09167810788934
-1 0.381580774729533 0.48643314573345
1 -0.120459108799406 0.401641427818635
-1 -0.483545826330843 0.763273329977123
1 16.7241080001050 14.2342631569221
1 -9.1190400761089 -0.291867419574608
1 16.5128843766182 -17.0449529654153
-1 13.2697919259496 23.0297324679987
-1 -21.1240395751487 -2.87590705548906
-1 -9.46534454380381 5.69077991381813
