-1 -0.344537563592501 0.176367418660883 0.642604168603127 1.03678906308148 1.26239638485180
1 0.987040698588758 -1.11581300424247 -0.953806968356056 -1.57984039472254 -1.31491668120926
1 1.04967035711650 -0.0281078374704144 0.157903867884115 1.32073936136464 -0.238030969422712
-1 1.29260224119833 1.87775356245975 0.413517676683013 2.84825457705626 -0.49485745375096
-1 0.931081537076873 1.75992370658061 1.47164247170142 -0.0734477572241338 -0.229195987812236
-1 1.32996775079669 0.986708997968613 1.30868107909761 0.85915407316836 1.80159852186843
1 -0.322836859196128 -0.534486336216510 -1.29452503061847 -0.710709135303142 -0.236958637802096
-1 2.45347069887300 1.26834994021476 1.01279674004344 1.96388847875946 -0.367928985270179
-1 -0.0913871274090632 1.06706877483385 0.547960954888405 1.99408288198975 0.849189093983734
-1 1.88261757264569 -0.0228732315656482 0.757727460600707 0.977583051304244 0.75333770914022
1 1.35108910735337 1.11636415048632 -0.848557811952852 -1.33236177920894 0.744660091044285
1 0.736124259175136 0.405110137339981 0.606335998691461 0.0320557336692652 0.420316826663959
-1 0.30611794922298 0.287839365852691 0.320216913576228 -0.218923393679149 -0.095354795757710
1 -0.6687573330334 0.449173105675314 -1.64164760407274 0.0963049070448328 -0.452986276130728
1 -0.321684719489332 -2.16587682958276 0.412012211402226 -0.0446151627107935 0.413393867740242
-1 0.468562734541044 0.597163571749028 -0.141112408005171 -1.07186055403975 1.93868090768132
1 -1.88301748694651 1.30301911485334 -0.139975215737369 -0.252285775705962 1.36948955192189
1 1.18267693339693 -1.92821534324594 0.758669218806896 1.59859467380592 2.09206850971188
-1 0.47395554393919 -0.49744821886801 1.22964826371654 0.478247531266236 -0.855622454349197
1 -0.592942331014154 -2.02245275737386 0.296641323904169 0.184280995223219 1.14061063171904
1 0.369214431458782 -1.36288718098604 0.335695752483494 0.787839245610749 -0.687123822499875
1 -0.897409454563229 1.85402317211281 1.22427520114101 -0.247586574846672 1.70875329531749
-1 2.59775386162145 -0.816574189239578 0.388872514924178 0.271497375953607 0.288110919137827
1 -0.958422087244771 -0.817056556395778 -0.0262723706104060 -1.61711855890033 1.08582262432725
1 -0.646936422168687 -1.34662772416927 1.24145326763883 1.60783871082555 0.490596920928703
-1 0.881761451305021 3.20796468850223 0.724530499665935 0.856665140614304 1.21776861033691
1 0.427973697425101 -0.436828237308607 -0.00324778863410879 -0.651949257732115 -1.46870280487381
-1 -0.267083084759629 2.00646347578917 2.020843340212 1.20818536899297 0.732339158750223
-1 -0.90550126425359 3.27375317539362 0.749861625508817 1.33193680555739 -0.439015846591194
1 1.16182424353041 -1.12171620490104 -0.833295004554695 1.31109709010318 -1.13262097965393
1 -0.0874190943444622 -1.02710144105262 -1.60145579346276 -0.285730299032651 -1.44865301467953
-1 0.206607465656397 0.495814220694747 0.719978060564447 1.50369568630411 0.837851739246404
1 -0.126103109666605 0.194770126229627 0.199491849558004 -0.301461594623108 1.71858046465207
-1 0.174395285847213 1.00764084839801 1.90515982267064 -0.679990210946306 1.97061374111748
-1 0.63291203847689 2.11003590409571 2.95751790026732 1.26811172118665 1.03930617553865
-1 0.943537968521197 2.14226610411739 1.34664960855277 -0.0731565073072113 -0.437058345935289
-1 1.64439322917268 2.61283919385464 -2.38449036927887 1.49148418563355 -1.18569136820314
-1 1.68133063813017 2.56274721150065 0.822584318342689 1.11488768217248 0.536793856288507
-1 1.16783166321688 0.819443737332562 2.12785200035896 0.724719305759731 2.40175579410236
1 0.145712026022041 -0.46643562660022 -0.0121849028827184 -0.738937249688009 -0.721331308810335
-1 1.63973478614325 0.375625166248997 1.98555667240886 -0.686454246039578 1.80664755258835
-1 -0.132182822689249 1.83811686631087 0.738755821586071 1.10403932332110 0.446360297151143
1 -0.113685930603652 -2.97035508886136 -2.43626078291295 -1.54622397248360 -0.508854530233061
1 -0.357921745235038 -0.0450731283555269 0.0239526146274546 -1.11466049052205 0.635779245269146
-1 0.245505345694523 2.48937635327211 0.439463006270384 -0.0217356770157486 1.39930614935302
1 0.198571770117129 0.766155242819284 -1.56570562718762 1.53975140756524 -1.70150515113178
1 0.40835057923958 -0.799302292037391 -1.24435811157497 -2.34365667668676 1.17674533896667
-1 0.407542470777573 1.07711316110702 -0.727088962749502 1.09776144603774 -1.85881109572871
1 0.413913410412774 -1.10138963836312 -1.29483665874767 0.142713208259940 -0.034654082280163
1 0.441841500922333 0.704682528858087 -0.575804045981025 -1.65021465317598 -0.102466164369041
1 -1.97471888331664 0.203959684874708 0.377471397193104 0.0320726703129299 -0.186968506683920
-1 -1.17120481047317 1.43335579852218 -0.308515715081490 0.629798309247567 -0.166880726179964
-1 -1.70559644583504 -1.41331454588223 1.69981035275852 1.78510243357550 1.47092538754413
-1 0.844807925045781 1.35140395933458 0.598183218489743 -0.653152647843104 1.16903044821598
-1 1.9185765977359 0.771531129833787 1.99327775258767 0.795576086355674 1.30245776502386
1 1.54603006765307 0.468886557409734 -0.0395427910890565 0.949205624254005 -0.196591568133727
1 -0.0651816588264823 1.24159258761361 -0.457360148533076 0.684278556241864 0.151116100749248
1 1.93736683639612 1.63415305057475 -0.496555749228052 2.34750102328799 2.36655125076559
1 1.12416611970989 1.51083246644544 -0.52737912974479 -0.660322787086265 -0.382491279133878
1 -0.854115799008695 0.325827744679954 0.391975674291426 0.0319168430603039 -0.740702661430367
