60
2
1 0.414493300132585 -0.87236080269028
1 -1.99989989731841 -1.00537633847864
1 -1.49098093556706 0.440967109610414
-1 2.51731568707563 1.26311787872981
1 -0.122915771376055 0.489254534470247
1 0.880790751824885 -0.290634963502139
1 0.875167209402659 -1.34683623295354
1 -0.159557930672159 0.867323449298144
1 -0.169154056613084 0.216154814201908
1 0.81780906137377 -0.613701425323874
-1 2.51982081846589 1.11985414889893
-1 0.173859006050682 2.24213336264381
-1 0.607274576561089 3.32935656629261
-1 1.79405537942088 1.88753131265862
1 -0.429623437327056 0.253811897608643
-1 2.0275242500081 1.84874701892013
-1 0.351607280572292 1.47095265923312
-1 0.730480348536457 0.142086950146830
1 -0.335624994042232 0.944850322678335
-1 0.159585548564566 2.53517777242602
-1 1.60445250869878 -0.580083308590552
-1 1.49560570980889 0.211917792550554
-1 1.46326304426921 0.349319764468403
1 -1.96118852808062 0.962781591841617
1 -0.444590123846409 0.363113006409722
1 0.398643538542492 1.14321159155343
1 0.942150300066576 -0.641134873558681
1 -0.553473746177032 -1.28896670703108
-1 0.808732003570938 2.13306844237888
-1 0.997212810266118 1.02289922235729
-1 -0.211536324908748 -0.124969256172716
-1 1.75903486632175 0.616927021207123
-1 -0.708079091187016 2.06144342532401
1 0.821531960185089 -1.27601201069139
-1 0.400380891952164 0.832919355539106
1 1.30673556539665 0.219773069255871
1 0.340189159747928 -2.00798327076499
-1 1.62416158672853 2.53959959339583
1 0.46217098767495 1.00698265547152
-1 1.45581299523277 3.99455006103074
1 1.37148685413134 -0.24556452499657
1 0.39164537699706 0.237614602902242
-1 1.69468620109072 2.25022654402168
1 -1.07229415950765 1.54121771062671
1 -0.48717771040257 1.40251643824489
1 -1.23188584735302 -1.27573493845168
-1 1.80027465830571 1.70340212696450
1 2.05042491537095 0.256951138091534
-1 1.70186006403442 2.78810913956408
1 -2.03918723221188 -0.201742224373437
1 -0.882909330451522 0.395941128286695
-1 1.68985330819931 1.66247747896771
1 -1.19724200288849 -0.0283309790036953
-1 1.14889246588311 1.88535356486393
1 -22.4137937401081 -19.1054662486962
1 4.00832621197938 -14.8447041884175
1 -0.559770590327385 10.2032004155114
-1 11.8844190848366 -2.71339738020808
-1 -18.9127188162421 0.997267098162165
-1 -2.61246703808267 7.26136735784017
