60
10
-1 1.4212535711275 0.0593814617465855 1.01785401826005 0.387443125220894 0.0770843191337749 0.89111734022331 -0.648282113425383 1.25096690278628 -0.357028987209643 -0.0545681736413859
1 0.305423515663167 -0.324641783352839 -0.118147110692238 -1.26684909432690 -2.79547766193993 -0.826840828001383 0.568624397662783 0.850601590923419 -0.449498275908846 0.37130810691365
1 1.24436857232624 1.22430005570572 1.78363896842619 -0.406254522263361 0.475656656946187 1.11716780257928 -0.597328737466819 -1.80338140434735 0.5158830482174 -0.74237329149707
-1 -1.01190258981042 -1.40868439182518 1.14942236206079 0.863730114332881 -0.148998364154757 2.20975453641517 -1.30375133035451 -0.137518943396846 1.68885966470329 -1.8028607315354
1 0.410645349081245 0.658938820367863 1.79756224013746 -1.13644229492021 -0.80481282410914 1.61088038723821 -0.360524886411355 0.510023395698196 -0.0705749451919804 1.12782264199751
-1 0.213690517046702 -0.158724012428614 0.979117671300681 1.12311267948824 1.72376802697406 0.215512768002521 0.20574268028868 1.11804189184441 -0.0837677199683194 -0.182820242135204
1 -1.43869894910833 -2.38827772510041 0.492721894860822 0.365901754798935 -0.885513126948585 -0.331263542355277 -0.743336638576462 -0.109794962402371 -0.949137007752385 -0.288044961036461
-1 1.55988389433920 0.542458500544668 1.55680003978772 1.04262647002558 -0.373011562514956 1.22660303536773 -0.00342087681976810 0.448746800333675 0.496676213323661 1.59408509928575
1 1.41686408116860 -2.35701071113215 0.678364129054857 -2.64870857336379 -0.880831546459223 -1.10065835499518 -0.559481968345682 -1.77622523003070 -1.17051732496837 0.46310609451735
-1 0.946411123400257 -0.373472258534192 1.29193287061182 0.922672359139616 0.0632084072294813 0.661496288807313 2.11115193189237 -1.33775680740902 0.550366826732341 0.689057992575286
1 -0.49870675141016 -2.00096810340243 1.22728717537330 0.275704471345654 0.221915068719340 -0.367262176075374 1.05937432390121 0.0410737977829086 -0.712525047161413 -1.69103686050521
1 0.423148341774493 0.504026703145761 1.83939936221204 -0.0208640459682098 -0.0865235485513453 -0.153559285474504 0.123005955342054 0.672361892106211 0.655616776388919 0.157925895358343
-1 -0.559218720453962 1.31594409213296 0.402936326117505 -0.318835977573362 1.81301456490253 1.07749363831900 0.573649795827639 0.0457108226511543 1.91725314768167 0.167259898556314
1 -0.420430717486817 0.695650158759584 -0.0837664188215123 0.114727115198644 2.47481140322543 -0.338686668219347 0.764662786064375 2.38910916366001 -1.51402661589949 -0.386742011159553
-1 -0.0731847150220317 2.02747141634334 0.960888444995392 1.49821661354269 -1.58994565933461 -1.81813382012001 2.65478909085154 -0.362752452969261 -0.858841777011582 0.231695195838583
1 1.50438832752375 0.103534493320595 -0.44171409012913 -0.291087709286018 0.544538423287958 -0.652580718933918 1.78601934996165 -1.14018013996230 -0.207618956985001 1.42722506766719
1 2.55460161531315 1.38902172647610 -0.371181902730757 -1.77272824118702 -0.178383924772342 -1.16833779337214 -0.185825560967883 0.483551106551918 -0.502414381016672 -2.95557485324306
1 -1.59062847087079 -0.807997427113665 0.0930608798127218 0.349445104697404 -0.0704000097836614 -1.20795440733439 0.399720684293685 0.605830856538222 1.14125069355916 0.458836276964838
-1 1.80294938569253 2.20885240263059 2.44647195457587 1.36720733107848 0.826498977131137 -0.91766990523158 -0.0438489579661552 0.079446345804766 -0.093356352741943 -0.0634652521842793
1 -0.171215069904972 1.32721362971953 1.27474011135005 -0.870079094662793 1.31533724317544 0.421424546257817 1.03439037892220 0.619506291545527 1.05916823195356 -0.553530009966349
1 0.570350409241017 0.263222951473981 -0.403706035646877 2.29075222053418 -0.311523954512449 -0.0816367764195048 -0.482876376232319 -0.596806616959772 0.203715110157550 -0.266431242872733
-1 1.21108769751008 1.13986403753083 0.737316955688382 0.287309299143663 3.14645741311954 1.48716945682526 -0.0631941190766416 -0.0757030278493802 0.0421132388916591 0.994889668368897
-1 2.05132741537107 1.37236477275382 1.00856172206810 0.409219987930748 2.71247113184838 0.864023289344815 2.49021043125145 0.705627515129827 1.61924763185349 1.14740163196445
-1 -1.18671760690514 1.85574412803517 0.119717155950083 1.24667608963868 1.89989364545709 1.23030083075831 -0.864579608405429 1.29925423574690 0.289164476913819 0.0281827555519618
-1 0.998827202518017 1.53280467949839 -0.189499290811636 0.977093942340172 -0.797668780955164 -0.827267794352429 2.44764148245210 0.626607542088298 1.28760837763711 -0.145876787808524
1 0.808244602236793 0.0423532820033256 1.51737265300347 0.186688741532566 1.98309755233992 0.179348865242604 -0.715697080913978 2.14553122473985 -0.584565349533181 0.704355658154962
-1 1.44806310414171 0.972234645214317 -0.219913080577543 -1.01842475420542 1.13252056349541 1.69503323441907 0.909774695061708 0.721020772738702 1.10340738945202 0.466772250707347
1 -0.660528398573868 0.0333745192527312 -0.328936158252766 -0.101680901454726 -3.06647678189834 1.44562221730414 -0.873944089212638 -0.585240329857385 0.47242460638374 -0.0655294135260923
-1 0.921785558023155 1.29852060311621 1.46145335364873 -0.442026240262372 0.231848921793677 1.14972342056105 0.295881191343252 3.29042842653905 0.512105642069713 2.62323137540228
1 0.796023006074098 -0.220914190339997 0.224736086350317 0.857005513849183 -0.346485718455877 0.102690312831096 -0.206794854015668 -0.457945647086337 -1.46315741088805 -1.21870752297050
-1 -0.0274382725523774 0.384517565440688 -0.64803672812953 1.89197101804036 3.45990817193261 0.460010436504946 0.81274966219824 0.333572300121766 1.89520818690048 -1.08512667093392
1 0.259487948527011 0.122813271698932 0.279220074109764 -1.83926836463926 0.765877890690853 -1.07424955941410 0.665274953345699 -2.32874487024772 -0.742977013329054 0.315791141054751
-1 1.78078275048278 0.226128795942212 -0.312308994692438 1.39296864246586 1.52667666990024 -0.80269726334273 -0.88811502291873 1.01881582356074 0.513634724946172 1.48590714179243
-1 2.34808721464914 0.0358029099447004 0.197281152402936 -0.0310192461301569 -0.92881915387246 0.213188094771091 2.31575647192646 1.91298515945006 0.947765610654234 1.85562156559832
1 -0.286261391435958 -1.62978866722711 -0.207465845994626 0.777773975801056 0.128975296615467 0.281404840476298 -0.803133397727058 0.412036269213568 -0.245494672987590 0.0766479248318773
1 -0.944779110449347 -0.0334273773528812 1.87934865685038 0.124040669445063 -0.482396633378376 -0.927316996733441 0.409754890957446 -0.607854832731694 0.711607084686636 1.77071790515474
-1 2.89124037999354 2.47181806310612 0.910727601593088 1.36046361157423 0.0558382065390637 1.27957524421112 -0.0356497037222449 1.23007419042702 -0.507364116651747 2.84431707961045
-1 -0.0555662802969976 0.476321577517249 0.263505194849962 -0.657452704685037 2.31008174972767 -0.0483450400450789 0.783808142460127 2.10216622821561 1.47244382170337 1.39664980163342
1 -0.155109979436816 0.588046198051033 1.19261519548976 0.642165701723888 -1.43453904524405 -2.14161124940306 0.194221651414175 -0.361236538160735 -0.268096556659359 1.03752848085630
-1 0.743792992352934 0.434506369482875 1.85008522100289 1.47671485389353 0.753266083645664 2.27725757642055 0.152646309783328 1.25064558653185 0.559107902231146 0.291993484181628
1 0.42709942110686 -1.09767986976668 1.62489910398079 0.383264122735524 -0.983292716082819 -1.68096554409415 1.35814787013904 -1.03989182793823 -0.210186350808654 -0.488758956296412
-1 1.28420708898014 1.62109873549108 1.93029296275744 1.05970637202643 0.86988588012985 2.43138444005553 0.843394957456353 1.34831979625111 0.0596414364591487 0.187851831002363
1 -0.093764857589982 -0.532285565594481 -0.382650595462536 0.87244708715347 1.00009225548323 -0.360422707182272 -0.792964039476242 0.531720097878971 -0.502884273539177 1.17402602260114
1 -1.52726013581741 0.746553678744469 0.453358290684534 0.710770245445163 -1.55335311977774 0.00484186703540916 -0.685453735435409 -0.693705780852284 0.278073477651058 -0.244405105842926
-1 -0.872714883114065 1.76041057621578 1.42019813708207 1.48890784834795 1.16320143767970 -0.462483327657677 0.748592186224568 -0.169106246848664 -0.970328801318276 -0.212884847843325
-1 -0.331597313896743 0.0373947170731396 -0.830548912789787 0.113823224771236 0.313963854110495 1.29303896377584 -0.430737963372261 0.68649362429325 -0.200977729104662 -0.391450963408898
1 -1.18316105029103 -0.417925947451190 -1.07708051818735 -1.55687369210020 -0.935332782056806 -0.858354492274243 0.78039357375442 0.336428080711715 -1.75185516357933 -0.24261848787608
-1 1.28589448486417 0.966829484406812 0.304473976197642 1.4426583213399 1.64831165053266 0.519274758233317 -1.38545308036485 0.430429309860072 2.02736922002112 0.134006143417165
1 1.20564276006989 1.15182972090422 -0.945515187923144 -0.35736785546821 0.776930233268446 -0.488684058049077 0.0214206577945777 -0.23900935492362 0.59307124527199 -0.940843278551088
-1 0.197793486604216 0.0394906725291558 0.634504247237738 0.57702255658563 -0.783379687149415 0.690920652221422 0.511105470921002 0.511121737521357 1.61942759409881 2.40335191704520
-1 0.128097592723912 1.56793712288862 2.22505362564478 -0.646835051196524 0.215601497576530 3.37237801676693 -1.15908504321527 -0.506023990268322 2.21263225239850 1.60393992030374
-1 0.719432984512097 0.195527883105136 -0.928315406247422 0.470109314301033 0.00930601458039404 -0.179499125330735 0.750496105885375 1.99375839952413 1.16640605231208 -0.891980160971353
1 -0.609088934817116 -0.588638467977225 1.86796812996895 -1.53489008877551 0.737790580035075 1.16796523775655 0.811753807847029 0.629523759203267 -0.00674173274035135 -0.663517074540176
-1 2.08592196666359 0.997824221399504 0.274928633082465 0.394725557567198 0.656686137214004 -0.570413804649572 -0.430567370506413 1.02229476314848 0.286373228968582 1.58731737483838
1 -4.01238393296983 -4.41797431202323 -7.01514565081313 -8.24147213969315 -15.2309407468265 11.1538645587639 -14.5954838375491 -7.61727628082834 28.91978118355 -12.7000368625223
1 -10.0581804796876 -12.9965116463416 0.00299210364551551 -16.9664098266168 3.07878099453878 2.67366871236131 -2.63336978402082 -3.05133370481206 -2.53332446535003 -2.85994318589872
1 4.22829748204957 -5.16088931881215 -4.2281248023359 0.444641765340661 8.35447588984592 2.19517106677803 4.0149348575004 2.76235069843408 -13.1157779543861 -0.254834314827513
-1 4.74952940196681 5.15447649716243 1.47983594398796 -6.74421739601459 -20.5528149079320 20.1688115296947 -4.10704202356667 -1.545161536081 -8.93039099879946 1.43203506267177
-1 -10.6273033665632 -14.6855537470115 -0.855356739333538 -2.50555037975661 -8.57370571248148 19.8821395962600 -5.08508519522022 -14.1285598944115 1.73277343276144 9.90360839035918
-1 -15.8520067143259 7.84768417767428 -1.68201988839467 -15.5549599773833 5.37309083411276 4.06742398509017 -5.502942239328 -1.73800162819766 6.8609341106729 6.58771452595725
