60
10
-1 0.655671969214884 0.888788669768489 2.13492182771853 -0.80308718605479 0.909191326362865 0.299909909294518 -1.31788248365430 0.656688590854733 1.71710592818724 1.55722724904290
-1 1.92952924115038 0.648617807698798 1.03160000522204 -0.814007761858616 0.548127315242014 -1.63609088643241 0.253595267479638 1.61381699726874 1.60340452722277 -0.388092298848405
-1 -0.217151290123569 1.14255912870323 2.28373663519174 0.625393313248105 -0.225324976159984 0.975173168939316 1.41441506371416 0.000273320357669138 -0.182379077773977 1.20167800663385
1 -1.07104913919299 -0.7364583022376 -0.506882515863712 0.76636616140838 0.601162542740049 -1.64759862122509 0.395080663735104 0.077617554409892 -0.354312174725133 1.44123567637459
-1 0.633381350573878 0.24870009042238 0.711145471011365 1.23472027609518 1.43227564504973 1.5443362078862 0.556446679841997 -0.96406090466779 0.979589089246749 1.41570293073299
-1 1.04253360636908 2.42676257249241 1.14856543098682 -0.134784819796548 0.278616856810457 0.345408324823818 -1.85232735305336 0.607502769675112 -0.523072937879740 1.79281240764279
1 0.522901767906219 -0.995553150579175 0.0923149877956864 -1.03921597316111 -0.723322663767982 1.10240091172296 -0.356090022212685 1.88422563717196 -1.78245179552570 1.64938239831342
-1 1.2224703988972 0.916249785979005 -0.280090663693523 3.48452813688828 1.61926696396674 0.336581638114333 1.74711373416370 0.121956926950307 1.03412430789690 1.14112016378405
1 -0.388917487464207 0.550283434454776 0.568538436747272 -0.256717796272906 0.991056588986826 0.755549295007887 -0.356433900315913 1.41852012660206 0.823551894887083 1.69225434364589
1 1.15940466862086 -0.416526956697294 -0.234909095359298 -0.921502097080128 0.55878891087905 -0.775501298555397 0.791658339900333 -0.905680172814581 -0.199670664051605 1.74162704720133
1 -1.29808578273572 1.01010348792704 0.0618412573804747 -0.0763595531696245 -0.0600716640317895 1.23353613811125 -0.147046578564232 -1.10775400547664 -0.168415847739864 0.691889545252437
-1 0.0368424219771465 -0.322673149699514 -0.309229727693765 -0.499320820200232 1.71564555048914 1.24021184798458 0.00851180360402237 0.588816563347876 0.922402899897204 0.313648184451562
-1 0.788551880785958 0.513951877367163 0.912745851445589 2.93218241158001 0.368740688653353 -0.123975260969110 0.69847315443606 1.46816454705084 0.581483705456744 0.142045829312435
1 1.10434416156487 -1.05025562310932 -0.496312302936396 -0.0698856861890664 1.02677309383723 1.71540636489179 0.603260417354505 -0.0412282253572231 1.37005725255981 -0.926470715328608
1 -0.0311246777629841 -0.395915213051862 0.52290567514014 -0.870824712163678 -0.501079931125588 0.746373345368469 0.0220554002318386 -1.05251781767374 1.55824090647197 2.23531949728577
-1 1.47613732189767 0.27716020103844 1.2814824921113 2.74111843631153 -0.303351271170142 -0.74515658648987 1.05461142825751 0.681439351987162 2.57093461965047 0.578052473445685
-1 1.02844174295400 0.807788091950822 -1.11909392689220 -1.01587040594227 1.23825678578946 0.181553009703316 0.583699237872848 -0.118498816626045 0.166091433528957 0.89632074860394
-1 1.38163062111373 1.7446616412315 -0.0265118332956377 2.73551187569524 2.89631339821534 1.61546020651359 -0.675833562779367 0.969360575071657 1.11627666520935 1.50702168212761
1 -0.0246135324031532 -0.653713774501094 -0.702190537789686 0.579847057210729 -0.433164914445034 -0.47610853870423 1.06405937600230 1.05946858254669 -0.98230142704199 -1.13201662479986
-1 0.652300856724388 -1.55316193399166 0.115087100437640 0.829208449464774 -0.854587250605639 -0.0230948450452514 2.56744565195701 1.27648296501744 0.844092891506491 -1.24360952434902
1 0.743446053375781 1.26337414770526 1.12604811822100 0.110215703760355 -1.06766540965895 0.529624307782556 1.44629640623077 1.10415605493131 0.137314380819325 -0.333574517253399
-1 0.745573597252861 -0.321511754591198 0.884264880354004 -0.0375518943178988 2.41158257630841 0.373734253367684 -0.0693783681845506 -1.34658223661118 2.62844390908713 -1.52556977884172
1 0.563653357024014 0.378125627657129 -2.65533176543942 -0.385677304742245 -0.214482614559459 -0.939884622309227 0.461474791612263 -0.521453592037353 1.73671192505472 0.617401595354718
1 0.318524885480752 -0.801476995697013 -0.0336288360448409 1.53894472602228 0.621977689408318 -0.356657904670344 0.194112076080645 0.927138543055846 -1.14961809424359 -1.81433194483311
-1 1.46649940612095 -1.39281086340713 0.431905835168972 0.358122992801673 0.506605492303006 1.67064416035538 0.942585108987066 1.68007509778182 1.02943020461077 2.19858888819166
1 0.133926979327891 0.768565006961112 0.641483364337401 2.53127359300915 -0.00179198273877301 0.845877649806802 -0.546733878682334 0.097614572084564 1.28788978552342 0.973246865554815
-1 1.18025989665435 0.48547551711335 1.23780988362772 1.85250352342013 -0.157751954921679 0.205613729902728 1.75051778413937 -0.0167359717975701 1.72663749610644 0.503484734060752
-1 0.372440400099562 1.29818221369051 0.827695874886947 0.593308629704294 0.62345118508807 0.995187568886272 -0.158174159006031 -0.451670597472135 1.76293352117717 -0.271384317841958
1 1.07975129515433 1.15184079067837 -1.18634965772538 1.32943677658606 -1.07135433941992 -1.08136250847261 -0.00861180659076761 -0.107736130657847 -0.817472429601223 0.420861929863105
1 -0.896806230943286 1.0684955188895 -1.2343005579911 1.17344375925098 0.000874355947965581 0.504542494236921 -0.058326260191438 0.92614947111891 0.872055356795002 0.450400896213887
1 -1.07592581520351 1.55217638713033 1.84577735724373 -0.254440993041546 -1.3851779978159 1.41705470700849 0.228530417992200 0.0237350932379914 -2.77746896173624 0.0175787113575811
-1 1.05165917023836 0.809144268099237 1.48640021769314 0.221799609281949 -0.525218164736703 1.90266828562941 0.598204750406655 -1.60884950687613 0.774527232814736 -0.229501554481376
-1 -0.134697647843969 0.652577462938617 1.10561932107701 1.63087691237646 0.089610709018565 0.00588217494686827 0.479413688514977 0.507587078905593 2.21899357165930 -0.538655660468097
1 0.212495910634149 -0.302481154465357 0.261686168643269 0.71144125165317 -0.96533300846493 -1.09021221081847 0.575789738276817 -1.07773341585871 -0.0234138815137732 -0.955915587349108
-1 0.971872707879995 0.417237485493849 -1.63856191520056 1.40250576285073 0.413120088291856 0.445077192585342 1.02199341295918 0.185594939577696 1.37699082790255 0.244119180008985
-1 0.772340855056311 2.62256271352418 0.994968189052719 -1.49195902577904 1.74636576329074 -0.411014895143009 0.00666611312417986 0.633533707509668 0.478111459878342 1.64240272189552
-1 -0.856019180546773 -1.23629648661933 0.900801344709617 1.30374126173189 0.513829699161689 1.36092220768880 0.483160030500776 -0.191045856895086 1.13583754425161 -0.751118640179889
1 1.11860025427284 0.271053428631272 0.170826872924632 1.17315739800270 1.05818707808645 -0.350080449100158 -0.323679277675178 -1.04233218117334 -1.22343248115978 -0.0549676397083804
1 -1.09344895421513 -0.336456671553281 -1.97907973358153 -0.125947392679393 -0.193504223484263 -0.460519910908541 0.86485317087853 1.70712565057520 -0.858135269556209 0.992263009490825
1 -1.03287099051689 -0.848594647499701 -1.75227699846567 -0.0728851030692115 0.314443248485398 0.116403543631909 0.516575226309545 -0.523777255744919 0.39662642152127 0.0997105779217129
1 0.0966265296439133 -0.163210131581292 -0.870955369634128 1.31213782397025 -0.0211999319929578 1.22101351145185 -1.01509695923994 2.29641086004592 0.160894826139894 -0.148555590344819
-1 1.67917144017858 -0.795751419722932 0.929965072440624 0.99418302734245 1.43713320320945 -0.627235472811918 1.53596206459990 1.43826663604344 0.449410205894072 0.85744455842143
1 -0.389533899449459 0.802434550648863 -0.333806565613978 0.380442095622935 0.567221957503389 -0.0480791377895643 -1.12640862194025 1.08811525918514 -0.192545689916387 1.37558228820248
-1 1.09671802445302 1.83598361914161 1.43425028305653 -0.701867438225282 1.09806129506291 0.98676516979727 -0.68448108895196 4.03388852742778 0.62564278921681 1.95267745320324
-1 1.37572933420928 0.749573720158852 -0.61468661429537 2.52357047705058 0.421079459577683 0.640479771840771 -0.0793493567986002 1.14570521549900 -0.609831136006512 0.400165928707594
1 0.414882593379539 -2.95860414678978 -0.271804808570511 1.54575757471668 -0.387992541555 1.47403945340376 1.20653823053816 -1.54140969303077 -0.516333647758029 -0.0802123528362512
1 -0.323043505303509 0.0619241414693018 0.275635004562662 0.533766152747234 -1.19383457627850 -0.72760431047642 -0.766454313029025 -0.418828304509824 0.770915432157503 0.701969498269958
-1 -0.173643435784277 1.28595280770441 -0.429762895186272 1.1534136812554 0.593152780947676 -0.594496357813971 1.22137395138558 0.393983526237679 0.184603271828537 -0.188811060705000
1 -1.69059771532691 -0.283732696856439 -1.31204903250921 0.65032115658101 1.74875947329292 -0.411560356408351 0.270173189053578 0.460915700336454 -0.249500595478469 1.6906077984044
1 1.2230116585173 0.406138285851387 0.423071754386021 -0.395690825067136 0.88008045286523 0.809628507243901 0.099383360774901 0.0113577222248038 -0.373612812328316 1.00251516779756
-1 -0.0929421197211762 0.137627421402412 0.551679342823836 1.47323764354411 0.952749219829518 2.10043558357134 1.78550584530917 0.540326677022065 0.85615198188192 -1.89362246502866
1 0.974780507230534 -0.314309855275062 0.399492363600425 -1.29361533698401 -0.912508512788233 1.16406534176448 0.930658112310066 -1.10926621702147 0.949942942283703 -1.65185320302304
1 0.975214875107967 -0.0437612264460467 0.0647543167240967 -0.0337341664664670 -1.04356805489273 -0.403110927483957 -0.398012312712348 0.0869455039940363 0.524530604435166 -1.15295379701842
1 1.82385039312724 -0.55886822675987 0.279670351464911 1.06380267108535 0.231536204253023 -2.00085801341758 -0.51453292966588 1.63057448467129 -1.46047377065488 -0.361323576244090
1 -2.18482451646694 13.8407914573149 -1.14472643194735 -5.24742880448261 -14.2988541812278 3.28337193192917 9.9196328691544 -4.52943494608342 -3.74344352215318 -7.51959266094469
1 -13.8837112167918 -8.95830400822928 1.43527514840634 -0.281493468884317 8.81172394402246 6.03370566885348 14.4179950557485 -6.08475117938074 5.44726911916735 22.9366395866657
1 2.85471142525358 2.10747211304368 6.09725983352113 10.1409844026329 7.47728769738842 14.5273946091286 -0.972012977244421 13.2245736335953 15.9057220587477 -20.4692926958297
-1 -19.1773226449583 26.6270775011096 6.29458174775798 12.4725482562287 -1.55710051076308 -13.9909026596454 4.60277946736884 0.314927687182146 11.5914007475354 11.5744350430594
-1 -9.62411771131127 8.7725902755495 1.97148523393241 20.9502797588917 -13.3957218030774 8.00483018792256 -3.78614561434713 -0.311152542579766 -2.15819741986955 0.996601102442228
-1 1.08701931254227 -30.5835510386356 -5.34684359099291 10.6970247170545 8.56750016107992 -12.4785741944597 16.7602390137930 -4.50370259139561 9.31973747967156 0.405112973121723
