60
5
-1 2.67146144277073 0.170829522205317 -0.544078415786618 0.48851878750077 0.884736108411493
-1 1.07553670587092 0.212413061503096 0.955586586132072 2.30777013559904 1.69015252529598
1 0.107745177231206 -1.89152853399259 -0.0204597801969875 0.334870492115572 0.224388399671082
1 -0.463415800232001 1.14041846301070 -0.231361438255762 0.444224111134324 0.835207333679667
-1 -0.180749079382114 -0.127723863476351 -0.736096375784621 -0.034209682574034 1.17293040551157
1 -1.32185323902044 1.51643663929449 0.327078645006316 -0.88160497476862 -0.477242545247355
1 -0.403360955527433 1.32194942157865 -0.491016334823655 -1.18380190237119 0.780019739827157
1 1.28749630198564 0.886090421805944 -1.05966580707813 2.54373612481391 -1.12453503878717
-1 2.09606885479082 -0.640815227968058 2.43812443046727 0.618672098817412 0.412970825860818
1 1.39549764390105 -0.655644249595217 0.666693043710513 -0.135213484581731 -0.818698048725079
1 -0.151457087655087 -0.894711556144096 -0.64442575637497 -0.872368986744435 0.857150299197397
1 -0.448057053359632 -0.259484065360639 -1.40860812454907 -1.46029503278565 0.240746668381859
-1 1.74598131131979 0.926210680655783 0.0488724515832852 1.91553359300700 0.656826644653449
-1 0.710614725782504 2.55542806557507 0.86776159549508 0.794241281917826 0.0161521690774566
1 1.07959781544252 -0.628844371534697 -0.414667254145477 1.29063950095003 0.361851590267985
1 -1.28641646049057 -0.830810406862755 -2.53900695346977 -0.296172637669054 0.232591838506739
-1 2.15713360900230 1.09900185520930 0.396729244634871 0.709385192084458 0.713335939446723
1 1.20242370324136 -0.133247803741829 1.11918194728158 0.0022569280413743 0.590819945405144
1 1.08764743939530 -0.416475418429585 -0.317689485820747 -0.112810471363666 -0.191729152260556
1 0.00218231169058149 0.462616743179069 -0.594040223711318 0.709294778123898 0.171582003399982
-1 0.627848584619282 0.466289862370919 -0.82687482111917 0.154610620415761 1.99013531913225
1 1.10059460005641 -0.997296660658134 -0.0636736349258202 1.79482947763623 -0.99047698631111
1 1.56906577528242 -0.136217592794428 -2.9756400839433 -0.766812746676894 1.53628922129273
-1 1.13987922276419 0.790082592042444 -0.0844871362061532 -0.0442425056112423 1.26508493872581
-1 1.74943835324246 1.05434163616521 -0.14000629134494 1.12012761213518 1.33491765387916
1 -0.069963349692736 0.254901443830684 -1.09636894381312 -0.261424892562895 -0.601396178567507
-1 0.221679909737984 0.235223239965070 -1.75671366064155 2.30998876136639 2.31734981571068
-1 1.97673567591020 0.51439448295629 0.420661568407546 0.891706349594079 0.822354533488559
1 -1.24985693102810 0.408374836342170 2.24295788311829 -0.599095920130564 -1.33728404803272
-1 0.540207304575176 0.512562521842015 0.0461992166871537 3.16327848932111 1.4792219867299
1 -0.975942064237293 -0.165195212105114 0.00237198841008665 -0.116420492831095 1.74981044759624
1 0.359303371129725 -0.047645111847503 0.738453535220965 0.243873127530065 -0.502668457731379
-1 -0.408749930109676 1.7100571688861 2.25000969008875 -0.562325516083247 1.86939603808118
1 -1.50470245914213 0.418958523704091 0.364999417675841 -0.532253309094744 -1.03249096667655
-1 0.341552548133194 1.52518063220148 0.673100256603322 0.579621167936837 0.0912779059108239
-1 0.366319518792293 2.16181968224290 0.948913199860177 0.636997119360746 1.24445979176439
-1 -0.0576420248934186 1.69805797220589 0.994812213685917 0.514735513494571 2.38665741459296
1 -1.11323937087739 -0.617491807071003 0.537569884661014 0.317288937025443 1.07065984540683
1 -0.95700153072929 -1.28189475788028 -0.68804064496125 0.111790911849191 1.94818147266311
-1 0.361657327531441 0.65272386202234 1.93960896350662 1.34241444517675 -0.567732165609292
1 -1.64568357144585 -0.588805579640839 0.0919945953438127 -1.09730184314934 0.315045263992288
-1 1.69453812845243 -0.355210929619482 2.09394017848365 2.31172117945892 2.42942026956986
1 -0.423634327025002 1.54649793426090 1.46746340692862 -0.0368390098903452 -0.543131387241807
-1 1.541031446045 1.14652026311711 0.992986301010058 0.66245955473351 -0.155771282384376
1 -1.85331954469079 1.32788867593644 -0.488179574196614 -1.08967583047179 -0.245905268003889
-1 2.37193474277692 -0.0182499654646492 -0.719260787906357 -0.00976120287223281 2.38169393820756
-1 0.155668072482643 0.254937146233316 0.109981514557620 0.86378016076244 0.936210741691347
-1 0.238645823295851 0.507895181309758 2.57362811655812 1.11423788756244 -0.209253632921094
1 0.0915762223275528 -0.438592164657625 0.205578460678368 0.398365699123175 0.184384566156213
-1 2.45749578456232 2.86696997755135 -0.52993648093123 0.28422687406 0.0132689466963184
-1 0.551760239602013 1.90768922901335 2.24575808570095 1.22493754635109 1.89184205306652
1 2.24051917357320 -0.441370581842859 0.00201045420501473 2.09894512931949 0.650542988010475
1 -0.0100685277943842 -0.6092849129223 1.07938383674294 -0.271883576157249 -0.239652097674924
-1 0.852619261478289 -0.0890721126334578 1.35568946603903 -0.447335513957494 -0.0306465357817215
1 4.45141862518196 4.47528429094407 4.49439362342869 4.30781468412301 4.49147539350024
1 4.3942275634223 4.44662264468634 4.62960903006932 4.52606578233242 4.67026654409186
1 4.47951281294061 4.43656481102514 4.65753490909567 4.58380925643073 4.6249872620355
1 4.59550311120110 4.33974245762515 4.29305247423297 4.46642316196786 4.42344144861553
1 4.53207524919629 4.62631745339521 4.47361372862142 4.42979022170364 4.48222051149298
1 4.250071439945 4.43570297654577 4.40096396171900 4.34011676618564 4.64259310737661
