1 -1.81974368762370 -0.183204752084360 0.666509453049854 -1.47914448019257 -0.672568063812527 0.100343113650770 0.949937770910329 0.435466650696046 1.37098289745307 -0.152913371079329
1 -0.773208869430775 0.60337596901945 0.535066108040084 0.326276279324022 2.03844079821276 -1.93087397980828 -0.255967536640961 -0.240539123077381 -0.373951941494089 -0.398285289523144
1 1.94564904028078 1.51152617007604 -0.636187937933528 -1.18316582806431 0.173951154851408 -0.411354674448441 0.655423325709565 -0.371486588355088 1.92572856728723 -0.063186803655648
-1 1.88628601837530 2.14000199553264 0.338442695336952 2.04969866604112 1.31716302658080 0.416505786053291 1.78048944134064 0.181892541098212 -0.649330919314663 3.52890533994336
1 0.172359180314128 1.18501123549152 0.263113093851571 1.49162133933150 -0.346862823544048 0.187935147086816 -0.150128990753968 0.749212924579328 1.28444517292551 -0.147829429720251
-1 0.0366611000524520 -0.201342904056954 -0.702210789575457 -0.260342705569747 -0.00344545986126543 0.053289744185538 2.17966852181315 -0.346042939411657 1.56006190708246 2.08060254156312
1 0.802443642825065 -0.887258243645425 -0.058739698519685 -1.7239611135724 0.245903617043895 -0.213058706114445 0.125364369682042 0.313551057462857 0.518243611226391 -1.61444675963753
1 -0.867809008151905 -0.238076308307207 1.36040414739299 -1.36066995568048 -0.986743575140814 0.82728428663067 0.0286703143171545 0.372411448021928 0.103838682822904 1.34653821111014
-1 0.861548418557522 -0.338038373953608 0.873571583226812 1.08373285251812 -0.0913819996173756 1.39940368900622 0.657556824977851 1.43347346598248 -0.387913912424428 0.595822704042614
1 0.842213719701432 -0.885560206219712 0.554530652686972 0.860369488923557 0.0809197182704453 1.25805039383617 -0.190337836383749 0.747668771121443 0.357163699738454 -1.14807704288865
1 0.360561288906953 -0.904267243347381 -0.927393496666203 -0.908877831833859 0.356900790935636 1.59154060014115 2.41461672922429 -0.064731364270348 0.00549947291176531 1.51073841354308
1 -0.0204918856805505 -1.17665874764415 -0.160853087135253 -0.215147396870678 0.880470429747751 -0.2625981282649 1.66388380978855 -0.368896049240368 0.188923855223888 1.80441723082748
-1 0.143076016441302 2.00294307999402 0.861834445440518 -0.734044659353695 1.32276533365758 1.51901801392294 -0.547440309440957 0.494373546257799 0.308096833084281 0.85414738308231
1 1.23374482978122 -0.889328389763081 0.0122265371258069 0.491538613666542 0.362692598422497 1.94427441952824 0.0685130924277323 -0.221653623448776 -1.38845804407133 -1.29777626891505
-1 0.786196425530451 0.130288934927993 2.0176765379083 1.38502106861526 -0.168509430556618 1.02290502174520 -0.96902099930569 -0.487096336841157 0.356156791396653 -0.627053563035046
1 -0.421982497881619 -0.878695404995974 0.0797819440885506 0.106785456798912 -1.06000887783134 -1.47717694675620 -1.54018954995658 -1.16187912533331 -1.17762239015756 0.175052979761037
1 0.220035384408251 0.481644463000512 -0.869578401900408 -1.84881902575654 2.25581402977302 -0.61797619618322 -1.19903229567461 0.113533687722835 2.24928153232482 0.351267482029102
-1 -0.65426712040997 1.06941463411823 0.0454940796418356 -0.598685723134135 0.871134836055078 0.938258076015055 -0.0958866502660872 1.2265528667068 1.88034874595012 2.59613926718790
1 -0.59575949609237 0.872335032225938 0.811303192786401 0.853360961129968 0.926000423432221 1.52141648761042 1.39250164122341 -0.138748701490456 0.175824362199650 -1.06225595281318
-1 -0.08731393973961 1.00541759078902 -0.636810362562067 0.739185558655864 -0.0790494573916503 -0.366105664727234 0.983693143914129 0.342036687427793 -0.507999703961842 0.479847632052296
-1 1.22856369760654 0.453013790703263 1.69725111304809 1.08396087268652 1.81323134415116 2.11920273284068 -0.62331993470134 -0.495116283908752 -0.222272533766601 -0.0334412879876042
1 2.23261380252321 0.0383316740389198 0.0417631073717707 0.324025806589369 1.60284081738037 0.240379714498914 0.653081106935606 -0.237904541543234 0.0259263074039896 0.430535536473331
-1 3.25985939578519 0.678735729358068 1.14146435746731 1.52159231920979 -0.611811321876501 -0.58608114313204 -0.96387242202754 -0.884436246729117 0.850983092063633 0.130560469377868
-1 0.774602806872982 0.865744334123493 0.839208398593421 -0.646008002861077 0.911740725990029 -0.524047992959518 0.210152546900290 -0.582805501745358 0.105322668444641 0.853042697449964
-1 1.01215338172893 1.52642081938135 0.73517624880708 3.16963478573713 -0.177035595107263 1.58468264263932 1.25613912332105 -0.234411343865661 0.736723873848486 -0.565757959008601
-1 -1.10686768180253 1.65238052853994 1.36408976362249 0.294377425819443 1.82977219035096 0.920614416426864 -0.573027321114206 -1.18211960619061 0.444319465617807 0.940759282337839
-1 2.62591769688921 1.74282608073676 1.52173375176815 1.37029071216211 -0.18980503753761 0.848506197114327 1.59707173182568 -0.931339522285908 0.661483292471419 -0.115101700199471
1 -1.73763336008324 -1.19365402547774 0.900406104004693 1.05419190643387 0.0762057303633835 -1.31463067118364 -0.967939549954823 1.58255627221305 -0.441816972964540 0.51753493311142
-1 0.789974573341665 0.788200151159251 -1.71552897246051 -1.17796949717272 1.89898758256496 0.388081378417802 0.787074853236488 0.0951321235032215 -0.483117943280027 -0.162848936796303
-1 -0.586140208481757 -0.831905513367093 0.190229622220295 2.04651312783675 2.22184736303885 2.17863931386481 0.680769834926806 1.02676286184814 0.625178642182618 -0.175917466327829
-1 0.395739230080969 -0.0165263353796802 2.18513298449872 0.736895457250284 2.36718334992572 1.53468058262801 1.23933741517170 0.90241035872647 2.44342485277111 0.59719084658484
-1 -1.35069528489133 1.16307381288856 0.507901593451211 0.84601562745293 2.05001941540863 0.0826245756030083 1.14079839471329 -0.480079579583571 -0.282521357027922 0.513765569586343
-1 0.441913917390173 0.910286488661201 -0.322440402265788 1.75014667203073 2.46492127088555 0.474218228364165 0.764386276095564 0.99853632867844 1.44764315031651 -1.63302494976894
1 0.352733781838762 1.94624575129959 2.02937087739256 1.70976124964266 0.886170496471232 -0.836966358983962 0.060088437889765 -0.348099234328779 1.44248038251474 0.0210694996626665
1 0.240873407916704 -0.225370223978908 -1.08782630265396 -0.312912738284884 -1.76453694506312 -1.86894453033317 0.518235228660548 0.947730608094691 0.491585463353308 -0.329262745093449
-1 1.84304612688285 1.76969979290437 -0.171642574140374 0.794442340154073 1.41646251352316 -0.750586936058593 -0.0194298364093881 0.36572214935206 0.099554738937907 1.22396987284974
-1 -0.503163477942861 -2.08729133494657 -1.12212463349079 -0.401976397200327 1.01315769236252 1.62932848851731 2.9090307173513 1.63245142865518 -0.152454373012098 0.94147316957678
1 0.87000345204578 -1.00195843485947 -0.316985954531099 0.09676930164647 -0.633422659037872 -1.77963363323598 0.827953721848208 0.187443702829785 -1.16343496404231 0.19931021925776
-1 0.626791929510185 0.59618841324722 -1.00540304101243 2.52341583099823 0.716036506576639 1.29289111451188 -1.33033056953720 2.97595567016945 0.232506929167169 0.670089443885313
1 0.472505252422563 0.731847265827828 -0.0246735793764375 -0.000271153570748227 -0.606902679879036 -0.155147288912377 0.99532892972515 -0.612861992666103 -0.298760538863784 -0.884504283778236
-1 1.54321558752003 1.21184887175640 0.457710329953143 -0.033958906234872 0.918965765759187 0.208170307936252 0.194485885574509 0.482079422665738 1.52818747744416 -0.208652952435682
-1 -0.867339109374337 -0.876586133197754 -0.418562164684682 0.648836056846587 1.07472346601443 0.367734617105765 1.22190436890962 1.03878162992938 -0.609865953774082 -1.09988030801536
1 0.426578533062574 -0.0879375340687445 -1.40867824371254 0.275515889041947 2.71343502467256 0.445411011465771 -0.0978829400382868 -0.128328410819167 -0.566729035055615 -0.351893772939128
-1 0.188622351093156 -0.792598985196677 0.763025551857577 -0.18652227096435 -1.09603275662473 0.613699338628211 0.152298960651221 0.39491600412664 0.234180312630742 2.25842932426186
1 -0.153738281208139 0.137190561125261 -0.921262912364431 -0.141072572889687 -1.53706979535064 1.87622986887813 1.05972039603437 0.728982242180633 -2.17278672728109 1.20103266429393
1 0.112201743003404 1.29955784048007 -0.522779168507894 1.28197067640445 0.178750941827762 0.715704699302231 -1.76013082782804 -1.01292114798692 -0.227979986299492 2.76752411743775
1 -1.37041203868368 0.624589566709199 1.70659577332008 0.8701351645541 -1.63933600317211 -0.553730749489285 -2.27474703230188 0.446140026886078 -0.614565435947276 -0.0784170987877827
1 0.083269345859947 0.335604143497091 -0.196563411877804 0.0445703872533026 -0.288328643599193 -0.0155117634241704 -1.60847396637881 0.600472764560741 1.27197292224510 -1.07780220220360
-1 -0.957245456211766 0.760186613064405 0.825082553785311 0.257874410609864 0.343559718723611 0.154210740940806 1.08202861119122 -1.24642491765966 -0.53973036580414 1.54562168140867
-1 -0.689178291491251 -0.54795016561034 0.435176762437512 1.48768067329571 -0.568958892091489 1.00266751919851 -0.289779507926863 0.188387780364692 0.904074128542774 -0.952334278178169
1 -0.354814184517451 0.703289466006157 0.604964474304819 -0.0472905051715151 -1.02297872718018 -0.892105658756327 0.391791568278742 -2.17394347725399 -0.327018472705144 -1.24140099155174
-1 -0.397649304070194 1.06424112570768 0.0130132241948148 0.067375493859898 1.30995617468654 2.03382359399414 -1.35102313620819 0.513557195234212 -1.22101576355562 1.15868575266481
-1 1.32952245147568 0.177553742995837 1.03293793418007 -0.651750815690191 0.19929680320821 1.71098077190233 -0.613990622709584 1.08070041363385 1.16342578682984 1.38308927746172
1 -0.561087701339442 2.28510965959053 -2.62571147320761 -0.444633547086413 -0.72532307336281 -0.465552834872004 0.179934913856614 -0.727446675796841 -2.5809434417518 -0.390844511714037
-1 -0.155719994288673 1.8328309366844 -0.0657550483131009 0.78568166938788 1.96284627964001 0.119911922400431 1.27889326443781 1.39631075856111 -0.211712478142032 2.45612932558298
1 0.323003642293662 0.0911177962229267 0.49751047141303 -0.0398438217541318 -0.0252567568166346 -1.27487192601937 1.59842439182874 -0.78372048874609 0.318785368617196 0.392444261767338
1 0.345765560903526 -0.736749794998474 1.18557491346049 -0.093171620860137 -1.41565911293434 -1.20953811860118 -0.218906824063687 0.377967781045544 -0.702148966055697 -0.713030019700898
1 -0.114521526642665 -2.13088803739149 0.296621994937587 0.485728266982746 0.343924082782561 2.51298015053799 0.505283831612014 -0.618729759610754 -2.52945788053580 -0.103567122660289
1 0.208716969338759 0.185392067610833 0.02940566422353 1.45712319079997 0.718657307163606 -0.097052777587564 0.989349814022941 1.07816175470883 0.87287478120827 -0.376490901812914
1 0.120730428756381 0.114162872667879 -1.04403635102275 0.550677592004099 -0.6831661495514 0.0388916944179776 -0.818373505084948 -0.0182508473190415 0.405962165744243 -1.07953947171576
