60
2
1 0.152517244040922 -0.295053455870512
1 0.269262405216432 -1.04901540832692
1 1.00748759186888 -0.883331401827182
-1 2.47707616874515 1.58857310610174
-1 0.0310784668694115 1.15925795289019
1 0.837803739741069 0.235433590678851
-1 2.41393364075592 1.85566386377326
-1 0.658719347624437 0.272915830516765
1 -0.270261222376562 0.42325375097181
1 0.404172033242473 0.729152747056295
-1 2.16878384562934 0.571639943719137
-1 2.04249038329379 2.30701822837097
1 0.603567475771011 -0.319562833227303
1 0.426471785419102 0.760102868990673
1 1.40693025115540 -1.78003742148183
-1 1.64618309125000 0.418165692473486
-1 1.55789403634482 1.58134984974058
-1 0.313043063273391 2.7552082586627
1 2.01990529841665 0.430828247036078
-1 2.09440797098335 1.95756671323779
1 -0.808764831001692 0.42632605772216
-1 0.73784182471727 2.1609151186851
1 1.63503445165921 -1.69071717903469
-1 2.2311254152139 2.04488536377237
1 0.556615047330005 0.698802291356273
1 -0.156164125401230 -1.23417986962717
1 -0.179303519662481 0.98897902670285
-1 4.39251848645265 0.284597619845073
-1 2.45421218916619 1.14650539178545
1 -0.0508823010031328 0.0889192849353425
-1 2.51745186307834 2.60359911056068
1 2.10205076955481 -1.05772394520900
1 -0.119236853949933 -0.675924153019929
-1 2.91725891618999 3.70503155188354
1 -1.59807758215179 -0.681994289420403
1 0.559606379707737 2.21698449930272
-1 3.67639139656734 -0.730015493825996
1 0.176954646107815 0.140644028113216
1 0.498747615500344 0.54464870895674
-1 0.698307560662621 1.55865029648081
-1 0.552463971640262 0.458502925828838
-1 0.125300522696462 1.55764459765011
-1 4.11238893922754 1.7798748769066
1 0.829575374396324 -0.0825689172170196
1 -1.02452519420960 0.678067317933515
1 -1.03235744283799 0.625902576683187
1 0.514595746981453 -1.41166816050889
-1 -0.218513569310492 1.60706234004735
1 -0.383448771048456 0.448034553522439
1 0.00949495949095327 -1.07561487415073
-1 1.25683477750222 2.16808902771031
1 -1.82143202748046 -1.45707585675182
-1 2.37021426942287 -0.616315975657977
1 -0.736084088689039 -0.859404981081162
1 6.97526276774743 7.06722066292065
1 7.29533492570464 6.92215554950077
1 7.11602491547555 6.96281637912213
1 6.96768876510288 7.096314382879
1 7.05423983718226 7.0691712679906
1 7.17401780020807 7.00590139597788
